Individual,Fitness,Controller
0,1.7536066860102972,"-1.8374954918821786,-1.157905159626976,-0.8301880441204669,-0.13387865839324953,-0.3719081551029784,1.244570170846679,-2.528578884853058,-3.5933354448255277,1.707345838110944,-1.621586783990717,-2.0729109249410986,0.24670310096156284,0.15023168483970195,-0.7645906782229561,0.6460626236638014,0.36648489817505,1.0164903354722623,1.0819354397372343,1.1497115759571304,1.69510557703547,-1.4021189635151676,3.661359182771811,-1.8830711072965645,-1.0251789256048844,-0.3332825607804596,-1.478647925532672,0.06854611915505732,-0.09506334564101954,1.5875691917692758,-2.141860117940823,-0.7979406410779102,-3.0268395382792206,-2.7397187492714403,-1.2507124540196377,-1.2632572628547072,-0.1850280648624612,0.12406355155048836,-1.0108316903484746,-0.8143550992136305,0.47184524670161554,-1.825310069047566,-2.3223852442078976,-0.3050883968115695,-0.1697912833210325,-0.7574592637523722,0.20545213249773242,2.71480180734342,1.1902772731288995,2.587534065549922,3.472741279212941,0.7942408388845936,-0.8476481971446858,0.3985196953233109,-0.8101778864994184,-0.21547945458095985,2.441485523275139,-0.9406684029096187,3.3207210332171506,2.979171689771138,0.9307189325638461,1.557473215815196,0.9491545215909212,0.7040191730689853,-3.3920117147429765,1.7694608353461452,2.297367469690203,-0.653331168269442,-0.3301741801257947,-1.7406650951158407,-1.0232015852772995,-0.3600843693657473,-0.22201687374579093,1.5545587974409896,-1.7722110395993143,-1.327771553467093,-0.47207718757793604,-0.7921930942516346,0.35423891951624864,-1.3003459910569377,-0.33537748698183045,1.6233807089849015,-1.8425633573303655,3.4102928987757504,2.95269694672874,0.3784519033351747,-1.6296745410899423,0.21896742109245704,-0.09505513049632858,1.2596206664254121,-0.4675078724702085,1.2786714403674415,-1.91557269965364,-0.22696843483243676,-1.5737326399329856,-0.5386200909707864,1.3739004421300955,-2.348375528212572,0.2304204703524669,0.4370654434434309,-0.16611892675688933,-0.18488833513874345,-1.4819047434740236,1.1363933823996955,3.2351555192487877,2.1122230401304316,1.3292278171724665,0.2261320604835207,-1.4494026959161264,0.19716685232890763,-3.277881520961626,-0.9994785335409013,2.2890673914182327,-2.1312870852288435,1.2967337383839537,1.4855785071223007,0.02285573289193632,0.7017909276772056,-2.0332804659140606,-0.2668724673590691,0.5944156528719677,1.4872581033003212,0.5753044480975351,0.558639047997581,3.0593221791300715,1.8372800380766716,-0.381713479532538,1.5828718101329662,0.4666654984728475,0.8939644473416313,-1.4728383829647984,-2.4269447944993576,-0.2299519457004583,0.6518661629402368,-1.1502279683949563,0.46702281164557524,1.0750210391814177,-0.2690910521230251,1.5042045139177667,1.1382050832029562,-3.8636793273596943,-1.4403632935056698,2.1303114962599694,1.7472698720264574,0.4488999799611838,-0.32960063783693816,1.0597770731035374,0.12440683896407181,1.6091082788492417,-0.7417072108156317,-1.6213790149366054,1.0084462475198812,-1.101445488783967,-2.979136145968929,-2.3138827994461835,0.06801936346456239,-1.4445672343714744,-0.16622019566789503,-1.8233591003152505,0.8382982079435326,-1.3913838508176561,0.031079476094480613,-1.7169707015631717,-0.6515232519958812,-0.23268628382602058,2.9576171504410285,0.3563075262882822,2.8024037829415436,-0.9900128179067291,0.49452336875532826,0.733886484148711,-1.2026554141452919,-1.2301458907556948,-1.5564117282520085,-0.7858239813973129,0.056748145621981994,0.5920175501215255,-0.5616016266989834,-1.5297516019749204,-0.10156442039672486,2.628869941736727,-1.326152257895548,-0.2081419304696996,0.7812573431852443,1.1762322263387008,-1.0569390637603455,-2.9627298472598698,-2.4551880532238375,-2.462371111735403,2.733372184586038,2.1942093238202096,1.2242659245362526,-0.9966922109711556,1.381591516973299,-0.7844651590163558,-0.5728645785865566,-5.18746178813521,1.3414078535551124,-0.22917864563831303,0.762711231102533,-0.5822554861166893,-0.28582257876835676,-1.4953773139852662,2.3579952858410476,2.856041477266696,-0.9450574702283862,-0.619450045700958,0.5098638102804417,-1.3906402080438334,-0.8541340345960389,2.9642067925892928,-0.46542183320299657,0.9936284228441458,0.6308826176307766,-0.6455750624204067,-1.292293992329048,0.9706726563073196,-0.8405200188522155,0.6517276595708508,1.2205928710877696,1.3048324531417526,-1.3283773150396567,0.7921990859498061,-0.8127696691536674,-1.8876366564032732,0.6788938980461495,-1.9219623357901263,0.6433622748898333,-1.621619937485643,-1.169136423446501,-1.3120523283209915,-1.1379138705734515,-0.1724181950296274,-2.0780144638868183,-2.6528120130796786,1.1815361571630902,0.24974984025888264,-0.6768824815937001,0.361303196482455,1.499418571092773,-1.564246463546668,1.2518956431127615,0.07037296962283346,0.694097511112105,-0.8317127968905842,-0.4640580802121139,-1.1326718621849046,0.9337332206591222,-0.7935193134573635,-1.9615017810255968,-0.5492569849850593,1.511757282900585,-1.0647197333999288,0.4694189955888795,0.06579275688364605,1.8950441831983103,-0.8737833320523326,0.19041220969468042,-1.233943625925957,2.4031290302552817,1.9106324870909632,1.433864825054082,0.3041528723191016,-0.013222587236046746,-0.713876649519174,0.35828921195565044,2.063724074986745,-0.543444968294782,-0.16401187583345422,-0.7781946053779505,-1.5327053900159984,-0.9305450198088191,-1.0907054783338659,2.3374644065017507,-2.516886284847455,-1.7890635438772882,-2.0535775107635836,1.4971729312048825,-1.0526339301231313,-1.5581229636197347,-0.7526141547001732,-2.5413014871150352,0.3278239013312886,-3.0788235224518967,-1.5529787463596136,-1.4550438538161228,-0.364278847779611,-3.475485974036388,2.7786794896257248,-0.2907444477817409,0.1205792847085414,-1.7495808272161668,1.2468357201323,-1.9002260804923867,-2.3261088656969964,-0.9705840881339652,2.2930830349940607,1.8039603420858885,2.445252439348871,0.6734826067960127,2.12799162962478,0.4569811016068821,0.3187582824374158,0.7611583040859454,-0.725114518167921,-2.257809995967956,2.318578253515052,-1.1305571731707433,-1.0192665066614643,0.9926452887617394,-0.09627045528772726,0.5081303183917462,1.3207430162643314,0.20871363529199732,-0.056523861059948055,-0.11213234113125792,0.8506419344041236,0.4940851559333249,0.26262550829861087,-1.2913559814117974,1.3052469228751622,-2.4144089059105625,-0.7670419973986876,-0.7753259970503663,1.1656803512523652,-0.9687980675654138,-2.3369552592785885,0.5225375428561542,-0.5667180009315005,-1.7351583335576801,-0.44683091013947907,-0.7723620189459898,3.0207458292721086,-1.2307291817011212,-0.36891682619678895,1.4295067237411807,0.8378943865365316,1.0862045386728636,0.9692163818616569,2.8118961978433084,0.4585505462385343,1.0683600442218855,-0.370476662168164,1.106296935587705,0.5781489327641827,-2.712664742255994,0.4906098225808832,1.4062560220415343,0.013275883265202515,-1.9486863310373055,2.624724869006934,-0.7034548810290264,-0.12128270370373562,-1.3510436227996245,-2.3883451503684334,0.43278848652400354,0.5167425182405885,-1.8928965825344064,2.878419471535974,-1.2625711348616067,0.2827037655858304,0.014721052984805638,0.27420188719292926,-0.1004366159470435,-0.18182558555163147,-4.430380843492435,0.15486617370250322,2.5370399419942005,-1.2585889744014653,0.3439966644297997,1.1265073965391186,-1.152249143449395,-1.0105678308935295,1.0257428298247229,-0.4124822056275559,-3.4177920674637052,0.025292591444090795,-2.043281754729598,-0.8089459807653567,0.21873136870023285,-0.323323556748852,-0.695672648601164,-2.1870182344856626,-0.8007264335027668,-0.43176889684384717,0.7005528133642042,-0.03581472945728548,-1.9068811604172495,1.0942712479225463,-1.8291542696307213,-0.9894989434977247,0.06535901467592373,1.8583514245816195,0.21315288252545495,0.9119500218047684,-2.028392210869288,1.277961692349382,1.4506805684655704,0.49526535347525147,0.1867428289713184,0.8421244703016751,1.3201892059237634,-0.10779112423833315,-1.8512147909907593,-1.841332423927021,-0.2557663152776618,0.6778973289813567,-2.1953081638954624,-0.34423684042504354,1.1067768013148307,-0.9313814349995067,-0.3552820633568375,0.6861026787080128,1.663159666057119,-1.2214853969183197,1.1617873767777636,-1.9034037522817469,-0.4945186477676742,0.4112057077531963,0.012524344311842177,-2.076354173811097,-0.14851172185017814,1.510621680626679,-3.401155582633605,-0.027871064813053348,0.42190331139251286,0.5785020802558212,1.2290216273037602,-1.2987030858153958,-1.0510100849457538,0.9716475942752327,-2.8844666186167225,1.7720841040245685,0.5505034753652887,-1.8359363355307936,-0.4939334758248199,1.959513812068161,0.5503574376783804,-0.7656952565759705,1.6622344943018277,-1.6191302373422791,2.3351842632209783,-0.987641967696361,-0.8385012664945877,-1.3383736189609654,-0.7785164806163468,0.2902486408766386,-1.2387148407540274,0.9113977569428328,2.5090701697522095,-1.3714678422404498,-0.5134761086153203,-1.263713394486241,-1.390630080922616,0.5560861272360561,-0.9420988276386215,1.35603664262267,1.745890903885877,0.8373562287727268,-0.4900226936607805,-0.6017414332095423,-0.12967705933321527,-1.0709087626448195,-0.4663035788998327,-1.43473202934862,0.8584199202767657,1.0416981234572733,-0.0971252992726934,-1.1454558645325883,-0.024574961840525156,0.431866100606692,1.0463810387452437,3.1540224382712028,-1.0606058848723312,0.23941794207064848,1.0726263350598633,-0.9799339455447795,-0.8199085431570664,0.62722436430994,-4.251294539365585,-1.8296762603845975,-1.403617854940276,-1.4003634634210649,-2.2915922257793673,0.9083478471154438,0.19046974016782003,3.1149938433159994,-0.5316137374578853,1.1160124099357747,2.26434523739492,-0.6352452920294135,-0.9207680851219169,-1.203945610870993,-0.5682710490003322,0.8057448077701795,-2.0316546277311107,-0.7610524242860202,-0.08524109409383573,0.022819907012673224,1.248425446895456,-1.0315185152528559,0.4647418320438026,1.2826315145490288,-0.10560425160113146,-0.4388306001492285,0.5148214038828547,3.0429777697694345,-1.8582769024535772,-1.6493618312458986,-1.4297156141743812,-1.0776176844814427,0.9396194320056226,0.41581469491794615,1.8482747126812675,0.7542971873052939,0.3892002253573749,-0.09546266879849935,-1.3359022514190664,-0.5341280394299408,-0.3930464032252148,0.30592282617924665,-1.4832986508740875,0.34779706072629224,-0.6071875969226579,1.0116298444435499,-1.308480126249827,0.29549931871006835,0.3578175188162386,-2.9585208776499687,-0.22402156880481647,1.7364834781496379,0.5873029331899238,-2.1077610744049524,0.8368357213472432,-1.709317762968645,-0.05912880944895882,0.31150469068085707,1.3090157074633628,1.2808049133611292,1.2968819371445157,0.41097277348877503,0.48143162905573245,-2.0958404879001433,0.3690833926281422,0.8421948100361075,-2.3107707691094292,1.3039008152572324,-1.9632466033297205,-3.5479251114917187,0.22897701549957028,1.0399699145591716,-1.5869511967268854,2.368487600376366,-0.4288862014440181,-2.1720880101173856,1.919814252761654,-0.3900783550705462,0.9048428589801552,-0.4052380254663016,-0.6985872233017627,2.6622603961160256,0.5932057391272905,-1.3858672021932261,-1.4848785049020687,0.2039994559009083,0.41132434029609827,0.25454541676833464,-1.509098543910082,-0.5853297624825387,1.5989219562700157,0.9846039333302161,-0.21516290906379448,0.29938919443566886,2.952639499780211,-0.39804014254895287,-1.2189371253874792,1.7122015239955106,-0.4086806767155409,-1.3769920266002131,-0.35581585864471077,0.8294560395767163,-1.151017006494792,-2.8477052512352166,-1.024097846199901,-0.3233723761707257,-3.6569600553670414,0.27630599819980917,-0.9679269125793443,-2.813238888125355,3.1076989272104223,0.20278547902938895,0.8435712231186001,0.47571875837906435,-0.7753546267714335,2.012227536821258,1.205960079085414,2.5555242906474054,-0.7218270434346827,-2.449703490810472,-0.560548405119805,-1.4587020757927305,-1.3975630746336505,-0.9515330143355858,-1.6129833416121118,-0.07395671710746271,0.8308245357820939,-1.3806316201715152,0.8988412371698793,0.06531386266769568,-1.527613877189574,0.2906180419124349,-0.789550492765583,1.7426752703144932,2.1149953130366628,-1.7064787708149698,-0.6102569911480664,-1.927451077035678,-0.783351169633957,1.4688043087668743,-0.5851455480628942,0.385814393852475,-2.383294697872437,0.9059469363131488,0.17299077484828165,-0.9896868270034059,-2.057571162209857,-2.885620865898266,-0.7547928349766758,0.6376685041367143,-1.61762358262807,1.13103431352389,-0.7213941960274715,-0.3154034533708035,-2.4037368450397425,-0.8313280973544215,-0.3551596927690378,0.0070027157792819095,1.147430895902133,-2.5659747554736865,-0.3833665707679324,1.452837260794437,0.8754240437071914,-0.4287094629185477,1.2495423792495386,3.0447135858496153,0.8335022155226841,0.6649575084818348,-1.1105352166461104,0.5697276504732215,-1.463055843169253,3.338611927523733,1.7123962837985245,-1.9888575447224166,2.093932720619877,-1.3704281388795543,1.0198753991660952,-1.3183013983104648,-0.5213338979767558,-0.16662387220515495,-2.6035659177533126,-1.889650325600924,-1.4177242356216386,1.9379332759853356,-0.7396958802087554,0.12633378419277663,-0.5089381653537266,-0.3766605800831261,1.6000716223221143,2.4703989679297944,1.6440953288132716,-0.3246076460654388,-1.0299415865842447,-0.38884291820249967,1.056068257165808,-1.5114032059643752,1.1909573006643597,-0.6281239117299062,-1.3723688694311762,4.442153139084006,1.04911632343997,-1.795780996950341,1.0017154917133921,0.0605466311139472,0.19803770107799404,0.34594631493277916,-1.3195595085231426,0.920298392707267,0.6314831359213755,0.6895366438125171,1.2693787025928054,-0.04743694434129553,-1.4591256117235594,-0.8031909622714102,0.5291617577677729,-0.02781585269553949,-2.959435741628054,0.6771363841792415,1.3492468736624117,-0.5849846067794453,0.6248786740757203,0.797177405870763,-0.03624434505636423,0.04673903499983961,2.2020324581400805,1.2697874468585175,-0.010342519752231938,1.5785626494086533,-0.9899728654235396,-0.9783625543104448,0.5065309058189023,1.8216688401266312,1.2587513466554707,2.244374029065989,-2.260147845350105,0.3862914514258159,-0.6323835162256635,0.8063574860197176,-1.5675563246602544,0.1156982792026906,1.296909828041678,-1.0798472574296467,2.0550193083497375,0.9689523588404876,-1.1058742527168928,-0.3643851244583132,-0.7963671743948098,1.4716893203467216,0.7682550168247639,0.6299152810976516,-1.4134685530702225,2.7510959858432003,-0.4196219497194455,1.4766378292130713,-1.8944833225984739,-0.5540440374541206,-2.6496931462908417,1.8486525220330787,-1.072041849718777,1.5877900991391956,-0.21800381709762115,-0.08599047003312721,1.075995302624932,0.5491152041820961,1.156401527189086,0.25237033489505745,0.03957469465287594,2.9918974673984255,0.9654871775976979,3.036038960819419,-1.0441483945842294,1.3422200124081027,0.871306717393265,0.457669430623854,0.7900907645423694,0.4202659979289455,-1.618487552481782,-1.2462288059822675,-0.13403076474497566,-0.4878590338422561,-1.7443231751899249,-2.625905214918877,0.4167515762095284,-1.1833778184736143,-1.4339276061329815,-0.5232322783260506,-3.6975919816926544,-1.9524252546425418,-2.826551034566469,2.4132398201175786,-1.9867111201262346,1.702699176541925,0.7754282472558205,-0.12166997991418793,-0.7154286064581048,-1.5744593328071856,-0.9267448158618302,0.296032780904616,0.5907924325751992,-0.15454661881686027,1.8236538552631605,0.28448206335221654,-0.5196562606832238,-1.4460516749118941,-0.4739348326551964,2.4795203050146353,-0.9969053734546389,0.6344560205839271,-0.1948520891102123,0.3651867818644662,-1.3364712194901707,-0.24883155152124203,-1.196647299947588,1.547381260758973,-0.8850891819783184,2.617223927052599,-1.0919486998304389,-2.3972520931474355,1.5383431724748355,-2.1760808891245462,-0.6550403765107963,-1.8803432522160484,-0.40198927304310883,-0.9327687225171933,-0.10797442937423199,1.0365968291210421,-1.1259756433870232,-0.3471347204516222,0.5217663623932358,-1.853958968667138,-0.5461684790697128,2.816071819016723,2.519923933052432,0.7024839699343739,0.6477063934552788,1.0640320453168863,0.4762038495054839,1.2656851104913351,-0.44955962453682674,-1.597181811548695,-1.4053316733528347,0.2159156647277043,1.6705439365241235,-4.994842763911749,0.11211648866111572,-1.7426328802726176,-0.42299940402237013,-2.423557185331079,0.4040760681422495,1.0199793131476245,-0.46562795854346195,0.920779553172909,-0.4000803769104347,0.6160623404649388,0.052079818692304755,0.32359224804632103,0.8750645350359256,-0.2712196738265148,2.934236789275681,1.7168774952114008,1.1375809563990262,-0.648284397850305,-2.198519584003853,0.7320568572746601,-0.7454925108496151,-0.2790758484069867,2.216860660497633,-1.230281907233843,-0.7189211968925566,-2.2411343910270864,-1.627090429483337,0.5657938675928,4.289056964791736,0.9994390034763542,0.24031969427839261,-0.8766741370503942,-0.2426668992549969,-0.5103112387037078,-0.26611363252539233,-0.3500099010117459,-2.1389147506077584,1.3080234304622174,0.5804152560732024,-3.0466150779881613,0.06429058480996197,-2.6989585264429796,2.5992605459571743,-0.5355782986460011,-0.9227114229528207,0.5044864882301345,3.264774361617574,-0.12796253881179065,-1.126257939654266,2.1114098594644926,-0.9712746213955875,-1.2245717957978517,-0.9902547799823023,0.9911478222466814,-0.9964426919935306,-0.45635250137901806,1.9750965442038204,-0.6719379670400139,-0.3621091372654375,-1.971531430976155,-3.044734218338355,-2.177656814297984,0.8168691789429473,-1.6201085447241628,1.2998156863305999,0.7370916057826236,-1.5161099350928644,0.6997731927843831,-0.14492271958038822,0.6687462079616758,2.8022979044132508,0.5406721784574754,1.451902098859401,1.9991260522819247,-0.7801748769512211,0.4487067943832206,3.6802029987604237,-0.34358281469290275,0.68219849730617,-0.6480519545029652,4.150851390111609,-0.5643136275850292,-0.17666657836211114,-0.6638218294101791,1.4023824377265144,-1.5738358173562619,-4.538391415857758,0.7972907195149844,2.072550632288065,-1.1485876489600975,-0.5490787912285122,-0.29476074571816363,-1.2845838655990374,-1.2537527259890782,-1.0132874852640843,1.3245635925273784,1.3405922545483828,0.7329115535415975,-0.8550013057434835,-1.2286615847386047,-0.18293399354143403,0.11012016522388302,-0.2691343081221208,0.4242174379512237,-1.3879159875654434,-1.3580584211510718,-2.7045728014988857,-0.8546315620566963,-2.5607689336245394,2.0092631368725566,-0.7851005969605811,-3.5261469557038736,-0.7416245304601639,-0.2602517335305933,0.5807041216000818,-0.07640216522676571,-0.10032923283853262,-1.703246616506324,-4.6978527062707505,-1.2993766664862814,-2.299987573309414,-0.33746361224866556,1.5228348262092086,1.9586573159037972,-0.6620544232270745,1.411988996553997,-0.5239342887815817,-0.017137944077578293,-0.3446208913728243,-1.0685458607988472,0.07897739238489804,2.5334245575218635,-1.4563003633820968,-0.941935886560652,0.9906900672092886,1.181252349156181,0.5177961803306232,-0.5162056094304623,-0.9375665421764628,0.08100694206159109,-0.10976346194498642,-0.818350964648228,-0.6088141551359336,-0.885125904764561,-0.1905557773375794,-0.06331005341607465,0.45636291633964066,2.3960082927064974,2.143648151255781,-2.548280142043643,1.652344989514693,-2.3395970428679815,-0.4948438454546496,-0.2611103363821756,0.8561090879717643,1.0738692847887314,2.5181501227396885,3.1935657994272084,-0.4544392631963272,0.3271894857950265,2.151578656193043,-0.21221464784273947,0.511890934869959,-0.3085222101660088,0.9043301512984764,0.17674131822627828,-1.3980970001911848,-0.713156005269094,-1.6330796855990146,1.5845167988806628,-2.4118428181835343,-2.1273753178095114,-1.3387779329748823,0.07660052580393412,2.6462475490869353,-2.170586341319612,1.299866390489077,0.20339255142787285,-2.096283414764336,-0.06376210414830936,0.6941288054213417,-0.9359074809282956,0.7770186575123345,0.09863663640909565,-0.580667758051761,-0.7454032722189374,-1.668397576747355,-1.7195742030917236,0.8314020991169516,-0.3835302066263692,0.06121293865720273,-0.9672831775218554,-2.5211137064453144,-1.836789280328168,1.6118486144989148,-1.1633207431547667,0.702344894920386,1.234575558958156,-0.6647246069613542,0.823956717395857,-0.7127045669815417,-3.0523162827370567,0.2683884407759467,0.4083749571941786,0.7098962333304824,-0.2958895451513524,-2.7689699171514315,-0.4946082388404292,-0.8810730656582689,0.43097806080699386,-1.5781180136710247,0.3555291277403691,-1.7765089282185773,0.5829266762715515,1.0603341955785706,-2.1164749769523814,1.869437090020045,1.938035023880699,-1.1566223483137064,-1.0725208016001084,-1.0861654706699329,-0.4169918227349445,0.8618442083081661,0.48234319010374854,-2.2163365000037865,0.1465698106550695,-1.177061630682347,1.9626050417441216,-1.5840658105136987,-1.9211017110440476,0.44637903543031765,1.824907290989771,2.9861220882317308,-1.2876375402104547,-0.5063544407334368,-3.693221836348733,-0.4142373000265954,0.31639211959360236,1.834546321411822,-0.7206775922243869,0.19602527073460785,0.8785705197588264,-0.29407326356767033,0.29470723564297807,-0.3602373089785713,-1.2561561315141652,2.1703888758094694,-1.2427784580007428,1.8036712386473748,-0.23642844628543935,2.9074694478565717,0.8568047795369402,-1.0243787313418826,-1.8589030475595874,-0.305384956377153,1.9324207959951525,0.12153180970287492,2.0441221359338426,-1.8829585697836886,-1.7173425016851966,-2.5684016055022294,0.3561133470926245,-0.9248518102445211,1.7143793647989385,0.32453953323064316,0.6522479299454371,1.4373752284610015,-0.4648685806401452,1.7030683959569688,3.444585247279551,-1.8697601657863818,-2.0379565751240816,1.831909317371185,-3.077421605920823,-2.28479885457142,-1.0827789438626112,-0.7410415957611526,0.6433551238817464,-1.2495054179738703,1.5838518534911952,2.0438125230977384,-1.3029913423531296,-3.3738580465490884,-0.6759224219378049,-0.28285876452951453,-0.4380764187111814,1.5458631623775734,3.126353285599956,0.5974133918675986,-0.16979411250917478,1.500587974237155,-1.8427922919527588,-2.0266600569337134,0.9641271049122543,0.3903505289461595,3.4450105291212614,-0.17052580122119976,-0.0587553302147964,2.8203153987446337,0.5405470842712189,-1.264565569546654,0.6133557496703879,2.6198290186807927,-1.5608459226075988,-0.40368778134257044,3.282190238940912,1.434541999558125,1.5955680976354172,1.7507361320577979,0.7658748143780494,3.797069861599728,0.2739365537141981,-0.7024967084790806,1.1389588733325269,0.08042516710132655,1.6184967810986877,-1.321958506475896,0.27667160813559877,2.55317328963256,-0.03435694048710858,-1.5497113194630356,0.759925563023907,1.3420484229498513,2.933612876314224,-1.5503132208152337,0.16644083365224568,1.8433027399709556,0.4394812785996878,2.6500441998564286,3.61581214016275;-0.6158519939554425,-1.2094037839658314,-2.3427454166707897,1.162432460989944,-0.14960641586225287,-0.25295818220530575,-0.5099444861330412,1.7349204075693652,1.1182435503162638,1.0258670519478754,0.4218970818445163,-0.4967884897741021,-0.5814493478392477,2.9804118204874332,0.5585191709153703,2.5544706240284887;-1.67003433092263,4.211973448280284,0.8521086038803465,0.03634248428214796,0.5155064209405535,0.3998872743891189,0.7222903015412627,1.7891215383764643,0.8985252345794453,-0.6910837689870739,-0.5481041215274123,0.949612147026594,-0.4275390623092631,1.0467745184473451,0.3241490377723113,-2.2876048766273986,-1.3638123871581673,1.6807458354848395,-1.0060283994764112,-0.7606566977173779,1.2764165409425634,-0.4235140260234419,1.3989176729718207,0.10259241456867274,1.4887652227160544,0.6676105280624448,0.5009223202669166,0.8942977966157976,-2.493775022081046,1.4738570387859231,0.5208861426178519,-2.035666420856451,0.23473319013845942,0.03762005009820772,-0.5064618903062917,1.035089738649471,-1.2872258619660464,0.587962865153916,0.5266572744603168,-2.2228153187189754,1.2527261856855905,0.7574612084567661,-0.7235187911059093,1.2993418786507998,0.607171287052569,1.7764739963252767,-0.6186400415155936,-0.735614964548527,-0.45470149588368786,-1.568071796343068,2.4403803807735134,-1.1757135548010211,-0.765606865440936,-0.17925369216144593,-0.3028334308415877,1.9807826701989684,-0.2906532595333142,-0.1149587477320651,-0.11058495452656703,1.2213183487692254,-1.6678214142968668,-0.7126873810635006,0.4322891897148926,-0.6290422546887258,-2.802058686064769,-0.22215464254549755,0.46054599555666376,1.6220029846101118,0.5609734046341972,1.2586700295593918,-0.28952053623551344,2.2357550466039107,1.1106065693123925,-1.0773346798450913,1.4851005579046253,-0.3338264297428558,-0.03527767358406608,-1.2999568289152148,-1.5906616862173215,-0.5190886036926969,-0.7723519910078582,0.7347193419036552,1.547940890136468,-1.129989201445806,-0.3546818004757538,-1.553385434476895,-0.04043830739829146,0.5817492885256929,0.6893455051295005,-0.29929623227976165,0.49672217542051567,2.2368182286538776,-1.379371817219647,0.6416822174894649,-1.8126962410868002,2.234896824942076,-0.5977784268601105,0.7624014617047224,-1.655427742146014,2.269427940709739,-2.958948911281903,-0.4022990136254552,-0.29160664153407645,0.43251640353040904,0.4541673504169799,0.8604967586410261,1.3976767306725824,-0.6034194561409122,1.6708474644336657,0.451137165774365,-0.605768102558538,-1.759616523294337,-2.204070535953819,-0.12708458210327628,-1.222411014075638,1.7172498793828237,-0.44735304221362454,1.3241157202848168,0.7658399727637298,0.38313848009514573,0.28302099990578267,1.3042150553026441,1.4917606831308003,-1.569720431511919,0.8343139486186143,0.005197749174858601,1.0649513240146884,0.8346051385126552,0.7273981331265211,1.1610592990976345,1.227618737881706,-1.164010222090577,-2.720625246385604,0.7238940835860805,-1.6001681087778374,-0.2460347472431076,-0.6326378419637243,1.1957332209727896,1.6038775284327405,-0.8034407913878601,0.31773047651617115,-0.4070773643784329,-0.04987423304194605,-2.5731835353995485,-1.6935734004114593,-1.4967809280863151,2.465709394079807,0.29522243761742173,0.692288395070858,-0.9505690082772714,-0.20333409133906655,-0.002141883165716507,-0.5428284429051037,1.466587977911593,-0.040176220410300556,0.8896549962484149,-2.6400594501742196,0.5327443817248761,1.8032703240718533,-0.22217562803754348;1.1483039925226695,0.09102075330902394,0.8287189199609329,-0.2915072718799848,-2.3761975610772033,0.38020631710514485,-3.1776304603926704,0.7831742106669074,-0.1660368768181037,0.5384357680836223"
1,1.7435143028184694,"-0.8780747742770786,-0.2976605706149298,-0.49406732438008677,-1.1076301378382576,0.6861684254061782,1.4921646561458752,-3.5292305745914754,-3.3880976249859276,1.282163239439912,-2.055195309539048,-1.9630866262076894,1.0311134796970127,0.08343421084568092,-0.742063968445039,0.1870427756580308,0.340258978940708,0.6087158980133994,1.8231493022944933,0.7035064307957493,1.861183227190684,-0.9836990854471364,3.4156889174477305,-1.7829041179303606,0.13904710872286014,-0.31627286637774316,-1.7657661779216436,-0.14836161202020715,-0.793515225745445,1.3353322946505117,-1.4688020087297575,-0.48258534878677917,-3.581285785257295,-3.7423969510593817,-1.7598923676412186,0.2565988144716409,0.6366275588525635,-0.6327624449937723,-1.0498439659415482,0.32287399423489904,1.0169229686215486,-1.4681054753340754,-2.9780743826956897,0.006750973523536957,0.04694092580951442,-0.26174133286521406,-0.6212280248014808,2.4181123879650643,0.40599786087940937,1.6114212421827911,3.749029693313258,0.5347795461854902,-0.49478810273879736,0.2593363864545408,1.22986150685889,0.3170978856564396,2.5058738846284347,-0.6531727443649107,3.1966478802192566,2.470023248816507,2.157930326040085,1.1435729591473274,1.5553352863900565,-0.0815534610006314,-2.5824294452429752,1.8103644944417323,2.034969683623277,-1.0606861174185793,-0.6528594408557961,-1.9507419866355553,-0.6074518572210615,-1.3069951861386795,-0.4504522765004084,2.7187657922922046,-2.360765885906063,-0.8397362869835255,-0.40937822436545723,-0.8722313142018174,1.7559236977931882,0.012294733913597256,-0.2426168362534572,1.3858610307128814,-1.6497262122220189,2.418348743290737,2.7175776398873634,-0.3411887636519064,-0.5438737263376286,0.41811215474899754,-0.4587864174305803,1.8451244423333935,0.3022257325481095,1.809723155921573,-1.1145219955549437,-0.22249207947909586,-1.5184429848579417,-0.259355500953092,1.690661831812747,-1.9557293815051835,-0.31192561883019715,0.16991515177241076,-0.10360224398306897,0.1350219184705915,-1.7449922443365558,1.1698077141964922,3.7416817522615418,2.990223499399009,1.5408260114111183,0.00665237929413004,-1.8735323350986575,0.2695592144816501,-2.237879658243463,-0.9913841209463021,1.5087705623005625,-1.8401604231253448,0.7421350971492071,2.372786505719785,0.4627426045619357,0.5961579319038839,-2.7979333696181103,-0.2267268792779521,0.02717553147631241,1.734583817592219,0.6019663778899599,0.4560153177684368,2.49388369702597,1.3328545540413086,-1.3021187321906733,1.2895961094429325,1.006887703643757,0.5075085232187204,-0.8257799577814635,-3.022844771657555,1.5250988572517326,0.7848721310848602,0.2112670466206079,0.47544766946809314,0.061125418331065384,-0.2800238667061685,1.4464706939725165,1.1103478368364552,-2.647917188016712,-1.7558313101901237,2.3303932389920123,1.118750118897854,-0.14437488988890024,-0.5815093188338332,1.6489760081710816,-0.02932877436412678,0.32562690644664827,-0.40036483046892524,-1.0793476326305422,1.3522681035598416,0.29898941368766385,-2.290889447970826,-2.273453794860536,-0.7141687414777852,-1.0022818514032394,-0.45602777374550735,-2.0761384660439535,0.9249802653523762,-1.0587959698882925,0.15549431986669124,-1.2400830239800031,-0.7959145955904054,-0.015769565959352805,3.3242310443969387,0.8682158592744517,2.8961394294409657,-0.8719989661281746,0.1331876240842655,-0.8169531722489611,-1.0393692411126003,-0.8113833466908513,-1.9928504983121602,-0.11967377851333241,0.31676979490431084,1.145336404883178,-1.3828135799670411,-1.6772641518302072,-0.8578049752435605,1.8510938054994328,0.16109369955808706,0.5673921611440612,0.442661034630205,-0.6361355336792105,-1.0944911317708192,-2.799434790682338,-1.486950898305039,-1.5632440658100089,2.297849440974645,1.6063059796351224,2.26849091894601,-0.054021760832209775,1.0562785589795347,-0.4433980287112283,-0.6232962075167825,-3.625773486764709,1.076662755995789,-0.9211936923970816,1.0793189748645764,-1.1954270553780606,0.2113480695627477,-0.4642188640819903,2.672252606671317,3.5900717401988445,-0.7860788407247561,-0.7438236357129345,0.908076151614325,-1.6860017964271798,-1.2848412013603427,2.2716450524210448,-1.058295186459294,0.9068653592459073,0.2748139220441557,0.3829608328085715,-0.4249771064667136,1.1454820358059252,-0.27699300998249443,0.3492284411100398,0.5004791342958381,1.805015615744009,-0.9705511590396704,1.5050163468053062,-0.7272450704895459,-1.427642671323782,-0.4867759565859372,-2.3120518922843822,0.8818382397000741,-1.385827353815379,-2.1139342789423097,-1.8470313975163384,-1.2494070155128552,-0.044507360984505036,-2.557067906415119,-2.714674521580909,0.7385163314041321,0.20987844894181573,-0.5735980692183509,0.284627946525712,0.6995434136960597,-1.8002086389258858,0.5464719180755802,0.5907590149986138,0.895135526674002,-0.6009199481073292,-1.1176021416455966,-1.7178933161044312,1.222444155277235,-0.9786771725402476,-1.644554896897231,-0.8268926319816892,2.3355866319551133,-0.5069669220252289,-0.5481137117113065,-0.9496564041321001,1.6059464825580427,-1.489301133379486,1.4417740881130703,-0.24495600648866556,1.8804113160511142,1.4666941716034798,1.3619792193690736,0.43946229176889606,-0.2913337804910381,-1.0153778718360635,1.008069312974064,1.875159039318421,-1.8338505385334471,-0.8284244234782636,-0.5956045918568865,-0.8257830442736679,-1.8022341483113151,-0.5709836455227086,2.356208581800266,-1.9618326150986682,-2.2814495158915498,-1.4330917642088343,2.314930302391656,-1.2312736802415944,-2.1534132703405997,-0.3377100279933491,-2.344805133773242,-0.9219750554840618,-2.159932292964677,-2.376732852024641,-1.1174359346083036,0.3048374752998981,-3.080689351866989,1.9205135782877993,-0.4692141379808723,-0.3850619748985695,-2.378074035194271,0.11314865375301286,-0.9427018944277825,-2.421991641242009,-1.510618307611935,1.466173692194394,2.0847939336203742,1.8590112291049534,-0.06430052460247732,1.7257542172453317,-0.4365117671006256,1.162591206423393,0.49665645125025704,0.33061266843651727,-0.6807478557427118,2.4029072821709634,-1.3341472981858755,-0.7671748869366214,0.7606619602372098,-0.4910181929920916,0.215675209644964,0.9794911204725095,-0.6638254567026832,-0.17151687432038915,-0.6006611802260579,0.5106484058277841,0.15810966622014416,-1.3091167754577664,-1.898166511274788,1.124954329245427,-2.4841525241249003,-1.2114381280452733,0.05408745890228012,0.8609339936090727,-0.5102869187069883,-3.087677740203825,0.2898952580584816,-0.656270333540487,-1.0233993425267507,-0.454407990261984,-1.677072017212194,1.8866654453133014,-1.3407162945694768,0.21146557303058458,1.1500912723201981,0.15873749208090882,1.1208945424470684,0.353012078963661,2.341289485857359,-0.04670938691337678,2.550276270761802,-0.6130112147270091,-0.002398617801631975,-0.1947914607633523,-2.1169297290170803,1.1778887940996337,1.8914516783677149,-0.4058147259251768,-1.967972593175619,1.849475324281309,-0.8788160352249055,-1.6129172949757724,-1.3984567212191412,-3.000985311704658,0.06845395018622286,0.3503204233157382,-2.816710831812172,3.8538138799733828,-0.967704564536989,-0.21827647088421195,0.8194899989702567,0.3282801998506285,0.9620701416178161,0.1765322335144698,-4.206521444774379,0.22826409787091007,2.5324825633625165,-1.3102861630824483,0.6597711819004013,0.5590012427757545,-0.7033976825221447,-0.7743392445095444,1.4641272734381499,0.3588364093454257,-3.5881956568043356,-0.17463399169842841,-1.4035266169574743,-0.8798744670327457,-0.24131545983237335,-0.8852360090512182,0.2636809177653104,-2.1547240566661254,-1.4153743969209263,0.08555670546267403,0.966117907065989,0.022126570513605892,-0.9700442158585356,1.9367274966794543,-2.2756634698572853,-1.6170929945497603,0.6573409911346076,1.8178567404303483,-0.0037146290119581815,0.44637686518928354,-2.441116366567533,1.4832731759622875,0.83292504087679,0.20176338965255822,0.7682043467001073,0.3820752863413299,2.5241133832163354,-0.832793815452103,-1.5384868523918702,-2.31420892053792,0.1595452294905214,0.6064768600887281,-1.21500450875874,0.09280222655781611,1.666069355911654,-0.6025429213647966,-0.5656865781226428,-0.20934345105294405,1.2093160933381215,-1.4331951536280516,0.7562962933544256,-2.2661431436678505,0.12268796096826542,0.8798589403549004,-0.18914102471110922,-1.6685575854334112,-0.5931561640896225,1.7122983274713621,-2.876668869014118,-0.9340277031158537,0.06937479104357047,-0.7565617849300242,0.8476536267224046,-0.9570453526232193,-0.8564158487729443,0.7472431464847313,-2.872064452971372,1.2529428323428538,0.6245281205848848,-0.5743188403905329,0.04161670117534633,1.196229033873574,0.3214167470572441,-1.1263749862705879,1.6391079634206922,-1.8180946705643186,1.386343296795225,-0.4686147620454211,-0.9103384809362467,-1.6575404055113883,-0.4017854258245267,-0.3362912174124174,-1.5543376466906045,1.8676473669004237,2.9327840777483396,-1.4793371883833988,-1.219099035379136,-0.7579407020665899,-0.47078812769261313,0.2125219910244008,-0.5000195949474977,0.5895968870646637,0.9078868041567352,1.0658668712095813,-1.013894466566624,0.0897899979657632,-0.8293132133086305,-0.9746941824907918,-1.2798274863782568,-1.057885845236896,1.336906547926905,0.02198153825818272,0.5192192067314518,-1.8205584953831067,-0.31168126679741964,-0.4552356942055075,1.2557541613384775,3.227901506772099,-0.4782724023711481,0.8444123407815586,0.38334415119959875,-1.6165867805440959,-1.1162973933562172,0.29291389628267006,-3.2143887206961206,-1.3462340502146801,-0.8213335829592947,-0.3588618964831032,-3.1575438039513184,0.7919833351755609,0.9917694735935775,2.9359442760834593,-0.5883337365421308,0.2555037388307557,3.192871223016834,-0.7399786260976037,-0.17305935303270548,-0.8160883136820947,-0.4520232555456607,0.5573317896469753,-0.9039065950073361,0.22408190289026267,-0.08672248404853063,0.6119255771526235,0.3774820934194256,-1.7596697967744197,1.2409645969434564,0.6605376348038943,-0.6413190386127727,-1.318236958133073,1.3121481680322225,3.5617277078791707,-2.179241727836651,-1.7610101583546123,-1.246964490750537,-0.990976274817071,0.7768064195997736,0.778093780852323,2.7146484156558555,1.658118448677695,-0.7298026264379893,-0.42291828577185725,-1.047605338844907,0.039271176309756656,0.3175814349531699,-0.4855713656470774,-1.1301850437431138,0.7981936014777453,-0.2988455841640948,1.1175199624721777,-0.6065289830945364,0.46256567146150784,1.0406141957853798,-2.580098294828992,0.16750666412067966,1.6284029207491941,0.45318914796194454,-1.1453950721312194,0.3677071008299693,-0.9457402733261049,-0.6376655598545623,0.743634990379199,1.3737541247779606,1.8634851921446833,1.126702091596936,0.42990909059713855,0.4629456273480664,-2.0245078172004978,0.7829317773142268,-0.6032288125506623,-2.251917576497063,0.6039696154925343,-2.421418415305866,-3.803142213170003,0.40203096771270685,1.5033716055113895,-0.5733376098308014,1.4482284750716548,0.4926856285723088,-2.5548772407647062,2.4645921306009564,0.6239869092701673,0.1701708118150739,-0.18198438191270888,-0.3762772412019275,2.558197529373335,0.04827076048509625,-1.8204783473761528,-2.4946453113908853,0.2205878660575521,0.5914367026945639,0.025608067782266486,-1.8351519179501818,0.4671684378944274,2.5527878340484254,1.2963746775420582,0.8908796171303285,-0.5597117905745576,2.6613480701036205,0.6617048543867776,-1.4771626611829245,1.943638663377384,0.10551661552993152,-0.6746999942378993,0.041205749894981325,0.6115566650828657,-2.0256787124085336,-3.713686206451065,-1.3338291443358072,0.6740197703773096,-3.4472891185248784,-0.9236154647163596,-0.04266020281419869,-3.4359693742685433,2.094716994110212,0.2971296760159394,0.9774750948598333,0.11751049879641262,-0.34479241562714735,2.449303020026907,0.38118285725792544,3.068408655008729,-0.4934760575894172,-2.057654544472331,-0.32677830757553517,-1.3999578603129057,-0.9418879264338738,-1.3587356873907699,-0.6526361162835783,-0.14727783521025695,1.3056246484244534,-0.6317644730822757,1.709995944081388,-0.9321563344075849,-0.9724542083123712,0.6519746044134115,-1.2711583457082227,2.50034577027172,2.0492823876131387,-1.4061633228068449,-0.39957006949706153,-1.7894938000248424,-0.584669948267766,2.20951222245963,0.32067883005574926,1.1201128117884454,-2.152812042437607,0.7503018100889826,-0.10458330666417118,-1.3222841779304482,-1.665317802699953,-1.3217076695870587,-0.1922555766453343,0.20108875499593884,-1.043141661510334,1.5484599168554407,-0.8645938407085683,-0.30425650749870703,-2.844803025565726,0.6594562467352882,-0.31332177859204896,-0.366623839739918,0.343620793896521,-2.7174435530710768,-0.37621507093827417,1.2107834438234322,1.512004594057206,0.2538835426739874,1.9078688566858806,2.7277690400566152,0.28789316117690233,0.4397484096475005,-0.3901749061070444,0.25804785409044295,-1.665058051574686,3.390301223753122,0.8811557283333571,-1.3579048289681148,1.8320668846066772,-0.9612615231306687,1.1444315714919524,-0.5873805352271193,-1.272665478376497,-0.6270601855725755,-2.3561931652914176,-2.185525122310695,-1.012759669571452,2.894859972991442,-0.7273988189579428,1.025861714876899,-0.7063615036240513,-0.3465845995527223,2.2415639466665898,1.7579389409853565,1.9652663566455277,0.7087903244003083,-1.1888639139933286,-0.5528022560539033,0.4712262418801413,-1.9504161800313828,0.9509874698356628,-0.08660234245318249,-1.410948830748103,3.689986061757469,1.6233341241199146,-1.633652553004234,2.3824034802203755,0.2879363161993427,-0.3580578170314434,-0.01506009033604408,-1.2933371795603663,0.42951823479533524,0.6803765203343966,0.7074247605402672,1.2715928735256565,0.32350705804504803,-0.6720901768336809,-1.2051172076579237,-0.19360641854778304,0.4890423980164836,-3.076745761457478,0.9115716897760606,1.796949144053141,-0.7186194821428795,1.1211527130157923,1.0305061133590283,-0.8138493836795292,0.1719693204558419,2.2484234398536245,1.9912676978900317,-0.22312316535080767,1.2922035226129949,-1.4482262712377314,-0.957550304529591,2.2671174049746075,2.8171411057263205,2.2208965197719817,2.283908390788872,-3.4585872131736926,0.4518576456395048,-0.43372818003401875,0.6516499279161192,-1.3319198773907814,-0.9007795307506072,1.8966697744002157,-0.6956453758621152,2.472939468907926,0.85514026575123,-0.23029556433221454,-0.1918654795870949,0.03238195797764509,0.6248389828507686,0.7834006717810572,0.41393804048001115,-1.4483618993792813,1.5139050700737593,0.45773808624597495,1.6414780656954804,-1.596720969145069,-0.5958435079211337,-2.7612445972561863,2.196846239568171,-0.307672140398247,2.2049980624071153,-0.461619349364541,0.6735542179417767,0.3625779991635446,2.031287232851344,0.9878509385604397,0.4345071067089317,0.14741296218598063,2.02793654109938,0.9494250068144996,1.9451033871730523,-1.1904290780905584,2.280397322990709,1.1417008296609725,0.771628054509125,0.7103845440500486,-0.567293176822477,-1.1684817817349709,-0.7362020957357069,0.8501030184613138,0.12925110693058067,-1.3185580682311138,-1.9785086841833677,0.4637791691009993,-1.8948507570567505,-2.0398563251840636,-0.7901233889374288,-4.8009705649303065,-2.401183165030799,-3.6354707458609994,1.9674075095613064,-1.7527814310805445,2.5118905741061095,1.0700751206859067,0.5517014344595597,-1.8366096043746893,-1.5938378012633363,-0.5776076021872438,1.2924609195891086,0.14787737729213057,1.1693440968633262,2.2035750445137694,-1.0228037916764963,-0.6614064915182467,-0.9174843694192967,-0.7729217754149371,2.727070405409175,-0.9131808296024477,0.02733174861956056,0.3970031864387695,-0.1955918659728565,-1.251662269501152,0.1660881127327593,-0.7222463397470914,1.7997482308812751,-0.3634960560946481,1.7010057805658474,-0.9541004023441617,-2.1615096642040506,1.4185784628919083,-1.1306901352811598,-0.705116856182538,-2.3610627689335058,0.17267408183304425,-1.5248711237495254,-0.528267913865371,0.8193789413003714,-0.6563371255790834,0.25669176357853907,0.4509351328285417,-1.9518576616677061,-0.37643685543891,2.2768976819735407,2.294775945591714,0.874660980268749,0.8987061105819041,1.494795759619822,1.0465856534524227,0.8627773441096416,-0.6775447685987709,-1.7438834721666236,-1.3650706398176922,-0.028378030143862337,2.5327346603673453,-5.531909934828603,-0.18618345984083395,-1.2899839904067638,0.6097844860437583,-1.7325132549245725,-0.8543917152323004,0.9822137247526936,-0.819796242793486,0.24631961887978177,0.3037015044213669,0.8481980708558454,-0.24925928572341874,-0.09167933454512106,0.9207952833014919,0.2586183388435363,3.0076191444497082,1.4851089003139126,1.9943472016325194,-0.3896628488775811,-1.5982020339953598,0.017406211075041034,-0.2969097310379295,-1.5762745769777502,1.6325599713893548,-1.314638374921916,0.26285897575827044,-2.256770044099989,-2.0947512553929495,0.5410566053866145,5.035511501014269,0.6975279362036723,0.6528899474027164,-0.45602096843448725,0.08414986804713948,-1.3246297620097363,-0.8353253741461741,-1.9686885696963081,-2.472910948906638,0.04778091380564653,0.9864686965143309,-2.8100347581349423,-0.39886267861806124,-2.414013961641955,2.873209407951189,-0.3193782909387718,-1.3203067257854457,0.5153406113342102,2.431629991910328,1.052781356343044,-0.8478953945006328,1.6193242547963305,-0.7010988867277803,-1.507892627827612,-0.23143781158195537,1.2741836381490574,-1.864895117968909,-2.0158584646122373,2.2934021167815675,0.49972659303719086,-0.09058925643172197,-1.4732232548822994,-2.5819609479656527,-2.3569786275682763,1.0622649147381318,-0.579414074949655,1.0917653646619485,1.7414515770079388,-0.6223882571904654,-0.07937749351527312,-0.1387543174498415,0.4326555810669044,3.2450042128515855,-0.2064599294569356,1.415149304693575,1.407368114580379,-0.6694189610718333,0.5227830464200278,2.8466711102098063,0.5046317944394254,0.7004850532596327,-1.1888632059952933,4.092310851816602,-0.04215122624590917,0.7091025933270678,-1.5588151400946675,0.4864119923630319,-1.9925788387765082,-3.1413800344332166,0.9997163606185101,1.3696984607454152,-1.3488372380194265,-0.6149679188498062,-0.6744243974201783,-1.974358957236499,-0.826729225473843,-1.2418618862098705,1.441838642105444,2.015359033276921,1.2453455062867038,0.16897565162893505,-1.159968084784946,0.2382614034050319,-0.8841564459526199,-0.3039080395800256,0.3400092218396226,-1.2003630038062594,-0.6934854340935099,-2.3708766820708713,-0.7488959235910633,-1.726714469016655,1.7142618157547735,-1.3720009912565432,-3.6475173634893108,-0.2326066807271313,0.4869389609903202,0.8877266375199016,-0.5962348804616263,0.7355552088261803,-1.4066074448009012,-3.7492285275983015,-0.6739641594948773,-1.6196171796169228,-0.2632173330562669,1.7256680961406377,1.4500101331677062,-1.1301054226432696,1.12889947611008,-0.2735860049054608,-1.5322977252331067,0.34805115521544716,-1.8825484406261819,0.020840898113605108,1.7820874159678604,-0.29610812887628324,-0.3069968462704732,0.5303346080160607,-0.22696350867709492,-0.3248792964159923,-0.2714446261427114,-2.2206930539566576,2.1956734631769863,-0.13061231122228925,0.011927346328444333,-1.0811429974641804,-1.0594807870209724,0.9809976927905637,-0.9081047505787304,0.9962319692761462,1.5611465076238713,1.65120142787831,-2.864543027630519,1.4750959498757192,-2.566961928585898,-0.3722145134620508,-1.7900114267025353,0.19300508953905643,1.2276193777850963,1.9944963546592012,2.169434288593683,-0.347188079906536,-0.5799928635089382,2.619231352183421,-0.9681234664391892,0.7100130235397218,-1.9124621419122494,0.9686743734129571,0.36599429184870447,-1.5649368422511618,-0.42382844614862847,-1.51001029773061,0.8088079030530129,-1.888500772863952,-2.2824571196746835,-0.9123163622210557,0.46389522362539237,3.0897030124583793,-2.6396387577257943,1.433609428156103,-0.25431368739344595,-2.215899628090253,-0.06753381697848052,1.7261586151146997,-1.4476623004430937,-0.41092530087657353,0.16631617788553021,0.15849724291136896,-0.9181063456368439,-0.7742613154766758,-1.398965693712084,0.9372688048215445,-0.34925846999024396,-1.056597869376861,-0.729614304411544,-1.5182765417542912,-0.1914365262218514,0.8360456197128684,-0.8341865468351927,0.6083907386500744,1.0720282840477622,-0.11496559739093204,0.33735023690327026,-0.8564218924284109,-2.285723220465231,-0.6124219275807851,0.4948367706075426,0.05096726693479314,-0.10175360052189042,-2.146615510454327,0.605739196141091,-0.5183138471025412,0.2836399800054723,-1.3129365705149303,-0.013037624938989856,-1.0224517586595576,0.6199844259347005,0.4604635666591752,-2.9989894505537142,1.8553576294537064,2.1437420985716136,0.05365348813038873,-0.8750090926128048,-1.2436642592986065,-0.6904536800980303,-0.20954812605152906,0.8656082160078263,-0.7239529363232884,0.35169332018057514,-1.527207228003573,1.9249999168172374,-0.626495269686122,-2.167682609590922,-0.6269763716180514,2.3981634920332007,2.8970943018977184,-1.3832747284932578,0.4549252405654472,-2.739877230308058,0.5357713905016397,0.8822908046352489,1.4967253467835429,-0.5136066069802063,-0.14140860450302864,0.6774622290999066,0.2949906854351011,0.40746485905683894,-1.0321495974644077,-1.1719471571134286,2.3916693528885893,-0.46700791039700307,0.9198186676964162,-0.055177007654652666,3.165136683982616,0.6386148028968719,-0.27163644901277306,-1.9214892539493746,-0.8421964338235443,1.586409502654058,0.8408502101282587,1.6323333810628196,-0.9076301287795495,-1.3477450254018275,-1.790321906069347,0.6570381444488818,-1.9837485927101355,2.4116234964530987,-0.8594339732153995,-0.14272705468526167,1.9413688357782477,-0.8085642413454157,1.294168186554945,3.5732136817992592,-0.7546295806197105,-3.5207509882292753,1.9420914918599195,-2.9394487814299977,-1.5198251457405476,0.4399607760268,-0.6975557356715636,-0.03671074174773936,-1.6011811937279483,1.1021002048518371,1.3025695043141468,-1.6872950158600237,-2.53416210937977,-0.03841315475315546,-0.9000835149391107,-1.2404863840060152,1.2262299931977838,1.9879095568832086,1.3957175999713343,-0.17598508444330957,1.805671208217321,-2.195667282634822,-1.3591905035023844,0.7020553322548919,-1.5212743217713023,4.4618919322706585,-0.9853552919137671,0.9003544126786749,3.1901050439032264,1.0279712595331771,-0.5373960877184153,0.740113103880464,2.915986982129903,-1.795622207437729,-1.6853667348506838,2.1965692625935107,0.8071978131740107,1.7471514596757698,2.5057055217797006,1.3977528183631613,2.371688450354581,-0.4664824790637172,-0.35011170110912737,0.25165880894457215,0.40908987797358076,1.6836015347257427,-0.8578515433062563,1.6046234597626672,3.6176752037728317,0.07269658814525144,-1.4313454407922384,0.7242099900158641,0.8209455663277272,1.9466549469705197,-1.6084891806403008,0.0973534275391594,2.050756080032584,0.7832043431804794,3.307526382245518,2.119653192287382;-0.747739654308984,-1.056559520880057,-1.647080700643033,0.8485615170925433,-0.7639703457213469,-0.25220366772478575,0.16967585248154674,0.9674505539904296,0.6809495911259675,1.882917743352731,-0.23027175791770388,-0.26892550641391433,-0.6610877251985057,2.7447731511422635,1.656857385190744,2.4278974513312503;-0.8794667209694393,3.672255547724046,0.5673072264068515,-0.5526331343354353,-0.8357229057851143,0.22964984781941328,0.7837163025394789,1.6807249487136189,0.0611223009794839,-0.5655300198902675,-0.5345428613967884,1.0625216234687378,-0.2335205221780603,0.2179142643725065,-0.4980077446289698,-2.6719457173868255,-1.5673610858228195,1.899018569973875,-1.388049390450027,-0.16509756603476822,0.8187111998071324,-0.49648855183746576,0.8175620540235997,0.8786195196810506,1.2078288344679053,1.7661308252389323,0.49369107556499275,1.4583988662358198,-1.6232657165806619,1.1575469908364653,-0.4164153018403638,-1.764756365538813,0.9284645586096822,0.07136687668470687,-0.8979531985504945,1.0077632494327422,-0.17812771016745738,0.10946454310407738,0.7607734159813168,-1.6771177390972083,2.0743016217751045,0.23406421800735466,-1.224738569909614,1.1114992044365806,1.4570040914099338,1.2734145697736479,-0.9440277255170916,-0.28229007099024617,-0.1139751162992369,-1.9000326309486892,2.5426262913972364,-0.8398697464583627,-0.21836370257854332,-0.5969989366712706,-0.19071745136921237,1.144384775402587,-0.6941391799306882,0.7849133232861186,-0.679179952427896,1.2101998248433057,-1.8362134480944583,-1.2340675832192514,0.2333806234392674,-0.726926970458881,-3.820656370283708,-0.911265705339461,0.26188632315433646,2.576342946610276,0.959119525129998,1.12241035330898,-1.3131875061197342,2.123603722275439,1.329187244770071,-0.22150985012073596,0.8316831985257687,0.36774854168903165,0.33093475014218054,-1.385475952282334,-1.1545943855921257,-0.4723952766739249,-0.4932168265023239,1.0895743379456277,1.7749124225179487,-0.7044735862490005,-0.12791037047883594,-0.3907768846411861,-0.9209930098057618,0.6200350389408852,0.9870277998021311,0.4294824818166535,-0.3802540612436831,1.955445574781384,-1.5477413929455657,0.2954282593314129,-2.3721939659219666,2.991535213035774,-0.06158854006274278,1.2820335405157766,-0.8966625545059121,0.24091619970752087,-2.5302216500644557,-0.30564543068397876,-0.48894531979158445,0.7061477092662547,0.8980842870761183,1.0109668472862943,1.381603428441947,-1.0309885934337928,2.8237261642981144,0.660427133844299,-0.5208351153773214,-1.8573611127181202,-1.284083725531253,0.16993348045113918,0.25353333458266175,1.8431310283661153,-0.7061094900814087,1.7181327882409876,1.6104778788269296,1.0231229651927587,-0.47036942255541925,1.412454857947964,1.3419539452712004,-2.0942730271094705,0.35269706286596103,0.4430949300573063,0.403125374026455,1.0010505329302604,0.8206298465953339,0.6496248644177121,1.898878314722441,-1.4575708061712975,-1.9783717266993759,-0.01582319516756936,-1.320956688600878,0.35386329765335456,-0.6835463717967126,1.1249672943670899,0.5572767414737938,-1.783134739932703,-0.27183028710302554,-2.022732309516128,0.5022437737542486,-3.565673803118113,-2.24397768256601,-1.8089994638600133,2.411042161685322,0.6590430600751664,0.6679736127554253,-0.3300834220908825,-0.42351296720938414,0.6222656150088601,-0.9364183509326462,0.7869800964699178,-0.6283355648944069,0.6880362012851142,-1.8721990794354455,1.0471828552729883,1.4809464265615566,0.014238632317099952;2.037324566498271,-0.21381693003177613,1.4469120912258417,-0.2797116180711602,-1.860461674589449,1.4597363560314411,-3.519221085683247,0.27573079555019286,-0.11958980152653254,0.08719710679469661"
2,1.7351244234497993,"-0.8605335916882696,-0.1186516437377424,-1.3734957925614162,-0.5485864834039987,-1.0376479379642487,1.2802141446536124,-2.102139684864907,-3.8915040440755275,2.4997268656551044,-1.1948550483489386,-1.8750683563344035,0.6859364507578749,0.3504983954559341,-0.5474239986576781,0.46723605088408976,0.32440756125626724,1.4363278255286045,0.8183324144066438,0.7193544282331548,1.2614372823020286,-0.797178090890078,2.8384790279219456,-1.2154423110707886,-0.037984071072410835,-0.0909507264145924,-2.223623467690236,0.14150729023215336,-1.4030183968813668,1.5112441553642706,-1.8416877476592388,-0.5213120931754904,-2.7574326801686655,-3.226139702096168,-1.4782189997795057,0.7559224489180383,-0.37489990915585136,0.2549257593042474,-0.5811067820859181,-0.2663249742232639,1.2636141790444435,-1.6495892654587878,-2.328738978960016,0.7365427545103264,-0.3988729349870443,-0.4016083631959343,-0.2793665950720442,1.8024748265246273,0.5269357212348831,3.1364496209664896,3.4251280514877447,0.03578210097911799,-1.1467390805979472,0.10404684641086492,0.5981742226605327,-0.2528991043131338,2.3347854580736924,-1.192110000659634,2.730671423328433,1.8549263446259268,0.2529259392067713,1.6913565253102,1.45932120534291,0.20403747814465079,-3.484486994973257,1.6054486745997194,0.6627874748985567,-1.0578740832954063,-0.5304148642257467,-2.3746913947050876,-1.0363201221030727,-1.1555765969552447,-0.6503508555352442,2.535872571839416,-2.1903875207217123,-1.2013576443004668,0.15732388131255096,-0.7681500379822295,1.2302586348270057,-1.063617807741442,-0.7412127014523108,1.5330420169682473,-2.089785081567185,2.5712149598467233,2.3695819308605803,0.9513883066169369,-1.137353257422964,0.9582913389425701,-0.08476474856424704,0.8897178783713535,-0.26024302096710494,2.0972716295250153,-2.295303972984262,-0.13947433551735508,-0.24961102938982127,0.05208322605212543,1.0591435892905672,-1.7028342848197906,0.0755096385543764,0.12208482616971625,-0.3845731140030767,-0.747212966859135,-1.2325742921201917,1.1057928711002647,3.1208437370996456,1.6317957853686629,1.3804722609284625,0.5466345359055274,-1.6980414831293604,0.8818922953214877,-3.225398741971691,-0.8577612579824825,1.9792662610511773,-1.7978104340614056,0.18527514424599345,1.6266090458470048,0.8070490257716966,0.779012868520379,-2.8466966037500727,0.30744157704487934,-0.568238824768173,1.2618240161670584,1.4162823326592555,-0.14414211607805927,2.4874093390380825,1.606813300054574,-1.0710349369735872,1.774372105410996,0.9227041129399343,0.2738444366036654,-2.709437101581314,-2.5949541227132698,0.5428440010666211,1.0206526043581778,0.2829728497309684,-0.6665142335017222,0.905400248100344,-0.6082436946437374,1.2868463035988396,1.159859250154782,-2.8721491908437793,-1.9763857502253082,1.9835016731233959,1.0945831598651599,-0.15681708588463072,-1.0804828903094674,0.8789958609696864,0.41311891641848686,1.3600984923467396,-0.47768923321710943,-1.4799035289724314,0.7464007481631405,-0.826369811265689,-2.5124671628971673,-2.1712681952784902,-0.34607605280011494,-0.7446587656284003,-0.6407998477757698,-0.9483771194954767,1.222484175736185,-1.345767161364651,-0.21395767403781502,-1.1966817042135016,-0.7933991723436785,-0.3479636581579524,2.358822433780505,0.21449749295889542,2.9995666856968657,0.14467978139644716,-0.09576069262860898,-0.47825755546002374,-0.7577251304371982,-0.3883244046831513,-0.9595542049519434,-0.7754926422680505,0.3405642246270063,1.376281472715725,-0.08787935549365089,-0.2542755601778688,-0.7383622948895381,3.6955664315664922,-0.25647528117624174,0.7472373264027725,0.48639762333851305,0.2269468972197851,-0.9242450494447663,-2.7911001338769204,-1.5685378158421883,-1.8163507687969427,2.712572635807253,1.917098895808518,1.855850963428621,-0.4791865090112432,0.8976538744056104,0.20019275027638916,-0.06340394503977237,-4.203964337096722,1.025770100678751,-0.9720449237399538,1.1761961726007875,-1.743138523760541,0.40415488995111276,-1.1786322028887422,2.6621381869183067,2.7489024961583093,-1.082663354634678,0.10821314968529039,0.7830251401254562,-0.6446031511062795,-0.8283564401856782,1.4967556595851352,-1.0447239742127667,1.0526978856032123,0.8419975021343751,-0.6041469399488528,-2.2281161832587535,0.7820879530718184,0.42787195929070765,0.7472848110973429,0.8403969934600385,1.4907149081669404,-1.6358001588977302,0.9491567159019938,-1.0558597934811607,-2.1543824722193254,0.5228975303100188,-0.8999455242278258,0.6573926655077067,-1.8037269970412502,-1.9394624837915149,-1.578877402404395,-2.1033530297884075,-0.38289213378992615,-3.254882043597611,-2.935729463762223,2.0280194443717634,0.42994812051638115,-1.0061147507505157,0.6038877209297302,1.854377729340585,-1.9812894695027308,1.0797923338622362,-0.5093433009575141,0.19621079458095997,-0.8674122514514853,-0.6807306075992807,-1.386713493008851,0.9806029103109621,-1.5547512738109783,-1.1719943328883606,-0.6686892246515036,1.8380866695104139,-1.0442985979727342,0.07181680012601643,-1.4206613629678106,1.6347190939504062,0.34815028942106063,0.8883900093898469,-1.0073223338534913,2.4801404795512765,2.169336582619321,0.5586713242204148,0.7561767246676393,0.11849912845742427,-1.2481439710357394,0.8400462538803717,1.6797923271943367,-0.5223963900562677,-0.6637682341316018,-0.17957878415286221,-0.44002926873055354,-0.8816530459003842,-1.5043511953040256,2.2084814714898626,-2.1977543423469994,-2.445547104595328,-1.4372652989447479,1.716626749483412,-0.7863918936682897,-1.6630110733693408,-1.2009073956693186,-2.7302196400264296,-0.9148037423231226,-1.9716020335966806,-1.7402692362735737,-0.5143085764828704,-0.40195918734745667,-3.0240024527669056,1.1014870142324051,-0.1550915693088052,-1.1261067877913007,-2.0536199162917237,1.0895399730517459,-0.5073204864772437,-1.9468636963159698,-0.33176764628459765,2.0041598751542864,0.746808232989374,1.9529557231382342,0.5787251444157052,1.7518314618394877,0.2936616425184198,0.04588010720334604,0.3239971387397717,-0.6179946254063577,-1.5580838727880308,1.6729760783162184,-0.9774784563303669,-1.3131943371398793,1.2078542304830102,-0.33115592861827875,0.5373784107761942,1.1986556665721586,0.4151398195065854,-0.6480372918429907,-0.2667211397383917,1.6319427346110231,0.5634206393988224,-1.1642508693399263,-0.711000049350082,0.40895947403518274,-2.536681489940773,-0.9901975166441854,-1.026590127117009,0.7315691913193437,-1.2391170842395143,-2.840541719039745,0.2955372099539369,-0.8669574459751553,-2.0473949108540186,-0.29252842966137504,-0.11712141974175516,2.093931149113443,-1.4748051286211454,0.2326417200020031,1.398367096159098,0.20540022136696828,1.4235171905431552,0.5641938301571883,2.679433529364031,-0.5138765073211559,1.7395895552554372,0.017445541607121084,1.0177258193609455,-0.7467731110245036,-2.4960510968620397,1.267731822057461,2.0052100588208317,0.3255159698512028,-0.9021124499797976,2.0722747116100884,-0.42108962888303947,-1.0557088265690373,-0.6539601557494482,-1.8339333151385864,-0.21283316057342938,0.6614366167073688,-1.3380150342918697,4.01798140610039,-1.5922623587900562,0.14505478974350458,1.454115775378304,-0.13442678797875285,-0.569236907907638,-0.106418642741691,-5.069653734727235,0.6349788459901661,2.8891131868392423,-0.8925346638185938,0.12981984560689774,0.3288260486620485,-1.1276006144184083,-1.613327604660721,0.6050711251428326,0.8815501117614558,-2.8080471673296623,1.1788940199549387,-2.0877293718946586,-1.159407193397412,-0.164122426826636,-0.943253524798647,0.4414421181945628,-2.825085917664342,-1.6967885673769585,-0.29264840556884536,-0.15409074661919298,0.7811664032422587,-2.5963618835661935,1.3564462783859783,-0.63940683410354,-1.8009465820567159,0.7375178646809213,1.1694317643295276,1.1173174929077954,0.5996621155435087,-2.044884622020854,1.142644242070494,1.0263471097727883,0.4012135031059837,0.13182130875217163,1.3319542890513112,2.065022755848145,-0.747216673996046,-2.072254112395887,-1.88087639923392,0.6926423495013285,0.5795578703450072,-1.325988767182607,1.230576092645748,1.7525601747250001,-0.6772564301961624,-0.2961724404829448,0.8011674018452412,1.308263009601749,-1.7073265330912322,0.8408511549315298,-1.5946791069331219,-0.09466983052719292,0.9474544675438927,0.49792254454773366,-2.199869543852744,-1.046289103328809,2.397756724162856,-2.061814368469384,-0.04474873947548874,-0.2773972387797483,-0.13492646058926072,0.4151000393450724,-0.5462159242340198,0.023945049064705348,1.8687188799020977,-2.2601196898023037,-0.1046792007549171,0.8588930204918851,-1.0200985205306432,0.07957069129795785,1.2807721261782796,0.7266557824166864,-1.667258044742247,1.8731861833126278,-0.7615646741312299,2.0859393340713233,-0.6634877527317009,-1.045115681681697,-1.7004579305303953,-0.07708150023196579,0.4099896113926397,-1.9480870448920429,1.1209265200812353,2.8129427679632864,-1.4554262799887798,-1.381470773101592,-0.9825665722274358,-1.724062517670209,0.6844053149034385,-0.5775357381812862,1.3908799381612966,0.7506108955519941,1.3804883673233428,-0.6510447543436721,0.3659260304330043,0.32126831548628065,-1.112341904212107,-1.2780653526057737,-1.500719424642623,1.1315633382431038,0.3661747004759404,0.07363421413645013,-1.3024506540188554,-0.27569771374167346,-0.12130106527304797,0.8837036177069435,3.173097950127533,-0.2827314867759271,0.4801192236829753,-0.0461765233398172,-0.8805537966634013,-1.4020084347180881,-0.12751585290570033,-3.3753875765412125,-1.002470377817261,-1.035608064572526,-0.9785577213412077,-2.5187775992959542,0.445901128067724,0.7565594093892891,3.2477723562908953,-0.026836842919714554,0.7071134844900269,2.1345835861925107,-0.6056193064010528,-1.2136725851976786,-2.03764351608225,-1.576440727661033,1.0208652769432827,-0.9238819507765645,-0.20744396801476528,-0.4128654144663164,0.7916375388250351,1.2269758240842226,-1.5710961263675916,0.9746953574399345,0.9142724974424421,0.09481121063413889,-1.1570482100555657,1.493061279702561,3.5359427101578254,-2.013794551154596,-1.3030346224343494,-0.8798723065999615,-0.3985863447881293,0.22945741152281152,1.250413016437974,1.939519361163583,1.9094205689723824,-1.0897151771682652,-0.14093079856174845,-1.1566797264302702,-0.6317347376282819,0.05918801351802435,-0.517857953020232,-1.5245577092012566,0.36086329372358633,-0.21365605868159088,1.5897175336325209,-1.723169407051234,0.5122921597583894,0.9706738934405605,-3.062933946319567,0.4129056873280711,1.9304359015152985,0.8735963177441084,-1.0337580087994902,1.2178387137245112,-1.4876148207191922,-0.6015206549238046,1.0825664655953904,1.0128451256818496,2.6151522296747802,0.8523887400365022,0.8979631240275343,0.09898282450643175,-1.553943535666222,-0.11603613023523529,0.10646592264623328,-1.2980674542917063,1.0194756170206245,-2.3879418522404774,-2.971421744798034,-1.1300891789930825,1.2388020597821492,-0.9234024885940365,1.1262133985610359,-0.04264400807862455,-3.528680858427009,1.739510679120209,-0.22591854243100987,0.7290802221335225,-0.4305820576919198,-1.0302905586198936,2.5691132001900225,0.12079224310799588,-1.1973348028463806,-2.215515487765946,0.6949516306744946,0.5427317055235356,-0.391451992012104,-1.2888295023691767,-0.040234055646589745,1.6856277549294352,0.556964666001732,0.6823827253690748,-0.6934366925377733,2.403199312340578,0.25053709547972247,-1.427568086455407,1.2819953645449134,-0.5855307720219545,-1.21375331563854,0.4024195707527765,1.3316436467796553,-0.704907990626365,-3.044311786415826,-0.5185149647688354,0.15526516357967124,-3.2084134337488805,-0.3891963261962369,-0.5664933653956117,-4.017143984563516,2.275429366375379,-0.7824743350996437,1.5025814630719365,0.7148019151648616,-0.09629301128825865,1.450239100456218,0.8979302413365318,2.382328988138889,-0.9118716520382424,-2.2920041152999273,0.09998999172012851,-1.5468873342260392,-1.151816778756703,-1.3086316218596672,-0.5125305505365998,0.04378365646137572,1.3676112339658861,-0.454242873335163,1.0376678600701885,0.055380682980780804,-0.6873534637262533,-0.6438853628242017,-1.0241884204239948,0.8374412697739182,1.8553121074777226,-2.0308838772721765,-1.016294084883654,-2.279784601025068,-0.1979013994284043,1.720791876474092,-0.36251190867687,-0.3254237966886723,-2.138328202183405,0.7727542191346501,-0.03698368151100595,-0.8091866253803263,-1.4925854899432847,-2.4329843653611096,0.1999866472555583,1.1659191873853403,-1.4887410194852486,0.6976049538724786,-1.4558055762998707,0.13840534200166354,-2.9624268027186087,-1.4626162861887682,-1.1513694634935923,-0.5015415373155702,0.902930694149432,-3.62818212054035,-0.06297582336667545,0.9062811240078672,0.8610451207389465,0.13459111997941903,1.388936076569736,3.9165468626928797,-0.039853696743646305,0.5420901793720163,-1.1997500554731013,0.10693110536828994,-1.8136101151587032,3.142941135416264,1.480586184107577,-0.9995215533458617,1.2437039866953818,-0.16854813222288734,0.6329110712335011,-0.9648535536045715,-0.2168059010053196,0.11777617716794214,-2.756512548610883,-1.973178249425107,-1.6392876062571793,2.1943877122799456,-1.2809407589907382,1.2246494768490437,-1.631735682152581,-0.5456345412581792,0.8153733875248119,2.380325158589326,1.8810177036451865,0.22273370928787606,-1.3852813492435727,-0.28164433937214545,0.5691571686228096,-1.104166974939185,0.5468511902491302,-0.08831502186101325,-1.151738314486468,3.0020278114506023,1.1556449938354207,-0.3975807954401368,1.7286907843861232,0.6711123687103698,-0.6788025420753514,-0.21811489453745547,-0.21867736403609106,0.79041111959621,-0.11029571392503235,-0.43195007345387804,1.3510192413420596,0.5572692376826949,-0.6147809584113251,-0.6559539702813162,0.49456183539185816,0.1552078358053005,-3.247995188830191,0.584392632675101,0.6964958217575854,-1.152224450015783,1.260161679566167,0.5571328062923804,0.15006894833360176,0.9761290723371355,2.3480485256713157,0.9016985751482148,0.23688565578713994,0.7419433555402217,-0.8831470572604665,-0.02853196429775673,1.5815514305797722,2.896899118992246,1.7370904404257332,2.3468845057423393,-3.183051326267218,0.29520942284482937,-1.0225363141561035,0.26760811738071577,-1.5281838911386219,0.2615013190314689,0.6171211314361676,-1.4539172448060778,2.4510468501722444,1.7637563715129878,-0.44285673291201955,-0.6076983986140536,-0.04559466330496001,0.7199061631195366,0.9025484028198055,0.9111578235383997,-2.0512971906974906,1.9263362653495522,0.30044034408646064,1.7642464801519717,-1.449628308909239,-0.5426834193280772,-2.5894125902107348,1.6061287926514407,-0.2440062091259656,2.2338735534954894,-0.5654209950152442,0.768036407372846,0.4974529100725432,0.7822454966566603,0.8653970724654397,0.4751317691509788,0.5474400183172292,2.466377825550873,-0.03159426813272381,3.3261335781654333,-1.0340380413031909,1.7565559313926713,0.8242476113476845,0.689884792355535,0.8344849124432552,-0.6724509361643843,-1.9222651076585613,-0.135359368016424,0.35568176928107725,0.6539609846426301,-2.5972821701825075,-3.364221450448582,-0.027538269390436382,-1.0245083929665977,-2.2898680739451955,-0.8735660543314894,-4.769151704308952,-1.7268081793758538,-2.469361855707927,1.581074120115098,-1.8953110457872666,1.6677399833119844,1.4862919462457078,0.11149601689082084,-1.6850482370467326,-2.1843006399795173,-0.6718152244788966,0.928163571735632,-0.13071326395887806,-0.12971954917091988,1.5294634268672211,0.04084984659178753,-1.5124708384140415,-0.3331834506454646,-0.9302622057370002,1.8748150137291548,-0.2861698992006777,0.9371964301886445,-0.40358273002074346,-0.23064487985085702,-1.0223744117088156,-0.7619177371361665,-0.30975519365410675,1.5369297877249137,-0.40389933702924874,1.652704783478976,-0.9273558581326637,-3.2496214130676373,2.030629944089386,-1.7908956329715937,-0.35786714735183484,-1.8581369848516422,-0.3602240457840753,-1.688626481849975,-0.6149136001895292,1.9527689450000607,-1.0872984749245078,-0.34467070051802384,-0.09297002562851239,-2.0021070375387544,-0.418947759326079,2.602846716181515,2.585761334951421,1.693390512967774,0.9616914715746632,1.1087210522585558,0.65545923724314,1.2907598552162531,-0.4519001486186099,-1.5787565523832985,-0.8738117354450642,0.4802381375633108,1.8735342158319594,-4.58267025778999,0.25175204657922734,-1.5825993266542895,-0.02405316539602742,-2.186816254456072,-0.8186800522807517,1.1625077609204317,-1.0344347635910014,0.6321071063781791,-0.4811506520612016,1.052930241706173,-0.6957303376068606,-0.8389971837019983,1.550321501798878,-0.655144223766742,3.576551169320725,2.323136001592188,1.4888048761220452,-0.3991616471531044,-1.269637173140254,0.768629438728285,-1.3137889843778512,-0.5129501073637898,2.146583295551014,-0.7191743767548058,-0.32884297248711813,-2.1488105870695717,-2.3400192021985804,0.544408862254638,4.174150039912162,0.740095967983375,0.5458794446709869,-0.06252367601037373,0.31465484256629855,-1.0524454226240527,-0.5780379211849214,-0.5915177647786483,-2.6431848566417697,-0.2136155227494526,0.9806999159361048,-3.6246729640335,-0.6790283625823939,-3.205084122805407,1.8727874777527953,-1.039342975149344,-1.6861586041435705,0.0010864909660839306,2.323947931762817,0.516899143893803,-0.8238641684194707,2.1755379817811296,-0.7775807867604936,-1.658998498281592,-0.542922118458251,0.7981823362044403,-1.767353757474289,-1.424294335937588,2.466067146034118,0.7768300705801847,-0.5582483790746269,-1.8349199276233465,-3.210004472172052,-2.8448873811710875,1.415584499681492,-1.3912248769317226,0.9468793274396378,1.061629844491856,-0.4684572577423451,-0.0706162240352689,-0.8808774573994254,-0.011253298937924594,2.311790715809061,1.4860529810190477,1.038840537447455,1.953458204224462,-1.7005997637380683,0.7130001619444724,3.3985653916576384,0.3022149982655155,0.7157835505685918,-1.230495226780517,3.93710336194023,0.2834581958091523,-0.17311556967122205,-0.4655957566354392,1.026879677639735,-1.4574108956123843,-3.569676005721759,1.0487872319852953,0.8976140202466407,0.059132723715616065,-1.2354490834441878,-0.17006161285342908,-1.6829423379744994,-0.9530026279003416,-0.9824300712867965,1.2857360463678624,1.631489738255085,1.2326613295908366,-0.6830754335538927,-1.4296011734381977,0.23167633056934972,0.0038006249748997467,-0.0639225990763665,0.1690259652852974,-1.4852253839927054,-1.3646004473754223,-2.8262611811654095,0.7241985561127745,-1.4636540112210858,2.3175120803543607,-1.520627546742086,-3.3427482157468127,-1.044786197414407,-0.32185733260286603,0.9439040055989845,-0.9445308944639317,-0.2692479970706315,-1.9839819614594647,-3.3834175733870815,-1.5490273411227728,-1.5545764587648778,-0.0427748071538811,1.4062993225156504,0.9223901202901689,-0.662460326784702,2.124015373765374,-1.3915904841102298,-0.7682726624596199,-0.10448435934387332,-0.9225242843707326,0.594537842911044,2.1064404351562303,-0.32534681664476484,-0.618568894441516,-0.3742065139541123,0.7090491254045848,0.5185190495038321,0.4986959397944569,-1.3255767323288337,0.3350829811132343,0.7531701221674098,-0.652569317692931,-1.1605237601325917,-0.3796140030668028,0.6051652587524745,-0.9097377600841445,0.679163410377646,0.9967197685386857,1.3076179958093457,-2.7472654558197567,1.8494512774521277,-1.8679727899782894,0.11611365817536978,-1.0469960929704922,0.37936619892455703,2.779916817597787,3.0941497411697343,2.37936449264034,-0.42663092389458296,0.41740718819512096,2.0190835788905312,-0.11930812885513098,0.8429229603442624,-1.8196366313051842,-0.30296329029432667,-0.4596014928104061,-1.46071458509405,-0.8081719889394646,-1.42212514371904,1.4627988150564315,-2.477128353900966,-2.5688819818616984,-1.0659987989236754,0.2558637932746952,2.856543170988033,-2.2249722527754767,1.9538402792946696,-0.20315531945633739,-3.6437961781796915,0.7124172124436596,1.6739929935756341,-1.5907430937151592,-0.212576555995465,-0.3886990234245225,0.3911809576555947,0.07439314783251916,-0.8475189602113321,-1.0044570569528806,1.367732976097953,-0.5721142478641386,0.4182466021548151,-0.6446818250037238,-2.8952373938581166,-0.3774232055816122,0.41416434189996,-0.9597156014500854,1.1936355647723302,0.7966722149200103,-1.1578978139472635,0.9890605344910499,-0.9366621902723591,-2.7306738137165683,-0.31566728948378775,-0.1509219917012718,1.481321007072743,-0.8053841803870652,-3.3282705697313606,0.3207531749050022,-0.7833596196143592,1.3318462753943314,-0.9129808832746182,0.6771745350918015,-1.422905568180323,0.5003195128242366,1.5684614354553381,-2.41816681451261,2.4033884664934484,1.5345892715436693,-0.4375860416237607,-1.6919294576214667,-0.987476501936486,-0.7218554899735237,0.31682024422125254,0.4226957325249833,-2.254758317365268,0.2664215387154272,-1.134755447100253,1.523433344907916,-1.9900568245831152,-2.497343438972335,-0.3773995030162241,0.9804442676467562,2.720749713684435,-1.6006589686814823,0.15727241908802467,-2.507765218060836,0.22322142844154252,-0.27254859314393165,2.0524068316813437,-0.09441924466806118,0.3910450543053555,0.8043059321160111,0.028962156234057734,1.0479116755911344,-0.18801920967211427,-1.123648624036513,2.171115987398978,-0.561316094880524,1.4658521173575152,-0.03852862432052852,2.564143427495483,1.168520048562304,-0.778207225884649,-1.3706818157994665,-0.3213003963448602,1.54035959139925,0.9237786249164988,0.9475658281003547,-0.6073341148113097,-1.2604061362003096,-2.7608239119030715,0.7223316157051152,-3.4977872642582746,1.536946187548697,-0.11389874490298504,-0.8997435757855168,1.1878312569499048,-0.977122384994892,0.8461239784375958,3.548620082363893,-1.41327208186841,-3.0218158308742904,1.6174470632094506,-2.0092582903374563,-1.6891791226215174,0.15890887394683423,0.28292243029468034,-0.8180403804790187,-1.033178980457838,1.7125189353843382,1.3308554504152315,-1.1676228321425501,-3.177917894280107,-0.7941042238861874,-0.3495616662014377,-1.5571193161479533,1.651309572443806,2.4654639325002656,1.3820910936460786,-0.49113532946957267,0.8106945477833761,-0.6774771327672992,-0.19429785704859648,1.4327153383438578,-0.5688289264599312,3.2227982414307865,-1.5951955394210455,0.17264455162134484,4.179672993511635,1.019188503656405,-1.7207806274540876,0.984882780532177,1.6679843340668752,-1.2227009457195424,-1.1861039906466098,2.638527350601249,0.03637473145519221,2.5269380430927346,2.842313808129841,0.3038332159618462,1.9366592977569614,-0.3691040937134019,-0.1764048924120285,0.9843761330781562,-0.3863870040114764,1.2973477203451116,-0.8324232419850562,1.04044584907044,2.042533937376579,0.33459643101110925,-2.215699703256551,1.235568607568513,0.3875844204624058,2.045104281550283,-2.5780027687373614,0.16760902329499783,1.9051521332644572,-0.3729428723710246,1.5588994376937317,1.981902546263254;-0.49982299388484075,-0.6562272956658673,-1.8389015896843317,0.14119441105447594,-0.24640934556550464,0.5250106453587411,0.1538628659451569,1.1242826992596036,0.6561742193967025,1.3417211361682113,-0.3438139851624282,0.16048105375980576,-0.6853550808908069,2.417338738480808,0.3789026335075567,2.103190899134796;-0.9817778826081631,4.114158168130478,0.46596217345583557,0.17708222960436318,0.2885001317432196,-0.03403567524332826,0.4270674907333012,2.1801989665216226,-0.28114365003964675,0.8652546091796757,0.1226017128129191,1.032680052827623,-1.035889724194832,0.6048073818075266,0.3469925822618627,-2.7961283820786034,-1.9340610295532363,1.3584847744109223,-1.306467087238946,-0.4926840155091408,2.230182717330457,-0.5645226250136821,1.0628610651577313,0.35655567414485534,1.2567813433217982,1.273197163483879,0.8906670505067744,0.2367112066789998,-2.170711852561937,0.5970488652407375,-0.44514211216391775,-2.73013692848852,-0.14549691362203943,0.3779270916797257,-0.4927204136714408,0.6952148312495207,-0.2248700943048333,0.2501514943912908,1.658802301134008,-1.9105516472860797,2.70188540320434,0.42084643970846364,-0.910830427761679,0.5060995636366016,1.356964806109961,1.515316191507346,-0.9231460452928333,-0.9246736448850359,0.11383190596449619,-1.2119366210937979,3.0026636757077108,-0.5688085910737071,-0.5749127084229877,-1.5876307330972086,-0.690616383109993,1.7201786512347792,0.2752287142508977,0.5489124974036688,-0.5439393148943812,1.2527182976893108,-2.0149755754248226,-0.5530332663465796,0.05273408069104152,-1.0048537841515381,-2.4379354914944633,-1.0820842039068628,0.8697758243976014,2.6070562610248484,1.360555270708306,1.4491102709115675,-0.8340291688095286,2.7672047844441043,1.4824539696595205,-0.14908281687097436,1.1479451276912933,-0.2144856199588985,0.23617293194022138,-1.541924680351447,-1.1478517044220602,-0.44875290812775126,-0.6468837377790783,1.6237220433616097,2.279209538935465,-2.083529508486729,0.4402486204283962,-0.7402828786374627,-0.2584008726113435,0.20239243176506955,0.4091287579606286,-0.2839759835153553,-0.015073327787288704,2.3048735065469366,-0.9353690240507875,0.3978352532652577,-2.402039784978525,1.8141533722461562,-0.47710632022630217,1.422946695841809,-1.5634067276065458,1.7564737202296368,-2.231497175658817,0.15534943892420455,-0.9174929070914671,1.6276034750164765,-0.26251718083338094,0.6472996130703776,0.21544986505882718,-0.44655321948547944,3.0336474544643304,0.13885625928270123,-0.7591437376248305,-1.5333873594432603,-0.6478952955330889,-0.030371300936452378,-1.1709036141188622,0.8954870243665387,-0.8724640706782351,1.2412776438156958,0.6783669001189837,0.7860800335785416,0.0684072931637846,1.0874507649591545,0.22162649857490813,-0.5526385624321741,0.09012439554168372,1.2826875706194247,0.7360311462154012,1.2497341071941341,1.618592518592392,0.5596253866403349,2.308808460789004,-1.4117243978558573,-3.093360636719204,1.0594759936657194,-2.4758434212670095,-0.852758961431662,-0.300035859756408,1.399904476988477,0.7733208999049394,-1.1251846642991652,-0.6123002290023948,-1.605720695938994,-0.07399838766234879,-2.7317817200460923,-2.068543118500223,-1.3425038844742012,2.306888984882408,-0.049656252466595135,0.3149179455760795,-0.6861440137920858,0.4567867329407,-0.3252112793828576,-0.13756729206292323,1.3858633886426706,0.5232850241127134,1.344711151511425,-2.2645909667846182,0.6208731922984164,1.612516775685656,0.5719994882937987;1.1973120155239483,-0.24262715447333222,0.7196879856098055,0.12687920998179725,-2.3661089005314233,1.1609552977243287,-2.699741059773104,0.5416702373863364,-0.10167847830305465,1.3119744297010625"
3,1.7251323259399758,"-1.5505830101074698,-0.7278617256253301,-0.3672155624437252,-0.16793083803306041,-0.6271893700267259,1.0536052485851244,-3.0309819474117736,-3.7635687223773795,1.160815490037833,-2.1879378096559425,-1.1289157385708308,0.34862108061405495,0.00031859873301726127,-1.1095101735163875,0.832040165754945,-0.47060044205598384,0.6923034866628618,1.2192720377584032,0.5632807727059862,1.6055342487196334,-2.061009775622817,3.257739699374032,-0.9597614279132191,0.38353625185513407,0.35547536463620655,-2.20253094452776,0.591301504921288,-2.0127106122487626,0.7864123277662455,-2.664636433435475,-0.8866966963934251,-3.0641414926772765,-3.5682511983717977,-1.5873664583699159,-0.28317738490614236,-0.16156605062399654,-0.5166060548179373,-1.0694149301390279,-0.8487499462499103,0.9577866572790662,-1.431584744896364,-2.5803335741360773,-0.733659784973103,1.0274481314700408,-0.6047468749652386,-0.027010304170384136,1.5382674071881128,0.1334808861740449,2.508949164858608,3.841490282971066,0.4870999246061831,-1.143441872252909,0.042193682783505604,-1.082869543130096,0.06182701527361001,1.7335979509455506,-1.5704842168898157,4.096082444943737,2.868780725798686,1.8244993306804487,1.4019677238347883,0.8154554010135748,0.5039752672015463,-3.339292234861197,2.2642746132902105,1.4391605617469778,-0.5970749250778924,-0.6020473488622974,-2.2081580258038565,-0.6226881402937741,-0.6981372908854789,-0.46116823198941115,1.5860332051856918,-2.3146034484552374,-1.014147552459184,-0.01935501607498863,0.3588140828570671,1.4566078455021865,-0.9046452132771912,-1.1077777906308324,1.9632073809871302,-1.4519568403028849,2.2955741625052353,2.1283285718093965,-0.36653938387924984,-1.6213502482633708,0.8383234767386095,-0.0890916626212846,2.440094523200326,-0.06888080387990118,2.2108647316206294,-0.8907098921691652,-0.20196622709579876,-0.45021201840893776,-0.4950007698611762,1.684502653632431,-2.08196577479539,0.3453236507738219,-0.036582700629085196,-0.8873326267023904,0.5734189877231813,-1.22437505565827,0.5652541634862451,3.658516186084117,2.5454146908767656,1.4502303535839929,-0.8840279241995802,-1.4503435589268556,0.2509819088234648,-2.4458708695204248,-1.4784153474214596,1.386033142910553,-2.2047654322107224,1.4179266754599225,1.4147276957736832,0.19111455427909796,0.5714814497145999,-1.318285227418459,0.44107586223923356,-0.5494184492338754,1.8361793144003615,1.4388971690835866,0.5320668562165833,2.4893014679372145,1.9236455691695389,-1.412347878691223,1.5955975587202258,0.45281956578869687,0.5593946823468072,-2.1782049087168773,-3.4582885252065254,-0.13610627529160957,0.8868987653589249,-0.11541022458255826,-0.04887381850838725,0.16830700039422153,-0.49092630641924595,1.186167477877314,0.4022353762169908,-3.515471915115978,-1.3540316850915657,2.603534698853815,2.1198308290998513,-0.271168492600515,0.17597885047228295,1.8702778865573884,0.27237315918227895,1.4454531444577885,-0.641690706847515,-1.6773076462415757,1.0360279650628565,0.32736518526299996,-2.509825655015835,-3.124568229195318,-0.6397981692392779,-1.642679089519558,-0.22056907344599597,-1.6231306909082692,1.2622582761400678,-1.3512524082887634,0.15029847729749232,-1.6397105706258854,-0.2599015854169028,-0.39301315694870764,2.3058058719957697,-0.25621594742045706,2.693459357172535,-0.0740287225300928,-0.23334326173648673,-0.6430747498834057,-0.9975968941732309,-1.0488771193882607,-1.8357595753602054,-0.5303152165142931,0.01301068693490165,1.5528437271074251,-1.4002760129240732,-1.4561728987630853,-0.9667304717744012,2.047046278243397,-0.23218808600005092,0.09823654602365989,0.5094718608325013,-0.03835548983100606,-1.1487182982940356,-3.58543369736999,-1.4510101834592994,-1.0588672237977084,2.812417131880233,1.680728697625593,1.8055310721084064,-0.8633896653936437,0.6318577924224301,-0.8720746072982863,-0.635362621460302,-4.870950239068231,1.3173547128176377,-0.7890957125578743,1.1963635599490288,-0.28014102566129484,0.6762583166716979,-1.0825552202528526,2.546569637248706,3.1784910655312553,-1.2530990134070001,-0.23849757640449054,0.32337736605744,-1.5405032516807737,-0.5112963446725871,1.323520969134643,-0.731071699140904,0.6337767787616098,-0.10596658629449379,0.310922266241911,-1.5882211718021677,0.823598854804005,0.3087425769745831,0.6212790011395461,1.065827038656993,1.5712905182226369,-1.5457997917585604,1.1827584059747178,-0.8233990032490811,-2.247838084510317,0.056183789292009595,-2.193342308856188,0.806812543993748,-1.3031430172683651,-1.2796467190169332,-0.9398560405302699,-2.442721998454699,-0.09832821434352126,-2.088878665878211,-2.5029492987869926,0.9240203122153513,0.06987912666514245,-0.8306268791177733,0.14425648014181103,1.3553712454300042,-2.4073320175602255,0.9310095074749615,-0.5889699769313194,0.4377132601855074,0.05396080748382187,-1.5086980346377152,-0.8073204440722777,1.5518541377610515,-1.0336462254204173,-1.5836593575172488,-0.24036574722299742,2.3632766829704246,-1.2387608179876768,-0.8328330112161411,-1.5993082792943523,1.328920900602265,-0.29983283398415006,-0.1838307865444625,0.06597791953147453,2.184950986768499,2.1462324365584817,0.5036136839078591,1.3577326670536927,-0.6738926619342752,-0.22512632163597845,1.7665173299566441,1.3963907510041045,-0.5619409987091439,-0.44423560923353794,-0.7940205392214881,-0.8792124931126724,-1.3634509725798891,-0.6848727491470044,2.068897803119853,-2.875435815220172,-2.420031858770219,-1.6254893950593434,2.4686736412511254,-1.5410943491222109,-1.4047754549226859,-0.4178956620775558,-2.2836571643599894,-0.559570172341164,-2.5021733926322725,-1.4462690177540543,-1.746898407933235,-0.665575521043307,-3.3932548033213497,1.6744958009343864,-0.22626860239632787,-1.2734159815056547,-1.913256393714665,0.8360027102181504,-1.097573523414617,-2.2981959354921004,-0.9027112315195479,1.3928667544604112,1.1472704689270712,2.452785652706097,1.018085998774092,2.389789964494608,0.023389576592131645,-0.6184242017081805,0.25532009892713003,0.06951905717636797,-1.7637950309177985,1.9851985685467208,-1.8697447369444782,-0.5489329260705218,0.3208126948946347,0.12139496682616763,1.014690303477989,0.8738354735778682,0.10999606956351711,-0.19163132852474438,-0.8324358434427448,1.6114185269794317,0.611473612910482,-0.3679178886608892,-0.8588546397989465,1.2721300684010923,-2.970653484012515,-0.9790760012202222,-0.4579007979338242,0.14795967751755484,-1.1177586380535602,-2.2281573893771864,0.21630573763440486,-0.529970959004805,-0.8633401190538489,-1.1813962089585979,-0.009571236552418982,2.0109320395316206,-1.011043869010701,-0.30212803173415004,1.2916134234867263,0.11348602879746839,0.6360767164325924,0.6174873137256518,3.1846335366010523,-0.884165339621562,1.2740680880550872,-0.40722143612015116,0.3246824864819329,0.14224299060296208,-2.7070720466400164,0.208103421566032,0.3398493840944783,0.24949486982501057,-1.1451554746794217,2.176311157228196,-1.0660415218912296,-0.5271502454161945,-0.6523392863658153,-3.0810717830297287,-0.6114389871039162,1.2084036645229397,-1.5279603570061213,3.152665101470223,-0.3251090659161069,-0.37840345509303397,0.7338682051622811,-0.04565212004052044,-0.6890548427047205,0.16083996269065345,-4.006824888700599,0.6512800868531048,2.160106628751039,-1.7350641305583347,0.5278628105777186,0.6499345846029042,-0.9113738278788817,-1.2073845600832604,0.7555577429804633,1.0000020326841814,-2.979002553718239,0.6790191197491078,-2.254671351397311,-1.3163540599586487,0.010734956067782742,-1.0977708911685675,0.338368024532995,-1.4218598589512044,-1.6095320939732278,-0.13476698861580105,0.7985624706625547,0.10540988993349415,-1.4614294109094632,1.6704911967286007,-1.095114571671489,-1.546815567901121,0.276736429813962,1.9747631006520106,-0.13043666975781842,0.572177159522091,-1.6407617840103799,1.4798045580783452,0.7620231776428381,-0.06972959222240532,0.04389550273555598,0.7416792626604045,0.7620214596988731,-0.6229096013891705,-2.286847646044738,-1.8068312291284772,0.2591880030308533,0.3779204266323576,-2.0599485602599237,1.0257079617447042,0.9018851845064324,-0.8066905741487633,-0.36704811349226907,-0.264374599807607,2.109456024007423,-1.6738536459072817,0.32162836426732083,-1.850802458949236,-0.16674044158163437,0.6155910396761296,0.02687316888732137,-2.7921686174462117,-1.0556964635658836,0.9807632526931743,-3.012713690640443,-0.4615821902663313,-0.3891886267514535,-0.29887932426449365,1.2029861140485663,-0.816242262308082,-0.78703005180833,0.756327187383997,-2.2791109712012183,0.8893390180419546,0.6708198377966462,-0.5446462480497474,-0.40170614094077084,1.8268551158210935,0.3845189238967719,-1.9137299773201493,1.3790136503930857,-1.1460564493414238,2.1713068962157687,-1.41281329380989,-1.5138044468975105,-1.7430848308928224,-0.18131570923397453,-0.41527807742012834,-1.5443991088903293,1.9489697945496243,3.0921058829996655,-1.2302691418051515,-0.6760994318542457,-1.0383711014343422,-2.1558566387166334,0.23794156436359004,-0.38041346488303446,1.1485523720812845,1.9685416753484557,0.813780506285171,-0.8911812325087137,-0.034656140444675854,0.1646119847250451,-0.06359308128325752,-1.0069284539628003,-1.9210549778234067,1.1214473782404146,0.4069041181455466,-0.09375125629809963,-2.1284675402159343,0.23591338249212612,-0.2848308166583792,0.7623394550963007,3.1239282900753125,-0.8919957226526145,0.4607176882783559,0.5114343146124115,-1.6131505605653018,-1.4314597192363194,0.7840436046715004,-3.5171200064977906,-1.888284140510902,-0.611376516097342,-0.809780060663664,-2.5840721063463064,1.3803543880077969,1.1581872786997862,3.2157427055307144,-0.025177505855248583,1.0625590508531795,2.9916738246959507,-1.1952990433013175,-0.9011297485122726,-1.5405850444261766,-0.8153768648873051,1.088197215525018,-2.237347822805108,-0.41742890258412135,-0.5783442879536859,0.8116907367485134,0.9927597435052479,-1.5251548304243656,0.47087459909660856,0.6193764810398916,0.40372817738347805,0.02926455561602026,0.5395329415996403,3.4679988514342828,-0.7558601367122002,-1.73397240357433,-1.5663566556507624,-1.28692176159842,0.709566679649413,0.44332593869881337,2.2152283656316443,0.8744383139879656,-0.12109087958272749,0.5465660818772256,-1.6701309346795754,0.1538893287582954,0.31479241929662016,-0.8361408037344946,-1.6153111383784529,0.25289845063417815,-0.17644121076303643,4.169600365844239e-05,-1.81972666022256,0.04887267418493951,0.9531985763555977,-2.3894935815578293,0.6923143917623229,1.8576426524006024,1.1086830779320587,-0.773735003097383,1.0510668146246727,-1.8843424474581612,-0.6901356992217339,0.5571797072321908,1.6608614632464043,1.685459186985172,1.0211082427399838,0.5124181529306401,0.781030677506952,-2.2558798271063085,0.12530511569084146,-0.7044590800202127,-2.5487643445921284,0.9003013155386904,-1.43565960212518,-4.355418449440717,-1.3058556493518454,1.4651359880542043,-1.1033595466355777,1.9146589884892002,-0.24677726917909798,-2.9574679563968287,0.7859362157559866,0.27431286351701173,0.3833993661736052,-0.27808478339155185,-0.21471305794710627,2.5424221608699984,1.4204458766029395,-1.9968353797456522,-2.288978579446621,-0.6264412562941208,0.704150841832195,0.35567607777881843,-1.589422441779873,-0.21455179008806674,2.215561972402858,0.552887886177273,-0.07071754306908352,-0.07053500905891012,1.5835597031149196,-0.1855081590573926,-1.3483139881404265,1.5133349120535833,-0.9335659777745883,-1.1097116747196099,-0.14002486023862393,0.6133519722466173,-2.4329167698281156,-2.9536754033816095,-0.8242894141179553,0.8590938944115198,-3.2560156460637577,0.43414757899866774,-0.3183547078919741,-1.7916741528289375,1.9390054411154227,0.13558315326765502,1.1033096549147925,0.5071301653921827,0.5391671728562268,2.2793027067785996,1.5277535271997338,2.3891591233180067,-1.02110353967274,-2.8498871509273926,-0.03378900390355802,-1.9704569384056643,-1.0642049526406678,-1.679349701920766,-0.5525119820021356,-0.46124976260390627,0.5272391850563687,-0.4357276312793748,1.4809898587063988,-0.9294139850408683,-1.7602200152124614,0.44163918333653945,-1.514212752841174,1.7938224575221675,2.2821454201655076,-1.2793286736785108,-0.1258733066056762,-1.9166035587941215,-0.6715268983877205,2.1011478649081434,-0.6648095943070931,0.6990629148838468,-1.7242744265477747,1.5523682349608592,-0.11787978809930891,-1.5833561810703123,-2.2615093601186707,-1.5994851440794169,0.44979407891619505,0.8366446156324184,-2.198181650801491,1.0689402811544695,-0.8415176665962576,-1.2119052974114926,-1.9849153568932132,-0.6686732173708814,-1.3426053194753722,-0.7688639592852811,0.9590137590191239,-3.196549883662862,-0.07179352787640869,1.0303568401869931,1.0385037768510081,0.6411231775300666,0.8652596563546994,2.8608721959064307,0.9727501430831592,0.366371776022816,-1.0799874733124697,-0.5146979663496406,-1.878295892454407,3.9468268332621497,1.3924272187940425,-1.3822058999474667,0.19146654312925304,-0.7143151828773766,-0.21308441024222535,-0.7330941832368204,-1.5868316351833447,-0.20550876063339701,-2.5274071525032626,-1.6034428588105962,-1.37025976880671,2.7172953131008817,-1.597069148920351,0.6066171507103256,-0.4732448993324681,-0.12370820038752049,1.4627095298788384,2.8398499640095105,1.3941093075511035,-0.16566058001939044,-1.8545853833389816,-0.9390743618009969,0.10894170284592686,-0.6839864804286659,0.8388911315003462,-0.5730453002609052,-1.5233659895389764,2.8575011972884847,1.0135291221202194,-0.9917150915212511,1.8085383480768096,0.9318356175788346,-0.282983976152807,0.5830124029862811,-0.6863662846771874,0.5127949108830667,-0.09176703673999537,0.8550336972464203,2.045407228584523,0.5690039468158027,-1.3686253511310555,0.47279270156415176,-0.6357164173800876,0.01646304807662663,-1.9288670868358897,0.6099966513259919,1.1328875453449903,-0.8129222137153765,1.439664535839142,0.7669328195396146,-0.4077740050074665,0.07700684116795237,2.323303055498178,1.6502185823003674,0.20561983216014595,0.8831619882450616,-0.7508206494198726,-1.1868480449048129,0.9499002809727262,2.193678996992134,2.0514898723856847,2.4661392628261027,-2.608726865465079,-0.30786679496059,-0.704501797862653,0.49070755565333946,-1.862368116180099,-0.798771077312667,1.5081490364202306,-0.20132227567435673,2.0152000969885644,1.0410209879984658,-0.8804295456832205,-0.4214713338442039,0.9657742000485925,0.3347320178204809,0.3311620952483063,0.8132426891144812,-1.1028677780621023,2.1449472490367443,-0.41944656918315404,1.000238838288915,-0.6678092209365822,-0.6178270297678341,-2.4587769315386847,1.477786981257438,-1.2715111890839685,2.5241232549484045,-0.9817830947616226,0.08570824802971816,0.2552142147197594,0.4017689513866849,0.616560433304256,-0.10409880032520977,0.936902828392535,3.058534108161245,0.3827825571173027,2.5266495130088726,-2.184703580288738,0.8221929083019391,0.6677855229374741,0.46192497563894175,1.1070293469101609,-0.20951671409111788,-1.7515040783013902,-0.2577906230017434,0.302969981596318,0.3677622217605334,-1.7523641893435378,-1.7110251528831504,1.1399261602373798,-0.6443722596779032,-1.5318690206356194,-0.9247016845473269,-4.096958154689904,-1.9442873637129978,-2.5421175143265478,1.1103596307843133,-1.7397358132277354,1.6501803931419068,1.404425031004157,0.6325444340908335,-1.7832458083092433,-1.7389260547575993,-0.8363118840524292,1.066379612151691,0.2976644297541017,0.15979701598566218,0.8509353215037109,-0.8525880674654533,-0.5596648048017275,0.15377843358895826,0.24158782664604372,1.2294046189334533,-0.7475605658116765,-0.10772211781689212,-0.4049585340843083,-0.27334533796490224,-1.6417354203960464,-0.36974820680564097,-1.378413749774268,2.2756506613286094,-1.0419260717872958,1.388638432677769,-0.7244480399391824,-2.9532757336960613,1.090440106966318,-1.2070834234180805,-0.41868859351304644,-2.0993176906844546,0.604258009914227,-1.6569207812091633,-0.41513647455433444,1.8119847376085132,-0.6787638779073264,0.5170706776181013,0.735355509614622,-2.1440841947748233,0.49226070586878473,3.0135256457169133,2.4432161649321933,1.9502039151907682,1.1500045472985363,2.080164549717339,0.27859708124963295,1.3244869359427889,-0.37722215333676407,-1.6602196334560855,-0.8634265945827346,0.5385554031921232,0.7882656746109133,-4.837137620245714,0.9912695569432439,-0.6643333005364298,0.12589194686783217,-1.643579372359055,0.7113789551023194,1.4597323313433481,-1.1161443465558498,-0.21145744894960516,0.07286558377063114,0.8220964496838861,0.6288518461845052,0.1447540600088275,1.153784781232863,-0.4258305206130133,2.9395896059253883,1.3855240305966237,2.0560111034093094,0.11500137369042292,-1.611545688640518,0.27430876064304105,-0.8975766320675935,0.29648244627626197,2.2201563135742504,-0.5304671549587174,-0.014364357106948097,-1.4746353585243364,-1.416468738772383,0.9977828088908155,4.464592770497614,0.8247989959313815,1.0760137309761724,-0.20020538598938992,-0.13686581621628943,-1.3658143754021634,-0.11994914354342218,0.5113851698701533,-2.7710050759632683,1.2056303252774783,0.09978614569065192,-2.411684130686254,-0.7949671842931167,-1.8434283636700965,2.593185411166376,-1.0288289433420275,-0.8656546036045555,0.5495123215358907,2.3364410223761607,0.10761737718764769,-1.5163435691059095,1.942267944208015,-1.1184462130212345,-1.2007228220331674,0.12016484462242083,1.3146431538440428,-1.758838968165568,-1.368762951657813,2.615003487328781,0.08450258780992723,1.263376606555016,-1.078954101637931,-2.3015277810379953,-2.5855169400518108,0.7904916829812887,-0.9544572078907537,1.2787172269018061,0.5966604696069517,-1.3534823616713536,-0.1242490047551641,0.18663264998407292,0.8909914207582393,2.911353959293735,1.23943869302071,1.756872871105406,1.9559345464582885,-1.4269876108187949,0.5603313898146719,3.6706476565012305,0.10046820194179674,1.0163638092677298,-1.428598278994765,3.9138302589098184,-0.19443424907619578,0.786101777936828,-1.0141158311294907,1.5518036363655139,-2.5493746414708722,-3.016473796158092,0.3949716708061083,1.8859008156779455,-0.9149032262400548,-0.5251904582982482,-1.1770700741274722,-1.1964179113840776,-0.9031515056194546,-1.2709196905170281,1.2855977468903725,1.8128622570875843,0.721172631452355,0.5558648625874281,-1.0529427360153745,-0.08025075578976515,-0.5395372591443254,-0.18492945349932133,0.30499929295871686,-2.1838908239572357,-0.5816577830974979,-2.6206855971766485,0.03560083277079408,-2.614551925899396,1.8297901063518798,-1.3271451677903883,-3.4198416105318414,-0.3220769870043721,-0.19809136114579373,1.230977957227056,-0.4359066454096806,-0.9240871836061044,-1.664537325647219,-3.669435579407389,-0.9684873859788538,-1.2097000238956777,-0.8458904791913591,1.6802385814037577,1.5450343790921737,-1.0612479498498795,0.6586797607673767,-1.399637364720702,-1.0573609384972575,-0.2448639009563475,-0.9923036509460561,-0.3350647789486846,1.566698598523431,-1.398033071912172,-1.3054629591557094,-0.7566226654726858,0.6034812305824833,-0.02679739100333267,-0.7176226991999378,-1.6535379213019374,0.6389166790543431,-1.0127755385316757,-0.7303880655668566,-0.14443927151271052,-0.3982734852378805,0.4727266567383173,-1.1733344957303071,1.210508649382009,1.3313250515684159,1.955818611952271,-2.6523560616639603,1.6350383523036014,-2.3552548956688235,-0.2572187323312329,-0.7354087074666774,2.055481168758182,2.148751728486448,2.222779099977506,2.1836308905803814,-0.05906965723654414,-0.158757055190081,2.3076463309315725,0.44428808144453047,0.7635226931953045,-1.1471193148945322,0.4968394934727641,-0.5215610636354496,-0.5397386176038366,-0.9891157360994527,-2.1389826566743264,1.4391080925430988,-2.0748157580866358,-3.1303416436609064,-1.1828474190125022,-0.1263670625483479,2.726819921890889,-2.5521702897580685,1.2134890605654054,0.38518928939465913,-1.9533713348269612,-0.19418610333091674,0.7535323690901499,-1.572060161494905,-0.2028373147218785,-0.1975586765136144,-0.010478610508151104,-0.02291768410557604,-0.5365750077695559,-0.9123793544523326,-0.23449269822156305,-0.08516147070736252,-1.0183866741577112,-0.8410662079917094,-1.5100185432226423,0.06918891502047042,1.4431907107966402,-0.44329637426114565,0.04428190021576661,1.2998820057436702,-0.4850279466214268,-0.0173545595039013,-0.6914020634574347,-2.2478771581684196,0.4495255663202483,-0.5908415301657632,1.2288834173200078,-0.6257533371541321,-2.6988290748450194,0.31374958490606153,-0.646383708175789,1.914575764934705,-0.04335546834724879,1.3849005876755978,-0.6910726563000921,1.7426578444786869,0.7385475457589293,-2.5338053061940027,2.2950963669956272,2.627223009719231,0.22413645849837693,-1.209104637814797,-0.19639536745366737,-0.6317198858850399,0.5015594379522927,-0.04253665314635345,-1.8700884511421205,-0.14993339718538776,-1.4951396580240066,2.250103020980849,-1.0337229009557947,-2.711529554509067,-0.8254238879473011,1.727728123937617,2.5031822084422974,-1.2218593817234917,-1.2362245275222254,-3.2365809189866033,-0.12529455258982677,0.5663945985714807,1.7107589834514672,-0.7015137676444548,0.8085302830982677,0.2093090313615512,0.13876825916662022,-0.06314122008715073,-0.2955375440617519,-0.2592155084408771,2.2891936357539326,-0.5164982951927649,1.0837399010584443,-0.1447493576743551,3.4366993538043626,0.3679653665475172,-0.7726343217863066,-1.355592414037737,-0.716209835994375,1.3903831878440553,0.6123975699592713,0.6993731307978458,-1.236866739671733,-1.3119104022675476,-2.544890778671821,1.1146040962068078,-1.1135545425287279,0.8167249095141889,-0.1796228829960398,-0.1851298415623126,0.9112542595251074,-0.7888721731712417,0.6517782068019118,3.236779964032414,-2.145790081780159,-2.9721779949608735,1.4357986879426141,-2.690157723078886,-0.9058383381203302,-0.551705507930602,-0.31671617404804014,0.20903444571169105,-1.1617609950447796,1.5750531016108391,1.5526957676010842,-1.460396374413447,-2.8549753326666565,-0.5998343828027215,-0.17202134000080083,-1.4080759141168804,1.9111199892490351,2.4229197907905293,2.117820352494607,-0.11294388697178823,0.1179966221862565,-1.7852185001388505,-1.8673674114678949,1.3349583090443244,-1.159820334381565,3.8104694842359526,0.03589838453842131,0.3070249722924715,3.222122340802076,0.35647201304407206,-0.37602599003712067,-0.49754646479610276,3.5527657162877664,-1.353044707234666,-1.4297491439440708,2.6991690080020407,0.8207017845425626,2.168004518741348,2.016734679653963,1.6792088523777162,2.2388134875448085,0.7630350287286991,0.11956493376161867,0.32969217958346086,-0.04933258221240891,1.5696552794696317,-1.6174409012283475,0.4968675705867652,2.3319368547203796,-0.015555552859228411,-1.513594359679711,1.2318366560945153,0.8638549799387789,2.4953975920910754,-1.7380429295284625,0.1499487667677093,1.9205702305756633,-0.7509976660535266,2.5198242338268577,1.3614120481419398;-0.43984677294149976,-0.5593891281318987,-2.115596323013045,1.3370600809566286,-1.000205060105888,0.18936075018054288,-0.31727306987535164,0.7288431040352457,0.6128752244802591,1.2031669705841996,0.19754226355445564,-0.37516026371596034,0.3189931482285435,2.444551225652421,0.9665695325170177,3.0080358705439325;-0.29419699510274977,2.775506140062027,0.5783411163874441,0.051072915961820606,0.06912473261502551,-0.17920595714264492,0.3002631502276165,2.3395015985759855,0.0676322695734457,-0.5990516211068673,-1.2250662546693452,0.9610290266211761,-0.12006174633986329,0.47729486478197675,0.3858036655250632,-2.3951697324589984,-1.1626934307876913,2.0963050833517136,-1.316359170718207,-1.020988517955322,1.3845093506822295,-0.09754485239716496,1.847931415077286,0.5835842655559309,0.3315467367407795,0.9739003642811619,0.5127897491913995,0.700422105885006,-2.0605373928856148,1.9261513092070297,-0.2914592656120707,-1.003357683179046,0.9121273233433594,0.07659939198629447,-0.8954263390129585,0.7305828535305139,0.714072007194319,0.5237935683797095,0.9551322005782433,-2.354294884908278,2.509057748380154,0.5425835877988905,-0.5840572698188904,0.5237034035353817,0.4057885249907546,1.2236414247429428,-0.7880089824251235,-0.3787388484988565,0.7441473286484999,-1.7027361444812823,3.2498303077976742,-0.34880376569411303,-0.4108666989974776,-1.140787688300768,-0.18817699363166818,2.3785316533765273,0.8942353646109947,0.18408478439758658,-1.1110261700669484,1.2836737970380327,-2.3445155113304703,-0.8421359859177033,0.36393768237570734,-1.0523671484432093,-2.8949098056471145,-1.284395302982239,1.6662187653359415,2.3591417863891913,0.392192887883985,1.1153257030233308,-1.1484741911971819,2.8809223160892468,1.29942109513586,-0.12013943454835968,1.7779971551576688,-0.0309923166997899,-0.24719995211528234,-1.6310820670840533,-1.4595900258290828,0.24393465746205556,-0.552383376560054,2.0775611073189424,1.7716801164182419,-1.2800363191515098,0.11267132583802252,-0.5346366151643692,-0.15141918950034114,0.6606369073185026,0.5473766503873561,-0.04123972579796584,-0.3931148443159054,2.2587204723928473,-0.1960734474487542,0.25767626365140966,-2.6386221892332204,2.1935206602296287,-0.42814427098514596,0.9630613143971202,-1.8138606131523067,1.5047662108716355,-2.777674397278345,-0.7268110185156265,0.007145192213309448,0.821298020684804,0.16406413654125612,0.5556010290742759,0.6170852668647558,-0.09860626371211619,2.418158637817827,0.7241597644224207,-0.041203774516148234,-2.0741945434738294,-0.8736612050492552,0.1725121014504235,0.227512629526666,0.6528281505933307,-1.0620840733171526,2.031300501530827,0.8369762483522296,1.2144033701755133,0.011478536751474255,1.4384728893812113,1.053508877720447,-0.47004060575899376,0.4349250569304888,0.12888314929000455,0.148107167262426,0.37851808437862333,1.1107058278019153,-0.03918858977844253,1.5944748853682187,-0.8410857869532111,-3.0182376037626204,0.4094216882241218,-2.39297389121264,0.09071326211000538,0.4534245293081902,1.864425988002375,0.8165548900042031,-1.1209825610529882,-0.18380650117236924,-1.748969437872673,-0.2468798002297295,-2.1395772995462723,-1.3763215843264227,-1.3181924893029193,2.530899358304239,0.8447193995128652,1.4575564859313936,-0.8808266385262079,0.2635622473068531,0.830433977533428,-0.2988560744280925,0.7977219815394632,0.6167222694523276,0.8324515852208939,-2.1604314046137083,0.27441726963039076,2.007753077905546,0.5261215596442765;0.7063706842835993,-0.09484424708411283,0.7586968588996778,0.2617694629347688,-1.8108709381562416,0.7891542277744663,-2.498454551856125,0.9497117148973946,-0.14042216040746147,1.6218657794208982"
4,1.666571702864516,"-2.0915717760347348,-0.9917510198316613,-0.43742234672416813,-0.7871017751775663,-0.3817931463740566,1.4223669371923175,-2.168990427169631,-3.7931385214275446,1.7438766033056774,-1.7417520257477501,-1.0277811103462602,0.4581205704640393,-0.20858694391016996,-0.48968711376639545,0.24631530600857215,0.39924670814132157,1.073448863818268,1.2010676369392965,0.3173103343477012,1.3378577423941909,-1.2148745568703578,3.0678244793170393,-1.8857275905004813,-0.2989084573862401,-0.23556252570896896,-2.2894835430224676,0.01635431062439263,0.614159586451945,1.4922251127936863,-2.485569786718735,-0.47859751911516457,-4.253155791347617,-3.7207905965276655,-1.5669868756826006,0.2387357970370373,0.053632455390236755,0.14850781973312233,-0.7259065796284252,0.38347458573046256,0.6068222943860592,-2.020982718099691,-1.9767634770670377,0.1390526623202909,0.5214429543869106,-0.2595632563787928,0.3041188796679404,2.1356393875011506,0.574055107406744,1.1058493439708954,3.7555625431821342,0.5484617209173124,-1.4067424862923728,0.11234035590857905,0.4340076891099057,0.07883523280441468,1.651247119200902,-0.5988673580972244,3.0817009213365405,2.6196264132615648,1.4775644087358446,1.2544116834207182,1.484199880818945,0.4334330391673582,-2.6229585717683235,1.9667997816906884,1.9777032388038336,-1.1031948560327116,0.033750136066533376,-2.39647563297408,-1.0355639541468566,-1.6173303363945823,-1.3481626466139838,1.9826570128517165,-2.4551851219122347,-0.7347121805905805,-0.7286222257814152,0.8950753903124264,1.446928986917731,-0.49111606764050686,-1.120218478943728,1.9512501049404214,-2.1693861293868726,1.7892803750345607,2.5434554025320137,0.46115019971427706,-0.7780411187520997,0.47766946115494524,0.0020867204696782826,1.6065539812793082,0.24517872759574366,1.3644356192450846,-1.532990600931948,0.1476987681406003,-0.9995805439771889,-1.6820263088064478,1.0178019621409229,-1.7500177756707385,-0.4582126940398503,-0.6936857302660419,-0.40520383014736405,-0.3404134892350916,-1.9092270963356304,0.741463771432008,4.319320822209848,1.8470558487492466,1.206860293711819,-0.11003202211508581,-2.4821519162624237,0.7381080531871671,-3.244106586402422,-0.8062784854766551,2.0105887895534336,-1.601889908376144,0.9753367306589598,1.9324896532223743,0.7469420383427628,0.27996281566797576,-2.344445543585276,-0.9027447575101053,-0.07427337295220111,1.8572190735703598,0.7926469866410468,0.4819519970503048,2.812842893332371,1.7823799456074925,-0.9434419559146767,1.7897461095307516,0.5879150255352188,1.2466456921646045,-1.419684254566412,-2.9363431370798065,0.651270921482211,0.928721361570936,-0.34172887353360837,0.1713648883484154,-0.47604468815127454,0.5258074054322849,1.1737489607965788,1.3996729110328472,-2.9572859282239703,-1.30610309830708,1.4270399670901766,1.9293603582703747,0.326944930851318,0.7248749173710054,1.443166051927968,-0.4282166910823808,1.6444155370597493,-0.18292206716521442,-1.6737143132863816,0.33130545252769267,-0.3497362136284383,-3.1574966599048984,-1.5840126454916206,-0.6272157771701274,-1.756547750694017,-0.3629864815300927,-0.7791113891132293,1.316919682007851,-1.3420473927141643,0.5279251448891189,-1.4934390007735416,-1.3839103865862974,0.06345938814340887,3.1275304295211823,-0.3071650744935651,2.300617438555979,-0.21069462275450562,-0.42610316657884145,-0.7188695432637854,-1.5699884477096615,-0.8587727913610037,-1.8562849643244366,0.09292218198454352,0.4274563593342352,1.2552402401468834,-0.4693594550183044,-0.8985104117537741,-0.7312056145457916,3.161138727058255,-0.10042920342615413,-0.05236965265529042,1.5634855190773977,0.8089068329737441,-0.7298699300424545,-3.2257864129062925,-1.5577362043833523,-2.3815932866461984,2.1681142382204923,1.2666175984971408,1.5121733290501789,-0.4991717907965679,1.5202525953377841,-0.9956007314810811,0.07795385612212391,-4.18095973357034,1.2004824680479753,0.22770613892813973,0.249215215220258,0.033798328961367474,0.35790939841182234,-0.6739611085951177,3.1386170000636575,3.1982977770211884,-0.9780765593399497,-0.3893891853210952,0.9771666928882541,-0.7584309550717108,-0.3433920657422501,1.7605182049055086,-0.6895939828991955,0.9489533070407167,0.3445017455259875,-0.26578254648688804,-1.3624975344511518,1.0600850311592211,1.0012082281865378,0.0355391056255836,1.447677179879039,2.2985713530667375,-1.9654117486127034,0.9544113480254566,-1.454009465908579,-1.8908856731263168,0.5358592873864639,-2.2361673794571377,0.11886108858334549,-1.98294753823345,-1.8507604861951024,-1.3618849473872143,-1.597165289162192,-0.003027581455577015,-2.50224578653088,-2.345198262928524,0.8806312961208115,0.3485475584088742,-1.1043923693562712,0.9406069173877881,1.6555352013757743,-2.6627920816510597,0.944169328479391,-0.021233292666007778,0.2498095617865107,-1.037943265343421,-0.8630360220035407,-1.8610834026952452,0.7855510723518089,-1.015772355313228,-2.1689957623381155,-0.44697449836309855,2.1469497077855864,-1.4317755870739908,-0.07831472458852068,-1.416551076590704,1.0309618417116568,-0.07878347098437655,0.309367969199564,-0.5827635197733079,2.8147722373390947,2.2121556501712387,1.2843490155526025,0.4937554293014069,-0.8825435166588003,-1.1617922773569294,1.8379737519561794,2.099547599832654,-0.46913986506803906,-1.2876335719329663,-0.4987481518752057,-0.6516902728945233,-1.3294055282691586,-1.1312830138499268,2.1035433050740884,-2.5261164271535272,-2.1757880526063516,-1.729777440594925,1.4380444803391303,-1.0451115121786938,-1.1122215048809188,-0.15923370249824786,-1.8816200924758584,-0.30912174159969685,-1.814950633753283,-2.4512810894744326,-1.4886035049370439,-0.08760749833204251,-2.493604101891626,2.3880498738091367,0.18266645277610755,-0.7279145381229555,-1.331863172495737,0.8433445358006697,-1.682559266692397,-1.7115838962095182,-1.821609474031261,1.52384852499562,1.41478054669544,2.7812152619851918,0.624575589738287,1.400603720834667,0.8005291746620815,-0.06681344285093638,0.708166704802619,-0.29806889254056235,-1.2141997313464248,1.9580288994714832,-0.3007127982077067,-0.4696836092023634,0.9087316273316485,0.017490075127435445,0.8189623044301046,1.1591287831418307,0.1239617249692189,-0.5662080414601471,-0.45049545710897265,0.7273090804180055,0.9183589047284841,-0.2963155796533805,-0.6226064034973745,1.1808294618479382,-2.237158727511469,-1.2800449669028813,-0.3870982150819187,0.12374948197382152,-0.16987714123063036,-2.558132298752074,0.14919207562133335,-1.6172547000478432,-1.2828294448759447,-1.328429224769669,-0.6743827236286961,1.7666294549431445,-1.1727745329726371,-0.9891279686709449,0.9393541396748734,0.6260611643426354,0.9698048391460301,-0.6978911585971485,1.9803773995440732,-1.1543174558527298,1.9763750775034494,-0.6397856705542516,0.8242361108605888,0.8287407819626456,-1.9733810612049203,0.7408728907625952,1.4739149789025365,-0.6766760081436698,-1.4807448581081357,1.8938381397801527,-0.39417357726211516,-0.4388316437385478,-0.5876086486549461,-2.0644126178287974,-0.033148931361317725,1.9622249907099731,-2.080848773297036,3.151437884984311,-1.2071302948241536,0.18406410192685765,1.2268782123077078,0.2972751224442751,-0.3795099636515652,-0.22571116392320162,-4.507691054276903,0.8212151617981596,2.635100331765218,-0.8102972476873953,0.27990742196581486,0.19575793785107237,-0.9705309419044164,-0.6501424779683341,0.9270320391054463,1.8287451825958996,-3.2853949575816777,1.354281204611016,-1.185365685267973,0.047750784145571656,0.1263678166651664,-0.680041255680143,0.5995502160628111,-2.2216629180383114,-1.7585155716483651,-0.01664279213425081,1.3112755000214533,0.7697726506295273,-1.072135098632256,1.6626530735609344,-0.9138600286609041,-1.2465149614028403,0.040312953886366965,0.9985176917658859,0.7000776167808807,1.2173175808318366,-2.140769012751447,1.3088420802316465,1.0324142804260994,-0.30204879008135166,0.23705039201007005,0.4701896604553134,2.2188839112134824,0.6102082837975138,-2.6089627576406937,-1.3353283690816098,-0.4264435488531007,0.010216624543611968,-1.7149453955542917,0.8061022517778256,0.9605011527828176,-0.33710535004437625,0.2980032586965999,0.7314754300134922,1.3831820432415805,-0.26037428723902534,1.5393234543026524,-1.7365325293052087,0.3524578797096657,0.38347058728983663,-0.5111370012462251,-2.521159148088078,-1.5025718016788787,1.4342930083636296,-3.085475434414606,-0.8543978357584004,0.8378135776006909,0.11403415353991542,0.8468882507293886,-0.8924433502943758,-0.21633134714965724,1.038959017843603,-3.230194207395685,0.9535576502772175,0.9311820024649684,-1.1046868234433873,0.2748973387752368,1.4332140430321558,-0.08791347520488846,-1.2343596962269623,1.6976869473083513,-1.0269984742844889,1.050083395328083,-1.0937076990689905,-1.7003634639984015,-1.273154078942625,-0.25916914241701916,-0.09454988933564637,-2.039081507255686,1.180670122250324,2.845330711960174,-1.5068074563537244,-2.150183587897563,-0.6950368287618924,-0.5627308829764124,1.2381412003917274,-0.03557218070465415,0.46389517846523787,1.0349797264868166,0.7671386139979055,-0.7952299561635379,0.012737769251090492,0.027365592422626248,-0.45394316060446394,0.15264587895065362,-1.5551253627083774,1.4443646747281749,0.650686535262143,0.4114653403811367,-1.826389343189073,0.7154590128387381,-0.4652800429658728,1.7945287113681532,2.3089775539062427,-1.1517855308076754,-0.015553470340199937,0.4886100568112576,-1.007250514111986,-1.019778204873188,-0.0937620826983131,-3.452533116352392,-1.040472719821225,-2.086675133745259,-0.7759143092055202,-2.841075099288905,1.5566346060408423,-0.1497729506832285,2.0968521122951165,-1.0881397028058322,1.2163834566094862,2.336576281391632,-0.7355488602794876,-1.1280148623982396,-2.1073805849749183,-0.28368244104940243,0.5739559167276416,-1.9545244684153082,0.44077291492105586,-0.054197549128868885,0.8671072832949177,0.3788207514188384,-0.992354886983474,-0.14560899189307486,1.048882084989931,0.8321450768297396,0.2561860399678694,0.8410515918264817,3.406428413300822,-1.5282221798982702,-0.9204904131437035,-1.645695850157397,-0.9590263441089543,1.3701308143104898,0.15893857218398644,1.7764062477363456,0.8299574720598196,-0.3580293651970543,0.5829725518516642,-1.6113421031561233,0.34262864900502915,-0.045614547075363394,-0.3202607877880682,-1.9386183201371827,0.6118224755789803,-0.024162944942781817,0.6944332682659011,-1.6738445580634698,0.17686160243480667,0.8752010821357741,-2.463910231593048,0.3427870880811037,2.031533498530591,1.3738784029523072,-0.640012482226763,0.22020855794208005,-0.8578883719168041,-0.5363427276929394,0.4347793216654603,1.8555347438442666,1.5327097279268147,1.3794282218191682,0.832624755908665,0.8839642704346988,-1.6495774265158718,-0.0692779424582517,0.17088508986110199,-2.1983592829093395,1.4639060014327363,-2.3034781983589903,-3.663247794397706,0.025942132489778502,1.144073439508082,-1.1207412021213747,1.3309161111414083,0.5075662852370113,-2.6659745910834785,1.9130067149450534,-0.20412732557475527,0.6377746466283737,-0.4678795319469329,0.4679620587969819,2.8060492499904233,0.03353253094704066,-1.8284926805988426,-1.7073308541299719,-0.06964484039614804,-0.029150428242503468,-0.40655959112310325,-2.071826431948404,-0.18761129993618786,0.920339089313314,1.4641620571731606,0.13119188118831399,0.24223546844658295,3.1740838771464923,0.32264276357900534,-1.7403768648914424,1.341331775857521,-0.42308037705057827,-1.3911879955175892,-0.4267825017773448,0.9796001172405986,-1.5002383231327432,-2.4811246954868222,-1.208271258647609,0.4506613752521033,-3.6621301836497584,0.7944479140221821,-0.48884835209650773,-2.574078617160559,2.369833590803075,0.22902539463312752,1.8676844207461842,0.8403464193872058,-0.13788122633879732,1.8043383504462125,1.4931369469546518,2.3890648997822286,-0.7838980321971795,-2.538686752561688,-0.6526397589082842,-1.764154089922246,-0.9568618068814039,-1.3397894538666977,-0.4823157036496687,0.17289247087775034,1.0026011201304588,-0.6967776138331274,2.393160784869963,-0.019289841146754305,-1.2749395796601524,-0.3013762752449611,-1.6336626979883695,1.1338251608561785,2.176100985748939,-1.2281292962502137,0.15534628250501958,-1.5586650083572664,-0.20824129414223014,1.7698876220288726,-0.6813208012672103,-0.1784324035325276,-1.3045067419887268,0.8003344582102097,-0.1441474782550327,-1.2617947470165325,-1.5061268791666582,-0.8239667736066283,-0.40737117634500064,-0.17213257837535006,-1.046120319527642,1.3874279068680704,-0.581753576485518,-0.6757035977651994,-2.047791178032024,-0.23236926746599684,-0.5672732214915209,-0.45133280380867047,1.5847558601881488,-3.512656106182705,-0.1653770004125354,1.393171479279482,1.760992381902919,0.7421023375162328,1.3112456622828943,2.3408592676472915,0.06655578822728259,0.6313029655333345,-1.1764052319083143,0.009083082151348922,-1.7912987626993673,3.3517999495774595,2.2278731466546433,-1.605722526329937,1.3191545569429315,-0.3772071625908979,0.0972073444164771,-1.9857305161131737,-1.1861865456782061,-1.0504617583208429,-2.244939531947687,-2.6588570038639343,-1.738961973982684,2.2530447942524825,-0.6016354242518124,1.1503449051293348,-1.0856570437168718,0.5087180539242159,1.5029856593330038,2.6545411047078655,2.1394386794682907,0.8522198356560862,-1.9208785928609644,-0.7762338801875431,0.39802627080026576,-0.8152977216887766,1.0144165859670418,-0.3883201175562927,-0.07526398221309805,2.921612204674984,1.4139163606212994,-0.576684887276446,1.6347776198854505,-0.11267080076820424,-0.3549593623714987,-0.7619878785407465,-0.7207725568349288,-0.5527032898313748,0.02129093581773367,1.597378465399364,1.6907108152329282,1.5974278619525344,-1.273201784046981,-1.340842369743172,0.0757782215424575,-0.4721649317343689,-2.767890864353599,0.15082191609354717,1.5634160822805618,-0.9652009330788478,2.2784548198151047,0.2712468061634606,0.22142191392014457,-0.2342758272060672,1.9819632949316643,1.750028384405174,-0.4695523162471175,1.3460540440738438,-1.1358445360323453,-1.3259019189437056,1.6205004880858311,3.1731776697097698,1.2867996715191272,3.0437978897015667,-2.1269916393815853,0.9035041198641124,-0.8166576480405668,0.7859091004772134,-1.8450300781316413,-0.018224225390178095,1.0649448536465471,-0.9027283529613112,3.21100938292374,0.8774454790172317,-0.5737788113393641,-0.8813581220592591,-1.0906029862351487,1.651713730754898,1.1362642006803956,1.0575590952220222,-0.7398848450526414,1.9214037328024682,0.7354081399683771,1.793996292928658,-1.3395736198793082,-0.41045852988230247,-2.989385962268836,2.0132563353565387,-0.2512625407833954,2.285451191650406,-0.2357626299168071,-0.4658898145395398,0.5803986380934413,0.9014508367651651,0.578052545104758,0.7606820584223137,1.1526886465068937,3.0853912657230276,0.07823007380788966,2.4598129740530292,-2.2215901889519616,1.3021452607701651,1.342257735134958,0.6686914635313784,1.4499174652161484,-0.2632066941653171,-0.7125455279533807,0.9999196258656609,-0.057165879642023285,0.34539705815307575,-1.718509785245865,-2.564223281533056,0.1173547335780613,-0.5543059682602056,-1.650020025786708,-0.9392840796228685,-4.116214511962989,-2.142990894845041,-3.20905342148118,2.963747745741724,-1.8018560943060578,2.9109574283458937,0.7949441632840868,-0.03013723149169506,-2.2176130962145,-1.4648342991867163,0.24984881162545225,0.6924041070279695,-0.3430549294896888,-0.008190589300188511,1.9451317124712486,-0.5475711339568426,-0.8290377647780838,-0.8049715602688536,-0.20627092397136138,2.659938393017397,-0.5782428428308566,0.5580766292646047,0.23643169077671256,0.6907076635325885,-0.7533184513355978,-0.4026547961365817,-1.2828246929440197,0.6502028489084323,-0.9230234091306365,2.0272651178007566,-0.8987083084409588,-2.5637960245299563,1.9808809481820775,-1.862012599526279,-0.7267460492424671,-1.9866911074641975,0.4684261088858028,-1.9586059961192441,-0.39667712949900036,1.2137346303209882,-1.1151766752202592,0.42698884230543577,0.36344476534187486,-1.9876450825968004,-0.35861740819501847,2.279782005076037,2.63468063176016,1.492821292696048,1.0310320555261834,2.09467295373381,0.4729539101085338,0.4821465683016181,-0.6488688852938737,-0.870544913720415,-0.8568923962287841,0.1960367999179728,1.2355071475093378,-4.436585172251193,0.2809327446837704,-2.3814554577237232,-0.22904589504875242,-2.306202432163643,-0.6781060063722363,1.412643086259221,-0.2965958310361759,0.838698568422952,0.8874987535979231,0.3654522407101729,0.3526557397442113,-0.5850916699542248,1.0130497588320084,0.03578041539258031,2.671247440800734,1.0895061366287042,1.7447660518817232,0.1390414220927227,-2.1706546928771213,0.36699185065297946,-0.7689440084897573,-0.30617441018913544,1.6329487590444,-1.4785894902875585,-0.57040477975222,-1.774769073387016,-1.3704354139206645,0.8485970585934491,5.1875961863099445,0.5407569778491427,0.3756208451589351,-0.5726466087508031,-0.028496124531550676,-0.7786454925423006,-0.8303817161040788,-0.07235973368178261,-2.113449806920257,-0.0904651491623657,0.7749098035618526,-2.5860487290213676,-0.49803814638113214,-3.106681028388521,1.9230665684584993,-0.2431225579021232,-1.3277723850969052,0.8776083556322696,2.0939178284762754,0.68772610418114,-1.440314031095519,1.422909103688122,-0.8644097390259798,-1.780368916069271,-0.5410772860107333,1.1373083811161089,-2.040487363129048,-0.5348562162656136,2.6199217008372924,0.4677989400822453,-0.5196803021544945,-1.9529430966388897,-2.520238258631596,-2.19696153574634,0.8590942547189462,-1.469647584781863,1.1635144501621761,0.9229285565111947,-1.329589586526835,0.8695665993072225,-0.8775750733111918,0.31159728718872914,2.767436401368594,1.59312236300992,1.260012531219175,0.8550386846964793,-1.0186515152590845,-0.8968867401271022,2.9434777615127263,-0.44330543973863534,0.7263214558656068,-1.1025381918223498,4.0105248675136345,-0.6769317186633108,0.27399277454895604,-0.9429138325924054,1.237916066284317,-1.478202438116785,-3.3930193277362233,1.4127574017372775,2.2064578568164013,-1.2213134126459217,-0.8637119240149393,-0.237872936940567,-1.363846524604261,-0.6054182546189628,-0.8845583632478218,0.87968015554756,2.235810867858683,1.2253335893838686,-0.4610651851057088,-1.3270675567548746,0.992183323480013,-0.22251205131529206,-0.7676809278211918,0.24680890090420454,-1.04959593124462,-0.36657760038278664,-1.922631414492612,-0.2755283173143491,-1.184903396725085,2.2421689344903344,-1.4089301100047158,-2.812361500652606,-0.08525890750121268,0.315602860549799,0.703586783659058,-0.864019178253054,-0.2796508092955782,-1.4897489711534369,-3.515911213954811,-1.1146030725280203,-1.6290374179497078,0.6413503385102277,2.219321461188616,2.5785668547600844,0.08811312777726876,0.9449927708064543,-1.3924316826712966,-1.4492183065486886,0.041618825760229405,-1.1113250467057105,0.18414635376532046,2.479643561442036,-0.8046549463353367,-0.9015763191156743,-0.625103512897318,-0.5947867721573796,0.337691502608132,-0.633404320295977,-1.7496086842033516,1.1705780680236428,0.09108408254759481,-0.02654369044323085,-0.8918542999129553,-0.017159862250888447,0.41821189106536333,-0.46506797142191547,0.4659381943433366,1.1688904164286698,1.3505398188548479,-3.347029452599211,1.9410194702667702,-2.252621571915562,-1.3189502978892285,-1.6509214027752848,1.2986241846579514,2.297006391367833,2.4852031210788255,3.132725455118794,-0.8664322413289425,-0.21533374769628516,2.5867413171662914,-0.21614272186335037,0.6821533493353177,-1.476812298820525,0.187852143655979,1.3353291984504296,-2.7126317515434373,-0.5291034557796337,-2.3971983631184743,0.857732255565828,-2.463803331304964,-2.673899182937867,-1.5868578152444837,-0.5405698965624638,2.8672105347452286,-2.6038756879350977,1.182290450396494,-0.0945706502636861,-2.896608027675154,-0.20460002484162687,1.4109961879655368,-1.8209701379560186,0.41663342835731837,-0.49598872273307615,0.4256506375867892,-0.9496313958179765,-0.9697484541364212,-1.6517407985032282,1.3703717506019095,0.1066474622151092,0.17360465097211059,-0.3030205861552389,-3.1129819668113186,-0.6355383441963686,0.337025785686374,-0.2442908159480046,1.816668227089187,1.0932458582611289,-0.6384503111855714,1.0067455999080852,0.07746107692573206,-1.2669848725192154,-0.32442517400857207,-0.9257970140168559,0.10716746906212155,-0.9596426258437205,-2.6079763468402914,-0.1791644829829317,0.07211849701163081,0.8252648045504263,-1.0456268898402705,0.5564200601775368,-0.8227395049383285,0.5751469148309241,1.3104381361229713,-2.555492583454538,1.9367695344986362,1.8362083045765596,-0.2776451481948934,-0.5662431358946043,-1.4453068899777808,-0.983422015294441,0.8537072542992553,-0.3163051156590595,-2.5602301258622964,-0.5737445965565162,-1.9706798162053478,1.5584903160678696,-1.5447218992453173,-1.6342837680383782,-0.23724851622495016,1.4835692901787367,3.4284372632766926,-0.7565105984640363,0.07374884539721543,-3.8839787012502542,-0.4139985265279441,0.1135650887112924,1.5147508721573084,-0.6798307068922812,0.4909284506326539,1.450912892173168,-0.06195408790349602,0.4795521580102783,-0.6900152349129111,-1.2577944029607093,2.0840696582543883,-1.180300634893721,0.6161436267102931,0.5069674367102145,3.351236647245585,0.7262934352016932,-0.44800023101501596,-0.31500589913176524,0.17861582651313795,1.791226791570919,0.9685294750763181,1.1226600401854305,-1.0580589085829877,-1.536435945815937,-2.0939883907534345,0.5287075011988961,-1.0259544551062154,2.5508331460460894,-0.9428975566404914,-0.11909754057583466,1.3346555362407875,-1.2834637367037247,1.7980369930679134,3.6647466069969807,-0.8232260570726349,-2.453136568006629,1.8998368627254365,-2.9818383801713497,-1.3654885076883931,0.3590846051036647,-1.0190357661751648,0.49509916624668837,-0.6247816358541782,0.8621546250021792,0.806109805097066,-1.9863803863205765,-2.574615853896215,0.39171953518450553,-0.25301205835608576,-1.5581211327133675,1.0104872830087794,2.480439407297367,1.1942033826325074,-0.3450912199760307,0.988904777989071,-0.3166931450227707,-1.3868544593456584,0.5251961919328872,-1.0353497745904223,3.3342268166097995,-0.69575081781945,1.2136244782738368,3.139427073315096,0.2560949755163938,-1.147382673904411,0.5686825241153081,2.90887827426741,-2.146282056163528,-1.076548551172153,2.5017388136512224,0.0735459014863622,1.6322840494988033,1.573373885731603,0.4614511984300389,2.8415228820249214,0.6497271516698748,-0.19360018177041088,1.719259747634799,0.5553287350444284,1.9201394244539889,-1.3813471493713465,0.21159229831457788,1.6122517902238946,0.653927519852796,-2.1925048920571726,-0.03709789156210341,0.753051486935734,2.684933744505814,-0.6518635136644406,-0.24518443888496327,2.182388431198679,0.015563095667581905,1.6526950468450454,1.2783099477972892;0.12013465148652652,-1.1844882040340572,-2.297981261353039,0.6929048702632414,-1.7899415390855804,0.3225734725989326,0.23379284127553351,1.0086734363408443,0.8914622585653115,2.585665299612906,0.03448419513218044,-1.301039481664916,-0.13193415354729043,2.225248747507714,0.607952540286298,2.173429133805478;-0.8503779129965916,4.232608410539613,0.6397842973030956,-0.3664989382351954,0.6234901690489031,0.8145603950382846,1.3758771860424273,2.5537335883980656,0.06348256643351713,0.14059940474991006,0.45474979533194304,1.966611185118094,-0.5804564186925049,0.6888675494557432,-0.959511940483353,-2.3369641924849582,-2.3724112429478423,1.705272964351882,-1.2165324239003887,-1.1115746547815202,0.9170070604358889,0.5157650306673086,1.2618772352000303,1.5410514000443825,1.2297730620623435,1.656396409846868,0.2102676860140581,0.8354342732661639,-1.6811394594181905,0.799462597641231,0.07425436023710529,-1.6041322195480017,0.019445928531711676,0.48009182889695484,-0.9067158538778844,0.5503332639090878,1.0855434095396606,0.8606742709226094,0.4806226899379644,-2.0542507107470245,2.010224781849946,0.8053220527172862,-1.259887531473614,-0.05499482216237195,0.8562559806268061,1.2289071733778345,-0.5660713510622053,-1.3681084986702658,-0.27378879114952087,-2.0896310769036095,3.7147632707511455,-1.2286645624795072,-0.630288700954952,-0.8092269489638487,-0.9900419797368718,1.518558699377707,0.026832937711556093,0.21330461540842302,-0.49831509246333155,1.1976621923221176,-1.7382771358715363,-1.4437268940523516,0.7837156546582252,-1.291641562996231,-2.550796668833174,-1.4095084936921982,1.0092224082074848,3.2955830958985493,0.6302544612593031,1.6491129732385432,-0.1190963115918886,1.6868544318440297,1.1613207212193113,-1.0609738695877777,1.3191948206079618,-0.3772123516801912,-0.33457352478531965,-1.9442622763216715,-1.0420765550844235,-1.272945479432769,-0.4883739290142963,1.0572685430308275,2.3353404448042796,-0.4661385570122718,0.3674416510666841,-1.0392830617964854,-0.17895092893672526,0.7487371043863482,0.5269709785554517,-0.6411835368295823,-0.3828360438804004,1.6275624169903296,-1.054448367500994,0.021721262785053375,-2.0471605636742605,1.6603462183059996,1.2830015847056342,1.8117059728443545,-0.9221446043572686,2.0854714946340884,-1.9802830626638803,-0.6136220482042819,-0.24504843025365697,1.0829587057750854,0.08684571392987153,0.7068789406398361,0.699050706010307,0.49745831598391155,2.5157188956256116,0.651746765268309,-0.43375986903929875,-1.899350658806232,-1.508099448822926,0.06165046690091042,-0.26072690490315736,1.5903225776189749,-0.6789627249188201,0.5856362298104201,1.3876508177754008,1.2086627474923737,0.22827493893904702,1.4917604188993938,0.9400620623401303,-1.037694805892111,0.6641323335608965,1.7735523470330654,0.1415348699759469,0.4913750746277766,1.3858468767268515,1.2251004161243544,1.699062626551125,-1.4447301582772072,-2.3304062421469616,1.2124479511804744,-1.0329484815965486,-0.1949448700671782,-0.9379969131959776,1.6105966095006827,1.4280716159919427,-1.604654654252544,-0.38314990072132393,-1.5793957241346777,-0.6464352719688299,-2.9253453320276126,-2.076137960573273,-1.2088386993366484,2.4855979676762363,-0.06124958095644903,0.3192450286191339,0.11574286892138042,-0.220117298977746,0.6674644294952773,-0.5921914827044661,0.9006926858921953,-0.4964544017290066,1.8434110254343108,-2.157779214498159,0.16772696701687273,1.6161920180349512,-0.34182819994472136;1.290427468102518,-0.7319078251713668,1.2541138848688707,0.08274511532385107,-2.4449393106238886,0.7852706050343792,-2.98706795198716,0.7109252313956911,0.5045749331682564,0.001464285778289387"
5,1.6334711253092602,"-1.5408374071622686,-1.114519551634254,-0.12639885721384642,-0.1364665044902944,-1.484486108460302,0.6860566996277443,-2.4224753501440786,-3.3850829682130836,1.6617736503941964,-1.0980864374384147,-1.7958048949915684,1.2561309215190952,0.3483415471755934,-0.3808269156815085,0.33634830891501616,0.25687617010781827,0.22987104013723691,1.8516107093337384,0.49752276016393415,2.071491157596454,-1.6535202372442035,3.0079066439232234,-1.9883507237473799,0.21617104271875193,-0.6475464816422796,-1.6817854704073514,-0.19451998220719446,-0.4747933244327743,1.7584235861424202,-3.0962493233401047,-0.6211164070894861,-3.509517639530521,-2.992198047305131,-1.775661328287268,0.4328231918774813,0.8956787930865665,0.19543638001994645,-1.4090667577968685,-0.8370603761472284,1.5515711348125474,-2.2736819774380903,-2.778731696964087,0.06484449497339007,0.10469424606848343,-0.7860823577001663,-0.696293990656888,2.7146456875039715,0.5658482706843592,1.8643376277339254,4.154703333609991,0.47096187725385574,-1.7205949029923295,0.20101721824484378,-0.7108511496811049,0.7382354129016435,1.7736822780077972,-1.1945816189303002,3.379814188250489,2.8474731540721883,1.3839065242352009,1.8208994486788246,1.8728360044674293,-0.017314900662065383,-3.0686267515838237,1.5319329525438934,1.4621435079796223,-1.4632248954209683,0.31322565545637937,-2.1779444356900513,-0.4294566114125493,-1.6097641393067845,-0.874668225813503,1.8088507761707948,-2.842550254817307,-0.9423484577558638,-0.21111239608566007,-0.3636588636742515,1.0431274787655342,-0.8255054021610821,0.03316968912036633,1.501967710480264,-1.1582833454520725,2.6667707956071562,2.99141129450565,0.07350775489291927,-1.1815271745746119,1.3765843689897053,-0.14764037424495768,1.5694088980067633,-0.052060274431373496,1.9347802201156739,-1.7211715547394708,-0.2879621531713233,-1.303440348312041,-0.34456484781120295,1.0040733593397018,-1.6296830593797587,-0.2557344266020433,-0.8788012092780351,-0.16048482076582493,0.09757370932114315,-1.582693108595533,0.30632412321730107,3.982611883603097,2.699240396598905,1.5552947085341917,-0.19193852975021833,-1.2350236686157041,0.8803291965301774,-2.800517938374905,-0.892783983242336,1.3064236703899692,-2.019926627114354,0.48255124464103694,1.9767191226539969,-0.18307469211248856,0.11127218683707119,-2.2415272403839293,-0.582043839521313,-0.10857749488757716,1.3423192047770331,1.3847497373377866,0.15876076618693402,2.306759780488087,0.8281859433041995,-0.14010214685912492,1.3681513712336808,0.42833288995807894,0.45702531833187804,-0.9844186593711557,-3.3771423067909097,0.716037985289643,2.0294020754531945,0.013907807260175598,-0.3651643692219638,0.8003992018692512,-0.5244297337122374,1.3701526075231647,1.8064247852038555,-3.6572093799439336,-1.4337550588836399,1.8645529122240254,2.0209924536658717,0.6675285738724792,-0.1979024811704898,0.9165922293134519,0.0028846938688994374,2.2253818900998374,-0.9450810875331591,-1.20564542847873,0.3324753243726994,-0.4347458211742583,-2.3304274524903046,-2.820826707074187,0.5654054175806755,-0.8336762529099475,-0.5983552445392154,-1.1051971659267494,0.42725528788607714,-1.2571361338565996,-0.5243710933690927,-1.6925241749854751,-0.8349161838175251,-0.545524023903789,3.0324929483887666,0.3354769773141938,3.009285454747032,-0.8125342818014635,-0.08637086195309857,-0.8232982144413926,-0.2968869308243355,-0.08949099585744241,-2.2067414262900655,-0.11171519291148116,0.039805529347897384,1.3387073844374475,-1.4150628363604232,-0.5728994305802675,-0.6600482327865047,2.2166890231675493,-0.7287293717551178,0.71858603921169,0.6099573730918764,0.5231746842520884,-1.4082143115446082,-2.676593265435523,-2.5687170152104506,-1.3931369080405196,2.714212409593887,2.5780347650556,1.414106299650921,-0.2414441814392168,0.05235890997523651,-0.5456718512204991,-0.4563100844805827,-4.311139536507327,1.2090929819876781,-1.0010700825682124,0.3970814147791662,-0.5079632071940029,-0.31366373480815946,-0.6014592133085817,3.5812360979518103,2.8438441874328513,-0.7362991875536025,-1.2592874598757404,0.40951847485238546,-0.9528744434453708,-0.4725726175142593,1.9809549768853174,-0.5813770256592414,0.9867721922569455,0.8255744906645301,-0.4959253089537269,-1.3077822113560225,0.9220330020226464,-0.30248005751079066,0.5179608507278322,1.106017667492186,1.1360208300658285,-1.1633957979831786,0.23276495892913818,-1.6747878783695258,-2.20440742567418,0.9586245977647082,-1.5254231020163833,1.4027635502993396,-0.2853466209059936,-1.5382329501232055,-2.4243600968523666,-1.729243620675222,-0.18091759474399338,-2.597545883184339,-1.331089817717177,1.433387442738907,0.2349606505371859,-1.269681864615027,0.714889127751416,1.1845595190675848,-1.922527629586369,0.4660310447463045,-0.3555738991315941,0.1623562693698858,-1.0483807411979138,-1.368843927433163,-1.1815247114934402,1.7483677103196422,-1.1291288198479683,-1.6532524263831136,-0.16936108833768723,2.3816473968312306,-1.1715892676151585,0.18938514335943057,-1.2657037106414075,1.6472169506539662,-0.8942416210646572,0.5687913806354431,-0.13354828113683623,2.513983992623641,2.875190538158814,0.7271328300952986,0.2600985906514105,-1.11561345140878,-1.0523088476942501,2.543522679805548,1.8644870899285089,-0.9180365015938945,-0.7211507887624283,-1.7875881527157342,-0.0013837765735024155,-0.7686519436615582,-1.0814227510045864,3.451842217085092,-2.130953485144382,-2.208276628122811,-1.3374750649130545,1.9829919335666326,-1.04239674977397,-0.43421178506214564,-0.9369836747893667,-1.9769582245055146,-0.6720643235760495,-1.6961236567939129,-2.0241160485380543,-1.1007497150536576,-0.49095393308901936,-3.616211097940596,1.6727733096029118,-0.38921986513938805,-1.5762894414363657,-2.239884077869469,1.0104934931775804,-1.1063410191397873,-1.828100169305677,-0.9444227194412199,1.5145554689304856,0.818258743239779,2.2627738976829517,0.4324200110218638,2.090037922497665,-0.756785416624953,0.032028308510940046,0.11106681389183681,-0.17268835846748168,-1.8118016913115986,1.8236921512038748,-1.522718918504675,-1.2614061426567897,0.22900143384578908,-0.41585144946115943,1.0638924089415651,0.9456584184708534,-0.321119590041001,-0.6009361555242059,-0.7240000308981547,1.3675190880749195,0.8755635039831111,-0.28593515577934614,-0.487557824820787,1.4719821292845086,-2.336055163880131,-0.770145373702897,0.36884181651976244,-0.06688059644430094,-0.3942277029494692,-2.3801974145052394,0.027133529175866894,-0.6068123551553688,-1.8718162617281218,-0.6406606419533426,-1.464963131011001,0.979489549788908,-1.03927100055844,-1.0562322945957092,1.4312025043009244,0.46836409483400526,1.3428344903433402,0.36006012558726097,2.7849076041967913,-0.6142752946494693,1.2342920649354723,-0.5410212364567176,-0.1936675785495201,0.03748383957695833,-2.3433456327493887,0.7031828948424383,1.5139446362396711,-0.8170993502915763,-1.6514667265239886,2.596912009357585,-0.994883427931075,-0.5568457985999055,-0.45966603917357074,-2.68921442403407,0.2810584556199278,0.8328932837374002,-1.4580295781472228,3.531920911304013,-0.3442308725300218,-0.27684192905139365,0.40571272882640397,0.05657230139281624,-0.49322184227564425,-0.21413442677690636,-4.1220699480182015,0.812337128464577,3.185575779893275,-0.9443018250221092,1.2343684128818295,-0.11858383368811465,-1.174438767505737,-0.8718166464199425,1.401274348805944,0.4793579982315699,-3.3974869661559284,0.8819656546102617,-2.8456833035907536,-0.4035030902695337,0.21396696920186503,-1.366259256461473,0.20115140168616533,-1.6175486754887465,-1.6511894213835099,-0.15836452563506354,1.294609897509062,0.2945711900379907,-1.3243709107685133,1.7273780119679962,-1.3128552344096467,-1.488466494409348,0.47053639745136655,1.5055946332878796,0.5408687178023537,1.3383607260836219,-2.4737310491608775,0.11327601642390173,1.0551286574880028,-0.694010125429857,1.0982605990184446,1.619921178410801,1.5600433507352036,-0.8733688836538336,-2.257070501284893,-1.4851038235057687,-0.4605207796761395,-0.6063419127734772,-2.1949052274395644,0.42056558631387486,1.198186724448472,-0.5840435510875762,0.3999912724746771,1.1434539466135125,1.0481592343680768,-0.7394756374901323,0.6774849942133709,-1.8707806144931782,0.09042277805003958,0.8149133443110003,-0.797786924889827,-2.825449757684407,-2.287570937111969,1.5294819120608938,-3.3765792746084284,-0.4327043523318923,0.6982982950134402,-0.5762155125073042,0.8870386873800343,-0.06301217056529174,-0.5969706484888813,1.2522422823244304,-2.5657475442415967,1.3400130164909785,1.3295618221883685,-1.844540428932412,0.2668987353773905,1.203700673545373,0.7074998343275019,-1.2790564655336407,1.5053328267117887,-0.8395519114364501,2.0599507961293644,-1.4181351291505615,-1.5312729165253525,-1.7872027432082553,-0.13293109152649968,-0.08813161922707288,-1.6832975015087663,1.8380381434333852,2.7834384073526004,-1.5371788216124416,-1.1576060160247037,-1.2657733843013719,-1.2985308518816125,1.4763608167767541,-0.46078097872486384,1.0824281613137483,1.189161311275491,1.2212934299255387,-0.24736460879853384,0.10676700285341639,-0.762921573095311,-0.21622518346491726,-1.2982096204492801,-1.9527272156624893,0.9172365122139667,-0.32717824729627487,0.5067168135421265,-1.7270446480606083,-0.5586799926271129,0.2487937539554187,1.7313857247751296,2.509884424972076,-0.6232580548765179,0.23532504662856812,0.7046662356002494,-0.115463676441658,-1.9564126209471786,-0.3223345310562318,-2.6457883336519936,-1.7349305489608229,-0.9532613730849964,-1.369274999914518,-3.145303506162649,1.2701568044303368,0.21753744673739345,2.939226807914668,-0.21496906166401822,0.3155892700086025,3.5868399218828886,-0.5177284507587001,-0.94411667611994,-1.1995474350339945,-0.22247911771142748,0.11256975123293589,-1.3173178305224011,0.1429186092739804,0.2978463181246537,0.690956244153117,0.48034300319420675,-1.667773132013531,0.7079326597995178,1.820910603789309,0.06820602919101881,-1.5162952477687717,0.6697466721668017,3.717328188070859,-1.4698290777571423,-0.7241365645070884,-1.7685870023281587,-0.6435367188343681,1.0187760962710986,0.08530668135443609,1.0008163740916394,1.5373116155687656,0.17916546735730693,0.08308115410523856,-0.7130015871611908,-0.5499888904239556,0.35537342778979586,-0.5087006694607377,-1.7924725937647032,0.6660159242772932,-0.35865636151403446,0.5070904060984981,-1.7869206622221003,0.899039625445051,0.3829621103220321,-1.9337869116280566,-0.37953467727029633,1.933394308144307,0.47251712435909593,-1.2573582060872428,0.6986543496510271,-1.025863964963063,-1.3454326361260676,0.047208636015319994,1.8176430023354946,2.282162153997108,0.7088487640653485,0.7950330145519028,-0.2936047005065344,-1.7086369192438962,-0.41250251788134334,-0.3993051965336033,-2.201482086431512,0.5967822510492933,-1.8896839698619254,-3.3479570109041354,0.27890519227323063,1.67608050445335,-1.8370442069675676,2.476410472204256,0.2717111958670452,-2.7024374633465578,2.3638234998519634,-0.4109625780536319,1.0220760319667044,-0.22070543782908336,1.1040040466205494,2.0951345818102793,0.6417495185259929,-1.9760381158913847,-2.568604107463952,0.10167637988182149,0.10829416569827643,-0.3690731810563159,-2.4848618641281077,-0.04412547251170984,1.7099086097093505,0.6374805853203722,0.10093855043484948,-0.5568156564966198,2.764702921036664,0.9283188465611443,-2.032449716876144,1.7408037256551616,-0.7483079176229819,-1.091108721604726,-0.4260500158714077,0.952367861177273,-1.3339906403663804,-2.9642319727042983,-0.9550429383771593,-0.2690747526887176,-3.7775865199672416,0.4376839323889581,-0.27333387945647025,-1.654678497078622,0.8228554524917895,-0.3923234428148246,0.2781376651355255,0.23296940344831243,-0.21742074671419268,1.8731176227249815,2.1333924861283933,2.493898801911483,-1.3870528857741387,-2.1833745990098743,-0.2787296335786915,-1.0296586160348937,-0.6153456220541398,-1.9007552026542387,-1.3753777666685836,-0.6661736307136927,0.17239763239343642,-0.2489302477268367,1.309703013157559,-0.7180528036316138,-1.3929462130676349,0.49918647763891577,-0.5705087517433671,1.9993524136485425,2.3717274053111628,-1.5649859573540121,-1.0856731518010572,-1.092213868633253,-0.7033178578023216,2.04158593842174,-0.532345447400385,0.4921262813585356,-1.6300952131051898,0.6784527246273272,0.17942834393797508,-0.9456989527609752,-2.5085244193658367,-2.468614883871128,0.006869935602537236,-0.1068159346424268,-1.4327370532675476,0.9972019961135605,-1.490098888769484,0.4036845037696958,-2.683452746205455,0.15124063194680015,-0.9645987350708363,0.21676558929990858,-0.3531928752006459,-2.776699930586986,-0.9739121807302353,0.40589597083604845,2.174034576472646,-0.15921422683039255,2.244617292992137,2.6096300434366064,0.7185148411964686,0.051076476010411376,-1.862283764625856,0.8168950532186907,-2.4649014668153306,3.9270769464575817,1.5583178879056065,-0.7457036907550952,0.33764046397107117,-1.278107040723632,0.208528188326845,-0.7248135070762524,-1.2592203126002313,-0.1112394459794232,-3.1505117675362992,-2.5089427192447262,-0.7915265433769829,2.807256643800404,-1.1791817393361719,0.8757418171783494,-1.3890858313044285,-0.26019555613402934,2.14029727885124,2.8500375598941208,1.7339456783798413,0.38965546184694644,-1.5129548516061693,-0.6220533227455758,0.22033266293215276,-1.7420726097638628,1.0696988159913,-0.4163309292459053,-1.7080221448837387,3.282248246592837,0.75397262019073,-1.4634248981528475,1.563052434319383,0.4561174411685303,-0.5482552739612339,0.19899275216041892,-0.48618871302515043,-0.34543534884557076,0.7245351927735557,1.1697880167640426,1.9440932829805362,0.8743262484053127,-0.8655051102299592,-0.7223927776908398,0.3439575388116992,0.19841765138762513,-3.4381014728245094,0.5318499174447959,0.9277828704327967,-0.7872406065180406,1.5075005850568512,-1.0104235648539361,0.14262595873801856,0.08902107458451897,1.8736789322055547,1.0905563287533275,-0.4572748647083101,1.454603432177518,-1.806153886125224,-0.6677186384134427,1.9649484416339988,2.587322123568919,1.4993055175101648,2.79847491063095,-3.2302264170589625,0.7864275456355032,0.043290576107130996,1.781541074846235,-1.8457282520307938,-1.0948424605128635,1.1436937958924454,-0.5947268274787756,1.4244372632404376,0.8583771425233332,-0.8542771231264559,0.25858682962137847,-1.40746667195853,0.62302709843873,0.4486207046943479,1.2316731926333961,-1.255924781570111,1.0480178083003664,-0.3365762980163146,0.9090262294381607,-1.420004622619364,0.3240534879240762,-2.488629193850793,1.1117282453026134,-0.6241065887182272,2.075317544345999,-1.0376063601090468,0.5501997488422707,-0.06965948324215293,0.9236235644159319,1.460466621706645,0.8797790617474914,0.8117982489516933,2.3032318030224497,0.9308128687280535,2.5746962442665855,-0.9128280790086347,1.1153969165074178,0.5882129458460741,0.02818515171556013,0.9153496845290214,-1.3206715727290779,-0.5609477123115979,-0.9250972978636884,0.40584188665912324,0.0628581008329081,-2.1125898364382523,-2.5505667594367214,-0.3001484379886031,-0.9144351112715531,-2.5333341027248695,-0.8960966636978434,-3.1486580094279044,-2.1500281953596283,-3.2954744855382794,2.873127657465502,-1.5632810432579836,2.3453466110249486,1.4187742305799271,-0.15180080649091682,-1.869011763345566,-2.584400923659906,-0.4288194262474245,0.052771719689778784,-0.202663877278669,0.7624668148136724,1.336589594367442,0.4619973842158939,-0.07341850170144937,-0.4510180571571824,-0.8418292296501619,2.516684835890078,-0.020275699119342627,0.24154215057736542,0.582970237989038,-0.15051338932110503,-1.1976113583650028,-0.569549332003982,-1.2118955178711646,0.7877537037117858,-0.5338800971137099,2.1836695481510286,-0.32666080271461184,-3.077625990010994,1.7553274386864461,-1.9222037420616604,0.040307308015148036,-1.2986180775536909,-1.1161407348900534,-1.6167557712503686,0.24390971178088716,1.767704288246068,-2.289064873527094,0.13103153521742533,0.7197862497854078,-1.6357378473452646,-0.4515595543336894,3.1062711471473685,1.602112191551389,1.1308781416759472,1.3862506652322095,1.2398814289232667,0.3655734140865445,0.8732492919636536,-0.6672521389656896,-0.6846293740018292,-1.072503810788647,-0.9211699713469561,1.6759240787009784,-5.6836899486406285,0.5938625447270258,-1.8214461884167692,0.5507256234253839,-2.4216748857415467,-0.38933842496979054,0.9346100301417979,-1.4802166678722783,0.738993295247709,-0.007264461792558963,0.6918563073247626,0.05231224987744515,-0.7779045463784258,1.2791887008720497,-0.6467230077460093,2.576600498598965,1.6945280230833244,1.083749742515045,0.033318285140559,-1.776499103948042,0.20108217414945545,-0.329620598854561,-1.3029336740169124,1.92516316297671,-1.1444853987802541,0.22290814369411185,-2.0863744388196928,-2.268692408312142,0.11928267131875436,4.7092784941659716,0.3476261710868938,0.537748204349169,-0.6311629797706375,0.38151932232620184,-1.1253241463469152,-0.3821734822422684,-0.12995383369476465,-1.2813471995427002,0.7897410560024234,0.3107425055537366,-2.4697279380241928,-1.0885754711475428,-2.856975149341168,3.063717109260761,-0.4027982817126997,-1.7273945448244783,-0.23556195897899374,1.5615404316563313,0.052802996684911785,-1.1478389488039107,2.3056471670100014,-1.2073275154051801,-2.068810160134096,-1.1422763134777392,1.4632840057767245,-1.6264353582821067,-1.0037537075990466,2.8028075041852283,0.20919833646810004,0.3372606567029364,-1.980128912799682,-1.9043542391006696,-2.2003879192311224,1.5283178129095085,-0.9786961732989843,0.24486437910400516,1.0215308941515315,0.2200252239066237,0.5571376757604178,-0.5993072826776312,1.1498232246356954,2.543843565033613,1.7432702803156286,1.3441277055945948,2.017334202525468,-1.0614236932764474,0.22059591947258422,2.6723484040727,-0.036798111822712275,0.41646904419534475,-1.1752444297676141,3.850984294100031,-0.16433348671842074,-0.15675648008249865,-0.4644663350778362,1.324314922112888,-1.8816014938846923,-3.800401806539652,0.5346810078047528,1.770191866885777,-1.08983122125833,-0.4818409253603761,-0.02314348867231608,-1.375885992117703,-0.7764772128432411,-1.138650875657957,0.6315724797452238,0.47901705840871855,1.6210527758472129,0.015694440795563647,-0.8120141314703093,0.24800867615686398,-0.5500923525575233,-0.33561870332885013,0.16484040799440003,-1.4285898328522069,-1.4343091208751144,-2.3937161884808207,0.22924371096953156,-2.0376791182807006,2.9829193315816385,-1.4187767233644522,-3.6395827594672565,-0.6630151633104089,1.0181230449112657,0.6302087509024776,0.22733118066684982,0.055827073722092,-1.8888065465706134,-3.3400531577100447,-1.409602291012657,-1.3002552123378297,-0.03294338318670911,2.619246963777769,1.2215350400491927,-0.15689148526415725,0.7853992483961457,-0.9292151012767064,-0.07792414182746032,-0.7687203773345441,-0.6946152781462417,-0.2375908746767041,2.3253799462221156,-1.0710687711261586,-1.013230299903795,0.030141449292992895,0.2366399560778512,0.30837311800629885,0.3065074115688782,-1.541860761029526,0.5458738833823507,0.09604844545282076,-0.8078545139879685,-0.4263927052336881,-0.41306786723037564,0.7400577156502273,-0.6589193121521748,0.4783042899340283,1.506792648535765,0.8490169606406028,-3.203092924128543,2.086628597897376,-2.356518885513088,-0.9902227736963665,-1.6113977205803847,1.1276990447831867,1.7811238936131175,2.4463273375061627,2.913818899368162,0.4456582059087912,0.22104117069996315,2.472124492196906,-0.2557415284063441,1.6698711183269455,-2.128155818438003,0.07742398507599169,0.3500500864566518,-1.9746461418559613,-0.710139260688502,-1.8068014367806366,0.9113026653116665,-2.160769294267723,-3.0750436946760877,-0.2773302810985143,-0.13481169240911145,3.130203748531218,-1.8714852206309673,1.5180413491333509,0.09383585405290057,-2.6781276016820965,-0.020906796623063155,1.8945326648654186,-1.6208804711127134,0.2333456087941313,-0.004596557827216852,-0.7403852594786517,0.11063774990767306,-0.5265598856533968,-1.063122538908126,0.41161309424071424,-0.12569163464132238,-0.20310373175917018,-0.5758516719695614,-1.3675028543355117,-0.06332737973001001,1.0191369449035639,-0.3655748252813659,1.3984140525187714,1.0721026880021332,-0.986529142647304,0.8029864718411148,-0.20903065108691501,-2.566661091275565,0.009392129022855494,-0.47469904606068547,0.8108969410592138,-0.798422014752673,-3.058153999515912,0.04431535685062388,-0.12447465186327066,0.8173498274697407,-1.1275225799283195,0.36099703014020273,-1.557903280595778,1.1141960303281364,1.1586459757119685,-3.1627917473108726,1.9534171332820232,2.6369861713978464,-0.06577309967352973,-1.2441269458120434,-0.3277548504912432,-1.6081471074555793,0.555189400555434,0.057162672963222874,-1.474947009239468,0.5387072930858849,-1.1017905477577226,2.1277144700095207,-0.9814295532387582,-2.784802909712444,0.379639719186047,1.5880530899270133,2.534619167804467,-1.5983304981485855,-0.009801579704590202,-3.0960368265625506,0.11999749904458756,0.21058836736780548,0.9657134224439778,-0.27416106800963785,-0.09021676403042411,0.1650652564487446,-0.5429194855481273,0.2328869874454331,-0.938343402891112,-0.4506156708598317,1.5253434558300283,-1.4336924616419973,0.8290898325309929,0.06240856276105093,2.688867310895349,1.3691298412179456,-1.3281981611220353,-1.4338177294093917,-0.6311937387093602,2.3398464582744243,0.8642774046264445,1.1802112757215504,-0.9083292925105453,-1.8988232654716153,-1.3914941445430022,0.3202438165167946,-2.344948757142747,1.2077831071274332,-0.5537432983427489,0.235569942589331,0.8256512954693479,-1.1460492407168197,0.8492738831548978,3.420837660499759,-2.0509335024964086,-2.388819892382722,2.3474486501261485,-3.4196927102535235,-1.7073565563513415,0.4046000522301059,-0.528063627275463,-0.6582048800031177,-0.8642038540549863,1.8833261739369176,1.0385574192751954,-1.7023584052321474,-2.8063373251668646,-0.2532383945888957,-0.759460821773948,-0.6151570551742038,2.117736266796496,1.2102834002680842,1.3268576712751958,-0.3830919188325519,1.8872012325023175,-0.7182825882760611,-2.1287200702261955,0.967837022027002,0.2667609953577591,4.24966501558558,-1.2260083881008839,0.7126366306141465,3.0375658060581854,-0.6141059961676711,-1.614133228603623,-0.16959269168567845,1.2915547538708994,-1.6786720843842151,-0.9741519042918707,1.6384418803565581,0.5066081751577853,1.8019079390331485,2.061074571241773,0.851704300454886,2.9680850728810246,0.38104923141317576,-0.5047691449283992,0.7211792157569669,-0.019889634268636353,2.17353093002332,-1.4760291109279453,0.44499550217086314,2.8111854286315876,-0.7169507228137777,-1.6695902043560813,0.941177566667779,0.8507588723477457,2.6374859536520088,-1.2479288686100727,0.25614954623677577,1.874898303001782,-0.2716495667171689,2.1384215729901976,2.5707118981200714;0.3400946743541647,-1.2595217557991283,-2.6658456167981903,-0.7734887417783493,-0.9362198824009642,0.3885126282473047,0.5080566015863199,1.6680975624339984,0.7329324869237601,1.1396577791817322,-0.6831668785007298,0.4209223416664168,-0.018562316148260538,3.0504874223340415,0.3163389611477431,2.208993389104216;-1.189912634718189,3.8923657533340568,1.0100456994840128,-0.1306748958936529,-0.5600380235507805,-0.2370006076733593,1.4855537344371403,2.7220353108999076,-0.23820557432414574,-0.2947257000771113,0.01940863613874666,1.1170839935355632,-0.3159083990584007,0.24017353143592957,0.06593205307490356,-1.4713918082528676,-2.242334720264001,1.7391716934867214,-0.5249473657102516,-0.1444018857749414,1.4167913133718923,0.27179329966977656,1.0934968862991532,0.6944107171660634,1.0269595098455828,1.0045733040612508,0.5095941046287258,0.41246501286240933,-1.3412369714648602,1.4412442582205278,-0.36210368135012955,-1.5500078563383688,0.20774653116195607,0.6400724455550654,-0.13425110885795877,-0.03655365701436125,1.1776896586250054,0.29430874587735545,0.5649900919662799,-1.9914722390449804,1.13967780083987,1.386907514709659,-0.6922314883663805,0.3967912022985273,0.6706570688430876,1.9550394677148923,-0.008258172394566499,-0.8676377482818749,0.2912241968392654,-1.2817017845440741,2.785494917016328,-1.4818625675870538,-0.5820985869655129,-0.3678172396726944,-0.10132406664415172,2.132716486723478,0.5204765273978185,0.5189253061452432,-0.35854968029499956,0.7096639365743382,-1.5832596981096037,1.164539686146639,0.11975377168951852,-1.0861552979800548,-3.1627019228788673,-1.4646047585584778,1.5137388642488447,2.3541061876020195,0.9639191244968311,0.427290114987425,-1.3014301823952485,1.555778976142068,1.7408941893582588,0.03662908977604584,1.3422174363720714,-0.2684095739019061,-0.24901007196595928,-1.4982659167814847,-1.4782582497631875,-0.248282665920516,-0.300637647587611,1.1396067469007607,1.383139186831749,-1.515401482971494,-0.15314941396145323,-0.3758906074636157,-0.42378444342271754,0.37599331551136517,0.30188308915897855,-0.23153228299700093,-0.14592045701806822,2.1288815936436736,-1.6639416571841532,0.9981514545394345,-1.6716751010228572,2.2743573627506124,-0.04236191185425059,0.62975500803478,-1.5117492281293137,1.708742859278402,-1.2442208693808023,-0.043302189637971444,0.08641833872033589,0.7123691772844116,-0.07581097972296985,0.8363208388505528,1.0749105185666563,-0.34303957332174945,1.810597101756274,0.40608326418855845,0.1554505687716768,-1.7249655516569538,-1.8396552058786968,-0.38577199230831194,-0.38255975711034673,1.6942622132419536,-0.596515595504073,1.6833322277735983,1.0600408450485899,0.4826331184220879,-0.10393785303544023,1.9764850099959081,2.01502566810542,-1.426100182586864,0.39166660115548846,0.500770804498207,-0.24538500424220122,0.20587204490972955,2.0641903807126507,0.9686772135122621,1.6936730214418343,-1.5134032234471675,-2.4022039846213263,1.1638872133714693,-2.198727076391819,-0.24180945848647123,0.21827337124337562,1.2379888686293,1.1809287489978169,-1.4806101015171065,-0.09107077896279303,-1.508791571592441,0.8742473901308443,-1.7841267053715328,-1.8786336790414726,-0.7095367441714486,2.797672454355674,0.3831911571668438,0.6300016560636127,-0.40594591068601266,-0.23529558809572787,0.16064468261913886,0.25787127508673474,1.013822501335161,0.628296153997895,0.5250343033066394,-2.5792773921239327,-0.013579631355697175,1.2947298093258848,0.4510920350625265;0.4703152401957005,0.09597007156926733,0.6369740806357813,0.16053117245243345,-2.137186465231442,0.08386396450669009,-2.248162396814729,0.9726688881667327,0.3173333596071319,0.9250646345741623"
6,1.5142938655529035,"-0.9779795068753182,-0.9955703338319054,-0.10232532055737287,-0.6345400374347324,-0.8203950274588605,0.8020662665983306,-2.640358826920196,-2.954885350167693,1.83497300459747,-1.181028146229903,-1.7035899704908724,1.304553227827436,0.7401390071581602,-0.5577657502085163,0.9250045797993417,0.38288637940260645,0.7575556706439894,1.1429200348344697,0.06567906497601933,1.4867626211898404,-1.3790636591874954,3.409333302235145,-1.2949953888246943,0.12442124867690131,-0.6337572349663146,-1.6947231281136477,-0.230504212525536,-0.43727355796625944,0.18128518985460307,-1.9718416925322484,0.4285814887147755,-3.70764687318372,-3.179025788602674,-1.1366411138649255,0.8392746811270415,-0.3998970114349849,-0.03626650208096667,-1.1677795008401588,0.13908267686326978,1.4538683390054299,-1.7307468857833945,-2.966113983489736,-1.0710246415128113,-0.10476952977744453,-1.2054075298960556,0.07694577674825781,2.5998369798948553,-0.25782806433752375,2.1128574138961493,3.1260247134352626,0.4295286260672585,-1.104106550496153,0.07813359930469221,0.10456747001792824,-0.4926491127160716,2.416974861896355,-1.430970070215478,3.529866838226586,2.3886624736321216,1.037713773454758,1.3963814209832572,2.1083991412720082,-0.12066826613359072,-2.364288642656521,1.8196192344118463,0.9161809317223476,-0.21448794020432116,-0.3835690398024719,-2.2069156586596455,-0.6670576163625717,-0.6998980479819216,-0.7226662952461878,3.1300473558331188,-2.9300411629902308,-0.8660125081037601,-0.9831604732821085,0.11332987786956444,0.321926530192562,0.1449632123146971,-1.2139757266899378,2.552418414848448,-1.607589562162785,3.2168896468471093,2.6109799379737977,-0.14316525314313155,-0.5184238364000032,1.084324912633472,-0.17973998370837596,1.6555352619588939,0.3678916654381547,2.662556134910461,-1.5947992064588095,0.24781766043101866,-0.9029477480036604,0.236343154880058,0.6199045249721319,-2.105636992000088,-0.3600694071366233,-0.46165317852050713,-0.09376861586791466,-0.07346812114743931,-0.583952678575585,0.83819463169048,4.131027534464842,1.6124390098393024,1.7010567637845395,-0.11235380674598355,-1.9724686837202208,0.27981793858238474,-2.7869444291161614,-0.36866811316548287,1.1569075142078886,-1.9734251982897604,0.31453799718788034,1.642026720992162,-0.1419746738868744,-0.15507904817026924,-2.3489623367727757,-0.9354616661384629,0.13006395415841407,1.0827151058133038,1.1716533879032334,0.703667173454916,2.577122799422093,1.5544569355265887,-1.0343974925640393,1.3151746827039257,0.9844982245817644,0.4567457630373622,-2.004647117917193,-3.300919562898306,-0.3139853549290641,1.0536684010733541,-0.166201303522109,-0.683853012619967,0.2969619002844269,-0.02039351471714887,2.1505234679030893,0.7206538284488041,-3.2752318961460047,-1.5357632335509437,1.3117515885731375,1.52409047316895,-0.5178133663988733,-0.4388460406513103,1.1884721055805203,0.24687755840171072,1.1858235393509564,-0.19837078961349763,-1.942696439984358,0.7242398614042478,-0.40887955110825724,-3.524334795330064,-2.0337774765040795,-0.7227698132719189,-0.9691593672531921,0.028436333768113498,-0.5876378464061645,1.435512240200098,-1.494159680733377,-0.06580007709212526,-1.1272926399705505,-0.8031027516853263,0.21854924399469025,3.5823891259277545,-0.4892640152964197,2.464103866919255,-1.333593400678912,0.059353696464617474,-0.17415203120175488,-1.4002075025039298,-0.19546465888083436,-1.954390819119975,-0.3520654065326806,0.5031091938750499,1.042876275312839,-1.4593558675294487,-0.48493121883231316,-0.3116062807527113,2.8662581067521584,-0.4873502527046858,0.7179662764767939,1.177434669237374,0.6434051891119399,-1.5263864827614473,-3.1653428279414197,-1.5659609811229942,-1.4200091001535693,2.327292270509192,1.4783138774318232,1.3819167700896715,-0.8138747354427458,0.5886975168040409,-0.5064595307407673,-0.3596509478443587,-4.116739611573253,1.1963548983542938,0.2064150478575314,0.6056681278696368,-0.5063101942751469,-0.9815305789260306,-1.2301833965211755,3.718036456120748,2.440805923787165,-1.0661198523965458,-1.0451682219612015,1.2671879611701224,-0.6090795347979333,0.10921657825140574,1.5683092264761636,-0.8336590121465242,-0.34102729961927336,0.2920625089275768,0.30819113590957525,-1.6832834761925197,0.621531570068052,0.19452014008008944,1.4127996286158941,1.6036227339753064,1.1409831159500194,-1.3325141968473349,0.8305619452230517,-1.0829239891043367,-2.4935857314613923,-0.4987093262843586,-1.9169601812452008,0.6389363562072644,-2.1491909358891643,-1.9330466729293294,-1.8375134440538552,-1.7158060550704077,0.2397859656849786,-2.530829032875746,-1.81889464751207,1.2171929910173738,1.2634098388530504,-1.4202152180067587,0.9107985721114448,2.3061593646412333,-2.6731034305022616,0.6880223992033637,-0.20395585625058155,0.393854482395146,-0.3774190855119593,-0.6583117255935067,-1.64630784098088,0.943780567805221,-0.6240061472979145,-1.7652230142122642,-0.5520911687326904,2.045840573013991,-1.2993107680934206,-0.12238178950248607,-0.9962850830819233,1.3300631919371335,-0.7985115472500961,1.1888968364323098,-0.5890433617113591,1.964800696518339,2.596550561293119,1.088896968495452,0.1988526017511607,-0.3095291695695858,-0.8998856710676575,1.266049878206828,2.1428520375889613,-1.3016660837372298,-1.4935872393965253,-0.6845543041602675,-0.574652913412633,-0.932307752150228,-1.4279047370278346,2.6064712284681866,-3.7139269977912632,-1.7934343655863296,-1.6833556310915392,2.292329524447472,-1.2338684304471266,-0.9610026055977747,-1.6839201816073062,-2.756239841661102,-0.12795711157187878,-2.0643279860721053,-1.6752899595205926,-1.254072334863062,-0.572110916982358,-3.428409862664186,1.8601499948706826,-0.18761377137369611,-1.080433992706345,-1.8664966228945443,1.230145473017287,-1.4130817911508753,-2.0747133402382145,-1.1743759425900402,1.468132070534494,2.057051484268795,2.1792632154327087,-0.36208128529090566,2.048849843121036,0.9600160297105893,0.5325451191672363,0.6810153234109406,0.17926007737167124,-1.6645174654946806,2.178703041076668,-1.1354109328976985,-1.0393346628747535,0.5345600476390969,-0.12753457631090964,0.6860528182544736,1.7616205265154072,-0.6192133156731091,-0.25970354108646715,-1.200905474797421,0.8483709111634543,0.7259584838857552,-1.0043432448581426,0.0009385927646093917,2.089253955406555,-2.7476839636935386,-1.3138787339302254,-0.32393259392209917,0.7681051082035313,-1.5608551949602754,-2.588132176902271,0.3091917728206404,-0.7719949254136422,-1.138205955921251,-0.09316773510861431,-0.5931815417964452,2.0240225031105292,-1.14766636821836,0.8685214015052733,1.4813944014367342,0.03462488504090239,1.6787074610120125,0.5215674174358899,2.609212266129317,-0.21813434655776168,2.118807011845883,-0.3769314949660149,0.9626544233613576,0.21805092579775276,-3.0065344328407155,0.9096254409565255,1.1166277686557273,-0.04413521764729811,-1.4145038494591167,2.569442273755411,-0.6639680006881552,-0.4462084853557216,-1.0527174672012563,-2.285519553108839,0.6019365711996585,1.2195552319065137,-1.90379217202174,3.0157965416485433,-1.2442711242948197,-0.047589825234292865,0.9487624457510961,-0.03956077507257754,-0.11178243095647838,0.3536100382759347,-4.013747433576566,0.1453776358408695,3.6882611890855213,-0.906492999354112,0.3049447284861775,0.4450367354340621,-1.4842426797158847,-0.7078206721659556,0.6385041413692883,0.9160768465845632,-3.3984212078411478,0.32189340662425114,-2.188800087277694,-0.6441691276809405,0.17016464807920734,-0.30192717239227107,-0.12615064996465952,-2.574554956083334,-2.08605103200215,-0.4767513324426295,1.1488191044494287,0.4864423392662757,-0.842965837551663,1.7516163966554357,-2.7135349215681828,-2.815869637222896,0.3439990959225546,1.4686647978138612,0.08190307164007668,0.10420537849179079,-2.959538434606826,1.5548291127670069,0.4334880914981737,-0.28865260401224374,-0.12815435407660764,0.5040901165592062,2.0180437065883523,-0.8842343670141558,-1.962956924206354,-1.5234413951078705,-0.629692838837197,0.4796472838083141,-2.0279702145376945,0.8397166220473022,0.9542146084355113,-1.6202776648606745,-0.10442652215186601,0.8851416852045165,2.459899449508269,-1.1401599432374006,1.0033182193802948,-2.3792895700001417,0.15222498437771437,1.142404016412509,0.05808946806237507,-2.6237264113598706,-1.4028771562183147,1.7840642297076934,-2.5539089271708084,-0.24609347321036495,0.717212408622733,0.04881449980542085,0.6919692172146361,-1.1758441623467544,0.07343597133419827,0.3168253101653744,-2.983107880826586,1.312074598171955,-0.2821712294136286,-1.2648332432327563,0.4773706229861369,1.7051212043775172,0.36658392140538804,-1.1367872018739578,0.6958101393063147,-1.0779793240254147,0.7261646791298941,-2.2954651307404914,-0.9191702800600907,-0.4791464897906933,0.12250107352261162,0.39275119672489156,-1.1010085614526535,1.5798807155708277,2.7631395650371493,-1.5179728576838862,-0.7176876587928961,-1.7634607579051642,-1.5848069222871177,1.079724310426681,-0.3027575607562612,0.9389006957927143,1.048191496413449,0.8600989459156961,-1.18323240296109,0.19009802605956722,-0.08326790097008277,-0.06739863224802717,0.05158624260381428,-0.6761809141227728,1.3796303023949592,0.7777849052418752,0.7737238994804327,-1.7767584520325022,0.42250400728283877,0.07825046537904082,0.5754584330316598,3.547169226082673,-0.7998509779092738,0.26571194267291803,0.47410225448621984,-0.6028857734947042,-1.3911562169598115,0.5160807836636054,-2.645124284979736,-1.4764343188979154,-0.6295304166232581,-0.241122710304428,-2.6907587513103284,0.8875701357608783,0.2617861091597643,3.055605261684886,-0.6405773073087713,0.46973915551923273,2.210567456233203,-0.9911350595639502,-0.7193913855701145,-1.1613777497553721,-0.028551483945510325,0.6783393760262978,-1.311883484002191,-1.1558513111599793,-0.23770633686386514,1.244672521505953,1.4209747120821676,-1.204402331149581,0.4323647336207269,0.392272780394501,0.560380625980938,-0.6211099309716137,0.6889932716919629,3.2757350107147896,-1.910466212872993,-0.8624677237833995,-1.8982334493490862,-1.4754870603441028,0.933346844854555,1.2990588437862187,2.4066775210101996,1.187090236240972,0.2587090246711847,0.22479533419124414,-1.7487435451079627,0.09542660326914998,0.4276924374603751,-0.6507160353771145,-2.124890038774111,1.2995283443179737,0.658068688727574,0.56624729931567,-2.2403720313310154,0.03872052649826979,1.0124884563302148,-2.923792149935497,-0.16059382948906795,1.3233184584259607,0.35641409618495556,-1.6520717921985357,0.8926789809764524,-1.768549655011908,0.8643378012764145,0.25598569955579054,0.7310058836754989,1.2543100342674305,0.5450135384245819,1.7642543271186606,0.2217328158894854,-1.6673949021773231,0.7539954772696487,-0.969886459260877,-1.5192384926012077,0.9363106753862898,-1.8011626538378764,-3.5363409897821607,-0.40584454220024424,1.4070377623560593,-1.6155231331426287,1.307116173074212,-0.42044444816354215,-2.457647196106754,1.6920464163629152,0.35725376502796874,1.203276557982384,-0.8636238565219363,0.5369769247122682,1.7876972907942705,0.6341498521030574,-1.3028048104034453,-2.6612120831686585,-0.42778111673065317,1.137183402762361,0.9553349221662275,-1.5849818972061174,-1.111320201589729,1.4440877932463705,1.1737143234864615,-0.6210559624176225,0.6564787695963434,3.1363714232074313,-0.24068943268288073,-2.168841763769459,1.7491289846417388,0.3425210359130826,-1.0009003440144228,-0.7650512159641627,0.8789678546808914,-1.5901384304056894,-3.2198349436368034,-0.4991866159178303,0.3141003498621556,-3.9433840361678762,0.04713697930520558,-0.8456150215833562,-1.7417664111794267,1.514384408749668,-0.04316697604934755,1.0398520126832425,0.41539617122761746,0.15474526421881302,1.8859488033221656,1.3555386266494462,2.484079536836387,-1.0117079554222572,-2.240757705759537,-1.1849921748125931,-1.3009750613454507,-0.7317603846211747,-1.6985009325399525,-1.2106149334765295,0.21295780309387774,0.5931236345684412,0.06266670131507945,1.0116406366368285,0.23078021825995504,-1.4622322189283645,-0.42213180272507655,-0.7911996712386098,2.2254329713559686,1.8608476961974478,-1.1510982283919307,-0.8430702348023364,-1.7808308509476478,-0.7291631387964278,1.9665199696708777,-0.30357301112005897,0.45710984791163,-1.316648179682558,1.8743998079621176,-0.015736498580488242,-1.1190658096642934,-1.8922438866251283,-2.418677605490919,-0.7990736670210794,-0.5753006082247833,-1.1494751609707494,2.4549262562463166,-1.148816904816039,0.18382461279840734,-2.443977118501419,-0.20854953743211146,-0.4353684560104639,0.152799557783729,1.512186058948919,-2.2617736148967236,-0.0014504314158900744,1.2518604437160465,1.5331515349496523,-0.08537458785055785,0.9712370144930912,3.3086531003108965,1.1296264651315122,0.3041371316504923,-1.1612624864742347,-0.13026834560955192,-1.8738290820556287,3.6340893801683998,1.350251027701964,-1.9002840722774337,1.6419612603748504,-1.118974065013846,0.17560157025998147,-1.028387045206875,-1.2657106260142217,0.2503221474986555,-2.2806902996027505,-1.6599587288796425,-0.7995754285351173,2.7861895262240672,-1.1636994767781248,0.6946032938902239,-0.3382351821774261,-0.4820220795468625,1.0870984794673846,3.0640886163893652,1.9817721108517168,0.42355179827197315,-1.5793865004118308,-1.0106021670655205,0.5060995777397407,-0.7402271175795744,0.5355532754246308,0.4960345378579657,-1.6475757250705538,2.9816422446605535,1.0647518827901794,-1.6232450552763114,1.682146930548494,1.310080810260784,-0.6945667434224502,0.26628336045505835,-1.2904882035585894,0.7419108180910148,0.5582257089284788,0.9803614311455385,1.7492501495012027,0.3230650778714627,-0.8397371171394955,-1.1406590246204145,-0.6109744111384572,0.7150799370952554,-3.2225507436891947,0.34465016378941116,1.4960150973550503,-1.2285225966672153,1.0133670476799614,-0.0880134828278833,0.0992467357135785,0.1305779594742193,2.7596385740234526,1.5537729114156766,-0.3512216890329964,1.0106937823013884,-1.049418386589804,-0.20364100785720674,1.8798227976252009,2.60394182270354,1.6300162921220345,1.5064181514924924,-2.5964589568507286,0.6198550716721206,-0.39516983739290046,1.3399775858639025,-2.42613260251572,0.07378784012375517,0.7528106349622381,-0.36156273270037526,2.5380139274918405,0.6379045055453292,-1.048025720141705,-0.23860371430135563,-0.23767568614795995,-0.4612116634470692,0.8646357658934327,0.5631873291354585,-0.7886404496321726,1.7736789466940341,-0.7742125788962003,1.1206228542142433,-2.003196315602495,-0.48084311234291177,-2.813122813846317,1.9804229252390242,-0.556612320662684,1.638475031211881,0.2544588891892074,0.696514305280172,0.0423392148309395,1.1433637381412056,0.9923449816954151,0.6477849132950291,0.18364312750495296,2.7109206822805607,0.49543507345220245,3.2254423134796344,-1.163762064482351,1.7774378386565512,1.2383684622228612,0.5478720666631056,1.5415932812726445,-0.40170449868158487,-0.9698116412906685,-0.30409942075436497,0.5002538199026831,-0.2230045423658238,-1.4084106173129172,-2.1515037351474073,-0.25148174551114144,0.5972772216156229,-1.8011894969295854,-0.8959169570312568,-3.813649119575319,-1.7486835797330595,-2.6491430374920286,1.1508910744319336,-2.695470184816397,1.8812620154162565,0.869312096262274,0.06868124721476743,-1.9564722319887329,-2.2173791749185576,-1.1146275212434928,0.8585855349825255,-0.7171193594822726,0.3626825904574567,1.6041069134296524,-0.9864195059313339,-0.0715526194636501,-0.36991312953981476,-0.5192407759251315,2.0159044781148374,-0.6831301146808122,-0.2891237392389049,-0.19952099212942986,0.35302574872554465,-0.9426042661027929,0.3843508059800203,-1.2614054672686406,0.7561827910793764,-0.09749666132668522,0.7694801965139224,-1.1110557890252508,-2.6047046423756606,1.6446275809864774,-1.655230214508771,-0.3180878969611472,-1.5806597120639077,-0.06402350730155917,-2.340875306804362,-0.9080280479801942,1.8654569475386262,-0.6175107493677986,0.377094075430208,0.14413293457903514,-1.3386860125695341,0.7271834916767419,2.269070724597424,3.382779397684425,0.7098580634128457,0.19088374140617165,1.2191814202639888,0.4170221044728155,-0.16092970820507357,-1.4305664832758427,-1.018440169753244,-1.6814208850853574,-0.6862487874776908,1.2048796451481885,-4.1198165340096065,0.47278603048058715,-1.4038258749259795,0.21613797149062763,-2.2732302298670364,-0.37595947272829167,2.2015245504115692,-1.435623392843472,0.49314900254373417,-0.39507633312146934,1.0543230274464894,-0.21304012568826722,0.0301362187898071,1.4103049939289767,0.3805219096082476,2.4605607345389333,1.5313270528389178,1.8970731263420086,0.21623178804859344,-0.9931052051547582,0.19675538428935757,-0.9055155426803729,-0.7936223022635543,1.9216217913927263,-0.4053110350423733,-0.21708085785575515,-1.7962825899997183,-1.852397865209223,0.11485988532103131,4.743960183125934,1.1719057936616308,0.26509276091007383,-0.03246904950737206,-0.9446013830170454,-0.689121625140225,0.01286320334653035,-0.10244472710887534,-2.5369436784725994,0.9634679837840353,1.4466595190143139,-2.674799561584737,-0.9758532826340053,-2.1267813144491434,2.843771333286306,-0.4076196319985644,-1.1667353997172425,0.563525673895275,2.836703380779143,0.8140564779422794,-0.6272306324872557,1.4005508264155044,-1.227381540572459,-1.752387515046497,-0.746710612928402,0.9184536670319402,-1.9129986072645948,-0.9441177489828158,2.4776792499456497,-0.55792429609576,-0.4021641673869801,-0.7871898375653436,-1.7581691629097194,-2.407479672596731,0.6352774407197397,-0.5310977887171926,1.058136317304455,1.2134700341161262,-1.3429188508539203,1.6302516413456198,-0.6600154675418392,0.4934981494934368,2.5478286327056705,1.8026050449734967,1.330234585869254,2.143561601098488,-1.894279446575914,0.20001833734584762,3.787355997322715,0.1850771059456281,0.8570820500724484,-1.1260193304901214,4.152060126300906,-0.6403514657832935,0.19384998034630907,-1.374396831013924,0.23440100213399429,-1.3800840315850582,-3.2577341071775026,0.8811361960934061,1.8339078580263872,-1.3777292823953453,-0.20872926590167035,-1.1349559412594583,-1.3457064161660504,-1.3202639502380746,-1.4161766584225632,0.684750683138422,1.6718103113406688,0.9749820822500997,-0.19401989292126448,-1.3537271292251811,-0.7566523045992258,-0.8115861724043181,-0.17790853249130895,0.5928932695120046,-0.8767185033894829,-1.6691671400723922,-1.9899931291944986,0.12280425775767242,-1.5499730605910447,1.7532882537106762,-1.7681301325033387,-3.6240387810366577,-0.5300671898426463,0.46928829356447155,0.15344602506984628,0.7531007900297912,-0.6122819328773697,-0.8965975154917398,-3.6906070571536937,-1.4031122892557215,-1.4418003286379808,0.3354181273609094,1.11341576666348,2.4338572972214925,-1.2865331747737434,1.5991801235459915,-0.8939583212644561,-1.0442584251391653,0.31939919711897,-0.880352656252612,0.04409479295269972,2.2509011490183175,-0.7986995277225571,-0.9886753915991251,0.33764953022229094,0.46807354666787476,0.9257856903909962,-0.29037072322457064,-1.9099406508914374,1.354938397121729,0.1492045718874096,-1.224652838457696,-1.1351093430497232,0.527107773881931,0.6205672779816798,-1.1230168832318363,0.9891296457055809,0.6213638931398502,1.4586326915905559,-2.927477570089128,1.4569692668228402,-2.1606755912382787,-0.4397788628841489,-1.7183851754514166,0.8521102567085144,2.11705981518685,2.046809866000155,2.7345754707555052,0.02383845701226836,-0.49834925293784815,2.627967291432671,-0.8546785385465973,0.6164957351717809,-1.64378381424934,0.5467219722502888,-0.14245533964570875,-1.9130712117828255,-0.9306240046835984,-2.3718675699231917,0.868869559888513,-2.3103193828814304,-2.3635727765084615,-1.4837227104507724,-0.038325384359508746,3.1002084901412994,-2.1180916753248327,1.0721567678331672,0.0043452498779324895,-2.2730859164955937,0.014347647017900013,1.6622343296731907,-1.5671790743874716,-0.17507211904182834,-0.6896247508921404,-0.023153595566636792,-0.019908593626394078,-0.7000250986594712,-1.5969564670581067,0.8115262181221499,0.602446448006872,-0.09004203819448348,-0.9626473582229689,-1.877502794801551,-0.8932335097186408,0.07173637316358494,-0.1109866089493865,0.7334487507497146,0.9620380551785118,-0.7072293495108251,0.9737947458848123,-0.3964356534885258,-2.203480445441173,-0.7236243467143826,-1.1495830543172816,0.5669549157314715,-0.9083170350465375,-2.7410222798508177,3.730058408608905e-05,0.1955096922682411,0.6781491698307938,-0.6750786767427531,0.8232985355741934,-1.4870033855684646,0.7146142072966775,0.9665515316944033,-3.4741774294657057,2.6236936591361415,1.7017659586508098,-0.307576418657105,-0.8838418555962797,-1.2101389903397135,-0.7614047595000198,0.1516251940400047,-0.41546398259392076,-1.7928790716303324,0.6169556841887077,-1.098785257540729,1.9505594800865849,-1.2880645828346997,-2.7369781183209017,-0.7839649869051231,1.6985808234141848,3.1524182329040893,-0.6350637991427639,-1.025513784577725,-3.368963069283138,-0.5701917057676142,0.2536979054074063,1.024929218149111,-0.9988397307176036,0.8974549416578593,0.1516576152112704,-0.047071058728408666,0.15289255617913725,-0.608177017591871,-0.9160461559781383,2.1479697513488354,-1.1071556821854098,0.5819182013017399,-0.5391423233759078,3.0730232182615183,0.2989472737535043,-0.5714306449559989,-1.4754828428590847,-1.0109666180781045,2.2751667277310212,0.6913452176067604,1.4550089180072634,-1.1063234863356086,-1.6015021352602716,-1.6282599076351025,-0.05665658478864544,-1.8606610417866827,0.8823425131232061,0.679705286130871,-0.8200852660547564,2.4476104972889443,-0.7293776393276781,1.3370193875583203,3.5278222386616735,-1.073745876884151,-2.3436454545825,1.6651811745468492,-2.9035317831537464,-1.6456133232314045,-0.43491952879419127,-1.2354100102519465,-0.12040408297273927,-0.6366961077853835,1.8838101035074184,0.46398323124112884,-2.2534130191153343,-2.798476545669113,-0.11131467442627571,-0.24899077107241596,-1.2247444604573274,1.9915815811856494,2.936499319183817,1.675857469726389,0.4412973426390425,1.6458310030240866,-1.38523140589643,-0.810256175473844,0.06294160446197572,-0.9271088130523018,3.804990485106403,-0.4806466299110471,-0.047304978377309626,3.4020991320818355,0.5848623378553534,-1.1207670025109944,0.2853887683005638,1.8133614082473415,-2.600748990646191,-1.6362754519422793,2.857551984614391,0.7845158298889997,1.7427433285079617,2.4884469031496526,1.9735106866515717,2.461590317016407,0.9552735945313652,0.08997175724815012,0.8283062290397014,0.30770780785056084,1.9405315128135874,-1.394491091981899,0.47775216706073537,2.4201174037699196,0.09116966986676227,-0.7341731180834954,1.2306709787999823,0.8253927289907416,1.471382940552743,-1.75005507795529,0.4060660633252411,1.779718267643282,0.1997087133794259,2.2045605553455214,1.718678541896646;0.3820673004463538,-0.8073341416705782,-1.30482954670109,-0.08776404191997211,-1.1383611789499795,0.053485490632851546,0.2891625265999511,1.2901409392812486,1.0742532489219951,1.497951106294867,0.51638963701511,-0.14514631460600808,-0.6760208929172408,2.94732215547619,0.9526773705976076,4.193663792614247;-1.4253162696571011,3.6339694497341553,1.0525221985389985,0.3496331959149034,0.3999111942979408,0.05798273937402659,0.5490481238178063,2.787054345553657,0.03542493927464746,-0.32557255571142074,-1.1325657040628436,1.7373907346282111,-0.17218204477775817,0.4078403464027315,-0.056296239794661335,-2.202439263460421,-1.6253919503629244,1.132995051056837,-2.1337566045844207,-1.203017155108822,1.1733760036748657,0.5239281026020094,1.3826648672643362,1.1394161007176427,0.8596983498442106,1.1038640490142617,0.4890819587314498,1.0451668192663088,-1.870626786729356,1.2287254680858855,-0.3091858829612567,-2.105201083308476,0.29698811521929713,1.07265195699341,-0.291981802032547,0.7683435191418131,0.4671904785696078,0.49263499211989553,0.6992743275216462,-1.8303751291522048,1.8690710110343296,1.3588369121348327,-0.6795025697649286,0.8612305073757766,0.3693340768576482,1.819305210589695,-0.20257371956572767,-1.2262555060466331,0.4467453383778515,-1.100462218419202,2.9169664675799654,-0.3845141345282567,-0.48712730990586656,-0.6177866803467715,-0.939103668837266,2.309495102639041,0.38633105359549264,0.1492722499668059,-0.7362785084945144,1.1845416766098396,-2.672855504475353,0.434612012689679,1.041418584777144,-0.7772663054011397,-3.0681170136868827,-0.9588346710614503,0.9968212188353265,0.9432156615354794,0.5978461769779743,0.3489666178882401,0.3567983079891266,2.4189143709302106,0.9228339865570783,-0.09236425704311269,2.050062598572264,0.25171256951162757,-1.037573226144613,-1.4356131615282919,-1.8144274227046464,-0.9114243941090505,-0.2466752234635578,1.442095293650051,2.33277419589791,-1.3967729293338038,0.2766958442554489,-1.4338419842799297,0.011406814505483365,0.6433146242151307,-0.1363414338465339,-0.3747115665728259,0.20113647186239517,1.5195947500226654,-0.6273517595503282,0.5762505155069253,-1.7697405661745504,2.3276653090628114,0.24898660972882783,1.3296726531193774,-1.895472442298337,1.52696455320968,-3.1008275623411885,-0.26574759226014455,-0.48796783121345316,0.9288414080422648,0.37032847560121157,0.6600871689416384,0.5819270617063772,-0.01245945658537441,1.5839621974021556,0.7590867487650572,0.25515935777640203,-2.054335445723191,-0.6482122485704888,0.20961967381202798,-0.3701383980913594,2.0709003318995336,-0.7719248139196861,0.6667981843879395,1.4548927993497054,0.904387881688689,0.25480214976862725,1.588497321352109,1.4376542118538058,-0.46902158312974684,1.1129332114979564,0.5407470436648357,0.6638902814201527,1.289182092398578,1.227004329102867,0.20034003396463662,1.2200133473847983,-1.674912256369895,-3.0870573247780535,0.7220069075241727,-1.1146271291542882,-0.725050366041373,-0.04592828154112574,2.3706911001733832,2.033095114067002,-0.773407685637858,-0.2704775682205154,-1.295086284590457,-0.5383739731372563,-3.0264452582430663,-1.3958780714208385,-0.9898799487277257,2.3032719973610893,0.5342789691961563,0.6906202608825085,-0.6748332737047443,0.24224795144580624,-0.3189408001397033,-0.07157335420265992,0.5759273221570066,0.3740464085474333,1.3751694472772562,-2.3772790477374004,0.9849229837402884,1.6655136783492785,-0.09074352632891235;1.2838326448607513,-0.5100930383489501,0.18582689333637747,0.5291138958683894,-1.759384582591942,0.8769379308730372,-3.1836393114164396,1.8567643893408792,0.007914451266513634,1.7490425205282116"
7,1.4373805943433966,"-1.9041748753438101,-1.225610459239539,-0.5800542939349203,-0.5007634680989302,-1.0842420174261052,1.393885787115032,-2.051507479139333,-3.635782656878455,1.3588455681893636,-0.4292354554291392,-1.6027845398244738,0.02517271177580238,0.24968210013477388,-0.921504922934092,-0.0035759780674510244,0.7546247475300035,-0.19215667242237555,0.626072132077858,0.5382178653616231,1.5580386977342657,-0.922926762697482,3.43583794670896,-1.042723863296342,-0.5986045021157147,-0.5580253019197216,-1.966176128557432,0.3001974063350996,-0.1497439031041652,1.4997495194706354,-3.5747929491183874,-1.2278616215280649,-3.0620982001521044,-2.86905961596739,-1.4806632861521054,0.23044987836236697,0.08197639003969026,0.0898393939173422,-0.3555277896488894,0.07863398204870523,1.3956919327952653,-2.273223588629254,-2.316520090126635,-0.4047542448362633,-0.037371574100964755,-0.6593207832926218,-0.5721095814753565,1.8842436117042807,0.2548077998467475,2.317988988247783,3.4444513906971457,1.1570887136448627,-1.9052938838856415,0.383654689748469,0.4660414513727378,0.7407810282269396,2.73643160196715,-0.5411412788281346,2.821272993118205,2.054084830576445,1.402518236133749,1.1244596273861007,1.5843437017120687,0.16497421838822746,-3.621622504005885,2.073422900788654,1.8325949379865045,-1.1048801730627784,-0.8710048035476189,-1.8297071920947767,-1.1225068305849755,-0.24950514624292008,-1.3126371854720262,2.6114361916731315,-2.9824722506011927,-1.8411119709332704,0.17389697167662307,0.3213171511068813,1.2799196492286207,-0.8500735194632505,-0.656448905678752,2.1338689976850658,-1.0186366304243044,3.069376467765752,1.9516007764568886,0.13439473819934028,-1.1901297106068538,0.9284211124220751,0.01705409253310286,2.1112088501107213,0.08642268497238657,2.4508838604931684,-0.6761904040820468,-0.056222740796927906,-0.9832619450065943,0.41000021318542074,1.4205357609435527,-2.461482491117394,-0.3502925219576455,0.07464719266234938,0.5120516201702963,-0.47493809525411945,-1.3981990684435304,1.3816327675126412,4.078754089994884,2.4093169157282595,1.5426818405585432,-0.611660595519403,-1.653367002916302,1.1548941532053816,-3.1451016942420695,-1.001324389626918,1.318404214031121,-2.274752048731613,1.3773390790952524,2.284457539832888,0.02251579370776241,0.45025745761039876,-2.4952666662227707,0.03088514006184528,0.18441512474782618,0.7225262589465816,0.760485556093476,0.16761781093932243,2.8342316932646465,1.0955657732962303,-1.2972334343753285,1.6306451032838511,0.7328109006590322,0.8500974269667633,-1.731248754308923,-3.258552399682823,1.5616773488925033,1.131420965974556,-0.38137770853574154,-0.04756433537670918,1.3499137784171253,0.02346942588918996,2.03851132657619,1.3101220231895645,-2.2943607824876784,-1.079030709159768,1.9852422353095713,1.4731505666705558,0.5253969299963686,-0.1448734385238474,1.2927775437944415,-0.8633475287525193,1.08386318893918,-0.3336883290376027,-1.8020416915448725,1.4453303564748516,-0.9921574942266584,-2.945781954152929,-1.6355184576315878,-0.8679100771274599,-1.6685553447734662,-0.4516343055040972,-1.1295422027941875,0.380841385107764,-0.9645025453543297,-0.5363344653898795,-1.6348281500534896,-1.4005235772703704,-0.11433899844432782,2.9430699545107526,0.27623518555203885,2.410429733308626,-0.9025869631172221,0.5847405299249818,-1.0016027628530453,-1.919552958827482,-0.20967629503966456,-1.7760903708295857,0.005236901733032651,0.1832146428446622,0.6316500359773143,-0.6397179872894602,-1.148686756494645,-0.5163488537064093,2.2689043734949355,-0.8758334864801098,0.49629223768244557,0.6030906716690491,0.502323435335486,-1.0373370984730896,-3.246689460848257,-1.511217985184763,-1.0032603589058353,2.564742324416468,1.8555260891318275,1.1959184384692922,-0.509750741179363,1.0101946287295849,-0.6326444048979385,-0.7866569550505176,-3.80290044052482,0.7885314655641125,-0.6252190287075524,-0.4195049621322979,-0.6444125501424987,0.1949830834749714,-0.9126623222447563,4.11589939534022,2.8809741538825513,-0.5852224614338672,-0.9040989995319282,0.8211610719245848,-0.7051473362099903,-0.6579581581854691,2.3038522571758926,-0.6851170064800501,0.7775747908136309,-0.013090632627117071,-0.7253956798656986,-1.1696521749068234,1.0176598560553272,0.22586108803938432,-0.1248068132783951,1.1645055071041206,1.3970220442249206,-1.518463809011678,1.607707508357264,-1.1693755712513056,-2.4388225009364435,0.4792590131390263,-2.192041148366691,1.1183475037545256,-1.387992783033996,-1.2604900029103765,-2.05401455830288,-1.9497320855814801,0.6512726427161432,-3.2679014432768247,-2.452076159914938,0.9042752173927663,0.12005893945605123,-0.877572113354189,0.719358871873696,1.488025598387187,-2.6493116805625445,0.4312840395466587,0.21092360630780518,0.8808781235652855,-0.8794175711645332,-0.4307579101929214,-1.7609366127408888,1.181943068580592,-0.8778528723348114,-2.0902717296866964,0.03315982742230793,2.225829056574793,-1.0116584210895685,-0.8745593215033907,-1.0985640812626085,1.116812308249131,-0.1341819785180447,0.5971318356026271,-0.6204242499760152,2.9344922796574653,1.8338972319555131,0.4467946502163246,0.5705350313037041,-0.8973245092786362,-0.45567557274362563,0.7990762586930475,1.563409756507033,-0.7076185335837943,0.2717643392606617,-1.040421711616256,-0.7152360017916125,-1.2722752070717045,-1.3244261723534096,2.800816452906762,-2.946820918954919,-1.6991061446775044,-0.7863192740163847,1.0120696566172183,-1.3846997793847924,-1.5012195138163948,-0.13282784879861365,-1.6760933276614298,-0.7997876500267501,-2.2630492271183047,-2.525045456384025,-1.2963605428606968,0.1365797298873334,-3.452794082170043,2.4692345093106334,-1.0899380678567956,-1.036370310721852,-2.089480959486651,0.7418200718681276,-0.980340390323462,-2.6421151660808517,-0.6660797674788586,1.9111390116521958,1.5004441660816576,2.2688279586065523,-0.588891273247398,2.4245214889741926,0.02062382088799164,-0.48711990810716443,0.27426191666272204,-0.1998334178028478,-1.6244402711051373,2.3194591174516215,-1.1044654287004605,-0.4136301992511326,0.15502900286798382,0.1895063270074761,2.202458524812037,0.5604373896056498,0.5093799101713101,-0.4986667628212118,-0.7003138012538885,1.0446142599610722,0.43701541358016743,-0.7585292303314656,-0.7088993150256547,1.356581630068959,-2.811221633959631,-1.3417942922468347,-0.5143647886563361,0.0002753712885011361,-0.42948613617864284,-2.8589390442211124,-0.29568367863776596,0.03190809091840219,-2.2170619842222345,-1.1097905689235792,-0.8546116286251347,1.7998873974725647,-0.5097528611857743,-0.4744314876712123,1.6254208337087026,0.008607108134383035,0.8641005081310196,0.5135414079028966,2.2457795427808116,-0.703694755699011,2.7995114005442607,0.025235767863733383,1.2301803153983,0.5673261614011187,-1.3974178957112795,0.4365100343700571,0.9332911967795369,-0.7400392959596439,-1.4735920440641468,3.167609869764372,-0.8700375405153893,-0.5686548203498307,-0.117004565260035,-2.4110616875611943,0.3576890896855641,1.0151816542348253,-1.7635846746213037,2.3208970888346476,-1.34497632903271,-0.7238385205136004,0.9397792263643275,-0.23048893208825294,-0.2600607939144881,0.7574000100940291,-4.010379749806201,0.8442502071953439,3.077910235464695,-1.1401674029688165,0.5900719795599844,0.9914238335980707,-1.4196018092915264,-0.9649558951967994,1.0159337541394144,0.6804984834980408,-3.5834985725837387,0.340625574846549,-1.8064396375221141,-0.8322539922598577,-0.04358766935152865,-0.6640711255648979,0.7042000392381367,-1.7552209044900202,-1.8270772121886432,0.02007791431939393,1.4512212436247094,-0.12023591439160031,-1.474916532434924,1.8608359097683533,-1.381284174909649,-2.0032626441402224,-0.026443418474929037,1.7522609446586839,-0.31003744724232185,0.8064193099559831,-1.900008003538158,1.6032075073259602,1.2010085951310183,-0.15727934962329765,0.5263516310560753,1.414032320222055,1.6096519403720781,-0.3912680833726635,-2.5006748462217683,-1.2945013182759126,-0.08770349302671289,0.016206206132649045,-1.8489951735127994,-0.572353888491214,1.9655242099577936,-0.8942002597717483,-0.3636697370848029,0.5918062094217275,1.2679198372755451,-0.9952957310106181,1.0979487902138407,-1.917674101387505,0.12571623286310737,0.3892359303661412,0.7143844211157228,-1.9178929549255122,-1.475446846260124,1.3542433029079464,-2.5674267406185183,-1.0225076507324293,0.039081293791179084,-1.012630484484611,1.2584373313188033,-0.32313003460085515,-0.6429611680789906,1.2087801497557424,-3.231147280946132,0.6964439574537846,1.0408317968040879,-1.3723076738624493,-0.08692475089021581,1.6015489143297372,0.9342645586701654,-1.3301848075937825,1.8836931453747936,-0.8061745227447483,1.680626390399311,-0.35980670297870787,-1.2089694737646939,-1.4989325548181283,-0.12634936984910766,0.26161957328692764,-0.7316445651051637,1.3153182776038803,2.5072998231386436,-1.5940967954068772,-1.046022300374898,-0.7131646552828905,-1.3916869089048762,0.016807557896517555,-0.4090367826210907,0.7473905447132863,0.8329281414621243,1.3307420611718803,-0.9767376936811658,0.5584378609233277,-0.4530268626086267,-0.7250449104402799,-0.6540954468402593,-1.87039046627821,1.2794059370368305,0.39699999068074304,0.20383414857120952,-1.5991027414476635,-0.15648907556201808,-0.23904472749929428,0.8680610801573068,3.3236439649888663,-0.2888758243855516,0.9323151950452524,-0.0210322581913977,-1.3172419688890558,-1.8198582169360908,0.3785201875441575,-3.4354919558791503,-1.9444110565851438,-1.1443249277556995,-1.8276319092578945,-2.6911682836178055,0.7152386492467621,0.7807206669228797,2.9535602456608547,-0.9793442902190184,0.48594893928328625,2.789041605981703,-0.6861920648659868,-1.4468407680716928,-1.7714158486988523,-0.34701662715520754,0.6233551229372818,-2.5800457153794873,0.4386002920866501,-0.2064697659315292,0.7574720261791463,1.0847768767976826,-1.2729819918265382,1.5296661929493434,-0.007640974614284368,0.474105501022507,-0.2546441319483857,1.3625594033246435,3.371376893077196,-1.7466170730595643,-0.9043091183156364,-2.1600685572542577,-0.43781403257301704,0.4030328889850661,1.016005057163067,1.7064629110693952,0.6127952123623226,-0.7092542402584965,0.367974072724787,-1.2026493914715428,0.21837828032089018,-0.36990962282682427,-0.1274400111857193,-1.1531324482753391,1.6365640750282235,-0.15757753080929243,0.5785522081957422,-0.9621697776034739,-0.024437323210845407,-0.09559591500963904,-2.2510530421665695,-0.1157106298101348,2.226364689333774,0.6326687590008847,-0.9559452091308989,0.5896407285807831,-1.2835850885609958,-1.2077492613049348,0.3620622229194097,1.231546199967008,1.7396279608548555,1.9073077410793902,0.795571136833473,-0.33105364814796057,-1.3844266608855174,-0.66010311753646,-0.4434832343887607,-1.7161865203829723,0.7934903566427689,-1.9474452341202526,-4.036682030747043,-0.7999650520072057,1.7176721281155598,-1.1056603416440112,1.8372720391970763,0.3165229846223524,-2.1487597362305517,2.0702756184720053,-0.07917093945781631,0.5705274824936284,-0.21889929846815287,-0.178809571065315,2.990864808300467,-0.3291391281840475,-1.6091426514383707,-2.631149835706773,-0.613348467397647,0.26718522276444706,0.9845939105850151,-1.76022268258832,-0.5411049399172922,2.1116750294704065,0.911998711781312,0.5771847646183416,-0.27923570741057063,3.2039210918703236,-0.8134727297697242,-2.0709085057501513,1.0062592618493276,-0.6433728840828876,-0.37905807007487313,-0.8020978528477174,1.6192645348200152,-1.6296535841508728,-3.055083528227098,-1.690042820786505,0.7041749240144353,-3.2928172698030904,0.3139192681281005,-0.6734646574377038,-2.830307276890351,2.2095763451810315,0.018216975460175183,1.1012293163565552,0.370068034441631,-0.1013211691914086,2.459559277530268,0.8315501190610153,2.336461474713617,-1.3587444720295503,-1.9796822839680066,-0.12378288837754241,-2.1759401157447162,-0.9736185029471018,-1.9451446660338825,-0.36032196230899866,-0.05694724573630594,1.1791905949029915,-0.6082571808007965,1.368263354145582,-0.04460319365857002,-1.5291517556444756,0.16995703829716374,-0.9124030675727746,1.6752005524320166,1.7948117699233403,-1.6384726755021575,-0.7635482622166551,-0.9706765596689882,-0.19771295538150857,2.76830504617327,0.08626540411917122,-0.151405823632769,-0.8609870371992379,0.06117637693196798,0.9348461360245671,-0.8193885934099705,-1.2716282439402473,-1.241941031461841,0.3846609946484306,-0.4659395837296373,-1.0874037125249125,0.9708244318246426,-0.8035167989891304,0.3715853182540062,-2.074572080426739,-0.8817369352984841,-0.9490585219200864,-0.28304469029444096,1.9287147637761106,-3.1730649768753585,0.10949497385082496,1.8197826289946657,1.23825176107832,0.28448636169025193,0.7078799219254905,2.679837052527673,0.7597916612897626,-0.6131866974922404,-0.8340622723714664,-0.7835294821698576,-1.9276524876190742,3.559940473975609,1.58187894158993,-1.2981307976910899,1.299876681623803,-1.4288817891044208,0.03768588681913493,-0.6164137988257854,-1.2754506042827927,-0.779184829824692,-2.9463429042893603,-1.5998107059764237,-1.6046141645601013,2.1716212761263827,-0.6777004528012665,0.9516221845425679,-1.0414640297614666,-0.3886996899356516,1.3442646070387316,2.5168634336029942,1.7489925397044817,0.6777782763387497,-1.4942707044964711,-0.4033043783436941,-0.4865088308335753,-1.5467531720765473,0.847715487932948,-0.7690944259244682,-1.2790678698351927,2.8432898464660985,0.729965917371379,-1.2656756820019965,2.400033339571067,0.5198667602349629,-0.40026408395563995,0.25755688951713906,-0.6820756121749201,0.45632073298057557,1.0557241472446968,0.9922783160134201,1.3640672162896723,1.142341101412971,-1.0448552155298363,-1.5020652136886872,-0.8183577289709889,1.3844937860279496,-3.1743408986617148,0.7554807878111987,1.526886473188054,-0.9428778197018304,1.9714019145005583,0.363313596547677,0.4290541792905227,0.3713647303710392,2.137510179631189,2.101312483658324,0.3060259208509908,0.5936601557312133,-0.9740441633209643,-1.291422127356653,2.2706712840219483,2.284001530468263,1.5041935767011594,2.2418395523560606,-2.326322173985699,-0.5248606212168636,-0.6198848141334199,0.9365267855098893,-1.6294412059651942,-0.4336383781120985,1.0783539458071625,-0.9775417747394666,2.981931894047457,0.330753865333971,-0.673964504886256,-0.10304191663620915,0.6050552116084993,1.4059738580589376,0.3832125646189356,0.03823092845076059,-0.743801037936213,2.0894989553726986,0.08679623716306066,0.9589321137553044,-1.9294708591585537,-0.004790947941535784,-2.733078999068342,1.8484190865137178,0.13905782859595794,2.9689541602256577,-0.31985133362489504,1.0174636325958923,0.35968610104381826,0.0991047490089757,1.1134397206914828,-0.13411783436169655,-0.7585184516959077,2.552753732849257,0.6001243712186501,2.943872347067482,-0.8391093439531769,1.7274656576736163,1.4585444287043194,0.3185317157252089,0.7202730237714368,-0.3135216474845036,-1.5620153408597375,-0.24023546538545304,-0.05508326636368162,-0.4616063188737171,-2.138042450287531,-2.6019824813204844,0.16146033491939174,-1.2553016950532387,-2.65550972072808,-1.4531308856585907,-4.461428315743132,-2.2668660898029915,-2.900100986593657,2.4973692860363816,-2.494952113517899,1.8956698321515506,1.0585950657906085,0.7844184884398089,-1.4509713623084675,-2.123906009697818,-0.5985115079045409,1.1132012277126986,-0.36409322421886703,0.1697187564766796,1.7330535526396138,-0.4731138704600803,-0.4069144245310421,-1.287034379107806,-0.6482728218558058,2.7723177573499282,0.1699222919953723,0.22342256517250803,-0.2268936170886034,0.5739232021813718,-1.0540550015897674,-0.6271801003749612,-2.1168410516197396,1.0445313423424967,-0.5384014537536604,1.296307426504041,-1.0715337987670601,-2.8878346546553675,1.5509859292805583,-1.676072839839923,0.495361138324461,-1.1881767832618482,-0.1466302894236469,-1.481525906066763,-0.5231646514643542,1.2875707786747794,-0.023521956197564364,0.17650538524316844,-0.14384217297392518,-2.1800836545722153,-0.09456935004438177,2.2044887980556522,1.9935862168323886,1.9858811324136838,1.070289977831958,1.8379659755355222,0.16089797928966615,1.280242520181735,0.01303203286810739,-1.4903088299156575,-1.6311418047126665,-0.152784643198742,1.2487644923646442,-4.209194455547373,0.4325128277782914,-1.8976182373846175,0.17348514481987942,-2.0282506170766514,-0.13840885630682395,0.7485112768175222,-0.06191481036100721,0.27474527540430294,0.809111889350306,0.5063000891080967,0.5182009510117439,-0.2848000723092981,1.220574332981311,-0.24818838237571889,3.356508333234318,2.5851146362492115,2.262518878012344,-0.7167937929930873,-1.341946545530115,1.016103219445394,-1.088345790960345,-0.15423402099859526,1.731371898004985,-1.507571260778831,-0.7238993306502522,-1.524893296538067,-1.5708709736735411,0.6195642437222572,5.023417876661961,0.538805974679681,0.11477435868133629,-0.27702512050933326,0.43266186110519184,-0.2229071740852544,-0.18788030217186802,-0.2676144617134728,-2.9244942570835857,0.18884760531325448,0.619261964119123,-2.1607000485580317,-1.13257888599899,-2.0605952442696815,2.0045882376573103,-1.5035015195637966,-1.6199933137255398,0.26059907848234615,1.7881385233075773,0.009981189689929004,-1.218369434787927,2.1923002546836297,-0.36656787419272485,-1.3337575632203482,-0.5671646688933305,1.587049273019791,-1.8087635934216815,-0.6224322435576732,2.1911893821513377,0.8688610171714535,0.2508923454150913,-1.4874363486914648,-2.375844801035892,-2.026728738259719,1.2944451362555105,-0.6428151015035545,0.0035785020414421664,0.8938156686909215,-0.46660839062358184,0.3187172299022395,-0.15812964859927175,0.23871803797883578,3.1679418048079295,1.6036611066458186,1.2607928109106659,1.8583172201455842,-1.109271343547975,0.6595363480224202,2.7196142821869436,-0.3831405618579385,0.24272694146714818,-1.0459100244873316,3.9014542537383794,-0.26756081926898667,0.15480379959081308,-1.2332976367967459,1.4080413412707502,-1.7732583563136985,-3.8117423281368747,0.04098432125044038,2.570039062410371,-1.125148334918325,-1.0611407647447115,-1.1885987245522451,-1.2914778901266522,-0.6466108922727657,-1.2861744883345998,0.658723490959024,2.627189020879153,1.3357970327982984,0.2910404035552827,-1.4182190050755819,1.0817963187712616,-0.7127765849034787,-0.28187811087853454,0.7447616112347888,-1.1040833863106965,-1.0668549557681781,-2.415990965404991,-0.19307502709080698,-1.3772125594004887,1.2408138261111337,-1.7316640433480497,-2.5807190819986277,-0.7150900532001789,0.5687285055035404,1.0269506900187058,0.2610183222068306,-0.6393929436031387,-1.6509768653539658,-3.7395587615132566,-2.053954264664336,-1.2274912627246697,-0.5747903880727387,0.9165535795222917,1.8582907936336723,0.12812751498123642,1.411610321390337,-0.789584184528734,-0.5952937037075197,-0.8974104226478247,0.4009497675088918,0.01864038568177609,2.235398420950898,-1.241527992907457,-1.1949310342168542,-0.03586718127449251,0.07064369631728987,0.13778801333640164,-0.4196858195927487,-1.9715337838049511,1.6765185803754155,-0.26273139667748396,0.5381270465689916,-1.2522085589284153,-0.1726671648394325,0.42993107580763074,-1.0702223988796695,0.6286201699639739,0.9283960415955652,1.7128988356770123,-3.4931318983941386,1.487273005926185,-2.6001021982098687,0.05846904062946262,-1.1014432475906069,0.8885330875496911,2.82927347588761,2.59911205567077,2.754008057270664,-0.2602491980555796,-0.16269998657998397,2.908917079390701,-0.14820381770873375,0.1772709338180004,-1.0453288294909724,-0.052147294549917955,0.17322261588621402,-1.4906860622351747,-0.590445747735656,-1.9386140132771137,0.1371025299325206,-2.6943926899672985,-2.469922027562343,-0.6094108262483215,0.09751089933642396,2.807784526338252,-2.840750420172381,1.473295097260033,-0.07842942816204845,-2.322136168771075,-0.032807344250190947,1.4114367342186014,-1.544578215398575,0.44499105523108057,-0.9391129117664958,0.26953579661004234,0.5625712265191389,-1.5073195739172345,-1.3287970044199344,0.7517448006400561,0.09095694810706814,-0.8984382026047913,-0.3005991794383948,-2.0055285783904897,0.16998948766336092,0.912700183682824,-0.8037789476934817,1.6637946255799485,0.930880493216274,-0.6643638706052298,0.7789340201748166,-1.3648809372220287,-1.6208167835320495,-0.21605502849357214,0.05332441189007092,0.9004772678747516,-0.05770334646972519,-2.109044869512862,-0.03938309807637394,-0.23061209977598054,1.5786786278991753,-1.1819430662036674,0.834568932021271,-1.76386672876881,0.46149060242024675,0.5867834154087361,-1.8550482418422316,1.4751122737302471,2.2867058234399065,-0.530738208992905,-0.925975716805539,-0.77171297993142,-1.7027973409590595,0.25569117375884054,0.2911725949853734,-1.9968022586502367,-0.09543256822018381,-1.8864603925471775,2.2869363528246165,-1.2292999698558118,-3.122056799717038,0.7111348079470003,1.1339835513546932,3.0517367029919895,-1.7283782116943742,-0.5463032333288924,-4.13640923286016,-0.3494058285952456,-0.08102340854016954,1.6634677076327165,-0.9821447853676246,0.0053834461738170025,0.1024820260689373,0.0968602796200665,0.3086628593426983,-0.7017893173776935,-0.7826003886968872,2.9278869665596643,-1.8630371326987087,0.6872895656703462,-0.2037592636076661,3.444161337455638,1.3818444874821483,-0.5702623193581275,-0.7626609506008633,-0.6241594709268788,1.6150292770887928,0.7827255921080457,1.6248336055840404,-0.4783174900453554,-1.837809363865254,-1.7772904124530973,1.2257093443596867,-1.807205724288446,1.64417873576722,-0.0951373416489914,-0.6110058476872235,1.6232332557424551,0.15101104011921052,1.4315197170076988,2.9189679144662697,-1.2717799870208226,-3.0799238789519974,1.827995374839858,-2.791072110421998,-1.5370962634766443,0.16018501953423425,0.11011355084237406,-0.7242429525212533,-1.181959488476405,1.894642797133524,0.8416942171534392,-1.661719665659024,-2.3321195990454724,0.0737129015620323,0.11228051301110209,-1.795478496757505,1.2479318985572632,2.3589372843636642,1.7012967215335908,-0.3286890905413884,1.4594310728783306,-0.6384916064310382,-0.1918104974708501,-0.044309813617780414,-0.4130998934642648,3.9038703025544046,-1.4042449801571402,0.8907251158603291,3.022247634904076,0.7775845310806051,-0.9024940378490228,0.9097882515048633,2.8260666972204724,-1.20172631357832,-1.8999394276624408,2.136469901952824,0.43963004110586773,1.571219897364131,2.3769147635773358,1.5833542636986573,3.2113448848674158,0.6527808506942625,0.08162504332489492,1.2610531282093302,0.014517410048054402,1.5779283250323843,-1.1702953318908031,0.5656088770134796,2.704623265355967,0.02623898875931345,-1.2189074469641263,1.1564046863309818,0.42943338790235414,2.405885130291244,-1.868394575898367,0.4715980618035152,2.8071015915297215,0.23784323623977563,2.4179070435617174,2.536960210768724;-0.6005828690084825,-1.900133545300843,-1.8434982086422589,0.8276265875859898,-0.7351253007437873,0.016452617762169386,-0.5226806084939927,0.7703229002598,1.2813964052727729,0.9069904013457172,-0.10715152246986258,0.4990169724239896,-0.30257088467064475,2.682174979045235,-0.09261274971164546,2.8871439517239312;-0.3323935172905814,3.8346305038675377,0.5815007384448198,0.13322297416729773,-0.28701957401136724,0.04181000406920142,0.38750913993169067,2.5053002966833273,-0.5757295191668086,-0.7489459453364138,-0.41068601421959244,1.603600730768609,-0.12109094131499026,0.24177269712487004,0.05239730782102136,-1.9481062707464165,-1.780801885846403,2.2113353900142316,-0.9223631704203692,-0.17162116063504934,0.35828485385157094,0.08231692126871135,1.170260896472004,0.7048739838239921,1.4806118290203163,1.6781987044795494,0.8406361638554258,1.0840246313431894,-1.6891809802537532,1.151129712358941,-0.22749926482551747,-2.0494172909741666,0.26668093956293765,-0.09471648649748801,-1.0516221324276245,0.21860595055409138,-0.2644343186367816,0.37277541634884714,0.724972817575012,-1.6273294583096323,2.075156416064333,0.48253940622047614,-1.0204441231049617,0.9741961066494556,0.6440327805832939,2.114388586447513,-1.1249573212316526,0.03754468073488981,-0.2803549404089391,-1.803972672834412,3.0255382431828677,-1.118703060421737,-0.6000987314720232,-0.22462071705732156,-1.1602114653205982,1.7632784118170928,-0.16352935727114487,0.0720791723735226,-0.3148036742116651,0.201888875648623,-2.4585740713462565,-0.2739704456303534,0.025335707860771245,-1.2806694817150293,-2.2190759906278408,-0.36150810314633663,1.5487724672910956,1.6453031350771037,1.0018743867342725,1.4774869143721228,-0.5961568073075822,2.301489050385627,1.4867733709808557,-0.7302816692736644,1.1896373168450283,0.7498770274100455,-0.6386249511935898,-1.549913277095702,-1.2622255016233874,-0.5046922375318196,-0.5229478642562171,0.919456431528269,2.193378270166725,-1.553155187426909,0.23113130715988414,-1.1053637190120695,-0.3675589661235225,0.05272780712001901,-0.30356593374007956,-0.5453282145599471,-0.6362730626541572,1.5606125881317414,-1.2092959532686514,0.2652586299264225,-2.534038138692058,1.5748221515610505,0.9604851285457773,1.1532359883571266,-1.3683236748479437,1.9405424468773123,-1.9822426965379805,-0.4908756675680161,-0.5857423240541704,0.5563388857199442,0.00903545670913719,1.366760994049487,0.7923250975605945,-0.183900911000619,2.1469847526657317,0.3612578246867761,-0.6616886733827909,-2.3673477788343416,-1.9756728577078393,-0.31545862028961985,-0.933928627847421,1.3658957383526686,-0.4975868703865931,1.2576852393670241,1.042298132836433,0.6920451440710778,-0.18185562293714583,1.142267995145854,2.1114237382124585,0.14533925341620824,-0.12390374816379357,0.868139865440545,0.27297608670455314,1.1307528974880243,0.48988246475279107,0.851863115388035,1.4933319529872422,-1.6139796221422302,-3.369149382805136,0.6317483932416887,-2.0168863223680384,0.2758267773566375,-0.18411918423862084,2.165032543510877,1.3839180338791846,-2.150893471340922,0.08902662436109249,-1.1625034745476517,-0.3292406218354262,-3.3705420810538747,-1.7862152547878463,-1.021056403566848,2.0138406082076576,-0.39852837403614166,1.4756410748182758,-0.8293396522917365,0.29193604162662457,-0.10355378229072289,-0.653714077021839,0.6123494179076086,0.6880830680916488,1.663274801984284,-2.8473455183108785,0.798276227710089,1.8401572840443199,-0.43393994669786856;1.4766408502904276,0.4202979145410605,0.8789081031279645,-0.1425213670133771,-1.7141928077204072,0.7133575419731817,-3.3912201131403785,0.5255959603358519,0.08588928499431958,1.0443865885057244"
8,1.4082421149673607,"-1.2683938062474556,-1.189888766271272,-0.6612800910680545,-0.5197880525935535,-0.8793312191108699,1.628071206700699,-2.367797936156375,-3.655711075598679,0.810057398653934,-1.1166412226394051,-2.1235622270031858,0.09860486706806165,1.4547589255671483,-1.0742601850384697,1.1189271008383836,0.308141527795024,1.2423097834258627,1.8843013895445628,0.7622999119515227,1.752238748536486,-2.3081523471132965,2.837503839291714,-1.211681063620745,-0.3767602057266192,0.11256830020964986,-1.9743667236532825,0.9889603156972273,-0.6029008241162163,1.2705808286756972,-1.942976486462546,-0.14494868541874484,-3.450880704247869,-2.7719238550456353,-2.844233294210552,1.1637402234176273,0.4512809176136845,0.170051839364867,-0.758259464611938,-0.2690661174801925,1.8360949787972114,-1.4946096999971514,-1.6710776291501404,0.3220775124287343,0.5855543743693923,-0.7457141366252056,-0.38438668654488345,2.1495783959288763,0.8133207989737683,2.0771460372619455,2.764211065761484,0.45927851826393795,-1.6940248697630735,0.43072996289354326,0.24096970817386654,0.0811688043261363,1.6189747586996814,-0.3627799870743753,2.804390223866974,2.630800844591258,1.2392492884301505,2.035495499445349,1.7773772991738823,-0.298553666920817,-2.987203043472154,2.573581522480442,1.8567894243231018,-0.9617050507850234,-0.4951759124585551,-1.9642493879838692,-0.21425027928346108,-1.7610297862556918,-0.6573798576682701,2.6011192621050174,-2.1173573092869225,-1.5111212732929047,-0.08154214673691552,-0.027781948570466036,0.6604929082058221,-0.7405112996482434,-0.8230050393522397,2.009428631152106,-2.300954063115729,2.9585445835929787,2.3167757533502416,-0.00914961005226296,-0.820281172937577,0.4810071327295054,-0.6121263849398526,1.4911807959179513,-0.6527902413384206,1.5943706396296689,-1.8924589617859735,-0.2068726590293071,-1.6384012631321379,0.4436097960007906,0.825235828121923,-2.2659910286852236,0.44880768402844773,-0.45947509047723845,-0.3197006037154848,0.08073679176049436,-1.4658085694026453,0.755392189915893,3.525379985675135,2.232743776170843,1.1063529396876892,-0.1488753390056533,-2.0823029447623225,1.103075307575148,-3.5500174152503354,-1.6217681913571533,1.471080268703551,-3.244932415072422,-0.14453323670184492,2.186843251813232,0.6357984466577411,0.12072007803078338,-2.4678273670694146,0.4039853758324238,-0.10875520929816264,1.9841584446472242,0.5077392645518318,0.3850300355240591,2.622603621578036,1.5351908790696738,-1.3901711221775126,1.9937294556694103,-0.28060730236265263,0.6602639437277013,-1.7366509576773472,-2.959165083267408,-0.07732807433675193,0.5663333427486605,0.5313228456127506,-0.37942416441120175,0.745036243209769,-0.5978247826582589,2.364317072709763,0.8792679354816353,-3.1827095974301076,-1.4217893194238422,1.9105271364305731,1.8611930291401975,0.5812141383874811,-0.4423692013711881,1.16840006105524,-0.04128771843206303,0.35925897507434557,0.1744897668748916,-1.54585145238534,0.9631547989804948,-1.2089333999817038,-2.428564874330365,-2.26155456313763,-1.0736390589580103,-1.9775824362944778,-0.8988151209689492,-1.4704948367226496,0.4243478673007801,-1.4093875245488376,-0.6353020757407712,-1.4885702927077693,-0.05152147712262878,-0.5886921237259107,3.3795545040609394,0.37248867312318734,2.388951249156383,-0.06818301629965856,0.05423751519472552,-0.958770985903564,-1.499287331429571,-0.16113944802375724,-2.188866064696217,-0.7812012526833867,0.5338984763978366,1.1022150824218526,-1.807745871605035,-0.5492208208493963,-1.0115140045369777,2.055260072678007,-0.4755733183219307,0.6170872527685305,1.3217734753471375,0.3339862591777128,0.036777204035169486,-3.1793186616150275,-1.7496934806915823,-2.41733064918739,2.3917043632605175,2.0692696593393918,1.5209756349421382,-0.2242579783542148,0.21293330377949882,-0.08390038496896102,-0.49911821789145455,-3.8589185526828085,1.283149881713187,0.5538057975709813,0.4729938076723979,-1.139784712333808,-0.03319800444754831,-1.237920661362666,3.1128714867375846,2.5925519861017694,-0.9174110319326435,-0.49002689405227773,0.9661730883736412,-1.72472312796688,-0.9235967428250296,1.6043825347644054,-1.0835506471445984,0.8358174543068602,0.03283808949369643,-0.5530119710924979,-1.2854044851453788,0.5984911879469963,-0.1758147702904239,0.7532749672429684,1.3154539640866705,1.8225427403568621,-1.0680279690744858,0.2628324196975612,-0.7752414342309456,-1.645181696704499,0.5816509182681554,-1.4039151765182627,0.31613924438678376,-1.1359477281010162,-1.8326734567271106,-1.7550392975072089,-2.1326103275064403,0.5506856713345775,-2.7154269182838027,-2.970569773277284,2.0544958137098104,0.7389873906148459,-0.980383948991505,1.2953923573329078,1.6982155938445098,-2.2489562013888507,0.8866932112038822,-0.33379487058256313,0.4650963229565428,-0.7551861311712289,-1.3287813135944084,-1.6203507253166956,0.43093866376780043,-0.288204112597976,-1.6839397766921875,0.399670659530331,2.2484188043297366,-0.5413147508002878,-0.3013652209693186,-1.501799317924253,0.8379299291560136,-1.3922792785293188,0.6345467998321939,-0.5155674954661499,1.889276901896201,2.084022466908168,1.0855575385164435,1.2080260412595183,-0.6137542649804464,-1.2426747412338939,1.3420943624325101,2.1942425033010378,-1.3210992210981232,-0.38558821127280873,-0.39829658120303285,-0.35765013467500467,-1.5810170084024349,-0.7127126410844813,2.915086412820852,-2.359055153885289,-2.354947157086175,-0.8627177738477049,2.0419876459486646,-1.0580345762991605,-0.8073070222439438,-0.12080531937615768,-3.1922404165801987,-0.8568447772492075,-1.8849336527511322,-2.1305758020510592,-1.527743845931027,-0.17907875421444203,-2.930113281820649,2.299452317786193,-1.0986942795695729,-0.7846179779178606,-1.429077231964464,0.9311420815576897,-0.6486611643711633,-2.5779441886234817,-1.4146793030810794,1.8029746570065173,1.655698697135516,2.2113839916429816,0.8489524863307927,1.5636172325987403,0.19613376317769624,-0.25626649459444545,0.117562297263694,0.07890908707473741,-1.6597111273971572,1.927697696104067,-1.5863607886325681,-1.5347156435854932,0.0956392584863992,-0.24020488225795256,1.2905372970779112,0.6475407369785383,0.9540534631305719,0.33476872417022413,-1.1144612878163678,1.4723349207185623,0.9981934361689828,-0.31837420267940986,-0.9170579068398528,0.3682612321373876,-2.055035793772367,-0.7497574812551062,-0.5501001917226205,0.9212148731586618,-1.4496341986355175,-2.7837365570422086,-0.37328871853560364,-0.7101818546625593,-1.5987114155326134,-0.8884875890758355,-0.8650334971065607,1.7279288264096413,-1.6184686205106198,-0.17210736303599805,1.4455157132603262,0.3665429004745022,1.2691239363797469,0.7146797771670281,2.1717357061939935,-0.7308893746605336,1.8324754637265586,-0.2511606888181004,1.091940809337941,0.2653119195406387,-2.060605402534866,1.0877421642343452,1.6086893175919101,0.04524005450692564,-1.5205082930475684,2.512476194412189,-0.7973028085712087,-1.5253711188248782,-0.8158158217814526,-2.8045384671495577,0.4619233881676846,0.6420174074113193,-2.0618164386574844,3.7208796491269123,-1.165266928602597,0.3988333886977794,0.6834088580620816,-0.16927617636847328,-0.5474105726392604,0.46503621102366904,-4.644977552813419,1.5741735620486734,2.9790425363112343,-1.6495049700948183,1.237122807993328,-0.07405549172529469,-1.2389211797522983,-0.5024240992461473,1.2446800309897805,0.8845742685631083,-3.1893229098245977,1.2331966069530296,-1.3685382230767735,-0.2928770403609382,0.18137792376478568,-0.6020543912439547,0.9368035147966819,-2.465291888143025,-0.7331713423784062,0.1732912957052795,1.0033063137254783,0.9280800933196408,-1.256848356907911,1.0797736824664965,-1.7106899068615244,-0.9093662907691835,-0.198142370685915,1.8592346503913477,0.31723087225469765,0.969342616316432,-1.5107438476447466,1.343085014725506,0.5315314493858246,-0.41598867464182443,0.12791068297076574,1.0377252567043906,1.7256953947398956,-0.39451298366496346,-2.5988970942552507,-1.1570095583244189,-0.5645026900843094,1.042729997824828,-2.536760754541141,0.13233785053274674,1.7942929169020654,-0.2965940708805752,0.6796488999618198,1.1939289383755456,2.005349098401613,-0.39088083967956555,0.4870961349931221,-2.011877073687909,-0.3544207355704936,1.2120700403405922,-0.5342408330316726,-2.8652094012309326,-1.808964052787694,1.1929122832995465,-2.601330862614022,-0.43932433803143944,1.3100204263359165,-0.25433624618993667,0.7130081600826267,-1.1304330416761275,0.18818423064566547,1.1009002781274626,-2.0044256234331668,0.17726487126031854,1.0585911738614877,-1.1148086833558866,-0.8275099468687992,1.5038037244242475,0.4359072461278495,-1.317664565051319,0.8160145716212932,-1.6444337083169394,1.1903686403635507,-1.0275856208500558,-0.8282093763399614,-0.5868902384535819,0.373670615189456,0.6690551441556236,-1.0993796638457172,1.2119455319659558,2.380955911865278,-0.8262156544209792,-1.3725432915227025,-1.0490772265587434,-1.3001683726148985,0.48007451608457063,-0.0003019372774909074,1.0867835746043044,1.0800102941824745,1.4193781707110726,-0.4419828776590632,0.6219947055796898,0.3080419352664695,-0.5670902202610917,-0.6810046354933097,-0.145600126268296,1.9850406873828534,0.08922873793654118,-0.727962523514992,-1.657952789177324,0.434023216715023,-0.05220658476036784,0.3476280055722256,3.21660143734733,-1.3436587733241923,0.02329073696140227,0.5421998606380873,-0.5381385425332675,-1.496532936965243,0.2870511832057243,-3.6355950190159176,-0.3360862910673157,-1.355359447143391,-1.2352825857388292,-2.495743621681265,1.4263197587007925,0.7257751591240118,2.4857037400777084,-0.5400599650791478,0.7411570414549989,2.7876848838187493,-0.46402797054214484,-0.8501763434532401,-0.5248813622929794,-1.4885488505693316,0.717082262319399,-1.573117915036978,0.04698283653618299,-0.08705550531195969,1.2131329276482963,0.9683141635691253,-1.0080801661035965,0.09234917372045881,0.5803694630469174,0.5581757683812946,-0.954945583492392,1.8236007265667968,2.8453979025168517,-1.8289404236492415,-1.135297612053735,-2.130924515769941,-0.867082749108502,0.5852368761552648,1.1541661931078013,1.0351059568658287,0.7287140419965373,-0.23272163201440488,-0.27974556195616673,-1.1098774215877765,0.055783298266286724,-0.11185105048647791,0.6927563838433142,-1.8153783560336616,0.6410928060300497,-0.3939099497256453,1.4274728964258738,-1.690677966589636,0.28700468511227667,1.2992146175855326,-2.305054139556877,0.3631348058272373,1.3215828690172662,0.5133847173925996,-1.3165207832464716,-0.020961097038476373,-1.312997989389539,-0.05557186791728275,0.8247820128318902,0.40073061601196114,1.4278139576488775,1.4784986511780835,0.5092292288372533,-0.07380311449546229,-1.5466656712574547,0.2344961883257976,0.1607703968512917,-1.1869166212146838,0.9631369613240013,-1.756987742829538,-3.911262225960724,-1.5577252437202755,1.729461406491345,-1.1241961429007625,1.8330592561103412,-0.028450422960528927,-1.5645973854236854,2.0517181119973196,-0.14003244768357467,-0.2976339184601866,-0.0696465142727569,-1.1056794670990704,2.1543309178629313,-0.5084227082611937,-1.3751337752536295,-1.9555833430541787,-1.3040176272664725,0.028699240198780562,-0.6409094256905472,-1.4928148453663217,-0.5854511248984414,1.5477007026334233,1.512058988675489,0.23910590438880766,-0.0525472411125381,2.663539257251054,0.05189766028967188,-1.682268394170516,0.8915979412425414,-0.10114484383851516,-1.4903068919600897,0.07089498698955937,0.874916803876705,-1.38102102390434,-3.1328527805551367,-1.511660369579217,-0.40231646700092033,-2.946959378171589,0.13749395495644867,0.08269280155859626,-2.9027900766666717,2.3780293431173734,-0.04668980090497428,1.009339925195354,1.1456287166655008,-0.6239132277477768,1.5529199340517832,1.3768236508231624,2.5318495521068844,-0.7529829309536004,-2.8632876098272146,-0.9212971841353312,-1.525525290372543,-1.07941025444687,-1.130272617614364,-1.2847628154789463,-0.5257647568985788,1.0524126369774622,-0.024485495512693245,1.4439248553905233,-0.16811085203140627,-2.038277434807768,0.22110032085860554,-0.8166490302416223,1.4049667855024768,2.367312037449728,-1.9272359702135982,-0.806086670851022,-1.3542643278898465,-0.26874543741868384,2.428070567924513,-0.22834001079401894,-0.11451412465857963,-0.8754489034339874,0.4693478506600925,-0.02288296315903894,-1.3251344685500066,-1.8004026770358157,-1.6692806266454328,0.6030407274304687,0.4271969575085772,-1.4430876596172306,1.0932534419141622,-0.7555478278766257,0.26088407056524854,-2.1021815600619713,-0.5536815046957622,-0.92918192373222,0.05778693771686633,1.0716868169563458,-2.9478902466745245,-0.6258675024883866,0.9590684464807099,1.4613242603300511,-0.09129142471063523,0.9127573490827381,2.7495961143636274,-0.263921594135111,0.3704307885300006,-0.927660163467858,0.13509902181844385,-1.8487412222316084,3.467554987776826,1.1733811494314996,-1.350931335036315,1.1072971303682329,-1.2047507938470874,0.7117026865633007,-1.5593202513976236,-1.1967237337194772,-0.08588851413543891,-3.135664909645759,-1.6522447795717143,-1.5096660278819454,0.8894439119799884,-0.7250018392192723,0.23552567617402237,-0.9880376865390038,-0.08222179637064028,1.3517592273242394,2.076060733563871,1.48892116274529,0.9371361303530175,-1.3347457030023242,-0.22915148454138395,1.2654974057106352,-0.5273419629682822,0.6086484872457455,-0.19540661811772977,-1.5080016712737931,3.6508776863739807,1.084611739292771,-1.0406662276238805,1.6293484939758478,1.0528893363395986,0.18942641971325788,0.15588467353662988,-0.8217150068803423,0.18187423627220356,0.21175513842293284,0.11556090387015827,0.16530305044683136,0.8876862432111893,-2.0028331180778607,-1.053255496121618,-0.15840830531044514,-0.15389811334316206,-3.6083115090177444,0.684553712717963,1.389004660039122,-0.5588168003668876,0.8859392421117702,0.3113973844674509,-0.045776796910340506,-0.8486778602929241,2.663033282178061,1.5675012065467528,-0.4229911140560526,1.2349094121548552,-0.8416873108859315,-0.22193073990767231,1.5041796476308935,1.9592150292881725,1.7495846841850524,3.1714777095736406,-2.2643898584814037,0.3176215720275546,-0.21396490092731552,1.3864473961946135,-1.6531937674391732,-0.5046486811316984,0.5735111437022319,-0.9073772991034373,2.0953546224529487,0.6929023484747694,-0.4738853907566998,-0.6913198110286618,-0.7244425235314083,0.646068447953768,0.9193354756069316,0.6123736764385849,-0.9210777273950633,1.6813457829881902,-0.171179596584494,1.6925869611427884,-1.858085077180159,-0.5188195906473658,-2.48140006965092,2.9353009315355427,-0.4713850028637216,1.460929873579406,-0.35894882582955717,0.7610771797636661,0.4418709429400904,0.763108448343921,0.5181777240746898,0.002153008847022825,0.4769970096136912,2.1425431639157413,0.6752955408849846,2.4044401600461045,-1.7917055549445253,0.9240531333055706,1.0996341912689633,0.32142519443734574,0.896965595678713,-0.1623458457595956,-1.9963949843298243,-0.6371808165529153,-0.15358656199564047,0.11792741334709515,-2.2726880389458866,-1.931949859454489,0.41131876458078703,-1.5912622689525646,-2.0669363247513526,-1.6843558041326756,-4.598354159987488,-2.2285811910538165,-3.1373301889302097,1.9889022054482244,-1.2985527780375477,1.9930680261929907,1.447570993783572,-0.18149764786571249,-1.5569141630890218,-2.205109390614435,-1.063432522623374,0.5920441910948896,-0.23723292791556638,0.06233852593638714,1.5659933465933569,-0.9121090320680367,-0.8986492627518153,-0.27175463103098774,-0.6276280498289133,2.146444711761259,-0.3484667413226066,-0.4250494777449617,-0.2630828551992664,0.9116897338697159,-1.2360716535551786,-0.44224784312240717,-1.1961437835257147,0.4628512792424465,-1.2595362690757819,1.928648134825977,-0.7372379092286212,-3.0883961867228606,1.5103209072755768,-2.6131928755158946,0.28361807790272436,-1.271658856415035,-0.15002736428617014,-1.4916407374395897,-0.6934006828711569,1.8092540183574588,-1.2963425536606836,-0.028755768815220184,0.06626225931921703,-1.4160852332885887,-0.04230804766994217,2.8569602452969973,3.0324005468361657,1.443785005876172,1.0033019498196678,2.209305648485358,0.3177554554170444,0.7416096888019298,-0.24870564861136546,-1.8153632568029285,-2.2584862052013803,0.423866534811444,0.27042442883761764,-4.782780280258405,0.1895732443481063,-0.8256516190952894,0.5447438860877165,-1.9104382350127813,-0.6592335599211661,1.2800553968817079,-0.5075635760140491,0.06704827875833613,-0.36523803751679446,1.1895463858935305,-0.3540882638074555,-0.15178167937711617,0.6893065352663053,0.26336626421993375,2.5212721972273826,0.7561066082180811,1.6634501287823587,-0.24467925133864227,-1.7983446009421904,0.848790873256156,-0.4822937433473943,-0.15096491982027993,1.47702042616972,-0.5114199777150756,-0.20979021370722298,-2.206959948914566,-2.0425824473478182,0.753410652840275,5.223741091228082,1.3591724283570032,0.7929816629429085,-0.3844736055630581,-0.6659372540582649,-0.6599087638466468,-0.6022164823382272,-0.6773658569778307,-2.297173301957211,0.37609132234156883,0.6011786275645923,-2.422865217633354,-1.1740713175056676,-2.8146019050674673,2.159657153291955,-0.9525755984969277,-1.0828229927737876,0.5886549548168949,2.711388514870976,0.035340639137690644,-0.7423602121377544,2.8859836835536283,-0.5767014579100356,-1.8267657281263512,-0.9392042360385235,1.167412526594178,-1.1185358972198913,-0.6101490361617248,3.125989736442274,0.6463055790264887,0.10927540642909213,-1.5230404427008255,-1.8996936087506637,-2.1440928323338455,1.465094956262283,-0.5891708241294917,0.8296558403872846,0.49538360672494797,-0.7625141971886643,1.1892885986102057,-1.6109057675061123,0.5732606540008693,2.415054844715839,0.6414779978775014,2.069044229287157,1.6917633738739495,-1.5833514469034495,0.5439819425602298,3.642162628073857,-0.4716668805566309,0.8320655983372258,-2.0662776433564423,4.0462042538922,-0.6163616246287629,-0.3833906717999059,-2.244564326239778,0.5214643402300991,-1.5865922712157448,-3.361002985992739,0.4092897679604502,2.21705019565976,-1.7193404783818917,-0.32833221074645547,-0.2995168199208879,-1.3717798056978538,-0.9179420153309441,-1.4719110029513782,1.3798114734555087,1.211061152786161,-0.05489518906499713,-0.01660009508957358,-0.9481062050015087,0.30642021761493465,0.01660222196854977,0.5290747295946895,-0.3515263925155309,-0.8730586045848221,-1.6106131255908478,-2.0259606057246318,0.4597996984991423,-1.4312360453710402,1.8617513836613335,-0.07260144115744627,-3.5005661627623685,-0.7643947476356439,0.107869803838754,1.178049616895438,0.3965089836780105,0.07530215161238618,-1.5645880541128285,-3.8011387627921396,-1.9856657186149769,-1.7249642173852995,0.041781757208061876,1.8878812513111494,1.9783785939117546,-0.47937399962748367,1.1764239827728245,-0.9506252265798683,-1.6303384442639475,0.3130090846056991,-1.3276594573209362,0.06262034303684946,2.4793400720938745,-1.1434126386084953,-0.388482302115866,-0.7042895625443022,0.2042900552391677,0.4600699257701484,-0.4493844787748353,-1.8565622133096884,0.41671433422183946,-0.35846039843050326,0.31489395875997084,-1.2363098595133828,0.19288761493314338,-0.19951939387303758,-1.3111512683397,0.7062990706724557,1.4670548630784965,1.1000229187372654,-2.94074930640811,1.337327035004637,-2.4420407279722647,-0.6124638603261392,-1.4972269121551394,0.632703311736574,1.5369544989425974,2.8752408703378665,3.422578671203797,-0.027350048499064056,-0.3835050383095397,2.146297193472358,0.2281513139708803,0.23342365213069505,-1.6667632834677888,0.7500727454887155,0.028311705731106737,-1.7108913188037356,-1.749805812291249,-2.0806637127604333,0.9518878126411838,-1.9439947967799065,-1.497716770879281,-0.38108519378927197,-0.8753490021544598,2.1355176707523604,-2.8592937409777117,0.8458814865832968,0.5781519695289213,-2.168977128456605,-0.10597384044599188,1.7725483067837395,-1.278971799801189,0.5575108213464737,-0.3142577353515946,0.21619934267492455,-0.33103902921529893,-0.6874548464086307,-1.9524650328099247,0.8807427737432076,-0.02558498837810192,-0.5904096470147107,-0.3999728386026263,-1.8250512588370946,-0.5206234390976717,1.2970537391859625,-0.9573761040639988,0.5966473274985868,0.7214950539048813,-0.9433287699110033,0.22683649658740368,-0.7503112615977867,-1.8732450946769905,0.27860971110731164,0.32721947612009816,0.6773413916923221,-0.47374394602919845,-2.2842722548746366,0.0271518092722395,-0.35884676468712956,0.7252456413489431,-0.00729971274250385,1.145440696836739,-1.3532044729105823,0.6290190052712211,0.6163423004307964,-2.3631835662347966,1.1756059082549353,2.249049099444032,-0.530169060447139,-0.5707330349476607,-1.1460531939150516,-1.1575206450991034,0.7159459716611876,-0.36770735776681984,-2.184501953884972,0.062412070846253394,-1.0522467337221795,2.0351500196716206,-1.3012328718901958,-1.792013436736045,0.3119871040017927,0.9641445464991519,2.602886002610273,-1.6733904546968525,-0.23833539604081724,-3.489891013133326,-0.16139132169492115,1.5773932100067651,0.9648997510067109,-0.6292446769767741,-0.691966085528955,0.5670380166222116,-0.6070136156893803,0.21265806000672724,0.14112525636807416,-0.43500205366205064,2.009029093306472,-1.2550783710496973,0.18868858205740868,-0.44599894531389334,2.7238007225994023,0.07254348300959385,-0.958686939225096,-0.6839083117023513,-0.7459462852800638,2.247859732946089,0.9653614512140036,1.1310512671509918,-0.883467365067949,-0.839987365035811,-2.3365437756569714,1.1921818629232452,-2.1250915510452337,0.8323385140373241,-0.9677138817883699,-0.3390427668899902,1.4076886202380203,0.002336389743347711,1.963226832848001,3.256354908674013,-0.7371253555562762,-2.8385863959464697,2.281408306768771,-2.48407531876333,-0.9586997533815563,0.8944675560495386,-0.4695117454358876,-0.7248918220003957,-0.9508507298619967,1.623509973650739,1.4663297579869263,-2.184608188840432,-2.9185299102607374,-0.3561534300519829,-0.30280834686121233,-1.7131336843659284,1.724655698839188,2.512841036230598,1.582707712809501,-0.0855428308284332,1.517634215583386,-0.35250627541058577,-1.4061592494897397,0.9207625192822635,-1.4289676775695832,3.732121759240111,-0.4602150594736693,0.3342276126639485,3.451663264000188,0.86619398270586,-0.7210093622623269,0.05703069199724908,2.427330869172913,-1.288756883396907,-1.1656822126063158,2.4717882209440583,0.9293170572282881,1.5561591690777397,2.667283971715989,0.9245546207445817,2.5690176461331564,0.25245653325991624,0.33928552950841806,1.5737783295153962,0.37528353961017735,2.4013689668700535,-0.5870588100480649,0.2423556946848588,2.6929617360960054,0.933442325132987,-1.9393609435791794,1.691458494433737,0.8255203415178131,2.0851787790561693,-1.8799381637393018,0.13229814722018052,2.193750425999412,-0.7151889394449106,1.634310436289526,2.162431820983518;-0.4294998180300723,-1.881577270957847,-1.7625971910833105,0.8907925881381844,-0.4023599303092635,0.25962932041216746,0.06998449974320817,0.8212895202883024,0.31679284729422363,1.4722210656152679,-0.5522838846839334,0.17952542194104038,-1.5434586237951335,2.19224047069434,0.5317255185498138,3.522875256150962;-1.7455855685020212,3.7995291128039277,0.6744349402820026,0.35639757537532896,0.16261409301185542,0.32522474756788916,1.096235417105232,2.572125884356931,0.3501604358019389,-0.7276093655048305,-0.7626213811594217,1.3062612026775713,0.33529222547282006,0.6313748987803898,-0.3341060755741957,-2.5109807974360976,-1.3580514158842298,0.7897904090798524,-1.0959404825437158,-0.48044367971747226,0.9877579964933995,-0.2828592285748057,1.5592559780851691,0.9803138591951388,1.0852976174722602,0.5388839113469029,0.9463263686026145,0.8319288064763445,-1.8241150353269298,1.0473352966502818,0.2914260407304185,-1.7996877838920138,-0.14477553300675694,0.2693177439104041,-1.0596533490240136,0.4581964968840092,-0.04398013249021934,0.014996642178711217,0.9647499711815821,-1.433606533500724,2.1389942490072693,0.8412743038307383,-0.7917801987494597,0.5936799786593069,1.00529094767009,1.4310712568602966,-1.0272688016021878,-0.8010697583977704,0.9909033111125358,-2.032024358271115,3.0784834120563183,-0.5468265424066496,-1.0986034078810167,-0.3974202621860472,-0.26953705583585885,2.066701640714501,0.7680699774758295,0.24908913734478677,-1.4407428017385182,0.459316337561479,-1.4267766666958817,-0.44692765907708853,0.2041176931268567,-1.2262397116834927,-2.3739559448090644,-1.0251396173593967,0.5986199765389104,1.5991177389585247,1.1968441825338196,1.7376726350906069,-1.321728300701083,3.0969020368011506,1.8190231557973173,-0.3997629596564065,1.2961450526539815,0.36209642657463775,-0.6920268648774345,-1.234118566330264,-0.5588102104880641,-0.43557822657943623,-1.1127126177775457,1.8713392392086958,2.227969278436545,-0.48887860268435057,0.21365830520355297,-0.920881083142706,-0.5818292289680689,1.4733148120531947,0.32459157946217954,0.3611188429922123,0.5319652166122726,2.3747087118416843,-0.6698018437306018,0.802285384666337,-1.7929465397748408,2.076186731776062,-0.6798911280159347,1.7702402412155678,-1.5746629876171947,1.558467732215829,-1.9576888597927684,-0.5750285489700393,-0.9609820134967132,0.9183231327829645,0.7176790990901595,1.3009808432925618,0.9059656948760577,1.015287196273923,2.819945140719929,0.27180706029733864,-0.8322536599630004,-1.705454721625913,-0.5333200156332453,0.4001217352682849,-1.6647986785499354,1.427668543154985,-1.0388421832942116,1.9175558935032861,1.889581960962841,1.076557796118431,-0.2561802517960033,1.5026775719976735,1.1116918243556648,-0.5366429466478648,0.655542901798838,1.405216642241033,0.5530823489082101,1.1232332882004092,1.442619416704093,1.1190166107646489,2.8311695122154568,-2.149876469326425,-2.694615403030039,0.02053019135326084,-1.6395960776871097,-0.40425936750637725,0.019272989268282803,1.335332106820318,0.8727314454327619,-1.3380594874399243,-0.9028503280430925,-1.0435173441227092,0.5166244351132004,-2.786126883374932,-2.3769807952878486,-1.087513276412603,2.1990053790390363,-0.35193085565927934,0.5172877450673646,-0.5277748942424371,-0.6338338418842298,-0.8418334558639938,-0.479496358678293,1.336180859289495,0.37462704207134256,1.900066147908638,-2.7693301211267496,0.16032624532889111,2.37793745366675,0.8919574267064034;1.2494811974948514,0.3541465654317015,0.6442074041611427,0.5817543126988286,-1.4127321559410766,0.9815968833747313,-3.1461535487950942,2.496101770093512,0.08734963305338361,1.2068875322423323"
9,1.2974765475562904,"-1.4013974745975384,-1.8682170244097567,-0.2619843110968649,-1.7724887831772889,0.08943866510530007,1.3535291249042123,-2.823698279902805,-3.909868272514039,2.0810456940239237,-1.6725312523968232,-1.3643363479511106,0.3835584546749484,0.6789968636473311,-0.4215679950126296,0.40518207229632497,0.6795931800644501,1.3830292577463426,1.0623188310383798,0.9099404605806134,1.455539604156064,-2.0291831496678987,2.984822072952171,-1.2177255323631124,-0.5667344987626708,-0.32284499602737804,-1.8727650625427377,0.8594703028968835,-0.3324508759030838,1.5305434774821913,-2.188886957926643,-0.009691323858335543,-3.802236377897793,-3.7113295754907556,-1.5712565010860469,0.41100725155641477,0.36126255431170884,-0.5836679471276917,-1.4548213430524586,-0.681634287400761,0.8854606396518124,-1.1450476004687689,-2.8651553867891084,0.044508326704989,0.9550750018853844,-0.2718093010868482,-0.1399937605398326,2.5260910215625474,0.7939414735144668,1.822214870115417,3.092587499198062,0.38579002668285683,-1.6755142622014962,-0.5454356606350222,0.03762072985919285,0.677687253687737,1.1041508427137416,-0.5138156071476976,2.3276855199337367,2.9078755925334576,2.1980269834124955,1.8057747105697763,0.6619787308910774,-0.07882371572342026,-3.622527136115804,1.4550849344223473,1.4874417075561435,-1.056236525569948,-0.5438428627981626,-2.9736188213951174,-0.5953846350485255,-0.6796625920695886,-0.9516889689449265,2.9502186286401546,-2.0163629402477885,-1.7000996195454563,0.1904952639728609,-0.450419563597524,1.1749531737866892,-1.370395944169092,-0.541541392143021,1.5869910085951375,-1.0043877151087384,2.6174270737804197,2.8072591663969284,-0.314560338091501,-1.325851105627398,0.5971337229641717,0.14126670004789266,1.4102154975730536,-0.891363940591627,2.218079597512583,-2.260847242207014,-1.1334337867955506,-1.0467034165466162,0.437322352314697,2.232327904760899,-2.1921903874078397,-0.21220327850993026,-0.031029977194877732,0.27827677581067084,-0.0717705165626803,-1.3174271719862531,1.4210605984025428,3.029735223950073,2.0261481666038503,1.5949947959592956,-0.044125952890230566,-1.9194479474585833,1.2298441210610525,-2.4592254662480215,-0.959309158888479,2.0450121997149253,-2.418078562413761,0.8343863501262363,2.6530928469233075,-0.3186571871072446,0.7953676431700318,-3.1154547547917653,-0.3087973901394842,-0.22183890892598082,1.622594432876602,1.068220016467045,0.42427632334895066,3.5317110491724106,1.7100775527354066,-1.1346167384042447,1.7891525271492459,0.20799323966057526,0.529345497581029,-1.0007677724046191,-2.731212782463822,0.8898124483881893,0.7546964543700967,0.2719284355608375,-0.1970938081745906,0.04190371111485641,-0.6036273922932902,1.9086059259283679,1.098374446350101,-3.550795732231213,-1.795340881396529,1.5191368564932923,1.6564240757977673,0.386007062443143,0.10749573591303589,1.6745307456462437,0.27124802235230683,1.3076672375204645,-0.09249130013961426,-1.5158971248972046,0.7605242700969905,-1.0123767839094784,-3.3898938120514868,-2.443588307277989,-0.4764297659112191,-0.9995274379576238,-0.8593144164106155,-0.3578657666847529,1.4807768412306674,-1.8792021821475673,-0.2812490317567853,-1.9391341198429142,-0.7296823254538193,-0.8973627742747423,3.0417191996461668,-0.39752910384604245,2.450306910610591,-1.0355860917974187,0.15787245367237512,-1.3700493017475086,-0.7620921015999422,-0.6486178239953966,-3.1133629356065495,0.36427368070075883,0.2745888505165407,0.6601693899303134,-0.3988863363983033,-0.8507333536122047,-0.28384623407007636,1.9856361330240166,-0.30210109855057427,-0.17430613683230362,1.117526495454022,-0.2752602349887351,-0.962210934478975,-2.9662668697172827,-2.2780885530994954,-1.6896788823540545,2.436765081674007,1.9988729945049257,2.1522068212503465,-0.2134805202892543,0.3639865301379827,-0.5824936942289949,-0.431099388289637,-3.7063129561144326,1.2872710598081534,-0.3928308919473375,-0.0466847329074237,-1.7371675417107424,-0.12150332067887781,-0.91893727141581,3.022340078325065,2.4297071581705607,-0.9780152223149045,-0.6748182508008185,0.7300249966567662,-1.517478483085018,-0.36406940901268436,1.4914556190249777,-0.6584574945660946,1.4278163522979457,0.5490881323267388,0.371557479538727,-1.071050914416832,0.3704602090678528,0.8946282280510495,0.1768375162277555,0.4802372484542666,1.6679628255535361,-0.8392628029213078,0.8438484812123147,-1.0435595944966136,-1.6520532951341709,-0.8039124780091715,-1.8420282340667475,0.5455427208111419,-1.7794843657138253,-1.763568217344752,-1.3741946135092578,-1.452043693101417,0.3213676899232199,-2.7316361385751424,-2.339038604375078,0.7589996741210764,0.8608528104126311,-1.0318729572791607,1.145542696485144,1.036447080002109,-2.2939968366750345,1.2982987847436784,0.8583007025911228,0.7953879539494761,0.10691304268324092,-0.8962422000613286,-0.9030375107542207,1.3329382022666574,-1.189375637938296,-2.4117828337314835,-0.6005508923266002,2.7759587530824605,-0.8307280306180327,-0.3520366781717372,-1.918805827293598,0.8201861589286532,-0.3218016105633753,1.1125625061455966,-0.015123976306785247,2.5213354976298565,2.2801414810439624,1.2056452098677293,1.127965665665576,-0.06730671110031994,-0.37771219541207995,1.3398248050486037,1.660911211560219,-1.26833181711381,-0.8265664855287733,-0.2562340682109513,-0.5164459570956115,-1.5244314314969503,-0.5591593085541671,2.417348411631336,-2.4318548894339473,-2.2131253274282416,-0.5833087836538184,1.7973591582257664,-1.562935799957026,-0.910472304993087,-0.7087427595963245,-2.415837888668186,-0.26020437734282265,-2.5576609132875316,-2.63641895175892,-1.133609377500043,0.1232616399726254,-2.82834222423004,1.2670198215214659,-0.43889250068645486,-0.2453502168866219,-1.3605677823118025,0.3726321990091237,-1.6394690978022677,-1.1706402604435706,-1.2937617660263296,1.7223399298725508,1.215356539624389,2.54230880893167,-0.04681777141871418,2.1175167465990263,0.35083602449955237,-0.8140999625937154,-0.0952797454524913,-0.3740716710994985,-1.1821042564463469,1.7662332711627546,-0.6818573461171038,-0.9009581310090766,1.0507891325741885,-0.27509388636992227,1.5595903507096227,0.8756628244931243,0.2263820433228137,-0.561970237395728,-0.969054890825207,1.8482649333812184,1.1710915796940808,-0.8534907929504818,-1.3593240895717857,0.9684965056536747,-2.6627899905116097,-0.8969373945960241,-0.5698006140172194,0.7419952097627334,-1.305264983550106,-1.002611148959493,0.7021696170362036,-0.511855954920602,-1.6848237118104508,-0.8774996941328934,-0.3433808734455414,2.7256479511391216,-1.965883505572747,-0.3211909983522978,1.9280881112304225,0.07971290908398954,0.33516281382889834,0.6162670347384555,1.8400033879048507,0.28961946056264,0.7523958160406823,0.10033901579759308,0.6935005980461367,-0.2018985456496254,-2.110266316069876,1.09606085314641,0.49437062777728924,-0.08700997030943426,-1.5259704434633503,1.5740527564689804,-1.387786695051253,-0.4525836496649617,0.2337043219756172,-3.0095558449961275,0.0387071181704066,1.6499512858506535,-2.2075607863450086,3.3343891785713753,-1.0558442055382657,-0.06705564191263655,0.7349166145370708,0.18363895393821741,-0.5249277973056269,0.4357017617597142,-3.4497564629363318,0.6348283824535252,3.287803246770134,-0.7953457214244654,0.40175312680061165,1.764119176336322,-0.5859615582489845,-1.6859560681169636,1.1617331896551497,1.1707069873159681,-3.155502540180127,1.0582817371264297,-1.6810758462024868,-0.8961750047741008,-0.9625657549485456,-0.83277957573448,0.5470183383966906,-1.9715314103092152,-1.1823832878836193,0.35941880190588094,1.1574043240560048,1.1609686091804938,-1.0235118880818104,2.68412596445616,-0.2900783339455205,-1.3377072359390478,0.6694932723401288,1.9765053893857143,0.02319274699321422,0.7587448503430809,-1.4127519870586882,1.5575849156268746,0.5691838940570616,-0.8816376259331012,0.7406333803962695,0.7039978796720353,1.9443401620608682,0.12469432990440343,-2.2995132864419214,-1.305572199329034,-0.22316919293485715,-0.4028190898581027,-2.233754750016044,0.7653363970995795,1.0182186191055138,-1.1368029190301105,-0.7957074620606697,1.104905167760763,0.9836661730343741,-1.7074694863454867,0.9771380466133912,-1.630552651571262,0.3884547870512459,0.7909318416049106,0.006444677480179545,-2.034961119357573,-1.168234897145919,1.2472988785652694,-2.849628527412233,-1.2864896908372487,0.6840534499982263,-0.39420394062045994,0.7367559887333552,0.24048696149294524,-0.47654952397738415,1.6810887510732402,-2.2128363463624074,1.523777773440044,1.0092336273961764,-0.7857280423014827,-0.5311922017139117,1.0184877130606191,0.26116836191543547,-0.5980902561166915,1.117347789549011,-0.4575230490745388,1.1991768469781718,-1.2693987077397297,-2.054092995390185,-1.755214306852254,-1.0745880363627884,-0.20200376754682584,-1.5705354872064374,0.8203288704925891,2.4988790345568774,-1.7878670242205776,-1.164248443787511,-0.9615575332446493,-1.1792289154413398,0.24591153094175747,-0.08589263596005985,1.4703467238735395,1.3070290958282147,0.8413608262807452,-0.9179507693021904,1.0935084301942641,0.5743352510866933,0.036940567882398745,-0.7211142277667576,-1.2714276473616384,0.7546402033780574,0.3612735432482942,0.7266465751926191,-1.847597095538943,0.7732387965236842,-0.3793054140485746,1.972198698013789,2.409181147375167,-0.7823794719040059,0.9623726150923263,-0.2978433335695249,-1.57921576880979,-2.026082564286164,-0.926479941619284,-4.534373175361876,-1.0757285186935654,-1.1292773790731574,-1.074947944951729,-2.047777998619375,0.5803315370540358,0.6239668788618111,2.5953292136481796,0.4415844095376487,0.7712263722866762,3.0126853366175697,-0.9270508508034719,-1.0816000677191062,-0.9331978979013615,-1.0808294506346705,1.1195329650456989,-1.3851644310460665,-0.37881928225217076,-0.5657762010643018,1.000740903932354,1.033784161631952,-1.365915868435244,1.1000116142084762,0.9911549605950213,0.7034773699134398,0.16337234032890124,0.8312454205811439,3.825003225939373,-1.731600156328836,-1.167725221249912,-1.8007143336351346,-0.5572936200525871,1.7920020821706326,0.24534263003131535,2.1939295796168983,0.8749069216369115,-0.7303718630749523,0.3184357086744186,-1.9543179413363432,0.335686004965242,0.21706290686467428,0.2364631680071822,-1.342966663239009,0.49655468003328196,-0.1249875113716811,0.5850226879303058,-1.8108913058471439,0.1008403190198694,0.13050656088240464,-2.8082224618817135,0.7398592836367136,2.1452960004367436,-0.4640656902191376,-0.37575811611232446,0.3784831313236384,-1.323106198670086,-1.1452769949229435,1.3073492533319944,0.532805926896573,1.7839602449745062,1.2636636804586447,0.9063034758744781,0.20129132253470788,-1.4306740576197214,-0.3749814560089208,-0.010386861968529573,-1.196608367655323,1.3626162059158637,-2.221392800327176,-4.118576434298056,-0.6943504510193077,1.3516674104890545,-0.4404221248592608,2.458343234542379,0.13281351038521844,-2.551033668957806,1.7811488158806468,-0.4463818938615036,0.6051090651628324,-0.5452108601337361,-0.9358893499002976,2.267141353188567,1.3970909517764236,-0.7401350576331085,-1.8734374755654153,-0.3006372597467001,0.70993044623785,0.2614339822040776,-2.260435730469113,-0.38036063414673316,1.4042497020761147,0.9645376477080065,0.6169525639081558,0.4464538367592848,2.2126047277333294,-0.10792731507631022,-1.8721034745952303,2.2518784062467603,-0.848424151185996,-1.0779562826580176,-0.15657343657976308,1.206881487160663,-0.3568522442438504,-3.50814119636283,-1.031025885397031,-0.662250145038791,-3.3184762598879596,0.12076035547773693,-0.29682475254648627,-2.6636673870584553,1.9402069840286724,-0.32967126560620336,0.47748662679888065,-0.3751766851110202,-1.2890396318745638,2.1894011604714874,1.7897397585965376,2.498261015623927,-1.0760122035727573,-2.7756888055889024,0.09822388636556278,-2.338263755186838,-2.0243437226016208,-0.8827689236467229,-1.2188001812019047,-0.9161466140037446,1.3685697748439394,-0.7220090393231708,1.0327113174837361,-0.25697722131910367,-0.9525793848923552,0.07686575715701088,-0.169381921380776,1.9634345482757443,1.902838846722072,-2.6390645166382924,-0.5372765165304898,-2.171035595612259,-1.133918999689892,2.8742040189834417,-0.5307375003843176,0.3543150643572847,-1.6888974354417854,1.0386917117220806,0.11034380898856874,-1.934300248967244,-1.0428137845807446,-1.2697087463239234,0.024212604935460944,0.32964865996344417,-1.3694360133691708,1.074239811955667,-1.2488387402850176,-0.9618236253924114,-1.989075745007845,0.2103907647380991,-0.47371654602452684,-1.168014033655779,1.4197226044031395,-2.9808881042182738,-0.2105217822242905,1.429053261187057,1.161870807896636,0.5894596616718907,1.5474839026912548,3.0122535053786335,1.0260138789997724,1.6417164119225445,-0.46544259455384723,0.2556250556138587,-1.3953143215126822,3.5849600211078307,1.443717814244978,-0.7294045162205024,1.561819989221524,-1.207059425346339,-0.30556280484207565,-0.7618444649527532,-1.1598534382454444,-0.7623217706670351,-2.6266771291126525,-1.5164198783674854,-0.6132569590983121,2.2437364956065897,-1.1099796955221588,0.8151729638844948,-0.9282629322418442,0.01360486975426542,1.440371819817423,2.895407508386236,1.6770001856809613,0.5279479119688408,-0.9186968011039256,-0.7835353811333511,0.9052593125793269,-2.118746136252039,0.0675373446499436,-1.206651631539476,-2.410015194193991,2.8137543110620404,0.7993795486035198,-1.2824378701719992,0.7484768768513969,0.8588922338607573,-0.33803220698041847,-0.13088347612895884,-0.5662893783344491,0.5667001700832476,0.5946607028225541,0.6561129052656433,1.2421397821170383,1.1056269333034612,-0.9925285261963488,-1.0142968523414297,-0.4357870869197169,-0.23589215122221963,-2.7955847831602014,0.003949058877664391,1.5665122970738483,-1.1066746176486812,0.2948526851693485,0.5873171815478679,-0.23421967512082553,0.38235336996172287,3.102277647607968,1.328290000159643,1.3051542669202387,1.0758179264991052,-0.7961010970873494,-1.1099871980693257,1.3035281482831624,3.1240615505109246,1.643170498554134,2.17211797823144,-2.2654252067169076,1.1320012698430815,-0.505342861117581,1.958137929393858,-2.2679852133560625,0.11266853234052532,0.8418483470475453,-0.7514207278855759,1.2819970233908677,1.1799456265839185,-1.6003691168529166,-1.147531413985459,0.045684502249600356,1.4483759787805766,1.1520661157519623,0.5861686460862409,-1.075748031667417,2.169362923193743,-0.018968662671002695,2.0289573285542444,-1.3238582750452579,-0.2923201646721999,-2.2179698766058156,1.415185228067668,-0.590676493900568,1.4047148355651147,-0.20401301827838025,0.41894913402570777,0.06281848490979347,1.1392468130661502,0.8279269427294489,-0.4161839352064632,0.856146746728914,2.7398007477852313,1.2400652434187098,2.481920198025821,-1.794249813205213,1.945717698710889,0.5878254728893209,0.03360633903112564,1.4201686280835548,0.022608467398066545,-1.7258020794595326,-0.6375764833652312,0.24722196307340122,-0.1226008339979191,-1.7093274975514565,-1.491123296379476,0.2414922118361163,-1.0624913250413313,-1.5946626563858668,-0.6281403927951621,-3.900568720582888,-2.5672493026376806,-2.5746811607045657,2.520686013575398,0.001029979114060664,1.8653596892850388,0.7960758905863994,0.2580523126106423,-2.03427360693905,-2.1639068453673227,-1.1008566709803311,0.32518039620425193,-0.4288421934876,0.012405202761052947,0.6276870688812611,-0.5335382634706022,-0.38574510363573467,-1.2825717312088174,-0.7531913882326515,2.4286585184947924,-1.3037015182059413,-0.2623583156890563,0.8103397532769039,0.3416518207208118,-1.301953363764635,-0.2602042978779881,-0.8574364479553431,1.2560121859509048,-0.5038837663886901,1.623258689422837,-1.257444698165839,-3.044829363677665,1.359783901330027,-2.2271665006679786,-0.2442061067069759,-1.031025303548908,-0.011653991559085766,-1.872953942549599,-0.534623241009015,2.011958384474659,-1.099692573963075,-0.7987540185900945,-0.10887185916100697,-2.1325325571622753,0.10375462767892973,2.4421175457431707,2.38962700087006,0.9087792753176018,1.0338490051185016,2.296592962526711,0.23691726638570165,0.9337467750630011,-1.082231476698289,-1.4115158380256934,-1.5511706220340584,-0.5244049710249203,1.9374639320956182,-4.1801291479062215,0.8602082540398854,-2.0196676699153646,-0.38109548813135175,-2.105368703618599,0.21489287928771317,0.37521147583724324,-0.24010337817037125,0.9633376494999746,0.08231972840752379,1.2700519948092144,0.17543267740048232,-0.6432470665884303,1.4893342938298482,-0.1711204338120926,2.527068681801769,1.0381080939051999,1.5185004404712532,-0.10977046770672945,-1.6440115589729742,0.24085371718487703,-0.7636991193597106,-0.728715201771197,2.009199538654693,-0.6489649489460241,0.2954778207243942,-1.6651271381611839,-2.0417857587681563,0.9053717519668907,3.7556211398502866,0.9678657198290638,1.3014088243416677,0.06222214422541733,-0.9523715378986302,-0.6569016822927937,-0.1513489618122591,-0.4368507734760768,-2.233399289259863,0.26581833870084587,0.406944060592422,-2.772283971456766,-1.1257461874418564,-1.8673215740452114,2.6994970978897013,-1.154543343123513,-1.4209265616630142,0.8223012839862864,1.9962761046576623,1.4432224730732295,-1.5883728692615184,2.521333225599501,-0.4204029981020777,-0.951526568737468,0.4853430973662777,1.1549570121095452,-2.1601034189025126,-1.091297758078533,2.007226861473926,0.004333285954867483,0.08013179889109491,-1.0539440663350579,-1.3136011342569767,-2.009762853569711,1.1524008363446971,-1.0160903297510344,1.3323774323638493,0.768710002473205,-0.943606275706582,0.24226377533244692,-0.14188668191608628,-0.14002859890787556,2.4910100564722146,1.538423622243254,1.7500192897647322,1.1367644613820542,-1.4085099577740507,-0.3622457072686691,2.968563152134318,-0.25199674461411015,0.15426883010678227,-0.5361115929912218,3.4801064451697923,0.053390076943956255,0.35011338620657717,-1.2328448577936142,0.8063180119722814,-1.3323796593207333,-4.130390172018185,0.18905576631487792,0.7576732072815362,-0.5111435037771045,-0.4520828071043549,-0.40433124233517226,-1.4951776772875875,-1.2115264682651972,-1.1807820212261109,0.7798085424607085,1.4664245587338962,1.9626861273937242,0.8324993718379637,-1.5315167368884033,0.3267933632171383,-0.6504909401410803,0.04231666752841591,-0.1278391496843228,-0.6466764520433599,-0.47898391354145187,-1.8908194793889452,-0.5738421267149948,-1.916721313780907,2.8102861403992123,-1.1854600193763862,-2.947604288459357,-1.4237912278026088,-0.1797010963522816,0.31671558018326085,-0.1721707910057752,-0.13106490370887602,-1.177150664012194,-4.142657250811288,-0.8998120020156797,-1.6450629445256335,0.2675548435684367,1.6795190339327633,1.9850136777809295,-1.1660859723569028,1.5835858814500952,-0.33483951180997495,-1.430301725387858,-0.6532252420009274,-0.8213128474091737,-0.23357238797683658,2.079194280469134,-0.526270611110928,-1.5808477900662703,-0.8303939588490885,0.4436177496976429,-0.3851965941245696,0.49637665037627954,-1.753261692116473,0.8199401662366972,-0.7621864955016383,0.14709298037535212,-0.6477875125703485,-0.3421298506741568,0.190979412733758,-0.3619026880891816,0.612645948133299,0.8451661692082121,1.4890268515025749,-2.723708699172459,1.6650623525889452,-2.811247217949516,-1.4281431858533307,-0.32388963157398754,0.5667991985791977,2.5619554276339236,2.106592537084086,2.615604256174706,-0.7411644848622962,-0.5142164880247094,1.9084122608980492,-0.7969935736747966,0.36748358852035934,-1.1772600306503176,0.11704078213291841,-0.39660037450713825,-1.039134004886967,-0.9690371241885709,-1.7824569239928594,0.7381190103617138,-2.2590072161546066,-2.519449656354554,-1.1672466949538924,-0.03872896895065836,2.091732213646565,-2.883293710844878,1.8549742609052922,-0.3836792516127827,-2.3358972824479696,0.42345336595648,2.40194092417379,-1.330403174069559,-0.7489945755570357,0.3175959257502923,-0.1534564239062602,-0.07173360514204724,-0.796919691255773,-1.2389465951874903,1.242723565076656,-0.03227460781196269,-0.8892302281077389,-0.8110107253410249,-1.9161469261576787,0.03115514618276527,0.5631133939006903,-0.8882342413667182,1.1929112756578126,1.250033599180622,-0.6229224886177465,0.43136861230968065,-0.7236580268106163,-2.4708162250921406,0.3201765802685967,-0.4262983131471,0.06992223160032784,-0.4731403036427988,-2.1386070448021623,1.0135145156752516,-0.46150830314409513,1.3077795788541673,-1.0556938648199128,0.012548192549199921,-1.735769364637082,0.761162426892596,0.3953845096892499,-2.6043523280451883,2.1754510774758824,2.352351942658859,-0.6651177409113862,-0.6693354940883023,-0.8004951346533784,-0.9668056119516371,0.9671367843752622,0.30272683191495897,-1.4460818544804606,-0.18206393880605948,-1.0807515813163189,1.8882187703471238,-1.117914036197429,-2.0702954931988318,-0.10679890203551043,1.3089771891942361,1.933987943865925,-1.7127457911326551,-0.2752248718388248,-2.809599210050386,-0.6716028765038781,-0.3278357764380536,1.99958476238069,-0.8798973235037616,0.09304887270126913,0.7436483288089359,-0.4141354621978024,0.46116563405964045,-0.42964832856726504,-0.4031417061850858,2.9645601132059416,-1.2322064565603528,1.9431526630333242,0.0541382042954527,3.906161416468434,0.2952333656538662,-0.7926758388081195,-0.872205800026449,-0.6594050258514226,2.499511348557282,0.4119127293002855,1.7764368956028367,-1.1511663032687942,-0.9358573429676758,-1.3023430654630048,0.5794648298417875,-1.2312606795996146,1.6460363742767246,-0.613315923443718,-0.5370282399602574,1.3857111310469432,-0.3296545372673867,1.6646299018889958,3.8869767382430833,-1.499106010845005,-1.8844604363637047,2.0074283139356583,-2.4532304954543354,-1.1016349687920808,0.4144015511288804,-0.19488958338795281,-0.2888148898217044,-0.12097263258668278,1.3413139667050697,1.6151691788046725,-1.9204261849076034,-2.8895883243094884,0.33777035882077333,-0.4880473139977155,-1.7085820438057928,1.9378713495070998,2.2045162667954137,1.4126729628020767,-0.4260566548624123,2.05900974647786,-1.015013863717032,-2.1405354802023595,1.768930676418067,-0.0024997092426718437,3.6999231254055767,-1.39885184880475,1.0077218877467253,3.198075662506583,0.6333139063610638,-1.3327633026299601,0.4048943137456526,1.8547866148971779,-1.914492830310877,-1.0360960403493287,2.683151340549729,0.46778678661188955,2.073328324318579,1.8533006203077926,0.6093841703718059,3.5791617659684087,-0.045806939927644175,-0.2583405072607333,0.7962009684274601,0.10315341226854716,1.3051639040095133,-1.6341156622260158,0.16400423763859379,3.1079922435085976,1.0365049484376208,-2.0219545742991896,0.7018324877855496,1.5445993014530084,2.123544841566112,-2.2979523462326794,-0.6604572115359144,3.107797731088086,0.052245698711201966,2.739018440246172,2.2346772661268646;-0.5795773418842739,-1.1169349524643604,-1.972527052691146,0.8307680927056617,-0.7158075293822794,0.045864281315802335,-0.30600506818226325,0.79145530787127,0.5847701931509449,0.7530934474632591,-0.27049612667382755,-0.22960409216324412,-1.2992832701406931,2.0085626456132974,0.37371583995329155,2.575656908458975;-1.829085091413194,3.342408071296341,0.9648555935373359,-0.42895805529070935,-0.1567952280042663,0.33752393571288786,0.9388536961382832,3.187815742426888,0.7189953162585256,-0.21261707970530244,-0.5962295926114066,0.8055746296599028,0.28905045789454786,1.047127136233348,-0.18732208271181386,-2.460140488248581,-1.8044173539767068,1.2503966636005996,-0.9810926754766085,-0.4350672069810908,0.5767328578751716,-0.18522454268576363,1.111918892425821,0.2821029498666984,0.23612609001820606,1.5388431628728019,1.5351472388713718,1.3700422365531928,-0.9707420887143027,0.7381737564088727,-0.5241584784204242,-1.6343059130946733,0.5549979146995652,0.13773553032599045,-1.070809138494639,-0.005266775518971201,0.38412339752353897,1.097040144164842,0.9174465692936188,-2.735208294323767,1.6814133511686107,0.9315270074965305,-0.5922502455615605,0.9361344807226313,1.510366399661057,1.727085594413151,-1.662688443536728,-0.2004118043209835,-0.14295557912456158,-2.3711422317665787,2.487184815208328,-0.379216676674365,-0.8926722824304822,-0.34244302289351297,-0.5558118156955918,2.4116117797473686,0.022614991144550303,-0.42008709530174604,-0.8545904041389406,0.5078260977333975,-2.978388172080085,-0.364434762088218,-0.45670088989689817,-0.02657309663951235,-2.3211305358370176,-0.7362782405676012,0.7638522732291799,1.7573377545236235,1.1370837554962083,1.353278155127379,-1.2400233058369239,1.5639364066280759,0.8281615840546962,-1.0055951029577779,1.3703744900350268,-0.7924784290230553,-0.3308895133733082,-2.400739757664865,-1.0923711732546078,-1.5471418614874644,-0.16389118365259753,1.162379253717553,1.9926726267936303,-0.92654214717687,0.22138049912124358,-0.8687582188251824,-0.5872055994484287,-0.2766141826711721,0.5751380606159224,0.3141689138004754,-0.6216437748951799,2.1487176906478997,-2.026332303604433,0.8930903356038709,-1.9317837097649913,2.0696622470448918,0.47020748875938667,1.2564492852800204,-1.830262527725836,0.7249489856208526,-2.6461415442887093,0.01584693727603942,-0.8853343371125255,0.6566597686316067,0.3063864235017196,0.20725359552894507,1.0722601552058333,0.22522731760014614,2.769906354518996,0.8299261663281391,0.6391046728294705,-1.475160702804275,-1.6161047705901512,0.32956997645298025,-0.8151985033852485,1.2341096278976975,-0.7223562680236117,1.6224832930456379,0.7813874395829494,2.0967014319063244,-0.5805542316954928,1.5828845731586323,1.3734334730295557,-1.2697344521948495,0.993018736806731,1.3796932715348769,0.5091154707506709,0.4259537956819305,0.684195589446897,0.8935078975177015,2.074124135622381,-0.93860895135253,-3.011415629659434,0.764172932369948,-2.0886426804993166,-0.013148109959405402,0.3790394872608648,1.5828915307112026,1.7578647068385012,-1.0374564167867726,-0.03673697471660431,-1.2707286746420121,-0.04489030460202127,-2.700694556087573,-2.0721403359518766,-1.8425498479921603,2.0028516287875284,-0.18843468615315656,0.2232684154540467,-0.6046471561728115,0.43794900672836784,0.1675729838651206,-0.7003372024344474,0.582251907425235,0.30996834438901577,0.8426046877150795,-2.5189466103210334,0.45582089423782973,1.169876420678687,-0.11746191400831633;0.9464472082137221,-1.1441582142765323,1.2966115195568815,0.3176130713416282,-2.8186338405175952,1.3860429727017407,-2.266102951017083,1.6505433528721838,0.6943439887135625,0.7777466818197599"
10,1.2864951914373588,"-2.4831948787371783,-0.37687842529289706,-0.35366834927988494,-0.780044406292168,-0.4035105672172829,1.1335400687461354,-2.012618893576088,-3.3779408809745846,2.0661695879741524,-0.8894656160356255,-1.8089367544768464,0.29731889339037987,0.8380366276476519,-0.6616267381073457,0.8069944819536656,0.42457543963109545,0.5336045879828419,1.3866731320738115,0.22343727096419833,1.5397622435468716,-1.5615946062756536,3.062522165541248,-0.9772093115414322,0.419179647578283,-0.6342309318440231,-1.7590073966989292,0.5703406851579481,-1.3256830671036974,0.6890070806431028,-2.3025409808813246,-0.2588937207214951,-3.5539389960437098,-3.322071488479525,-1.436993507065348,0.7755872977363532,-0.5452928823991091,-0.555106609153248,-1.3354108448893824,-1.3094068537821881,0.969857735640762,-1.2633650697341086,-2.2229929250677145,-0.8707853742021132,0.14653625938939108,-0.013550148447507626,-0.2277100484361361,1.4913401928768941,-0.707609044885982,2.408429603716028,3.3255457490622455,0.30397799266635306,-0.5852764818328711,1.1913402771600823,-0.48817991989053033,0.168100949309497,2.573900276249473,-0.9159846617428512,3.7719990437467765,1.9257057946732945,1.4684899218041325,1.4886636225541996,1.4848072258302036,0.07212137305339322,-3.0590013809532928,1.7981883260861848,2.1904829590973,-0.0313627931517233,0.08584422025143798,-2.7069162472461663,-0.7074781938748219,-0.9678570774397128,-1.4734746996294406,2.3418616725316794,-2.877311465242744,-0.7718422907037161,-0.42059906899323785,-0.06213520983413655,1.5072804262376285,-0.42599869297835935,-0.810432879632461,1.5488692871153227,-1.9981322990930273,3.2300986655044537,2.804002987868662,0.009069440481617369,-1.0237076179475966,0.7153601466661944,-0.09372622647342216,2.0801888443940797,0.0963146479197835,0.9417310255395173,-1.9324485684723869,0.007141997267164413,-0.6712821006483994,0.8072281557066696,1.4359752328649606,-1.3973088153093407,-0.4726779967630522,0.04063636196693171,-0.22131321743660284,-0.5497104399365422,-1.5296258846795905,1.2562889566881792,3.694010646146608,2.114308616329815,0.6652223371438234,-0.12730722542338074,-1.5811414848039154,1.2314369365913613,-3.1958298888146652,-1.2455780154883078,2.066858662441275,-2.1113129369702768,1.0917491068735206,2.0489323471799468,0.5932719886124244,1.328453496343269,-2.7024038099351637,-0.5189835518702355,0.09459012444853877,1.127774445888917,0.5459818123970905,-0.11979696169111254,2.930029075731985,2.2130871826475675,-1.0177027104342093,1.2543233755804226,0.2479947805744045,0.6693528868741996,-1.733362345230765,-3.4693981673743535,0.026901441784735802,1.7245179427998227,-0.7828356549110347,0.5457259852345394,-0.13365621449978604,-0.5591020576405874,1.0527467683716727,1.3659825050683059,-3.638082359182134,-1.0731762208559572,2.505948947993183,1.6546099353844506,0.5864828406114657,-0.33466787375501983,0.6841063682079955,0.3186978597380393,1.3699691860404597,-0.35543829173972796,-1.832214050236921,0.07230033933274149,-0.42843500296303016,-2.3375264919786827,-2.270333456982609,-0.09093564604613358,-0.9518080765016639,0.26582604073198113,-1.1498614987043638,1.7438882464845786,-0.474510189597545,-0.18289205815696297,-2.4505497681044774,-0.9152504593481019,-0.5448174890958896,2.6872376707705095,0.4936278157037618,2.3020278461341057,0.5100435383322819,0.4077057504950339,-0.7992409896166798,-1.603134363333097,0.5810751397465889,-2.489844417422751,0.23352869691665987,-0.2911006318054234,0.6749702449695443,-1.4106242796282644,-1.0064429024926804,-0.08294334030659223,2.011301755175295,-0.15832080809266058,0.8794103173160557,0.8030710064944324,0.32996930631628546,-1.0107440203659337,-3.1254318534712824,-1.8448862567632116,-1.595454195067415,2.1939948043216813,1.8186634638622088,1.3505187000470151,-0.7017789495439692,-0.30955378027254976,-0.865138597810537,-0.8402287450985302,-4.08206074546787,0.5245470972647666,-0.15544790551669058,0.7569594100821209,-0.11020304361959776,0.36916564314027467,-0.7037669646062584,3.519959984113296,3.0295928115318107,-1.3067843996857165,-1.0200506420259805,0.5882249039498813,-1.1941427509836902,-0.37155956396520173,2.174061774461269,0.06343830732062505,1.3816135506156244,1.234119534722785,0.0482151537975361,-2.1190121136891524,-0.44219518353506904,0.49977763225465643,0.5109344429237312,1.1554498271500113,2.2454264375327333,-1.2382884760486315,1.1828938656724526,-1.6906906640396486,-1.7505519606760889,0.24039390987441728,-1.7720655965287417,0.7396267016722159,-1.3524439840358369,-1.192949261002938,-1.533175438956368,-1.6041106752090069,0.8095381465636066,-2.782636545661898,-2.8843407567348223,0.9476478428714945,0.8466008668291427,-0.5370389976328593,0.30290607935899916,1.1507168681613877,-1.5406009043146869,0.6882576654019875,0.5417286553149224,0.5347675435956996,-0.6649918538794111,-1.3368819130528438,-1.779797321401122,0.8000335253979722,-1.1945617140218774,-1.7384356715997966,-0.02354000290481257,1.8677306917875953,-0.724924065374114,0.08297637564513094,-0.22594651889915118,0.3828900564210742,-0.8844486117816144,0.8474305540116969,-0.04610406053410754,1.8161573344115074,1.8679549192443687,1.2493799806821173,1.3264426557276794,-1.0963068100474411,-0.427871515716895,1.527036843562731,1.719804225308959,-0.7895413290755513,-0.6519393381705738,-1.6504580231847548,-1.1303563514092532,-0.6913425431102889,-0.645944434796115,1.9734557972739315,-2.825653921863147,-2.026115494661669,-0.8279058814768679,1.076210404380849,-1.786068036626237,-0.45901352351152547,-0.9599678151719895,-3.0958377574370846,-0.7042427399857253,-2.2866572794763633,-2.025841900141403,-1.76103045623121,0.1883529182355005,-2.945634907323269,1.675293955763475,-0.6505106462094674,-0.8311402222209645,-2.1517415091097853,0.9407190521370572,-0.9601137361902214,-1.904544877641995,-1.2768218797625095,1.7243989050141,1.661491654659886,1.3465286928049303,-0.10628420433400154,1.9179915968100187,0.32589811637811894,-0.4038815701569848,0.09393041229798438,-0.18155931863675237,-2.3440322085797667,1.693330920437496,-1.150117553425221,-1.6449236870748933,1.6257643248961737,-0.8654774563447075,0.1532896512189006,1.589315389283571,-0.6744436617103782,-0.8320022089534429,-0.4706440033839029,1.3433068723303838,0.7579895388080642,-0.7160957934743858,-0.6125032946942255,1.3333837792879832,-2.0108034035428783,-1.1854820609952945,0.1391594461872241,0.8033619092623876,-0.8985229935970529,-2.2033035733583066,-0.1935563501485396,-0.2425016918662578,-0.7354374222304954,-0.3710225936447576,-1.105070901277032,2.3526575087176362,-0.9275384353106195,0.25975626114711936,1.4491125438557098,0.1374485107403463,1.390806120312419,0.8151847863743462,2.849924839661125,-0.2860863669339868,2.391548573999044,-0.2777521623379036,0.39493143881502873,0.417416551400618,-1.8970223219275104,1.5314023121866707,0.9397912415387926,0.0962931601826485,-1.6467216158253084,2.3889936719334934,-1.1608689906059966,-0.5097120225152059,-1.1823235221259123,-2.731823452505841,-0.4472630472359579,0.9355335752666463,-1.9538447817194895,3.3437048661006448,-1.447495602460036,0.049240787575196426,0.7592668841048856,-0.06729800699827013,-0.8019111444079148,-0.7295615382152627,-4.586891412132543,0.6229280086013141,3.060244244436437,-0.8239242062137515,-0.5077648888939164,0.34635505898922975,-1.2651882392714107,-0.7120033760250035,1.3046523212862584,0.8192996263182453,-3.37822979583699,0.8977252528482839,-1.5125050991157114,-1.2576667461699507,-0.6230624731995098,-0.3813221605060482,0.16648188870680417,-2.5382598345977443,-0.8568301419055022,-0.19035678722900917,0.681258832104011,-0.1452398275987652,-1.4551894791033853,0.9293921456004477,-1.469900529539323,-1.4438865451315819,0.7234129370591429,1.2413537433051103,0.6406064808645955,0.9088297518346423,-1.3519032419824981,0.9552444653641823,1.1453041322029947,0.5018266151446502,0.24332546166191077,1.6202874485843697,1.368123099893634,-0.4811444148846743,-2.559173229563305,-1.9348822335766478,0.7762827033809366,0.01738969952415821,-2.163486198078311,0.4282749584042229,0.7169481566871166,-1.1000878070255773,-1.4431288345815334,0.9880949751473485,1.4504468842483569,-1.376994864626161,1.2418994291556928,-2.150847956898783,-0.1549490415737167,0.8171175323437717,0.11806821622789408,-2.218549044558377,-0.6622326047976288,1.4323511833636262,-2.7365925266076774,-0.6240466680964414,0.9817753664763087,-0.8596705908692912,0.783704942573001,-0.13350087382127007,-0.41678391291930145,0.7546246177595755,-3.282985143098836,2.5069773885239486,0.28030553628840715,-1.3239870455768172,-1.6361996153267395,1.543273336912389,0.391914854061772,-0.7309444089987184,0.764706651324607,-1.2893886820614124,1.2296358344827478,-1.1262922877554213,-0.835294903041983,-1.6891362395749534,0.04577761464927105,0.3595229932783186,-1.620797975839067,1.248695853855175,3.085794548932335,-1.7575314456344473,-1.2929389200920496,-1.3314670533975141,-1.0321562023600135,0.30724630789851065,0.2232194161963183,1.8864531502007422,1.679024632639722,-0.026898448971905076,-0.12251012137315914,1.049042783409704,-1.147928741202666,-0.30151356177337696,-0.45083021180482624,-1.7886154017438078,1.1998236898976378,0.159656374730006,0.38336652808215277,-1.6093472678707146,0.23303809489537833,0.18438396905391075,1.247418969287537,2.724205075449659,-1.2957195896075444,1.4350387866022891,0.44596557082834815,-1.0111029882780362,-1.0595804840401697,0.21642211258331834,-3.3208490098499777,-1.2826048027324546,-1.6819045732226818,-0.8276784357749473,-2.319905256118247,1.1427340815749756,0.5197082164820456,2.9369904135185947,0.2968433268875211,0.6584562892302321,3.3370048965851793,-0.6608757608273593,-0.9208665474751478,-0.6119639669157263,-0.7521522618171984,0.6609518911875667,-1.5986766489460396,0.8365568888931907,0.5143000427507228,0.7078085761063126,1.0511641334363957,-1.614417971871183,0.5333768595336417,1.0928243910960438,0.21841632588055465,-0.390393345512903,1.3484395065370383,2.943642788627264,-1.9589312149183913,-1.7934341857413183,-1.971482951980343,0.19827382692799433,0.7680364279293278,0.5591048226640961,1.1879945654213397,0.8603338780597145,-0.18402850528203968,-0.014728475816632614,-1.1793674111163084,-0.46006140693061426,0.04522822923328511,-0.2884710634915111,-0.7450516368967665,0.5882574529163591,-0.6267498336336709,0.5934760383218592,-1.349124401656507,-0.2844048202554951,2.0318207146753675,-2.1410049954334642,0.007593231141861043,1.6129715571650167,0.35997421731052787,-1.0475366599945264,0.8022732787983874,-0.9005666840820543,-1.223984428348514,0.7136414759870384,1.3579277879144531,1.4552350154443623,0.849987309054363,0.9398578354141138,0.5003259839478358,-1.3638557814468377,0.34773901322137163,0.36119631391419416,-1.6192660378068866,1.2169632242830484,-2.446006935783882,-4.338083630905393,-1.1687107406197448,1.5069996571702071,-1.7098360345287889,1.1417022182152996,-0.125133270518753,-2.1326328697358785,2.256107222609301,-0.11730135524036325,1.7280397529209734,-0.6853019980855994,-0.21628913121664184,2.91551246804443,0.8422346968689711,-1.7455558554172506,-1.193171218968527,-0.694968402240346,0.7386355854285898,0.37964120870535994,-1.7438694455681338,0.03162693527769772,2.111720040460208,1.8417569491567272,0.21076543328286304,0.10637429704247112,2.1063420493359195,-0.3140620593120673,-1.5558217370676681,2.256710644953657,-0.48455481418357493,-0.7903324042547775,-0.017004730521324396,1.0516432710561399,-1.7535460535889724,-2.1573569735438336,-1.861061217234976,-0.18244504771812362,-4.436069157688933,-0.23400880664382098,-0.7458352904736502,-2.701928100256024,1.8960760082980883,-0.2287938639837814,1.337424761627964,1.4410087824024642,-0.7260476602435906,2.0950458505912835,0.45866738178382593,2.371830356532144,-1.0449777009722987,-2.5571075439885855,0.406820039365962,-1.9478576355789825,-1.1793051457365802,-2.0437295691621227,-0.842144075921608,-0.4025595884863444,1.017440653040439,-1.1817618425057534,1.4806578042410223,0.2642976677030036,-1.1240538711016068,0.4977552596729561,-1.7730842916236074,1.5909547411563791,1.495294775744785,-1.9074462935075025,-0.6574553656434075,-1.6603231643980125,-0.5612624101644133,2.956266841838461,0.14596927072180138,0.1549226581138057,-1.1880197472078786,1.5216618162222306,-0.45093284673323053,-1.5134651884109307,-1.8517881143045813,-0.6591551674343171,0.17484255565375484,-0.10617736783988709,-1.1835510808968661,0.7415907049913406,-0.8478125795461846,0.12934395739900517,-3.455342691951916,-0.6683358352056389,-0.9979594914666265,0.11636662282997329,0.5022369000101455,-3.2068364178072817,-0.2984638193353646,1.0664560835795704,1.0122853218459111,0.16070019429536367,1.3494595557441467,2.5407240809786114,-0.028225129807314453,0.46186879615107695,-1.4222155608438427,0.19754337452809392,-1.9360856028249973,3.1424041062834904,1.8096985416928648,-1.3544175635023643,1.3327243984449249,-0.7323917391707044,0.39625521155980065,-1.2478836019023463,-1.0596286249882843,-0.4597022721018992,-2.468470223714371,-2.638986180086206,-0.7865273113949607,2.273425886265063,-0.717767015747572,0.780152895306634,-1.2122434492343073,-1.1233223104158079,1.2443394426145198,2.0361098897033223,1.6742449592847521,-0.1234852767839334,-1.3965326999739687,0.10327980495796252,0.5309145425539628,-1.4565842973430108,0.5966676739666831,-0.9395285080840252,-1.538461244306195,2.6464797918122382,0.9917684268666095,-1.8202395686431154,0.7542293131231126,1.2325885965376133,0.30688801852469083,0.24084111857209162,-1.2717832303659855,-0.28678184116920613,-0.7723457081902512,1.219674999731848,1.599813088845109,0.6682598665947213,-0.443218954756328,-0.46678630472448407,-0.6024263545926227,0.5157653174089394,-2.3614373625742013,1.3592526192048684,1.0577078712826953,-0.5908920845589098,1.2886032092771522,0.5808196360350679,-0.04723123713278979,0.5190915206414295,2.3333665986410113,1.5537797978860723,-0.01697773307176075,0.2498715622688693,-0.931623152040901,-1.1896043011242008,1.4502104048189788,2.4726285464978623,1.047637847296013,2.4358655919400487,-3.2078302596223653,0.6381404824187307,0.28756395077381103,1.2110602424980885,-1.610940923774227,-0.21455736425147848,1.6762323211168881,-0.7721353294303801,2.7279157327826042,1.2315881448093964,-1.0275078195158376,-0.44945830539166626,0.0295286253129019,1.4396771464018645,1.0963748681326784,1.0569192492411081,-0.8081653476676123,1.4468998280054146,0.42342989752606447,0.7083746304971544,-1.7426700017512304,-0.3705468013572838,-3.1173534486587475,0.7261576846902535,-1.3918446199027428,2.2284096977715278,-0.29564538480435776,0.5303349666370731,0.5385352988786672,1.5269068669980839,-0.028456183761732645,-0.2670726687390986,1.089323080249502,2.463021868781562,0.29471717298364414,2.7227598281723844,-1.0780652088772202,1.7982726637559139,0.16007337250283415,1.0913001819002939,0.8607415513802179,-0.24367549982856807,-0.7150422596467317,-0.4970073000079318,-0.23177803644015482,-0.07640600118879654,-1.3155064910064973,-2.9721404901756356,0.8117684221565585,-1.022652222299053,-2.314514780120718,-1.2302319015964225,-3.259563244233592,-2.3708977336303825,-3.3425481319675385,2.555201954032998,-1.7899753660149504,1.6637723889492428,1.3763437033349573,0.4858385009717329,-2.3854913555977433,-0.6943270188534403,-1.018316679243894,0.6016489043518068,-0.8785528939446119,0.39407326009923577,1.6717641504889267,-0.8162410336039588,-0.6722940334189144,-1.5845465220193482,-0.11455200630596896,2.7109608598358124,-1.0756115859219988,0.4460005500768196,0.08528452424936205,0.35140981650954445,-1.1669978197949074,-0.09416950892495658,-1.193015671204145,0.9761376855129215,-0.32587133626203435,2.3181211390663443,-0.7612532404345806,-2.7581488167443684,1.5750228397293742,-1.7100528533979613,-0.7252070915369173,-2.3325974013320914,0.1505850862898255,-2.367783765160836,-1.2127754884822697,0.5441548933680465,-1.0043064859016129,-0.3157331890677018,0.7668454643852266,-1.003210361930134,-0.5100241879729528,2.5768007983628154,1.6762949470479145,0.4249588617213541,0.23569442536015933,1.4638400942854715,1.3425656963740833,1.3947803696013858,-0.644142230870515,-1.3760841034996494,-0.8756723703034368,0.23929999727837808,1.05375405182396,-4.5078499694671486,0.3447623676464894,-1.662384419706152,-0.11906541082537789,-2.3219841825342495,-0.04357183842039436,1.1285018620339653,-0.9510116419746384,0.009285006212366664,0.16255925766992696,1.364714140489823,0.3414546799687227,-0.27336706792270243,1.6811707484062586,0.3958784269915874,3.1404619573338937,1.197316393477748,1.300900347124455,-0.36152713135770775,-1.4202147400732577,-0.4664285593069697,-0.9521024806734373,0.19296793488365038,1.5489947805617557,-0.8575937798234288,-0.3366689182629206,-1.4526313961944601,-2.0396796064700475,0.8273046992138657,4.615361532616567,0.7959536646176237,1.5097957603612788,-0.3521490732697189,0.4012308787011574,0.09901988278833807,-0.526533158361397,-0.38179424903424714,-2.80563239886182,0.7193987646784527,0.8557244557252972,-2.6020391647181755,-0.2877973087712138,-3.2297979064490265,2.3431260046515803,-0.8314795846980974,-1.79430877247593,0.03974985829910266,2.552842380031366,1.2784157025607743,-0.9033021882550498,1.8220119218680253,-0.9903651962205307,-1.9284013585072008,-1.262427734447778,0.7915801551239517,-2.2056397520027984,-0.4737276290827727,1.8547286451868974,0.02454155625709692,-0.4649595955099698,-1.2678793361538185,-2.3662622406804386,-2.721756396418511,0.7310626050015612,-0.5466048034750421,1.2880168066242097,1.6400979400873783,-1.1731678323582133,0.18193602111650997,-0.4147989311890877,0.29758913493334926,2.3364517803706204,0.2440482470735249,1.0325798819944243,1.7423449065315284,-1.1768442841230473,0.3512008553110255,2.363145515662223,0.025730727066891015,0.564547936914281,-1.5793016538650704,3.367087603416209,-0.30744918170278773,0.7928720688942059,-1.0734437479253582,1.5082847133061723,-1.0348433438559081,-3.6077312032024182,-0.11145824553979022,1.7518894057287628,-0.6458045328641095,-0.6101277051557722,-1.0291603397107405,-1.8450740344528191,-1.256783919249232,-0.635129469461607,1.84407197943856,1.4714602964917212,0.9254793293107415,-0.3381277338142825,-1.263946608631477,0.9976305627041216,-0.18667760981616893,0.7373736660995213,0.8755237387611918,-1.958131809724171,-1.181664278987096,-2.392636405227512,0.6016250764703852,-2.4123434505962296,3.2030775064003523,-2.2873437149965707,-2.839457580862181,-0.99300773057276,0.26070966081492086,1.0581263213656558,-0.07698826909795808,-0.20616513613394435,-1.345538703622167,-4.085038230425647,-1.6470026356276142,-1.5270313698327287,-0.881262503020803,0.8083486919262097,2.086121773988621,-0.5105116634950639,2.113127771903117,-0.6188335157160822,-0.826821322712179,-1.07171261814218,-0.7088341792562045,-0.404133182158935,1.974843668653199,-0.6524698791442495,-0.765558103562287,0.03247669109141982,-0.20757963541860336,1.0898296587740093,-0.38711365020053046,-2.036619240647124,1.0747122963101396,0.0469337428002793,-0.3186429954662331,-0.6805821850757434,-1.0567731187058662,0.04049706261375802,-1.1027310159536197,0.37736779534717096,1.9352807746460443,1.529127160819515,-3.574201810697613,1.425316297770206,-2.4250387180023334,-0.366094490058385,-0.7444913322441948,0.3199823501130138,1.6654362056079317,2.1809342117721178,2.747520900519151,-1.048375632169192,-0.18753997356152785,2.488542751290183,-1.0209568138413287,0.0013588809630527,-1.5722447510023685,0.19349513484784997,0.24423822141518586,-2.0494140108501413,-1.201593223129142,-2.0169950740163247,1.025815399123258,-2.171494938909046,-3.138484528893008,-1.2999938050923596,-0.19004562880744555,1.644088793063431,-2.4867058901583827,1.5980547213263137,0.2930638723999323,-3.1374160236127375,0.45807808851570875,0.9942452606086425,-0.33071441196700047,-0.21294825666566466,0.2026903127684312,-0.11839969642820397,0.11745976858363177,-0.7261153229997658,-1.6466600828739657,0.5634350936846584,0.24381224323812972,-1.0289561702915238,-0.506697181474099,-2.1198053975586135,-0.2737138630569309,1.6169747621668624,-1.348882898498995,1.1992666396029479,0.8850382003150542,-0.35002548631054853,0.163211436074717,-0.612632646072641,-2.889391826044325,-0.13248672542939446,-0.3396078914698012,0.11988676117707991,-0.8972541649151912,-1.7100019980328487,-0.21004302924353524,-0.28365194040376435,1.3341371836448728,-0.3791171851357118,0.7092788424629547,-1.1407122564327088,1.415811696247955,1.532903808031585,-3.487967997976335,1.9894215418470078,0.9543027754229312,-1.0225772507300854,-0.9353197828957543,-1.248749169942862,-1.1265327576922648,0.5184577839918478,-0.26054524294860393,-1.8900198589270376,0.7474448959932546,-2.0026591878467412,1.4053330749392985,-1.6246447418425578,-2.4050310199663816,0.17002490503409576,0.9152782135052453,2.57260320961845,-1.6584072513271115,0.14198518995862705,-3.5449584650067143,0.24299627200830592,-0.007598385078149028,1.1500064117116708,-0.5017162807063632,-0.014441494458225873,0.4176898367553636,0.42891060619774707,0.5509946946573243,-1.0101276812717386,-0.685028989074602,2.868399335634894,-0.9534314826376129,1.0512648364317245,-0.7072541150220738,2.7086053106340455,0.8375942222231008,-0.5605949723418552,-1.3277329108201088,-0.8999240359857805,1.8665441128623481,-0.5557432031056002,1.4777051354211368,-0.9625913273724256,-2.3067606124130107,-0.8945079001670961,1.0024498477242356,-1.3951301149276034,1.5598008478309289,-0.1496052736020069,-0.45500688542733725,1.182346915834112,-1.162480883840673,1.325285149235489,2.772307646258952,-1.5005338715120526,-1.968774395244633,1.6980268112945205,-2.8806734417737467,-1.094307107589235,-0.34090804675391995,-1.0204695930916867,-0.5478095435387293,-1.4209070097294076,1.805845584920999,0.6111562399881517,-1.4603250898131803,-2.4500204314367307,-0.12426015469159318,-0.30495755611310166,-1.4099560062081933,2.4798722153909694,3.4169486814094574,1.1261542083074063,0.31395446214470357,0.711417107367247,-1.0537321291679154,-0.8855040197722637,0.5997246632499149,-1.2077137466620118,4.386686356594006,-0.5505580047974127,0.23395612079112588,3.2068116263594244,-0.5282327145973624,-1.2453505698578227,0.22457889380876261,2.0297565647943117,-1.7362794318839538,-1.7905490046954038,2.292520659500992,0.8221050018851488,1.6828053983714846,1.764678320546864,1.5127829157124912,3.336787929201587,0.0444690006008201,-0.5751955935182427,0.6878533192704619,0.07249074948949882,1.0995766781844796,-1.1995556717593723,0.10947818550257055,3.031660352327779,0.8209114602110386,-1.4481523401600596,0.9401530574859248,1.0249224275812732,2.2045251595765607,-1.8639857104200384,0.6212869055373591,2.2389221732896853,-0.7781381010108085,2.600304493179427,1.8192272304139845;-1.505833978654864,-1.3247755129713092,-2.3036885218900776,1.0971151133711778,-0.6117113317094791,0.3905652672565046,-0.5889214857308203,0.4317413466470029,0.5126023863014303,1.0367284131173882,-0.3036733838633653,0.0916988988282189,-0.6433585144102238,3.40973914652278,0.2958385944780499,2.9374975224664026;-0.9247475773947205,4.18020344560313,0.040640379755127576,-0.35271475006868996,0.318879360617433,0.0389138798559978,0.8790761112389802,2.4720641763050617,-0.09789145415354356,-0.384525640911171,-0.7201064478882465,1.8193288905854081,0.25886399205110955,1.2276440741912913,0.2082028615105724,-2.3247400781297434,-1.809279796754786,1.4881807286384219,-0.7813030737105642,-0.7652044525200936,1.7672467697207632,0.23273086331994702,1.385387714035638,0.47510190493315685,0.7145359912097983,0.8526426153250704,0.05831749942523334,0.39288681562887096,-0.8757447746733718,0.9052163414996041,-0.003199575862925779,-2.101100868566285,0.6074871624532021,0.6472056488273599,-1.0253894328194477,1.9014482727787254,-0.47287964163380564,0.2951386871468261,1.1692943773481024,-2.214283332632466,1.3055301749778767,1.0539946234934776,-0.8299717303066865,0.48377000282346766,1.2317827304352422,2.477864392085062,-0.5287815489996153,-0.6981434091275721,0.5418766340174368,-1.8186443821264549,3.2037621934685867,-0.7075907677357586,-0.1604676135004386,-0.6993864340108429,0.31849337215669504,2.865375106813635,0.011254956055986545,0.6743466208346347,-0.2923082160624688,0.5776864985160177,-1.8474173635605642,0.05120185935764898,-0.20915250210245726,-0.7145089994440899,-1.6323178836360572,-1.1752152646408698,0.3037203229681933,1.619312894325705,0.5587777179260105,1.2981067873746093,0.2594233900357864,1.952897315562146,1.4369687143035474,-0.39508687125533026,1.679819069628092,-0.14210162450090064,-0.725720171852636,-1.480541750176481,-1.554609563472468,-0.8720238227131045,-0.6401008503345524,0.8975963491180654,2.52646531037616,-1.3674860633069226,0.6325716729347224,-1.4855340011444202,0.15682449513682273,1.0221391667717046,-0.1526747222249692,0.3649204172210079,0.343513595373113,1.7465071968630745,-0.9528635965731247,0.7725928179596928,-2.2039656031303676,1.6809831424550883,0.3370515053780191,2.023958561224874,-1.3122711049999298,1.5881163840440535,-2.7285592562136776,0.08555889028517633,-0.314156392657559,0.9389617745941561,0.6353415149508919,0.11220902070543393,0.8554825698840368,0.5791791025109897,2.7064358756124487,1.3199480243613735,-0.41172235668141927,-1.8170678753083431,-1.0642506985500642,0.013399343229388898,-0.5223368808345888,0.36989092226302855,-0.732636847042353,1.2968986535088907,0.5697463631141371,2.18884706173423,0.22039737822937785,0.4322809636236262,1.6312030183171502,-1.3017726309015907,0.6056313472797997,0.7329210068314349,0.8885144926211233,1.2506079549791962,1.2968871945095748,0.7358409424361653,2.1278929587577187,-1.385854752087943,-2.4201983736568327,0.2015245739675191,-2.188627148108736,0.509408038875188,-0.8721211224937462,0.6161837051610527,1.2881847030842286,-1.360642393501642,-0.35545733763787946,-1.4717248381739836,-0.15858874422847694,-2.9346411441934332,-1.5016046061144384,-1.4243614580195423,1.8737830262203201,0.2418398628717378,0.6905931219101322,-0.5433330019558738,-0.09446674852442453,-0.46447480670463226,-0.8411391945503053,0.7800984395338993,0.2198932352934684,0.3766400571758557,-2.7072396854814853,0.8902818083723789,2.5929255274755088,0.7786288588232273;1.67716114840383,-0.11073111133734645,1.26811945457516,-0.5130869264514359,-1.561178110906387,0.6386434128236527,-2.39109865899494,0.9931345190248395,0.025633535518095052,0.8825740708327697"
11,1.1538765158463402,"-2.0470539882474212,-1.7787099242279336,0.03322626183833699,-1.1493127642228758,-0.11556860842909761,2.049149612353152,-2.6262293134484276,-3.1227018330845038,2.094651648840681,-1.1761627533637113,-1.1832479804534013,0.6101776804138025,0.8024517471820192,-0.6014504953135478,0.2253976768467632,0.4730327863914754,1.0533867339776024,1.587173322635109,0.33241455190653213,1.5674707283617013,-2.0714115570634632,3.7150190986543903,-2.174964205064787,-0.5731941850837103,-1.029297125051532,-1.8276892462574188,1.2404105368157132,-0.35155580030144784,2.041245436816698,-2.6242283972462532,0.011666072384941384,-3.3377976621332985,-3.0790963276357854,-1.303769413891857,0.06473672740087208,0.26157169094091476,-0.46858738273251865,-0.33665854132020046,-0.3581585939519184,1.5893863355296187,-1.3914499287464122,-2.6027086548697094,0.39957199407948973,0.6906941523718446,-0.17550890900080773,-0.1088140837373479,1.874428751087289,0.5673491265371913,2.360103984620952,3.691510767339368,0.5565043216381017,-1.201303753692323,0.02277370458527017,0.6513987182168448,0.5109396393485648,2.0938008819217635,-1.324817440545653,3.0985996141549244,1.6426899942805737,0.9587711181633705,2.138397021318622,2.307351406383591,1.06834485378668,-3.179866281976472,1.9104765264589518,1.3497380125028335,-1.6636617418766246,-0.31258854680234877,-2.058956210054258,-0.4861254529208164,-0.464189397590691,-0.14413717419897099,2.753775451446497,-2.088410553587318,-1.862059650344132,-0.2231537159753008,-0.46591181851190655,1.4344159645021308,-0.9617827670685493,-0.6850271335394582,2.102793822795057,-1.1719337144033686,3.0619534579948047,2.8590683415741474,-0.24271213354932597,-1.504169547995703,0.4308130431087588,-1.0335553457180113,1.5776020514047462,-0.6310436089274999,0.9271240103652721,-0.9318278599489479,-0.606871261505427,-0.7939543746064779,-0.41637233144947655,1.7484981047332724,-2.672503398640514,-0.4097795979225006,-0.0360661374268747,0.42185569442103027,-0.08055565041485145,-1.482418971408425,1.3516413797084326,3.9867504321686242,1.925746059196943,1.5290356264283098,-0.0981415641858458,-1.9808520650171297,0.9901428874822938,-3.4716858789323473,-0.9428958233312859,2.0410045834601864,-2.17029184309259,1.0646544580032855,2.2815021879073765,1.1044670822964264,0.250847288562401,-2.5049808613101745,0.4032643845492727,-0.15339435184843594,1.5711457751657194,1.3516613573027296,0.5095992676094516,2.773332264997854,2.1054250469343865,-1.1060717406304739,2.1027357580051826,0.5994703630646162,-0.3501236674996644,-2.1991806580989013,-2.435351508795719,0.4170800147687266,1.0149573710621498,-0.40429441126700016,0.3869945820605072,0.6710760095316722,0.33417605046582555,1.6486936892396233,1.1200243762081339,-3.7973633670681024,-1.1421219162648235,1.074200682825629,1.43196854447444,0.48137464203342073,0.2633075465332565,1.114922585050406,0.40893547411255965,1.3509514853625288,-1.098224087593953,-1.2215703275720902,0.5195230026451754,-1.2139626183692287,-3.047589485194379,-1.6828677644922485,-0.6508979626574428,-1.1855950723530615,-0.47378005136840756,-1.5204242336240639,1.6080216707815238,-1.3115450208664854,-0.41191092931878026,-1.6046401479316477,-0.8768869022078294,-0.4470271616048256,3.0664092280667914,0.39057226362341985,2.73849413224159,-0.44461981500744735,-0.8922442271196178,-1.1406371525789696,-0.7986363549679749,-1.1069537693174252,-1.9062999505705693,-0.0670073234271639,0.05317626738844988,1.1395710246827486,-0.5254442177474111,-1.026290535259277,0.21245151794952544,2.568845374557859,-0.1511043495066513,-0.2990196288710563,0.6758538584534697,0.4949865579627736,-0.7944951281771964,-3.6875172993027987,-1.5605263598041428,-1.8009935816295464,2.345872976541113,2.154726393816936,1.617612589425486,0.16407820366810133,0.6486632846376447,-0.13117923255745378,0.09235552076713249,-4.051055221591824,0.8697421065172657,-0.12242459970787961,-0.03103339441764813,-1.4102526690851676,0.9621059286762115,-0.7057902791497364,2.7479799040398376,4.05341098208782,-0.8952645785757596,-0.592121875139103,1.1938325895701771,-1.5607348583109157,-0.7314565832384006,1.9586002508901508,-0.7680307063543259,1.4794389487546258,0.6386883182043419,0.39624668729653234,-1.0805442982185784,0.7333196758772054,-0.04631153657940201,0.26359371949492594,0.5001143492248195,1.6550277818626726,-1.1686373437285142,0.6097038591680883,-1.0146969498023222,-2.2465727608880752,-1.1391564182209553,-1.3071616447542365,0.03339314388994441,-1.7934195790872138,-1.4463592638731142,-1.3801116184242144,-2.386744191197714,0.3664628248650095,-2.813870278044341,-2.5484419608694138,0.745074299313224,0.40938453183860796,-0.5110555713907683,1.2933590285048757,2.4101283914394727,-2.6845015863870505,0.8428208555827202,-0.16820856943056672,0.7136224395618942,-0.831376044957245,-0.5780017751897815,-1.528957243798485,0.8135833823406493,-0.7441560076895184,-1.9287544099603393,0.052366798809542064,2.0620407499481446,-0.5485739484410184,-0.8157598292683528,-2.0294387937565723,0.4937638263552133,-0.33358487527552105,0.6130653966580695,-0.19113711662848967,2.933901691663806,1.9487792563331845,1.4342768756478288,0.48848368572417916,-1.31798540002951,-1.5711897671309747,1.7017802474516437,1.2884478428223558,-0.3852060528810614,-1.0755993959045915,-1.418330521129512,-1.000868754642669,-1.093135935691422,-1.54756673735517,2.3392022059820547,-2.16861986853751,-1.869193068464709,-0.7675420516128012,1.1348825398471787,-1.7517886666204394,-1.858907537953106,-0.25348512306309073,-2.6148933261666856,-0.3165528494474832,-2.2019276757663557,-1.7623534492243134,-1.4893469167417344,-0.24267556134251198,-2.6708287144125786,2.7820107119285153,-0.3200721305374163,-0.7006036728255941,-2.0168361911754094,1.1920290734786378,-1.7954769860788935,-2.246918302048367,-1.0295820512005143,1.698794455602454,1.1353307988817565,2.908086041189014,0.819864321179231,1.399631817255765,0.017106781842858132,0.053616978762865225,0.5936753199936374,0.052499113499292906,-0.9871699033977359,1.3473703632646719,-1.7509430380720832,-1.3783975383685187,0.5734565844944364,0.09278805090993952,1.5457162387454924,1.3524671323607411,-0.6545920667562328,-0.44421514213374835,-0.37760498627320555,0.8393495002344417,0.8541642390506705,-0.874328510747778,-1.270717259251924,0.8647751532454651,-2.658631066785552,-0.8856961190985654,0.03544883167121332,0.441276650093542,-0.670727399715271,-2.784148841241592,0.2286250514861099,-0.6238835249373897,-1.2391923069519897,0.36500792337358967,-0.3948414273238739,1.643953802752295,-1.2596814772587894,-0.07102664207929933,1.4503676697039407,-0.00530495396146613,1.1505145701116593,0.4129001935417846,2.793822977004668,0.032215451439500775,1.7413221984319136,-0.4603254600111741,0.6595802894020694,0.3061885453288911,-2.6380514831649413,0.8860000764096402,1.2010790589247375,0.17578983068766202,-1.4480690769380806,1.7911782596982664,-0.48467495285363765,-0.7079137502757984,-0.6161634789315958,-3.029018113308208,0.13396803696827014,1.3550181335938178,-1.8783558365585251,3.598673641609751,-0.13384049679330123,-0.3209008313633374,0.6109186978727489,-0.14459044295166912,-0.5128676284432458,0.02785549524338654,-4.950310093548513,0.7954134604677523,3.0605187945941865,-0.6327404135479895,-0.44037492231815584,0.8446273124913073,-1.3817927979294002,-1.143640135027061,0.8369377767491302,1.1263445628232938,-3.6995200576187366,1.2977359455672264,-2.2115824521348513,-1.3984128594818195,-0.13779333975390773,-0.8061992164282472,-0.3881473968717549,-2.3959584579635265,-2.102182136079365,-0.5635234136405959,0.9204512047361819,1.0987153130025353,-1.1471577638547645,1.0745156408947296,-1.2524684246180398,-2.038346575322742,-0.22325818297015287,1.0444114896094914,0.3067944976761861,0.3991663010417439,-1.9636422979760146,1.5044433930499779,0.48100066733458346,0.6845167219126304,0.07953241160181485,1.0648869232416003,1.585125878067687,-0.699543187287503,-2.3362492469860063,-0.703638508007431,-0.571287853663382,0.3721609103866609,-1.7489440596306207,0.44359175364552716,1.635474802829229,-1.1992791965625393,0.7252864204883409,0.6825553206637034,1.5730094300584738,-0.7378532155931282,0.7382196626869392,-1.8837686854940934,-0.41691319551223704,1.2860944517286843,0.27238069674141296,-2.8042805741378025,-1.2465949432709447,1.1412657792842018,-2.7141372257020095,-0.7397557384324539,0.5781133510521544,-0.31569524469093607,0.9120803034403727,-0.9911995162951519,-0.11012358578981427,1.4748555196502753,-2.770816996239858,-0.7855107129285952,0.5553321399263977,-0.9690277866519309,-0.6165366693753479,1.0588725141923372,0.3791566703202524,-1.4275704953544364,1.2883838422959215,-1.1527614866721687,1.510629289335252,-1.449653360085611,-0.561335952876577,-0.9559805663452284,0.049958676692115754,0.09521359722235326,-1.6734155154637165,1.2180062369141778,2.122218534218009,-2.2543787079081747,-1.2593307147743855,-1.196162806530205,-1.2776123584658319,-0.42165924250427245,-0.22771089129503433,1.1988312850916416,0.7795086070425468,1.3790215428435033,-0.8638205130588281,0.4897939888694045,0.03762448004060112,-0.02017960899992005,-0.4219356980982377,-1.3749532873065453,1.0606257804553696,0.6214720941172853,0.3306263368900221,-0.9428206047014934,1.4131559871961674,1.1319797382390107,0.6678851398296826,3.6320531731028165,-1.1670696961535842,0.2420211273340137,1.0470790640338665,-1.114691220354455,-0.6613173781326328,-0.36566074498291956,-3.3047024555598243,-1.3889533716822464,-1.2244647108834206,0.10875500289721152,-2.5376573891200995,0.49676040260481347,0.4583464365711625,2.7943192489458197,-1.100721613713411,0.7543047681761905,3.3663279057947255,-1.296754417157249,-1.1356038311629597,-1.8666593749634344,-1.0036280408427296,1.0397123158487418,-2.1437663422944304,0.4095415705617601,-0.49813338235224436,0.45439370093539067,0.5445428196911408,-1.5008750462617542,1.2235183113163282,1.1704595621609584,0.2071447157237592,-0.11275737449283346,1.2744434209601927,4.044781160140925,-2.2563997103739117,-1.3929158880705876,-1.2941550817309635,-1.5060774363034757,1.005191307838109,0.16135073536797506,2.010886416269023,0.24030026469952226,-0.17042931094685268,-0.1583147551234494,-1.9882596121269986,-0.13059120869709512,-0.20059786947230906,-0.5432601666391471,-1.439633608870969,0.4313393824004993,-0.3197788761655463,1.1079133200563311,-2.237475244620435,0.2833123053810831,1.2888830418832726,-2.6212534885474192,-0.16976294097004271,1.2093366494323898,-0.34908564782816537,-1.270926940612101,-0.5532621946390913,-1.4735144620899954,-0.6139589847450877,0.9220606247052058,0.16156634307144202,0.5125644877404005,1.4257469386449015,1.1283447977131973,0.7393940331018881,-0.752646059641396,-0.15239876681938047,-0.24759601329076525,-1.4361521449737058,0.82498008954864,-0.9194997524639115,-3.934987854659575,-0.920689088265534,0.4283366168965801,-0.30430985472915895,1.7415122579427866,-0.0461149718497958,-2.6666573368080395,2.285000471362202,-0.2726197255243103,0.18794831894333783,-0.0001009306406299787,-0.36152946251059626,2.912339119638372,-0.141373363861787,-1.6157184255306993,-2.3966881518532905,-0.23731619962232278,1.6077819650076943,0.730991782620718,-1.4538520490792994,-0.5670171620161555,1.9441647752954114,0.11393037771970349,-0.7214068589914072,0.19414361325723128,2.3244689206624383,-0.2619971011024643,-1.8170476848989734,1.2917043713095808,-0.035699670590564614,-0.5469294095779467,-0.5881858126671065,0.5113587373811128,-1.0772983439721289,-2.928601062424886,-1.2653282440368492,0.44073435624003615,-4.001965099065949,-0.10987165503378712,0.27306943428394503,-2.4535718328971154,2.7584942353998407,0.8057373161680864,1.320073338837606,0.496848790311197,0.2956055260834875,1.6992707592415646,0.6996705042934721,2.516627945542534,-1.5863531399417874,-2.5463772044663733,-0.5841355211885412,-1.132958437631334,-1.11445995094452,-1.444853176238805,-1.0230807175117809,0.23900956951146385,0.5783849216033358,0.34617315583819674,1.0523627552186403,-0.6426080482041596,-1.2597220494693437,0.08991109334278137,-0.46298071948954506,2.3900208513443997,1.4374490335548884,-1.611824955123425,-1.0133064264706078,-1.4503510854615977,-0.5581092152497795,2.523528076674792,0.2142186266372832,0.7040915878498704,-0.9453252044970701,0.4311387347650569,-0.3009001916993627,-2.180912612486143,-1.2826958915070794,-1.0382073298412284,0.49907206267070137,-0.32862469336386096,-1.4775356659861731,1.1385329684043697,-1.1126727429166439,0.2669377786252154,-2.554464084322739,-0.5942232199006702,-0.9672783289253506,0.09011128203383933,0.9068847446036095,-2.9293598499574953,-0.5180848168891794,1.54463607691724,1.5654343727314417,0.247733985136011,1.2462197226059621,3.2792273369127094,0.13987483298293096,0.48833764668706625,-0.7913329717177736,0.4885285415899855,-2.3575007902529395,3.6002690585818544,2.238256811123807,-1.818343352331285,0.8132398939692596,-1.2206588167363497,-0.1633631843478296,-0.14880578160172464,-1.018510327061459,-0.3286888575592737,-2.3127023698202387,-2.508815208854784,-0.9650768883461929,3.1013674162862905,-0.8847961198165033,1.012435075479411,-0.8107019468041319,-0.3701125551305489,1.253656353784984,2.0602051782157567,2.3514067458025325,1.0343480696857887,-1.0063975728280656,-0.9721865501345959,0.14541339528672675,-1.0738291206594035,0.5479043192265244,0.04904999050401587,-0.7147170252522334,3.4020487663520425,0.9219180878667402,-1.0465303721284982,1.341591419823322,-0.0042948321651380406,-0.36534461563126897,0.09189557147326817,-1.2733113615862015,0.2671272943760067,0.32316932705977974,0.19935780141986648,1.6502766688802186,0.6583596960957144,-1.145683465586895,-0.8716126521390274,0.11454119760726794,0.6041157712082014,-3.3088560479479563,0.2850321149096495,0.5207054144842846,-0.9937198254997475,0.34169510057199737,0.3451611052976945,0.11143451961155454,0.252223455161916,2.202433692079089,1.7709138685672816,0.06288625009881607,1.1834836905424955,-0.6499387714350381,-0.3932189620568964,1.700105486618741,2.2927784048005027,1.480959856773537,2.6363066703092866,-2.4943707959373405,0.6658425984580952,0.19475445078587095,1.626801255264111,-1.886330621538034,-0.467890082623418,0.3172397392088133,-0.6362415771477801,2.367472283063352,0.9348559337369601,-0.34103422199364886,-0.6603148039684202,-1.310983018016014,0.923519339464592,0.6951189090204011,0.7199135014223611,-1.3694750130872575,2.4838294386913953,-0.7268440651073113,1.3522225669626342,-1.9202391266449417,-0.6354345404074047,-2.4734674883499004,1.750663359940477,-1.0414874102803968,1.846311668428713,-0.9542453257870267,1.2934940443409957,1.0372352080042062,0.6571084060248227,1.962415305144308,0.604515547533525,0.7860676640380366,2.579439778241078,0.5982328558063823,2.8159295878014414,-1.3027088658440038,1.80373233373315,0.09072917042587714,0.3750902022867951,1.0130915053529619,-1.060228747561654,-2.102842630072974,-0.45956326918355184,0.3516350657135115,0.021544817278383116,-1.8337393546471001,-2.742825384401761,-0.41492027538695486,-0.5227826377849016,-1.624731829885864,-0.7942033392308429,-3.7039327568510143,-1.6046037888413847,-3.4586382604181507,1.9868735921376757,-1.4930303568965493,2.100565336682652,1.600779029245925,0.5513177534763019,-0.8286565917253998,-2.2459921642082405,-0.4548606030253008,-0.18955536014584773,-0.4781651385818247,0.30613486025018577,1.271824999434058,-0.22154925184938914,-0.4859744617809971,0.10290724090485948,-0.18167189769392827,2.295704927356687,0.08513460252886418,-0.06173775143287613,-0.01981411864382525,0.2654431670573246,-1.7940641185861472,0.26661471012913945,-2.0316784242864996,1.1275211553645859,-0.2983052294871609,1.6047606545494078,-1.7016832154434125,-1.9713759097207122,2.0218305633070957,-0.8018743563904893,-0.4683400491984623,-1.6244436104462585,0.4693609788596065,-1.2047668145303108,-0.09966503044018699,0.9091152795035504,-1.511132472701074,0.036638698702414374,0.7639329193868268,-1.9350595260264944,0.49609848224854886,2.0436922020852717,1.7788196417140019,1.636886038964328,0.9517007532156757,1.41538278647478,0.3167962487875388,1.2145951009899418,-1.0152612624337918,-1.4761190631831511,-1.2767232262765167,-0.4250498114904834,1.7155460537391694,-5.028683525581187,0.3276968842707102,-1.366244271654012,0.6112385570533647,-1.6326494432816596,0.2779376910652075,1.2182299109681214,-0.6810479906454228,-0.264816795899531,-0.43866663337518425,1.4952461241257642,0.21829486921788405,-0.3106803549986416,1.3727911310393213,-0.2638296153425413,3.081657000173365,1.8982473385992176,0.5523851890458014,0.2365088252446103,-1.2525244444839443,0.706615067827151,0.24948741372407612,0.611047536506104,1.955241424857419,-0.9449560791500943,-0.33610430181750883,-2.0047452536311323,-1.3596213076291086,1.007552838981093,4.8559448356893835,0.46506047383109417,0.7189212972161703,0.004083497442834982,0.2334259299560313,-0.6240917309840298,-0.6970634730944095,-1.2411206723828192,-2.9138273831496315,0.6393999630777802,0.5486385347040413,-2.7974571610135075,-1.081694994197866,-1.8258963520352993,2.7426547517102824,-0.4208695827786676,-1.585118981558671,0.16077829583245612,2.2207592976333506,0.6702743456176345,-0.347199319461432,2.346834943552389,-1.161903515122992,-1.7149094024390483,-0.757238978935007,1.5248692237830088,-2.2310305290488692,-1.2598760331979384,3.3044854680061135,0.6496107531666124,0.11074470689158801,-1.115501853097858,-2.6702813037009587,-2.035045500601652,1.5856888919237448,-0.9627659189234781,0.8612278769775635,0.24644794966985406,-0.9427643921551673,0.8366002784043587,-1.0315103800590502,-0.6380501885734424,1.7069925417711658,0.4443787768074331,1.125107868921709,1.191610765719632,-1.823670030847504,0.4402278764566817,3.136680912280647,0.007007932443533815,0.6682186086866077,-1.2056536811289629,3.9481486986664516,-0.667688529486515,-0.7730494114854176,-1.1747731894805584,0.8112845867692443,-0.2966885679100766,-3.8810636251819757,0.5776104921861315,2.3056077464112583,-1.5926004733045434,-1.3919074374576632,-1.2244843838512907,-1.4714870002577243,-1.1036084366125347,-0.4799841184536019,1.0003680359901974,0.7881950603489914,0.5540566167813217,-1.5285131721368015,-0.9095746438157255,0.6560179268915589,0.09836513633554222,0.5773005649498627,1.0519281296642324,-1.2707115712663857,-1.1678625476886784,-1.9203077772150636,-0.6572689601266456,-2.009733158592837,2.2163382036883643,-0.9226007819640041,-3.822723689098517,-0.7401467856018775,-0.19447151260877182,2.1004153266675996,-0.7537366233964826,0.010745085498861773,-1.6574620122704076,-3.9741722232928134,-0.7389064974340148,-1.43733152567215,-0.9716893001405398,0.9757027805374173,1.4970139126795552,-0.8036312807061387,0.6414110343868108,-0.7500095580395004,-0.7865005754274985,0.18237182390184958,-1.4933454956139012,0.6171447141909231,2.006690750261426,-1.0654428780785683,-0.8451016955899519,-0.853986452371895,0.15336483668191148,-0.07248516496676083,-0.4112518751445006,-1.7301368720337749,1.5708503349228629,-0.587187748206405,0.6772184365587645,-1.2326038408087727,-0.6090743202440967,0.8406467530669612,-0.8254526002145113,1.4726481307997454,1.8005318014992122,1.554028706797554,-2.937167083215781,2.1075622852314027,-1.5716725784207013,-0.32970880421314763,-0.6211212845759191,0.7286758595685746,1.9753460557608389,2.8238693434312534,2.4256405478711254,0.12298173918581373,-0.8820447988296469,2.2900597488915926,-1.0288173225433126,0.7997216038979753,-2.0277118192439936,-0.08393156559471832,0.4522809735218388,-1.0317325092877954,-1.3869869666736714,-2.365572809451847,0.686009605603062,-1.892663142149552,-2.430033997662645,-1.0252899423367383,-0.5117214928310767,2.629235962943594,-1.9875967351716228,1.5713848282859793,0.9475562432957336,-2.9682090527416807,-0.04900830359116943,1.3378002180661255,-1.6274744414121562,0.1152368978824637,-0.6237254685628285,0.5276351118670517,-1.3577509402719725,-1.2212287431802293,-0.18068899221251888,1.2879550408896758,0.016541754868013438,-0.0629733078059117,-1.1462718571296722,-1.9450743076403054,0.16838579597747022,0.6978448431789986,-0.8034126357555414,0.3879847335972373,0.7711546648582224,-0.7490659919586922,1.4754783291077318,-0.9617073536770202,-2.5842011561146108,-0.4929862739986912,-0.4890136121690003,0.6914809025641353,-0.9508859443727324,-2.8010485535268663,0.41963850203831027,0.18872666298432356,1.7555428358363123,-1.0246931047124956,0.48984427816279674,-1.3393829934317363,0.6700454503026809,1.0614014304962827,-3.8220816656510186,2.1989162840972276,3.1408454547691047,-0.6055166282110376,-0.49415411129725695,-0.6771646788711385,0.1284965147025704,0.6553065003562226,-0.6465823061710722,-1.7998007038928083,0.4378087387275105,-1.6547142775304198,1.257608787432246,-1.4789779121032876,-2.364419407699631,-0.5448950961963176,1.2400653568937625,3.626220254350616,-1.5038288653644187,-0.6424565663547028,-3.7571480334313536,-0.11761119635175721,-0.7399663193258955,1.0207196621144181,-1.347641492840077,-0.3782564535803652,0.4433603125336978,0.06599190702308463,0.6423085602227395,-0.35709899752110286,-1.0569239512904325,1.3035941878071784,-0.7450437167918593,0.5547940130526196,0.10068139570518385,3.3554736682788997,0.03769301037866252,-0.28492485495910747,-1.5559870621814622,0.08884044075546965,1.1283197257123363,0.7890255967314326,1.2284416880602282,-0.3977895663842662,-1.2939491760352977,-2.0385749256924783,0.866496237836202,-1.7691735100276373,1.076489217007127,-0.17468172403966686,-0.4459046986670051,2.5051930771802766,-0.7816590263986261,1.256226087793854,2.924726454730226,-1.4257581299032498,-2.458626527239903,2.0358052760827157,-3.2786018305533884,-1.999768889259549,0.37615401010317584,-0.054225881218517236,-0.5781502902079685,-0.9406266061859958,1.461849292820248,1.0201545751700387,-2.089452087619947,-2.4265277501526454,0.1776155307178563,-0.8960137141213784,-1.0552954026542742,2.1600620790209843,2.630050085919757,1.4180175627477416,-0.9496367649051707,1.3830963543199648,-0.7908529872764123,-1.9657627347085034,0.8663286835619277,-0.3287370018838088,3.973083069816904,-0.8041459329907976,0.738227342982343,2.9743518684790913,0.46784322864576355,-0.3512322319612837,-0.20737064513731482,2.850840205190684,-1.7494339292263128,-1.494352227985725,2.4259929808491956,0.7225811628050101,1.4937017688095853,1.9635094613976702,0.7761448547539482,2.923388577291398,-0.07973528601722274,0.48055184546393936,0.9410102870453942,0.33305315310148775,1.531229220345494,-0.24790513218425403,0.9540852053803621,3.029350683016492,0.7226065366784763,-1.4478486076334782,0.7471242356044353,0.8966419061346751,2.5575837466952502,-2.102227578255629,-0.11078646688232785,1.6444755039058516,-0.07775161440117971,2.0488494593785576,2.5862975721152095;-0.15074243782618138,-0.911560906624618,-2.445452912794274,0.7258488395595906,-1.680322781377392,0.4961938446665755,-0.16039733245784524,0.7017382282682061,1.14145402562911,0.685338777467055,-0.8440418201774614,-0.9558299506800598,-0.25561929806608086,3.1706927042138147,0.44323187035988876,3.363754418057751;-0.662396066788639,3.419567113309994,0.7856056121351636,0.007956187382377335,0.1093031691375115,0.3668632945985085,0.6288142855330123,1.606252066732135,-0.03746300772207817,-0.20839503509011542,-0.5441159445430468,1.7184254649333688,-0.21144445930133327,0.7739465447709764,0.27055192844262377,-2.156134060325355,-1.9661868829487148,1.133683291514386,-1.3945521867283603,-0.16655409678554864,0.7438392234586475,0.12119401910974884,0.8524733765739547,0.20977791759979592,0.6118871679880802,2.261179867014891,0.7259125576289684,1.3534383725206451,-2.2382620127383617,1.7442957721094827,-0.4321452300258495,-1.1949888882580313,0.6396319707369704,0.3447227398146744,-1.4904368616169383,0.21663119140129264,-0.8580413642439577,0.5350135612186409,1.7999402299117426,-2.1107536333879375,1.46849221389383,0.4996333244597927,-0.5950184078593677,0.711499457721246,1.0106394436319084,1.2056325328631714,-0.8351215035954279,-0.7141249652096291,0.40796273905396885,-1.8763689499521172,2.8754136275705906,-1.4643785686729531,-0.46621560139452045,-0.3909682007666401,-0.969538992288941,2.359444612368856,-0.04802791384080084,-0.8010668803837223,-0.8547620127526074,0.5760436278531768,-2.558077095142774,-0.4000463400907482,0.2846988536178522,-0.9085662416470784,-2.0889873626577997,-1.7148836831212502,1.7709051095257156,2.2566428798454874,1.7023941213025071,1.3125951426839502,-1.241803896129006,2.417452826438555,1.7729904712112663,0.0034954737118870205,1.6679683636057274,0.016085664298342524,0.02729953053728368,-1.5740341127286295,-1.221777605111298,-0.606483252217312,-0.18086300451355553,1.3756102405230446,3.0110880655622814,-1.4606157796826174,0.021559962010350958,-0.8222547706586011,-0.9618620610247847,0.6757465012037789,0.9543198013364487,0.23556882033296764,-0.355014952842091,1.9960094241737385,-0.9272663422288432,0.6288960004414011,-2.740231296457403,1.6759861769320394,0.3949189897500569,0.4841506288625961,-2.0276959515043673,1.640916265139972,-1.6568055197227098,-0.5138565919790195,-0.38324371951993397,0.993066823949299,-0.1742005348007185,0.28659868005762346,0.34990276362571554,-0.3090427858898332,2.109870422860215,0.6235894528563835,-0.6597628426485149,-1.5023665828369763,-0.6366986284221087,0.41371519750816477,-0.7280226456418881,2.0503813214704687,-1.8462589049548197,1.3598822628524427,1.3809867971565737,0.8065597846235464,-0.20402297506788128,0.8764539605526837,1.26280624380132,-0.79296003559247,1.4450189935224995,0.8591680480245425,1.003499809449278,0.43339688876999516,1.066010463887817,0.6403088782035096,2.8092295206177367,-1.6357775316216443,-2.291849749012292,0.5451661417141505,-2.1691832473994217,-0.13689386015784455,-0.10982801676762909,1.0360469839851245,0.5534795476508414,-1.6760054002876283,-0.34242742758540856,-0.7798031546600921,0.0884651058462182,-2.6531933332521636,-2.247252823710461,-0.6481290962326918,2.745790987344545,-0.5979061831953141,0.6060828960097157,-0.09891073808047124,-0.5849263546239505,-0.36894468731784813,-0.5142268694564589,0.08028427508077662,0.2128928690907869,0.9329766787457809,-2.516436238089897,1.0490699530435033,2.3424031737618862,0.21154660538110096;0.7923103267638639,-0.043643878772024504,0.320213724744309,0.7745179336581509,-1.9252105386434595,1.4200594972355258,-2.979829378949505,1.5132886773935086,0.7586565040584379,0.8635574129426827"
12,1.0710691075085879,"-2.1063417829393165,-0.6022729921035552,-0.39363889522763207,-0.20145598912420348,0.20619639688471825,1.7178870766454188,-2.799026955530672,-3.9822465238300584,1.645827423416118,-1.0192130769348346,-1.6320692808445036,-0.07467412708280097,0.295826935908563,-1.660549373871146,-0.14072958520957335,0.35622524363563035,0.9172094709647347,1.4686289522464429,0.44170942016983544,1.160319251554529,-1.6343413412838401,3.2391340956485655,-1.4123406082241523,0.9517813209286669,-0.6961831224347664,-1.8815790923247209,0.14838849405590931,-1.1034942872578195,0.7961700761787568,-1.5730344278373618,-0.05692593123579276,-3.0124594294581875,-3.0407134777521625,-1.063720042428026,1.0495232664857121,0.3252247536864318,-0.3646760727962612,-0.6330913044277806,-0.5434572167314713,0.8635860086067615,-1.714521351733186,-2.891413658960099,-0.017820143051456072,-0.3221675996106452,-0.13540132763720297,1.1171963733637371,2.0723661913021054,0.5454344235502425,2.632364326765529,3.588465574167986,-0.03842858100539992,-1.4683326501503577,0.4711587273168595,0.31370161119811235,1.3354122792524494,2.3491754507102653,-0.36096810970537974,4.1487153349960755,2.652078615866237,1.3970396764019117,1.7405625287902429,1.5794412954671477,-0.591242272104868,-3.8291732585252523,2.929882448070063,1.2800138170814517,-1.397493843656608,-0.20603021559665213,-1.8298755405332203,-0.8859152109159577,-1.1569032191029784,-1.0172828534488436,1.513758870656397,-1.5128369475988737,-1.03305694453571,-0.11620454894943377,-0.1674776934743583,0.6183887927049828,-0.13076064399846465,-0.8967240533410653,1.2334797724412179,-2.1393048275246977,2.5108853798308144,2.2433704906156073,0.23317169295275153,-1.4916438582647493,0.9022489194392352,-0.40272633385032636,1.5541485136817446,0.29476944633606067,1.3574808705433383,-1.752457334215674,-0.2634328762638739,-1.1013849269130576,0.6447321977596515,1.5944144766847907,-2.140912379297792,-0.11868716776363282,-0.5450793791539199,-0.617548631536148,0.03865447975557898,-2.2899674950344986,0.9078932641974302,2.9654921631214113,1.909654804941956,1.198308806265805,-0.3794376651991743,-1.9987764924554599,1.4239829691802113,-3.2280452766337993,-1.3646437804425458,2.0575699216599945,-2.4698017026368317,1.1832580252568863,1.4107711809263637,0.8193273240161121,0.956853582344183,-1.912404216633982,-0.30132524930973914,-0.3582558675304821,1.658053907426405,0.7776553354178637,0.3919005682751819,2.3271029880832597,2.2211161748707156,-0.56147699216116,1.6601029399731322,0.7031658680914508,0.08924784991235946,-1.7302158487315211,-2.647029665145512,-0.04454369989879131,1.5027382112724923,-0.091552451122395,-0.9575673184456904,0.5073448829098145,-0.42393923563967273,0.9749837181893548,1.226494998907202,-3.2373821485712653,-1.1440227243866723,1.7632713395973432,1.286121712686789,-0.2918505651431509,0.004525965305984467,0.9021226229362964,-0.23533223752293841,1.8571132540527557,-0.8748199306060535,-2.1202354241315593,0.5962622941804909,0.1804695440065679,-2.6158846669413385,-1.7660446969285755,-1.1243758708368685,-1.2492717132061055,-0.6337197570985607,-1.623692082218678,0.35199936622486194,-2.053966626746565,0.29290747673894524,-1.7484096324819294,-0.9891089650210528,-0.4515300838942606,2.3497665755461177,0.4217529107156055,2.0208869623946786,-0.8608114854037547,-0.32670239160398584,-0.5662378470349148,-1.7981163596376488,0.4277791587580234,-1.555469200839431,-0.27978851925334275,0.5976688920364385,0.18249376889330537,-0.30819488463911054,-1.091011309594304,-1.0209831630663921,2.770036001561025,-0.8395774695393934,0.9801904019546703,0.5505803428494414,0.86878284547223,-1.1050140330294873,-3.669469705154142,-1.2166705024090512,-1.653889839809174,2.5795114359928646,1.9982745494708252,1.3439216085904058,0.07196865156108423,0.19073961103081616,-0.5094886569292025,-0.6449568483371154,-3.7820203177816696,0.7277137968143816,-1.017559499577573,0.34389616383967725,-1.1138992151498712,0.38083927181426286,-0.8448380180582289,1.8549366221345063,3.335708574736101,-0.5481664869886156,-1.0769183921650234,0.2022726423499085,-1.2038354059455028,-1.238438922054669,2.9855674733971806,0.049652592625401226,0.7503890508467901,0.7405716695795944,-0.5378016622916046,-1.4787381519892207,0.47698019182706375,-0.22315224882348964,-0.21398026826337818,0.1584120964582686,1.9605939298877022,-0.8335712003580833,0.2569081061195174,-0.4878272771032196,-2.0937191010755862,-0.47945291849874183,-2.427081910527697,0.44491755358175805,-1.5768981454188444,-1.6342192867210867,-1.7163127021877926,-1.7907531670141639,0.3738108895469362,-2.306678988917162,-1.6766733756636003,1.8561586845743903,0.5835737517247052,-1.3772429614803616,1.1453217773111923,2.1495414593188786,-1.2198508023328694,1.1142921553294434,-0.8756758702187227,0.8813480009694314,-0.878017511009866,-0.9188115306938631,-1.9292108358539553,1.79188789348989,-0.10126826767411035,-1.5080471502267248,-0.14326196488387527,1.9839127830685457,-0.8226758027475266,-0.31827206247258033,-0.9472417645139692,0.8044980972084725,-0.44810440959436837,0.03713425161419004,-0.4205757861143079,2.376376632307249,2.889407075880198,1.3639676563538234,0.7178195270552588,-0.17466834929323244,-0.3503067320820563,1.4442329756597856,2.277110784195906,-0.33309908720752657,-1.1072940426959261,-0.5806230458238805,-0.9579026854498369,-0.6881629261866742,-1.0030119925370196,2.0750508556032856,-2.3061838461626962,-1.8369085895413302,-1.4072358539627765,1.5263892756307824,-0.67503307337829,-1.4503981049914516,-0.689801891631639,-1.9660982945806464,-0.9118016303850177,-2.2965574693864146,-2.1491900889553692,-1.9287509927523614,-0.4605418900331007,-2.2132562433971668,3.0164341515671556,-0.4119319833611308,-0.1776144678159165,-2.056102276773578,1.095506786599008,-1.2690065483517707,-2.1936008380494942,-1.7677359097541236,1.9599982599238264,1.1351829496334813,1.882803769667289,0.44903907193678105,1.8660606605025545,0.0027311450004848248,0.37897200958385713,1.1345264893088127,0.8634901040584644,-1.402300385219426,1.2373988004372867,-1.5317709511713835,-0.8582694400405707,1.1528333407528177,-0.3824210408622963,0.29612143613060543,0.6601960468723848,0.6782464258969865,0.35894777865203836,0.18410827462408907,0.9974129031757561,0.7159290353191944,-1.2749594353650497,-0.5850440527647305,0.638476214403163,-2.726896124974254,-1.7608512741625022,-0.1889383861214214,0.22959596361316145,-0.8675610166971306,-2.841412907203021,0.2104855923040469,-0.5509483163573333,-1.4306102118452917,-0.490083645079088,0.05802100808594035,1.4215283802740046,-1.1717163581439216,-0.05478235030745522,1.8095051885066167,0.3835405265836611,1.2896570487661732,0.9211578831391494,2.6418559883096786,-1.378060671530894,1.7092183888516583,-0.8464500494092824,1.19164167003296,0.7519831191192797,-2.174739850493809,1.0249256857838729,1.1740285136280912,-0.062343908852679195,-1.945188771634588,2.476212082829162,-0.9545689417713448,-0.9548800654570113,-0.4210108675955757,-2.713336728482762,1.0960798395404265,0.8822612388904023,-1.2937442888675688,3.73228953338207,-0.665027761125712,-0.029126289643017406,0.5314398976521277,0.7733619493185303,-0.6944599723081457,0.34230780539016054,-5.427030078818927,0.9199294079684361,2.3686606994398596,-0.6536854431647028,0.49427116569402807,0.9780829491985101,-1.1155675365594764,-0.5900305922165421,1.1778644677088335,1.2659987823129533,-3.004840550415439,0.7195573252248322,-2.060719820018966,-1.2638507467220323,-0.5361096139903881,-0.525762992292957,0.10474048267914765,-1.7227718170672197,-1.4968867005971498,1.0693217185996087,1.4672523919105416,0.13388706038575493,-1.4589009123987102,1.2022621739690336,-1.0746905296363436,-2.3025566346928072,-0.00919201021493754,1.3708818020358815,-0.6859186298057047,0.8389151555412899,-2.10597173886313,0.9854466017692012,1.1400532771315728,0.8969188032691638,-0.06521906553519713,0.1137667243731213,2.727750523278454,-1.573339281935147,-2.5755950265286356,-1.4473192369574785,0.677440538937352,-0.6013734410081891,-1.9160675127251665,0.3489147744481787,2.0909819922237176,-0.6454203053791927,-0.32862348273586184,0.9555455621809599,1.0672445582666388,-0.518264297350985,0.702183719122926,-1.6596530253366824,-0.07886548093589442,0.4853938327182783,-0.023758732969139953,-2.1415206808348755,-1.8944785333945298,1.984857381892887,-2.074161830820451,-1.0614192898932442,0.7654891783906033,-0.07302171876983687,0.8113878980554098,-0.2178577462919487,-0.1308591991839305,1.8229599246352377,-2.1763062625773855,0.23857996117260116,0.34880551106820784,-1.1853069290241387,0.35090174829156756,1.7875898198376503,1.035143123122975,-1.690527549139094,1.7632779070341154,-1.2420318393129726,1.975678892949145,-1.2834072069596312,-1.4296549221639316,-1.6578275481863785,-0.19386171164262164,-0.13751352922318302,-1.630775664226111,1.3917781915383278,2.3759952241743942,-1.6768946453106608,-1.295780860828794,-0.4016206317644664,-1.1040542041339179,-0.3894313797601515,-0.4548954011974783,1.2359854289216592,1.5807951202489612,0.6170431208750244,-0.8767765673655032,-0.08666690296983687,0.14490204292197922,-0.7304706561424408,-0.8950846840429965,-1.6117795927566243,0.5143634064111502,0.5635983641264026,0.5740059632072858,-0.7279970912598097,0.49339127143214057,-0.7086630703943859,0.8350188684750278,2.4786260769657726,-0.6593693603851017,0.4868464062020229,0.9681556335412205,-1.3523069068466826,-1.8238401299648568,1.2044633972474368,-2.4397572686400366,-1.1196417197169635,-1.8774571688186859,-1.252885239368148,-2.9873506073446783,1.490628020180998,-0.0741891283940821,3.066812500070307,-1.0048325701050083,0.1218867000861179,2.9722950383994022,-1.0824594635385771,-0.21176204517162567,-1.1878269080931407,-0.6531859906731912,1.2738053821009077,-1.1527027877361613,0.091862537123998,-0.2922706634251548,0.6801954525553409,1.1919965080470059,-0.9965681066044818,0.4360800369367499,1.2595990091536156,0.8760471855689018,-0.6723456493871134,1.3276392485454376,3.6529245320383232,-1.9921483347604756,-1.0686780124160082,-1.3683108766786063,-1.3496369985864671,0.4104041780039454,0.556283099904729,1.4003443432846887,1.090927541507726,-0.07066966850002518,0.6995811436370827,-1.3559818459453599,-0.7278895332026918,0.13416534131739943,-0.6161587251315463,-1.8046648460767942,0.5017123135365007,-0.17282652735622056,0.7472912242177947,-0.9298318130140343,0.7574674665181813,0.7685046727443432,-2.634796845743014,-0.013743620441462823,1.524383661744885,0.08188680099835488,-0.7124817062913322,0.7814050637854321,-1.1550141495554571,0.1264351148327627,1.809235638557119,1.9232135335251235,1.0354370956119086,1.9339692522160183,0.49071906901261964,0.004966119577588579,-1.9917461053907304,-0.3668181661640663,-0.07666170583581933,-1.3938969992989223,1.294938357471426,-2.6116382713229584,-4.002603280515379,-0.4866434261489287,1.0256056924291528,-0.7715502881242391,1.5310613600575986,-0.3870491555122669,-2.960309747443358,1.763497757017335,-0.10358789521157769,0.6790899066674718,0.15923854440336782,0.09911583280830949,2.4394406436093568,-0.3756846026200783,-1.6245169007590297,-2.3719444746204497,-0.4641826249829809,0.37229308169144215,1.2527941901224646,-1.855748475396188,-0.40676924378645885,2.0345518485265095,0.5445489233760736,-0.04108836216534942,-0.05020956634176542,2.846954908193749,0.0895830474027744,-1.5381811564203516,2.0505908893890066,-0.16391892354649887,-0.7594767437859331,0.1580172042204101,0.5292421806492829,-2.347658430424098,-1.591273596312625,-0.784443886496435,0.07865555453873517,-3.4388410386773525,1.032574362665189,-0.6407930734990773,-2.715304479914844,2.858797428669482,0.2726754411685227,1.2539824515345561,0.4360202063662047,-0.3086990981154773,1.4591840008614407,1.660799994271774,3.033052089466014,-0.9974619078049076,-2.116383985339102,-1.1063780389164257,-1.553202192240003,-1.1532852817543346,-0.9188390814568422,-0.656834142314815,-0.866612748743637,0.836489620562508,0.08856451082106176,1.7987912655292713,-0.6176616135754698,-1.7205685446990264,0.5599466566053642,-0.3740428103372113,1.7413427035016216,1.0237089463589824,-2.040007506345471,-1.710225945835182,-1.383873254469001,-0.06075917215446747,1.8869042427998797,0.27448374737201087,1.1420118732027875,-1.4788967813037335,0.3169476890886055,0.3173706813244683,-1.3329501957661944,-2.5870291624986455,-1.5714983999251746,-0.49225550998194956,0.05218434681392167,-1.953306651103315,1.5924691222098584,-1.912132739137384,-0.9488447562963437,-2.15615610472797,-0.17371835807593128,-0.6183013840749322,-0.3229910014691785,0.7894987146331325,-2.424989742852929,-0.5176017073813873,1.9166052351403133,0.7453299568734759,0.6938721879360419,1.1344107977580857,3.297827048931035,0.48321069096113095,0.37477009700726727,-0.5591859257419767,0.0021745878816978627,-1.5062518405659735,3.273825787114831,2.132944903231575,-2.063888626617987,1.2954555580224105,-0.2731334396491467,0.5505421619160131,-1.6616483605284473,-1.3804867929717868,0.20828237316896464,-2.552117251410631,-1.6695122295052525,-1.471300346072166,2.0371406431063805,-0.3243805769082069,0.9234831629568485,-1.6621967105344049,0.11585326121655923,1.6966914185183342,2.57170876732952,1.8594991649484371,0.060527473591969694,-1.889410365950753,-1.2296877854288395,0.6036289480271211,-1.8249651929299417,0.25172955391221224,-0.2895413004658147,-1.83510466197835,2.965285023290666,0.7384809022830401,-0.695398221886522,1.1116250772956087,0.565407383031609,-0.8098740260700468,-0.538593310870593,-0.7579692750539638,-0.3121728714576479,-0.44398112334814716,1.1223276306487846,2.349957104498035,0.2900307384405748,-0.8720728532739132,-0.17065466450025896,-1.0449556567691909,0.4381957607706136,-2.861982013387222,0.29342938207831976,1.345709700410602,-1.217975959950673,0.9689685099717122,0.5516205678182838,-0.49580544740845367,0.8742059437766174,2.510116978836413,1.0533988048229628,-0.6485697118106112,0.3213946628775314,-0.7588889930940611,-0.7164736231305142,1.2582913014840378,2.6293381414830392,0.8792629470391745,2.4077480890760987,-2.4570621778121318,-0.8117983267312429,-0.3103887023429365,1.472631653792991,-2.0591198113882236,-0.885472876710488,1.1568873400033859,-1.1412221943876104,2.5291443982624062,-0.20797129986783291,0.051010226277549586,-0.7500650522887348,-0.21244955523385609,0.8313099228735115,0.9884655005455197,1.0939459698304521,-0.8989470622873712,2.9970251998509796,-0.26620717132941113,1.9842448331373403,-1.509993595701876,-1.1416546113892099,-2.7832425130441827,1.2624731814823535,-0.8537258473751672,2.384724279770455,0.717897370475155,0.9821887455591185,-0.44825723567622855,1.8290213363076164,0.9154950283175949,-0.1910231791881108,-0.202875234925195,2.625185299371494,0.16632527886395782,3.3606600368146777,-1.401937957136531,0.834770517574969,1.2203294105789457,0.236908110155701,1.363170836592389,-0.20377129379482856,-2.0130246795448707,-0.6419124772631397,0.7216515761302302,-0.08205555827330369,-1.7581860877226203,-2.436718943288417,0.8945062671088717,-0.34284582135172537,-1.8006792551879518,-1.5281894933113043,-3.8953673275238647,-2.391797337160974,-3.165214315924602,2.7789322918389496,-1.7165900112073496,1.5623277975570782,1.4735383141119969,-0.16848864325391227,-1.2960891168452713,-1.2449925103488466,-0.172648743616866,0.45571289869333403,-0.9933284039401592,0.5813618210789185,0.9053950263164994,-0.7240660000156682,-0.7796871810593504,-0.5027612866425137,-0.16140051774336112,2.339608971641336,-0.3385766483789304,0.4552236893093586,-0.06538430748582018,0.07038729389719117,-1.2382676939996387,-0.15420815797740361,-1.1661552571455507,1.6404868354815485,-0.4567970998740858,1.5503978716324092,-2.1320311494052993,-2.7120135329441584,2.148201610266175,-1.8055292717224458,-0.3819228485866212,-1.5382408856591379,-0.06367251316856286,-1.4256157798780338,-0.201683500590503,0.8382083407321811,-0.9051820398717063,0.0967985751416982,0.28619235301261226,-2.088555374420612,0.06548313393595365,2.5081049111808063,2.5020384075096476,2.031598709958936,0.6613889034100792,1.6349460001852194,1.0080793584970573,0.6168968966882514,-0.9074147377035651,-1.7340462416555935,-1.2277808718501748,0.8490719622609486,1.183705416687479,-4.662788722338499,-0.31603541248117184,-2.1522616233320586,-0.5372939362872257,-2.4273127906325667,-0.24454885283805713,0.2653596522313737,-0.7664810520858184,0.12482079276700675,-0.16873012760295503,0.9743047918778796,-0.22979416787734538,-0.7922984526105894,1.5640622308637204,-0.22802635678107802,3.5724151185290998,0.6381545818897774,1.6155407560456931,0.2753577720212127,-0.826791001341257,0.3736937389879664,-0.5977132070552479,-0.17388846437472066,1.7109172298857742,-0.34797697373010283,0.4552792674233046,-2.0358266944275654,-1.2711679304570698,0.22536372990676418,5.018898990866003,0.5012294905853323,0.5342040730643576,-0.771649535195259,-0.677867870589902,-0.5335819246549585,-0.31765340687793586,-0.15361875392738014,-2.918716946818378,-0.3571256234268678,0.6558984506471983,-2.400882219642442,-1.0428183355481353,-2.500832889920018,2.4127306644916757,-0.5457505610623462,-2.109263668987839,0.8946459691227462,2.774950240591381,0.18329994028090224,-1.0672184387181034,1.2640307580550567,-0.04044100518428384,-1.392507995963403,-0.7798928025974011,0.8185979935514744,-1.6718910022429363,-0.9938991688135677,3.3465489988985637,0.05137728764335825,-0.4724715697763433,-1.6038267482593844,-2.2808527137535055,-3.0583754954463545,1.3132039981386596,-1.0932865363913415,0.8848902849084234,0.34176523960769545,-0.758008195034637,0.17564747837904582,-0.512230068600786,0.9957870056391527,3.1340971612478534,1.295149429177756,1.5512061727160031,1.4793969510580856,-0.9728336245934053,0.8061554315824444,3.0976195672658795,0.04640303411346754,0.45497727081503103,-1.4775257864529556,3.3100073221903497,-0.4002501590967371,0.41592295061887014,-1.5394858657366557,0.29804394076379237,-1.233445984699096,-3.950632613370779,0.3035543226747012,1.2636310774724198,-0.8242987329103567,-0.2904080686001005,-0.645318360398494,-1.7254892140355906,-0.11988436179332851,-1.108468213035616,0.8972710044885748,1.1173896614999834,1.1907699172435156,-1.3793087691457033,-0.6193107765606441,0.4801399424063304,-0.23813680005353222,-0.5359239237111686,-0.4657001605129513,-1.7250502475475005,0.09247823274086753,-2.008987347839092,0.043522221169588315,-1.6713237259368823,1.5088804844068575,-1.3140711318177731,-2.8338253664939135,-0.2893481186069693,0.07092446129517775,1.3763851211601337,-0.1369670875867106,0.01821831047361988,-1.7369720963449673,-2.696993117547547,-1.3177751186554039,-1.8356066334231285,-0.5071715772054726,1.3754075244543829,1.8400172089405962,-0.12707123926414388,2.0588206956071984,-0.7509112141011786,-1.5019569635899792,-0.34354607548667476,-1.1295609187659341,0.2835119195298757,1.3317062068559564,-1.000029788984852,-0.17451223826931073,-0.10680732405739335,0.28688550947513175,0.5608441757709908,-0.5777140264079634,-1.9546055621654603,1.433130569562425,0.7228458419837396,-0.3058107675263385,-0.6234991273233685,-0.37755269350895554,0.4818389515078816,-0.25360723724293943,0.7590005808110284,1.1187004349555885,1.6326987507204305,-3.3986553248372506,1.3761825260076819,-2.3336938927496034,0.03309052474938429,-1.434943518749698,0.9147446411896326,1.7254948228218872,2.649663666906944,3.324136504941964,0.125191280806554,-0.7814665641075197,2.2494098126647644,-0.15160289860534537,0.5347038312875902,-0.8028169043273783,0.3662637121772729,0.3006831473236278,-2.287553407957094,-1.3395065588283146,-1.6916101144126783,0.5320276834868282,-2.0498151429826876,-2.7528379766123203,-1.2288314457061698,0.22855215188213668,2.3544686480567245,-2.393115972922396,1.8031157986169097,0.18263291103277993,-1.6450630074685706,0.14657344174354298,1.1704255641664356,-1.046562032034967,-0.9082211412060153,-0.4304694832011528,0.7867166429129986,0.3425131474754668,-0.7401800024903865,-1.592557798545341,1.4372402002719418,-0.7963036710931024,-0.1712388241638071,-0.4916637096647617,-1.6860908687376968,0.3781558832965198,0.8492765445763357,-1.371710882602721,1.1121385394429062,0.5609707235396632,-0.7919782872246671,0.4566726280798532,-0.446364335167736,-2.0965167574339243,0.6563093251613767,-0.05362154142544551,0.038255950469643585,-1.2907701843030708,-3.199018744414854,0.7879807706702118,-0.37813560605466406,1.5616048567307586,-1.3068653145399556,1.0084546805853112,-1.0796866417105233,0.7558959927102225,0.8785945514766715,-2.7934555898876887,2.434026322154125,1.936437763464052,-0.02120986674340175,-0.84878437087235,-1.1416281202269534,-1.2718984474691746,-0.10871284533583925,-0.18211610604646444,-2.251378382939832,0.5786170970407368,-1.3982987386740313,1.5618797963754216,-1.2423297693490924,-2.581961245581226,-0.7815265566202172,1.4246976291689752,3.563632886044964,-0.9089270943363879,0.3550421108700166,-3.6561796833242237,-0.9185654813212181,0.9282266462386287,2.1465645211590667,-0.6239893471839376,-0.1678039434951289,0.6978216424216814,-0.0854588568744962,0.1397091240036012,-0.710951721498582,-0.9523448278570519,2.630140981151852,-0.27708717445216713,0.93849055410851,-0.4874009810352855,2.8539891072369383,-0.07576824689942885,-0.4428412638982255,-1.4358788248969419,-0.12033744636894611,1.4696030879233188,0.3863728154353089,0.4743238309740557,-1.316798078705735,-1.2772426748091363,-1.6136656646986307,1.1749862754663094,-1.950950242146849,1.2584659305247001,-0.372417989175596,-0.15353983292166354,1.0104355984149822,0.015964369452416194,0.36244627570063737,2.4873306574789047,-2.2610857872406025,-2.1693456528380066,2.2534821981192312,-2.4598368786108202,-0.27260237296791057,0.5570540356754241,-0.20281956344483026,-0.8359908621672193,-0.2174833831209213,1.4808975440387293,0.7583740652470216,-2.1632105977024656,-1.8976219547287263,-0.41425717356583314,0.02625926037004861,-1.0234547387840225,1.3083958135086302,3.0088038665923778,1.049443628202084,-0.2662830747744409,1.612809647294442,-0.7469484531455328,-1.7998975857237833,1.1364578027969492,-0.7078469111804421,4.255899521234132,-0.6887717691321033,0.8649401133322303,3.2915762192181357,0.48573736973294473,-1.4159774677360906,-0.04686305757562517,2.8840642934760505,-2.1806858854118008,-0.7301405727220217,2.6938448956973744,0.3929687595917065,1.0944508907278978,2.036059953243099,0.5204595927637594,3.0174838951089558,1.1503632698500508,0.35252287075876854,0.5932992890021406,-0.12752717667315816,1.7090343712300788,-1.7141046713587522,0.6918614757188621,3.0889226788236206,-0.03939442612768887,-1.3550788535166225,0.7511669247815519,-0.022937395184344123,1.6706112087040494,-1.349902839144916,-0.029506838783987105,1.8788721818247671,-0.10445470951756217,2.450855463006693,2.273906870390086;-0.6361055907399857,-1.1064017173146663,-1.7996915004644611,0.3178244942291212,-0.8599458142343146,-0.061714038557312834,-0.27246613365699235,1.792353469959726,1.307682523203857,1.8115925950148966,-0.37681096135889,-0.42449649957090557,-0.8495968698773562,3.125214979743883,0.09444612504546951,2.8331323263370014;-1.1813864489058081,3.300637013593958,0.17194504179293407,-0.764360395501423,-0.4444449304194035,0.09480207782685607,0.11940855881529411,0.9457829040135484,0.05442395631160335,-0.13387113591463323,-1.149640514354572,0.6460305213139503,-0.5374291995812196,1.0013585584225217,0.3938226760412564,-1.562782835541981,-1.7681348471716443,2.184854642975449,-1.4114463665498391,-0.8590029112213625,1.3447168033459527,0.5501450446542842,1.3502421877802382,0.8681855383224171,1.2066561215561833,1.9628711048300072,1.0556246188354663,0.8960192144779253,-1.4345872648426292,1.637241014485087,-0.15780009285308272,-1.6847308512307175,0.04623488606589854,0.0627468124439319,-0.6271065655846274,0.22965179668745875,0.07324656410462792,0.0888052459803313,0.004918523849492207,-1.675112569849945,1.8655658762695875,0.9487590162471751,-0.4885754599897505,1.58141095230642,0.9389964003418279,1.6703668108764413,-1.120325755967139,-1.4959690800900298,0.3436860880626095,-1.8384014608532333,2.5703221411584423,-0.4713395966576291,-1.1953623340143698,-0.9966043575805924,-1.2813218198546128,2.2746732520955484,-0.16961285730460218,0.2286917506502814,0.08416553986722997,0.7499438552698164,-1.2715661473868347,-0.5621780227603902,0.6355082529795207,-0.7530088649766049,-2.381265427993043,-0.9455345462934621,0.4272100874458845,2.8472145338536583,1.3226733919445288,0.8794590852552935,-0.3651368045525995,2.0438674881877965,1.1041826648169242,-0.49977812444454484,0.7636145946253261,-0.2329470415675622,0.15775040854044053,-1.94709754886746,-2.227784604845321,-0.20797984444106615,-0.7009805155064807,1.7206638482920034,2.177912828172594,-0.6117194516637983,0.5704653714634446,-1.6778150975370443,0.17420638174780972,0.5483859965236555,-0.4786854650277864,-0.39326138381646325,0.6625212387723856,1.6088013949235977,-1.0958681063247449,1.0066378415944306,-1.6320057152871315,2.4599368521217633,0.338023590345777,1.6629095693603073,-0.7452032499010084,1.4628739001415139,-2.1415192019275944,-0.5896265030553569,-1.3298567806949018,0.6205019255645191,0.24571610609393033,0.5225660344228495,0.2814233062969957,-0.1271001148610632,2.0436878136611165,0.7763452455894237,-0.20845476260827378,-2.2845830049841784,-0.9273610324298447,-0.44521421928241006,-0.3929729285372592,1.0200163731766467,-0.2617091392116253,1.5449541844978223,1.5384785224720297,1.6100066853939528,-0.4540846820349619,0.9721942148937922,1.1295596103338394,-0.6597414365894614,0.5361198551970763,0.4649986939945177,0.7070887251175068,0.23621453797302094,1.4077715082584372,0.899719615978186,1.7445749209958596,-1.9564949730207253,-2.3853498321982896,1.2301913077125055,-1.2794560194156932,-0.44533418733864283,-0.5122173999094396,1.632268533938061,1.5143293505705755,-0.7812524863804662,-0.9483560422057291,-0.9617856489946525,-0.2928154707552969,-1.7070424740872925,-1.2898473236305565,-1.2093040614986155,1.6291211364096907,-0.5358286628054674,2.1952200279041776,-0.993799219899752,-0.7657766330960927,-0.3215255622648896,-0.34432528351069736,0.18604531515946532,0.30428963319127295,0.2760636628404529,-2.2810280011010557,0.9807030864199888,1.7535344805061615,0.2656144788138689;0.8795319103914665,-0.5083762246939307,0.7560685866986399,0.11992307682859635,-2.7196800808555244,1.085382695157378,-2.8687888737305802,1.7114740223285476,-0.032556873255928154,1.1602418193613904"
13,0.33740531822644676,"-2.0293487872098637,-0.9562465559651403,-0.6138299463898348,-1.542384077918476,-0.6428464129579873,1.3867502993056113,-1.926925888068899,-3.8227464599074827,2.019080236484899,-0.48447631057327967,-1.2637597091988653,0.8873950386518148,0.3338180336644848,-0.7375180091508748,0.08872811320100771,0.4138826225984277,0.7173198756294086,1.0480554188673428,0.6343577221039403,1.793234454494908,-2.0859901494802116,3.3332277923532976,-2.3266398911561876,-0.04870418279785291,-1.3687376599689172,-2.185882421303907,0.07107902483687101,-0.08846753854944789,1.6739107695630515,-2.570072798136203,-0.5442814328827472,-4.0278788077415655,-3.3691824623260556,-0.8562104414597598,0.49078138340507327,0.6527102863658221,-0.44287406495281173,-0.9462965280587449,-0.6556676052349582,0.0017720102820693029,-1.3109807538382254,-1.2698510117699087,-0.7584518093036581,0.7975543632375417,-0.24123700224703673,-0.5466927622816926,1.7133049025673834,0.7809171125639904,2.3730291437859905,3.657713224630625,-0.056299385540020064,-1.7941937554190834,0.35606898994214725,-0.46460233869014567,-0.38493983280273814,1.6110549872521855,-1.0921765332194497,2.6143372969607883,1.0512564536914821,1.360938631740276,2.085125002220578,1.9236174804074428,-0.3496833635020575,-3.5469117303592794,1.717437960235484,0.9541863219335098,-0.3105037474989195,-0.07444019336508662,-1.551521954047712,-1.5117786909753685,-1.2270799321010575,-1.5078918150011789,2.277626459964174,-1.7281092850229562,-0.9217741715413843,0.29862104408838475,0.04557071343223776,1.4850448878064713,-0.5594589751734859,-1.099133810390476,1.995382131886708,-1.032557306263565,2.3689409323349615,3.1155966172626495,-0.31718631929049806,-0.7819035369474503,1.030098780985413,-0.0788392548859998,2.785481502626337,-1.0403325565033859,1.7020685688580484,-1.7757523212059552,0.36141740994584876,-0.44983966067734793,0.023646618387437056,1.1636464181306583,-2.2083037837302193,-0.8226572966050628,0.17403704655464444,0.10041475508543712,0.030113093884266973,-2.1224353125687054,0.6188355217641011,3.898061386540726,2.561838438282466,1.7919198240517844,0.02980863244372986,-1.765482008095975,0.7948182263118949,-3.891627621466542,-1.5923211799034527,2.0659794734011565,-1.8408330811761575,0.20040097218828878,1.9251581994431497,0.6731443967425355,-0.10493368154537813,-2.107228072483873,-0.24071614885189044,0.29446909156412804,1.4060152236823942,0.8564485118873487,0.6652110344516518,2.6062294827839043,0.9709269435834346,-1.2289423478924344,1.2977268400447455,1.2907841674231073,1.0114058448208798,-1.2141706631683873,-3.7917903816320586,0.5884522146918261,0.9799201570320932,-0.3779112831859792,-0.4334888374849787,0.08106613769060694,-0.208698476022102,1.6726593590044592,1.2049149850984746,-3.350880426395986,-0.6379242744753076,1.7203985179242705,2.1778260245563237,0.4200233836714512,0.01427196208765752,1.4740083166735485,0.6787797783278523,1.148717804533565,-0.4295529375558441,-2.2388700902817353,0.9025533157528011,-0.7068906514977913,-3.3075257132955613,-2.0889915157008185,-0.6391359502573667,-1.2255128995583324,-1.535989434391023,-1.640576520197064,1.5029312799775016,-1.2181877156794805,-0.3284696418894586,-1.3294634526856004,0.03912957170936482,0.6883387509208427,2.7200649956913407,0.3741217023078875,2.4338662277713583,-1.3740681941964568,-0.38748222352927325,-0.7978340630174383,-1.7783508216312711,0.5173310785222908,-1.5166980578437492,0.232913447879218,0.9000539004778715,1.0892243333496392,-1.1483077258997874,-1.0530579190218836,-1.9898222617310066,2.4489502825786533,-0.8354990148901191,0.5993238910259455,0.4151360198341748,0.7996725322704015,-1.0888419383100072,-2.9469185717306927,-2.35908032476184,-1.9530190780365664,2.1554746339103934,2.1673627671206788,0.4797925219281809,0.407581062936587,1.3629023858139477,-0.06664136064264259,0.622260504805585,-4.63154654912659,2.0361630154873676,-0.687586527342601,0.1000073697061451,-1.0356204211083977,-0.11940690586190592,0.055910789636817504,3.2615275535823844,2.917399372191688,-0.8799432498607617,-1.7631991700030067,0.3773236698819682,-1.6659221415101964,-0.8188123966495868,1.5378989494709208,-0.4668184728281616,0.7348476768688028,0.015625723329432073,0.09037197498225624,-1.0291049181136507,0.9491957376381365,-0.3933203982751662,0.1433088673031715,0.4375958992994006,0.9863959379508299,-1.5508313075723388,0.574789400368314,-0.9385937496613499,-1.9526349674925743,-0.6838345643350316,-1.4659627029760847,0.4228836859110286,-1.378049947115279,-2.0478136197300674,-1.1406348974009757,-1.4636367889938404,0.667897256702449,-2.5696379993084215,-2.4837070987630363,0.2708075903340471,0.2486787842514277,-0.34084971015182075,1.2429228517109614,1.770799561894291,-1.5708368209592822,0.9362187768641187,0.08253791984205949,-0.0938107664047878,0.05461276394538278,-0.9863886371812511,-1.250285556123,1.4338432292235517,-0.4721469892315415,-2.484233055241282,-1.0369882452505577,2.8357682744115924,-1.8937513298668318,-0.5337320600612125,-0.74671236174113,0.8129443158918542,-0.3936256528686896,1.119060290369983,-0.2504025093244371,2.3433116044436284,2.05270076976829,1.6296878725888224,0.9254167918167076,-1.125316126787415,-0.657356563861983,1.260594539110639,1.4639544305583037,-1.1652986344092622,-0.329393284870129,-0.22990320215064475,-0.9016287888338214,-0.6468490326109866,-0.6157894626200187,2.6617325504528497,-2.416243088798715,-2.3371403511316204,-1.113587440391191,2.1185251013753748,-1.6425033438365826,-1.6206014886915525,-1.1153559790153524,-3.1094641248946036,-0.4950040081840661,-1.8675493120791469,-1.6761109368599287,-1.1238749853635355,0.10346431044822757,-3.372386250390163,1.6688468140641222,-0.5792487197377495,0.03178329922120682,-1.7422413315209555,1.3810682330830524,-1.1310093368104772,-2.200666470163884,-0.9125878176086111,1.5070157333901044,1.4337795212396973,2.597822965152928,-0.4353157698750949,1.4693264346172468,0.20360556584106723,-1.0015789320881539,0.8424886674294445,-0.11494607855097846,-0.7649835287267633,1.8838316343521935,-1.4253168692527856,-0.6965437326511309,1.4200329227230313,0.17134021369650698,1.4785344564448515,1.4835565172577954,0.3168068681607412,-0.19409695205524202,-0.42449759682442956,0.8514225247734698,0.6646349635390564,-0.516749687111177,-0.5618862843007701,1.1263075761535732,-2.1595394390091935,-1.2022698067603756,-0.9245826366046723,0.05811783594809805,-0.8563192089574254,-1.9347429092557151,0.2577009743057259,-0.6248030171929414,-1.5401121505671482,0.08925131104421469,-0.3242689699913924,1.9892996372525316,-1.4287127631294065,0.2566599384349113,1.6110605333308392,0.011523355232050836,1.4848233190181062,0.6978989216539365,2.2601386455416064,0.3834910977840703,2.108079162711509,0.1376189426315928,0.29288459632045744,0.7161494255333676,-2.397294362772022,0.08558392076169974,1.7524752498220548,-0.04410066819180283,-1.8201790328285226,2.355491934800515,-0.4938333901793975,-0.45908026348586123,-0.5873988804478601,-3.0155432684489933,-0.19979126516943402,0.625657345855075,-1.7479060435157403,2.1857885065610376,-1.4976204886074855,-0.3142018163326169,0.3043047199932767,0.05284539851713228,0.08707696131986536,0.2754589491040296,-4.543550163329661,0.9051213205975414,3.173569520924595,-1.4297418633195282,-0.07937760821472711,1.2164813314361025,-0.5976301174092016,-0.3644427891972549,1.8586681544340231,0.9222871755748492,-2.664611487837047,0.4376101605781574,-2.6401403404224455,-1.6331160960910234,-0.5325450660152629,-0.6847572314724657,0.5237254751306397,-1.3896223040652558,-1.1213183832298612,-0.5372314997881654,1.0767578917548528,0.7926289530464539,-1.4590237382293114,1.8409077342840547,-1.8271435204151207,-1.700860721339813,0.35277366953118794,1.9501580668953449,-0.24369120201786054,1.767079395078349,-1.500481071646786,0.9831516961686011,0.6470193479409778,0.34768341153566007,0.7833669943409878,1.0231398061674304,1.8120329677393956,-0.4724333444074441,-2.597547918110731,-1.2986729710468357,-0.20593538205640688,-0.2700622294935869,-1.8805341315923976,0.48466121560075726,0.4477857061017827,-1.6706670765458145,-0.3258043778280223,1.413575352031443,1.589798771593246,-1.0947875232878306,0.3279316945286185,-2.3392714013432263,0.06881228374086495,0.4087157065918813,-0.18285951446980137,-2.074130332709663,-1.2705598187891036,1.83326859052781,-2.6767993322076102,-1.0184335246104814,1.527978107756689,-0.8219579439289306,1.0630343988592628,-0.3932689120900864,-0.07642914970463141,0.7983718428613042,-2.819442453492453,0.7935158525531589,0.8944502699876578,-1.4214999103328707,-0.6675890932787973,1.720247946354585,0.8601631019183127,-1.404703499114799,1.7090046442678222,-0.9911032561708326,1.170319164356319,-0.6147572659917,-1.341511671029142,-2.3046029611219385,0.31153319238667854,0.5259197283924018,-1.809371267678694,1.5554904593197623,2.777035615379932,-1.41082765779498,-0.7542006732912949,-0.7839452518139919,-1.2772190185421253,0.0678693058497083,0.1593301153147469,0.99328500059694,0.8463884635064466,1.4193567775612836,-0.25141608337018384,0.4575910101829157,-0.6260125472740711,-1.0324155499128485,-0.26235308871491314,-1.8328077857033427,1.2043867946057396,0.17085416457811514,0.5108973982361759,-1.9470343102511063,0.6488599773401189,0.38285642884862575,0.8324295602943235,2.3365016063758124,-1.0004941462326642,0.692380396834559,0.9229487327785559,-0.1153119121148547,-1.2189919134625269,0.1730851308611033,-3.2999580121406447,-1.6292570430044393,-0.8060165311730081,-1.4380421958109642,-2.917198940917774,1.0069534254016435,0.1428389773994299,2.020467127948206,-0.1720605178402937,-0.22956220466389876,2.179811399453172,-0.8355068110804998,-0.23713908486804325,-1.924152923899468,-0.018584531648927594,1.3974237677588892,-1.647489955342963,0.32731818784011746,-0.42118792456197907,1.346221962121497,1.4676960823669942,-1.9832589043555302,0.6175117896174586,0.5078143649648521,0.7603200560740491,-0.8132340940447653,0.48592558972310224,3.9654894477342006,-2.2743172714074587,-1.969822742204109,-2.1277453501929067,-0.5840033465834391,1.0167582499979264,-0.06078172227743339,2.1308309873073368,0.9917173650429202,-0.25610557501471076,0.04691922375090972,-1.0475394800812747,0.8155433163240908,0.14089929990170805,-0.7550175688952966,-1.3681926087956047,-0.147910709139776,-0.5459417352058802,0.4880591956814191,-0.6681728222250833,0.26034397243664376,0.8954010426480272,-2.1872998837763378,0.7005243251139336,2.3280664513688016,1.1290710794326568,-1.7183359112075842,0.22513882261665308,-1.1391909379024596,-0.7170053486190185,1.479632361446379,1.5176484178221945,2.1534120401063763,1.0620308711525324,1.293705383416792,0.27897493473601126,-2.248561879716466,0.5462514194896098,-0.14891895809691982,-1.9312745299108962,1.9040931108173464,-2.3508742991826113,-3.4182515772463877,-0.9770176155813588,0.9831801417632797,-0.6761826436187119,3.088644610464776,0.0073548878863278905,-2.9670368937670313,1.9650996113804926,0.445556636444603,0.1020195262724436,-0.3116481805230503,-0.4890018742752784,3.2160471790014746,0.6333156083272077,-2.0762626192070432,-1.8937082117130648,0.23841256979518033,1.2005377336162717,0.39680832870215155,-1.93929432479867,0.14363189456549563,1.754016623891432,0.6384976369838199,-0.13374296204779554,-0.2454308564408858,2.416741640404003,-0.08372227674487814,-1.0188849609400088,1.4857087253725265,-0.11370301592162946,-1.4024924699445487,-0.3479051958195726,0.79665571971825,-1.234714402509664,-3.412208979466026,-0.5006491538415583,-0.6287678454321821,-3.791153545653775,1.074002245464043,-0.22460455102923782,-2.636121455781125,1.6061400221847322,-0.1684579422820249,1.296820061762662,-0.17653293174450368,-0.16593756816852978,1.7007684598835326,0.8339933026086254,3.391643153235453,-0.9459426876820318,-2.433838461769221,-0.990171639988612,-1.102460200707993,-1.8047550185582932,-1.2073374717512149,-1.1030841219074699,-0.3500279469195161,1.0749873010225082,-1.5447932859769904,1.2236549032935649,-0.10715923357398155,-1.0682116577911973,0.15209591744042172,-1.1991097346332094,1.1047075062788276,2.0797304521009585,-2.2959389727629675,-1.714261090956985,-1.8688891457545702,-0.5434210951780661,1.3989991709790064,0.08622316119005863,0.5513369105369103,-1.042667139727224,0.6407683463712017,-0.4383720170416351,-1.3501532965875,-2.4284929079185527,-1.9162759580388342,-0.979972887068347,0.056978664693127214,-1.820416618852529,0.7520366132048892,-1.7497813800807125,-0.25982599499516945,-2.78772820372172,-0.5809569283603291,0.033307388943474625,-0.17175469528415763,1.8722235463416874,-2.7309763817216877,0.36634238076157577,1.7202497051488763,1.2175330089071021,0.5602408727030544,1.6353360985593226,2.733282883990536,0.3196143181388277,0.5645097453049548,-1.2187096062897473,0.49752387518235486,-1.7654550613813884,2.954874705567657,2.758872503961507,-0.2051623552352948,1.3173399009911764,-0.8872208859799413,0.31696052318686996,-0.33846015026949416,-1.797454244054256,-0.3917968632999586,-2.517468272831858,-2.158811134952506,-0.8158478331137949,2.0628339908375075,-1.1745565845088983,0.2647567430533288,0.14276082578125848,-0.07719156195998256,1.227376231354054,2.4214956714748985,1.6440663611429607,-0.1286888969805049,-0.6743953325199634,-0.5694444914125871,0.3763222789095173,-0.49391108907732517,0.17034703390652273,-0.42310742955006875,-1.5234126391044824,3.7037542235625884,0.8963759838916555,-0.796663244701243,1.4949769377760362,0.6256513282549763,-0.050270154974849074,0.6227758481578006,-0.9469890339247242,0.33427293921111434,-0.5594042277278162,0.2629065287804,2.053434235735942,0.23277543189270217,-0.4881962678916518,-0.6321987932454558,0.2641517532162089,1.851972852052167,-3.058202530764131,0.22510520129473818,1.337138036609064,-1.0002946528036585,1.669000072909429,2.2448939737029368,-0.16530319642314834,0.5516513641258809,2.2591604104389567,1.348621708192135,-0.31547008110501157,0.5477759580051964,-0.21007057040537291,-0.5428087206221959,1.8374996115031652,2.6930161373991455,1.1347546616026234,2.656887663370613,-3.5240338494527084,0.09401456570555783,-0.87925301638336,1.193354643275309,-1.8647884839303297,-0.9998858514967061,1.2841591662468235,-0.4037663847829851,2.916627829239889,1.0807614050157228,-0.4311648074594927,-0.09788899545472424,0.49199857589836254,0.4208269398475084,1.306220138791279,1.0789731921800425,-0.8929335412428228,1.5511343724424926,-0.11518915545896594,1.1500348275894283,-2.047653490643302,-1.060670136995204,-3.024227141812332,1.3624156785295094,-1.3143362188232104,3.2086362431061266,-0.08290001428759314,0.2533216296434076,0.43067030970171394,0.2660449424862644,0.9129233184337188,0.3202513859150392,-0.08675362871287667,3.7325501787290465,0.049236339885531,2.8378847862884715,-2.129354266551301,1.734479033694138,0.16996287112566044,0.3438164234668989,0.6999793747219178,-0.7426661516753483,-2.372841906149413,-0.8671459887900863,-0.22408283170674093,-0.006755959052566596,-2.1365639962337974,-1.1762713152697413,0.23053972188866909,-0.2716254078841549,-2.423967375864081,-1.3928260349999555,-3.6293765669789577,-1.955383213192944,-3.153926912708824,2.159523803086331,-1.8126077264662133,1.5157710094261274,1.24896537942393,0.3596913791816533,-1.2165552309660717,-1.9915947100308653,-0.49994071329755435,0.4605828444905862,-0.38396337596756624,0.6349962390719492,1.134712842485053,-0.6699439538896146,-0.7263354105152311,-0.032155124517500355,-0.4943233680004148,2.284140791005216,-1.1032954364396388,-0.08605820209576492,0.2668164823359857,-0.2877059458997636,-0.8808442974161562,-0.4768072841781,-1.0152387216765826,1.2282162155029404,-0.9865150302528434,1.1761236837627629,-1.5886247822350952,-2.828021404292914,1.2561631268849478,-1.9157561249600872,0.10549284632116457,-1.4806483862938107,0.6116251285192457,-2.272322835664838,0.024352065127819567,0.915108949154988,-1.2485518594099065,-0.7801035591934526,-0.05153359431686452,-1.228239298552826,0.09186412213916889,2.058244837851222,2.348697192782959,1.1509248443907303,0.6612678906192286,1.9718324906135796,0.9757503307701701,1.186573354236477,-0.5364060788796836,-1.446848858085659,-1.4045162358180803,-0.08289999420568801,1.8843074836097007,-3.864478526067155,0.6177373626043292,-1.2063589442965583,0.22241263722571875,-2.744658193176225,-0.818187668522342,0.6647659608103887,-0.46753746439506805,0.5239979566246203,0.775421106269802,0.7766848434282186,-0.16058058252697363,-0.7588629141036123,0.3554617019640218,-0.4066541005772243,2.731913321360743,2.415006627734764,1.9232003647030853,0.1416327844853204,-1.3296277064772315,0.19626185329805484,-0.9524410432913053,-0.7536858273141378,2.38861692466625,0.3587410159478154,-0.5369528615056611,-2.2743122593995766,-1.959810756387892,0.8535294135178082,4.582336062785919,0.44917117751392055,0.9943175521431986,-0.32610621549436153,-0.13668015107981601,-0.04440072884459123,-0.26895908528877654,-0.15378092910884406,-2.6557389088823955,0.5338369433423429,0.397140852172526,-2.3581915487947382,-1.245238404600141,-2.3356949897173176,3.2127491012613216,-0.3945901391452662,-1.4210930365059788,1.1038387396298632,1.5631058735702827,0.01701155477190669,-1.413203604410986,2.0636201488047408,-1.069621235668434,-1.7219578074589257,0.09144764645790704,1.2059388158924567,-2.1113117911808437,-1.507389846425369,2.1334626718442626,-0.5960728244130737,-0.11388976681505736,-0.5893468308204131,-1.8221143089914207,-1.6771915729338156,2.152761418011438,-1.1172523947471085,0.7597638942738356,0.6535439986568906,-1.1842338272029782,0.854661072813008,-0.5959590085399676,0.7530187234341856,3.155679748714106,2.262343484535638,0.5976684061068935,1.6983441295161994,-1.310779852468186,0.42070106002939456,2.8898603289179334,-0.46449765109760616,0.8307320802471778,-0.7188714360130517,3.8596762578661488,-0.3465310636418843,-0.20656273815278997,-1.3130870090615205,1.1324619643420395,-2.3968628987655425,-3.5554945265944724,0.4327411276051504,1.8293715838746392,-0.4136841251659933,-0.7060398047677716,-1.1941118179344117,-1.5593586550674696,-1.3998513314770626,-0.994387877685946,1.4061752833990533,1.4660288606235097,1.067140662373726,-0.2191916394466302,-1.4486185654376043,1.041798187266418,-1.2386993314522163,-0.12208722027117482,0.39062594213703655,-0.39783238870601123,-1.3171067928219617,-2.3114542511189207,1.4471735943328452,-1.8277372266634961,1.4664936384110001,-1.8188711630045045,-3.3267096699985337,-1.6997437266800532,0.13594027129547478,0.9877294111461161,-0.34639410181003494,-0.05591492169704981,-1.6278192546824581,-4.057882032823987,-0.6688328891205811,-1.457807066466192,-0.7440524507681832,1.6901986898358041,2.0065372096873695,-0.64910899938052,1.2886676218122541,-1.1052793061182202,-1.1318388078113573,-0.2240000781016444,-0.853060936677954,-0.5244952832767462,2.129055168043022,-1.0499686707942553,-0.6096106564996755,-1.038394200796248,-0.3515246525050152,-0.07972054491765412,-0.5641967010099469,-1.6857190176309214,0.3163779874047824,-0.3203585873041658,-0.22306560623355232,-0.2823893176648492,-0.6760688007311209,-0.1013587797396513,-0.5365347838776362,-0.34497219854175987,2.107877868459082,0.7353155169827393,-3.3024085603262114,1.4861009811907158,-2.3183530207045964,-0.7441462223209108,-0.8450658963274844,0.41939355010734614,1.9644032321110603,2.1915388380568888,2.7253511116133686,-0.5389249004120077,-0.456077944038254,2.263398554825418,-0.4747454255326525,0.2608863146777083,-2.495172504726356,0.7273149091116144,-0.046256356302083246,-1.6662384076702645,-1.2250060855638452,-1.549578850591526,2.0816820035811223,-2.4544016925023824,-2.1617871289691815,-2.136946417083003,-0.8539967314746542,2.8222692558166016,-2.5993491592459605,1.4316166623353934,0.9905511520413655,-2.147089006798047,-0.13494649318118102,1.845446779198149,-1.4107333244541655,-0.5944959494941818,-0.51679289350182,0.3569353936874254,-0.27769724451612077,-0.7607173197000334,-1.4307786649096046,1.406370567467917,0.09659866475408391,-0.7339682633714221,-1.1423920053213303,-0.8033227774919391,-0.1513361241568232,0.607580965591449,-0.9564286027628933,0.8898896989214025,1.0014925110569208,-0.9568424560992352,1.1026435326445978,-0.42374863165611415,-2.1311615360971476,-0.19948515516164053,0.30281097689011593,0.9982795647056857,-0.8774995725148278,-2.9583982133290725,-0.1591324017273111,-0.5398751315780528,1.6713207827943313,-0.3852616199905138,0.2820094626397533,-1.047400811086531,1.292139151662404,1.3287263550955768,-1.9406802717593066,1.7374240073442775,1.7941958792340424,-0.2592625396505531,-0.49969629421506123,-0.6991875993145032,-0.36186011991395733,0.30987857491948095,0.2271811443583718,-2.328555492174245,0.4177720203436492,-0.7719102621119233,1.5499624424400107,-0.30171160509554007,-1.9132434111322456,-0.21233198825074662,2.1539061475589705,2.3129211670565053,-1.6850564249798297,0.812746419760918,-3.9305570069800337,0.2520719688764453,0.23731137635216173,1.062197784357005,-0.5411462710758295,0.6260248379337248,0.5888760666555354,0.5188839420691663,-0.09982451662535324,-0.7635676787725885,-0.4203382274697525,2.850701207282163,-0.8228318023488386,0.7877651671988908,-0.2582258168590504,2.876802108651739,0.2872628025450118,-1.0232277550658226,-1.9233440699329476,-0.7861114130595386,2.1632699294091715,1.1592189731315514,0.1756096855225775,-0.12322932672560805,-1.3480816345033897,-2.199297293935187,1.2088222019769153,-0.9571091768234239,2.183803855277361,0.38772685629780873,-0.3893204654263301,1.3050594170775451,-0.4190454680196268,0.6858207702732754,3.7591984633776474,-0.4384606436608881,-1.642967966793898,1.8685377792287894,-2.625112359480329,-0.9322749989142688,-0.5924861441840958,-0.9717855311981687,0.20130143884551577,-1.2894898122364333,1.7956804006084153,1.612791916064786,-1.7414133134078384,-3.0809043703501606,0.06917254421271052,0.17482960540710735,-0.8054237898214257,1.6725658803806838,3.5838144987685854,1.3210220765985856,6.909404056393287e-05,1.067086025890981,-1.7408800559626942,-2.0493870384760946,0.14351200032110678,-0.6868773592256571,4.000044770143023,-0.5917376799463985,0.4932074665038183,2.5164627862793694,0.757515711424702,-1.3856845448267543,0.7019718994296309,2.4541645533427427,-1.4460427642286904,-1.034946236476979,1.539817594129487,0.8086767624418699,2.610370844864507,1.7793273898891218,0.5063141014946453,2.722409928937821,0.3595308209772006,-0.010404147232118355,0.20464668227320282,-0.02919949953062484,1.6327425636387056,-0.7437755060053368,1.3801292747830782,2.4293251212275733,-0.3317081649275492,-0.8387841307579665,0.5687773940139147,0.26109234396102354,1.4404822031306863,-1.2511933071362193,0.05874755830266967,1.156233427867863,-0.9050965926805946,2.0364803271480647,2.63994876476698;-0.7431804799121202,-1.0308077314720137,-2.460461129313181,0.056438874860709976,-0.6783592477842987,0.7501937597038755,0.5120482555920162,0.1428936831296097,0.4031460613285257,1.6416079914400226,0.7210250855182884,0.25553098897902454,-0.24607236314935155,2.9281135733218395,0.004311378707554103,2.8579501358280672;-1.8675816863526085,3.7392372262472335,-0.01629406317768578,0.13740745928628842,0.26449924004618985,-0.12073358463238587,0.33309784306580326,2.0242345421835863,0.46250184298893354,-0.726569457680115,-1.372776356280519,1.3761685135952049,-0.06683580198701294,0.8907316652283117,0.04479328734947865,-1.6243278729247237,-1.941025764595495,1.2885301366308544,-1.5151589026747123,-0.21537468555584496,1.6791612839572831,-0.11284736281131533,0.7184822123334054,1.055752595547414,1.5134104217414168,1.3782327317695109,1.2125214244381588,1.3213567820271779,-1.692507827360585,1.6991194037887243,0.1621025285904327,-1.3826650933464215,-0.07148887088070499,0.157189019739709,-2.187598507106789,0.4540028268647214,-0.5815109548283965,0.3278942775199471,0.4850140723696365,-2.032675771206742,1.3495588092156834,1.0492886900309024,-0.7273466998346411,0.11681210974938938,0.892115088248382,1.9609801834532568,-0.7058505709039131,-1.079793427490392,0.6323223144782885,-2.0831633501751208,3.5313863162630383,0.20381835189135433,0.20827621592573853,0.47652470938802705,-1.5612807070522363,1.5896977944757107,-0.07657669824776021,-0.047276833502950755,-0.4558724633153728,1.0229444564561214,-1.4971290930032732,-0.6454431935700412,0.49359994738819113,-1.0323985933408664,-2.3303477426104218,-0.9337758660063983,0.6111477897354183,1.6354965303932656,0.403706782416569,1.261001360880312,-1.5699700571240083,1.568508622903365,0.23335864612538493,-0.9113254517703979,1.5903330870721768,-0.46975646517810804,-0.5869409872118377,-1.8705922333808576,-0.6396864690776495,-0.9107663451103407,-0.3383160638772569,1.1560173862807759,2.347507168422497,-2.374972464176162,-0.422891440606899,-1.2190239278778872,-0.6731246630195608,0.9393978003628437,-0.262419551414387,-0.3769150878999791,-0.12452430021212356,1.8656383425704905,-1.2910293941157316,0.43653679828802866,-2.192069221904074,2.118353064660169,0.2721694880294034,0.9344604663893095,-2.125434957619426,1.9742666474107513,-2.4553100111899497,-0.2849188948723753,-0.4117948653230125,0.9586583645562748,0.48475739520114114,1.0255418260720397,0.6706224728026005,0.4049026826969895,1.748530827969562,1.0711016490800798,0.03336513415827269,-1.8800578443964175,-2.3472648964450693,0.13370906542704414,-0.6061817686824951,1.568298671748857,-0.14874972340177983,2.1580712612542077,1.4043437799395306,0.42419939170175247,-0.11610761108453013,1.168521687598375,1.6162669541203907,-1.1234947109420976,0.6907889852942338,0.4125822886599412,0.27399402557124886,1.0200346966676,0.1560318859854204,1.5710699961806864,1.2855109887469915,-1.4035414149372902,-1.9059869796597573,0.5581935719792577,-2.860665185755688,-0.2546061201969331,0.3341927857316934,0.9621780128002717,0.9148298667151566,-1.793608662877137,-0.3880183963413578,-1.2521650644567242,0.0983890345542886,-2.388822278900124,-1.7146730583331578,-1.1154972176458964,2.7434676768442583,0.14107618350220325,0.437817842857901,-0.2181179844908424,-0.251735710733535,-0.44611904343762077,-0.3511941707300903,-0.17997870369341662,0.35552746543451863,1.1499881251754123,-2.3466796451454166,0.4279315128915925,2.291996828371203,-0.6680044459072407;0.8229721598613864,-0.39763333540355056,1.556406428076249,0.3954370681705446,-1.468291179034889,1.9177761500889647,-2.6592134938474845,0.9838595708887803,0.11509772693036349,1.2791590887492563"
14,0.17065798678830396,"-1.2504085756018832,-1.1183595802151767,-0.8836633216443104,-0.9158243101923598,-1.3915707147580216,0.4137240406618913,-1.8325551449089175,-2.678066696516728,2.3524225143026642,-1.6554983938367807,-1.5853305823257546,0.5889963471905564,0.6148072647368271,-1.7656361811788426,0.23882159586606055,-0.29268070646809874,1.0833649238030603,1.8496540636805445,0.5540641722435296,2.4391348838051994,-1.756027515821885,4.285400921089266,-1.3944828311484883,0.058415530972204234,0.3307460759698716,-2.1168989058224787,0.1083196941100037,-0.34513386375302435,2.0932107839446945,-2.3991756156555364,-0.5522111649925202,-3.003395559595608,-3.4450558488858,-1.5355882733071717,-0.44250600343126417,0.04043435280236868,0.5188265326354005,-1.2112022109725467,0.4639001771440072,0.8711215340461863,-1.7729272704653256,-1.9876156090644375,0.4817454086303746,0.48808868218382173,-0.5544784816578557,-0.0004403519453421989,1.7229991232623794,0.041940650862033135,2.084075776083454,3.0958386754888703,-0.29866367688781514,-0.5366386414351588,0.5465915825480674,0.06000210184941396,0.25682065676326593,2.2761047985083183,-2.004924011664163,3.249864025140655,2.311879872331409,0.9927515594378893,1.984703845811317,1.7974415755923452,0.35351121138301544,-3.456552015390273,2.374910060216925,1.229484757011271,-0.5087526070018207,-0.7771460556165951,-2.9192211861878694,-1.2543513923027976,-1.2246546482694856,-1.637722958571632,2.0832798395433874,-2.6681981704703706,-1.9121698518164465,0.1359311621148752,-0.9196624826734594,0.4539108100710636,-0.4667990139875205,-0.4371994758733879,1.6730314559903965,-1.0524019419824162,2.4755009568812913,2.7323905370025416,-0.04274799384729598,-2.0467721066212254,0.807107420431193,0.12651461539688502,2.233131689335711,-0.40101273526975106,2.2056517547954333,-2.5812742965996827,0.7845560559795111,-0.6844293330963814,0.16669262410901736,0.9839822130135774,-1.377876857072357,-0.5744605249063591,-0.5712273271893159,-1.0799080495328892,-0.3516339677125395,-1.759115654473802,0.3535114871311774,3.1571837989200198,2.2267990615510476,0.9824468447018275,-0.693123595801779,-2.1426759968196643,0.9436574449155054,-3.327284521117838,-1.6543591335200634,2.375251040360527,-2.697485731541753,0.2974839295677607,1.6600685413740948,0.4487327811592067,0.30107867873295957,-1.6575594591988823,0.18585057455312967,0.035273845108813685,2.0276406839520638,1.5816033698193357,0.6351365758726499,2.3825449579045412,1.6622684173448645,-0.9945391378960239,1.7294900793205015,0.9078639099728653,0.9426228264014085,-1.6044330029348595,-2.6602874171793918,-0.025699740690801276,1.2104735471783765,-0.6254284777907693,0.12944672096605864,0.6347668615588916,-0.1287081285312035,1.3933845234574578,1.144246093136339,-2.938172018187661,-1.378776624425909,2.0300069390748847,1.631992561999934,-0.11590019724226719,-0.23291058460512448,1.0008860499161356,-0.7551760197902168,0.7268937257877117,-0.8530404647680818,-1.514339318113512,0.42639319210911975,-0.6223397141351267,-2.334175937264341,-2.561491369550238,-0.7660693721357804,-0.926085226803574,-1.0693173400650813,-1.807623668994538,0.8547420633488083,-1.270865391186499,0.1454925770974028,-1.624571166048435,-0.39270886632536106,-1.227678227054491,3.3619947399333743,-0.37410861126802,2.891063101470466,-0.4985165027085528,0.2947042753512302,0.13281749311561775,-0.8092771700097435,-0.7470460429387087,-2.1041702228833237,-0.456324220011028,0.8520497275009251,0.27856541032540205,-0.45083006262522174,-0.24440685983569221,-0.8412071720983665,2.301495341621112,-0.5284138284017406,0.2372593400989991,0.5471393360670627,0.5003455247158753,-1.456220614875787,-3.0362353606923933,-1.9433495188750705,-1.4897085750207477,2.550189754035903,2.1181971324186213,1.701494982049255,-0.45066409365416393,0.19205730078815608,-1.1884228841968825,-0.5438292860503157,-4.4228381635623775,1.7880987308733594,-0.9828857049263959,-0.4694827610914835,-1.0758431797621992,-0.14706776682944062,-0.9857753632625355,3.254497016159485,2.943685775412357,-0.10628799062627625,-0.5471430521639848,1.0943476307701354,-0.5810672469821522,-0.6646582213883807,2.616251428617658,-1.0943916126871887,1.566626005745019,0.18253638882409412,-0.7279027432523568,-1.30322518395108,-0.15516259590710546,-0.2676701509038576,0.20597961360520328,0.6760729832756593,1.0551642153057772,-0.278900539269872,1.0342976717409458,-0.7374403021942129,-2.0888032926837576,0.20632836376148303,-1.5415630770691353,0.14663274020935035,-1.331686547901571,-2.113585132053223,-1.519207673621879,-1.4681876551810336,0.48309386420295647,-3.234979426204757,-1.7648773839947134,0.7401444486544564,0.1745839469043044,-0.8437766894545425,1.6846150469978174,2.329126391301294,-1.7604936810704626,0.7206406111784407,0.4539839434472731,1.6106625319131156,-1.1095281733634597,-0.285320790906895,-2.0985494052173133,0.5958564333326146,-0.11668147944521912,-2.396474931138764,-0.10582498050261918,1.9511799472084634,-0.9170879155917527,0.20507003648439903,-0.650511009101135,0.8067217031274629,-1.2025774241304883,0.7333810156304086,-0.035196243664858684,2.231506646132319,2.485565882706189,1.2923673862431955,0.9282182326673575,-0.36990699995322485,-0.8761632894633945,1.572564107328914,1.9452498380838634,-0.08574613297723377,-0.7816760099828565,-0.6905674921879592,-1.0140632137128354,-0.9306988180336423,-1.42444227063526,0.6959528292320041,-3.020584009465738,-2.082438090871275,-1.3877059167302015,1.3618956701111242,-1.2540921783230927,-1.1188349377078446,-0.928704346277035,-2.263231687208,-1.012358821731425,-1.6621305192052231,-1.9867108406724494,-0.7586813788311171,0.2461633067974317,-3.2805856926189825,2.164245753758449,-0.6479980290754731,-0.7432903119608404,-1.4937792341157334,1.0992175416147616,-1.8445626536334165,-2.489174386112563,-0.6001720196015935,2.1206833098036912,2.0749740526953326,2.5529621318601667,0.5982740937585291,1.6930242792478138,0.02251082501293372,-0.4007163691499215,0.8619517398281422,-0.49191075173184334,-1.6037011886808725,2.871259407966207,-0.7332740182432821,-1.1558803630042112,0.9526878511719742,0.5496387654564734,0.9535253440853431,0.35228073440172114,0.03971457969102482,-0.05564159276970329,-0.8448943660482233,1.3881015207706784,1.3378331924954345,-1.2009926968123303,-0.3797061805223038,1.035119896278894,-2.834732860271793,-1.1385551041922541,-0.36042858999655714,0.5120442590450167,-1.2565285261195847,-3.234177442488165,0.5367920936621607,-0.7262309352823458,-0.3930111774485643,-0.8894342420673076,-0.4818777645299502,1.7601081659209294,-0.6197448282311508,0.48500943350012,1.4783736183474778,0.38867776581058916,1.3712497900776903,0.8809875284698329,2.236076691276915,-0.9548006140209611,1.5186153606477781,-0.41563461767353815,0.7698922228161464,0.47933356558843754,-1.9584684130503287,0.6913869784312636,1.5549679153659943,-0.13724237226857453,-1.2284332063777381,2.000327516058019,-0.4952322799479496,-1.0128957549691586,-0.9146510765840705,-2.3167926770350307,-0.09055811760568536,0.9664955828378671,-2.5854208679501465,2.907085598384662,-0.26090571321009537,-0.17539323065183252,0.888464603098924,-0.3097484912929801,-0.37277182261156083,0.21142928396950428,-5.218250627313149,1.0453554202627777,3.4106408063826112,-1.0335829460014705,0.08699038055519193,0.0035488652522052133,-1.75962242810354,-1.2862308814895609,1.9681783303223173,1.0145352347099776,-3.5363868023672045,0.49451024827669776,-1.5433914071529493,-1.0032544473591423,-0.9707153486554807,-0.5156513830535427,0.18593511265794305,-2.006461968173651,-1.503297376327934,0.3061578995519518,1.2338583332673785,0.42991782750720514,-1.2601965396691606,1.6477649580044655,-1.5734434606457177,-1.6586994851824566,-0.3065551461787686,1.3387694649877506,0.08211708109420396,0.9242772143201076,-1.8782646669587073,1.894425434259745,1.353344497410953,0.42688695515742164,1.7583213109022606,0.8291393214286404,0.6055136001212129,-0.6632480438104182,-2.0208675578011723,-1.5849427856967047,0.432643984126511,0.2770724418337874,-1.5979361305938287,0.9051799603719388,0.784405773097156,-0.9172241584401746,0.021367243475583303,0.5597469449757537,1.1683294738882328,-0.903364230993217,-0.3329843238681407,-1.9545808814384553,-0.261617280824974,0.7529107976264366,-0.3102139181107491,-1.7045487950610292,-1.5302240617277227,1.8229779364360585,-2.03408393757561,0.02469591361186496,1.1244460571797619,-0.048555908903444855,0.9859307631393235,-0.558371389905974,-0.6522356706398151,1.1590226253790445,-2.301926351157156,-0.20343169989192145,-0.3275246758918392,-0.9607694566756366,0.1469216954435093,1.5787143973005344,0.1259167770596633,-1.4101004609431254,2.147871164945973,-1.028307505186417,1.5414265691417492,-1.5270448103497847,-1.0405935938267492,-1.3754525597863712,-0.7755453517216218,0.6753476626217524,-2.054912809838788,0.9784996044106544,2.566225806035518,-1.4636451610786814,-1.0334230037440106,-0.7556471433847158,-0.9121917718001911,0.2688667937490927,-1.3973367142404676,-0.5853475467490623,1.3621203615243556,1.5994113721474104,0.162253442632335,0.2077992272798639,-0.19085613123345208,0.06795022039498233,0.15051666234040706,-1.346223341067761,1.4904903827323417,-0.21254392368195418,0.6099463898608882,-2.27740822365886,-0.09936718969019798,-0.5941089262554577,1.237176473062689,3.5519269736981514,-0.9586383807833183,0.4790559795369502,0.5736007013636288,-0.8252907491682304,-1.3155507060139948,0.0542376732216906,-2.828204791420293,-1.441170940232199,-0.4792175921754852,-1.3754165710783262,-2.5253919074694218,1.3000799198868556,1.31535659955744,2.9716781299612967,0.08827826844786307,1.0469367627716029,2.7177806942717173,-0.9140491258225754,-0.7500034047866979,-1.1946938500616022,-0.6008182818387479,1.1114578700464521,-1.3903848162949917,-0.31306036337122906,-0.10800119262827339,1.2062605256108385,0.7111181974432217,-1.2780136084865368,0.7243647924332621,1.4578036098913856,0.4140621914403884,-0.5290381008811365,1.508163738302235,3.707963168834763,-2.092486374485024,-1.1493876628687723,-1.4675646488557161,-0.12765437623513032,0.9933037752135192,0.37310573502852873,2.3241585250411996,0.5262908607721065,-0.08903906657866581,0.014615148507982678,-1.5743603904156762,0.8650947320740606,0.19727612428007169,0.517122035267686,-1.5005096416327663,0.3398906859904332,0.4652830436263544,0.730571651241902,-1.6134174602065223,0.11259300310251624,0.09831473369507038,-2.0686360655686564,0.7950867738760037,2.0916171504793386,1.017168236537357,-1.2424747546677586,0.042129567851023286,-1.2610683822198991,-0.8835278178053647,1.098424605698283,1.7537725626443534,1.0236423074151464,1.487096985928536,0.7358727593041212,1.050015398229221,-1.5995201205121914,0.5247280059832934,-0.10788592580795074,-1.8959282187937592,1.5665350371196876,-1.5421929452916427,-3.8340932555455662,-0.4465685069964765,0.7696152683351201,-0.6119838677760479,1.1519100101964788,0.2712383067367418,-2.4082888712429247,1.8377610779338034,0.1794163153818613,-0.14576372264198367,-0.266920038190621,-0.21808988096025983,2.8941930015660295,-0.03409716505746932,-1.1837072501498862,-1.9380174624377327,-0.07360520979791749,0.6659887711205588,0.44579366957954436,-1.8260545788443547,-0.7950695746501026,1.490844178764764,0.8809784610208817,-0.2495324552938194,0.09481294651692002,2.5623492810421933,-0.2127792566970186,-0.7729178778150338,1.7768774861601626,-0.6366032897470799,-0.4641242421998497,-0.24199448366406753,1.6310777486556463,-0.9355373883964802,-2.9317558065503992,-0.7769007443693352,0.6172091412718608,-3.483702352069896,-0.22921159742253647,-0.24971748157305917,-2.669186261126456,2.9854704723164582,0.27841900339214565,1.5293614890437082,-0.1591324981467509,-0.27942557137604296,2.8649232174882497,1.2167472807625308,2.7566020327971286,-1.3485485277745601,-2.5662192302820457,-0.6213530362665072,-1.2180723005087815,-1.6923038285052392,-2.286150522950246,-1.0262868208248186,-0.13962665555254933,1.6731199084010036,-0.05452460024268496,2.770209023341355,-1.013180147730479,-1.281312911354222,0.4190303400951242,-1.8139370614096761,1.4461105629568125,0.7235849958706844,-1.4918754873919116,-1.0521222489935795,-1.8080454094467855,-0.7659971380812454,2.159188998747618,0.1556082540194597,-0.29640561980283897,-2.220722780021487,0.9770398980785981,-0.11024163570523701,-0.8415339754204586,-1.2734899635727999,-1.7154573534908963,-0.33028214777464027,0.25795125977238376,-1.0942719946864001,1.5673287741389281,-0.5381813309722708,-0.3548421402467599,-2.172501895029679,-1.1073817527764975,-0.7416837488470992,0.30151674153739566,0.579863309657503,-3.543429081808337,-0.17814806486533968,1.2823937887196801,1.006494441854534,-0.2455931093685746,1.4670215826119566,2.4517822962646796,0.5924714252388588,1.2094798810951586,-0.682712958782207,0.7009601923286756,-1.7104158191774175,2.7927664292393546,1.630115442825707,-1.2061705144211499,0.8931359075248064,-0.3837399189587224,0.9604256145922495,-0.9040999038458011,-0.15246648144130692,-0.3294919658538805,-2.1863378780606233,-2.1316810787717664,-1.8812431364689761,1.7443209753779323,-1.7501516371341652,0.7640689189242964,-0.5706027069180291,-0.8081618126008758,1.5155201736068846,2.2960362116549313,2.3846186955633413,-0.1832689908482651,-0.9954879133317243,-0.7632501665366386,0.6085190812768307,-1.511139888667003,0.6221926876698809,-0.2850532387207845,-1.3128264493499289,3.8896158344706295,1.0977894780557989,-0.9719677657005221,0.9899503514336235,-0.4242029218175828,-0.4794889630850525,-0.8972646866157501,-1.621319919545574,-0.4724545533176164,0.41561372589308987,0.9109158261379796,2.2449155801570795,0.7121646352697182,-0.31835009590299024,-0.5645665264216421,0.22926323606003324,2.2933746019732326,-2.7495305362805698,0.4857969409572744,1.5308975563801333,-0.26186699177644546,0.7852755303892154,0.6483081762784413,0.17553804963977745,0.4777572704544115,2.4656850676938116,1.5191645676211905,0.9157578362983474,1.0503034092171926,-0.8379116446080928,-0.22508814945266348,1.0753896167501855,2.3696772492099933,1.3589783198850807,1.6365560073128878,-2.729209705156882,0.043040497107446396,-1.1466925559002927,1.499517747808191,-1.158620345202299,-0.13608221700200668,1.4038979529762037,-0.5007877577332895,2.4322794688972453,1.146795161192439,-0.20205726003539415,-0.694850184559269,-0.7239699230108717,0.5739944486453453,0.699910370210474,1.200375569754157,-0.7928714631883869,1.674787792710972,-0.1875768267434606,1.8355564357511758,-1.7425376862417572,-0.482383225237928,-2.2697290806589225,0.596920426719096,-0.9518099065870715,1.7926983108128556,-0.24952443435726115,0.2600061849262876,-0.6633385986981758,0.9007886522796305,0.5491616658616563,0.4020417515240278,-0.6786375235020422,2.5512753472454675,0.24105758061329402,3.0822838590910715,-1.776368671053438,1.5429099065764282,0.5192799407554041,0.47430627925691016,1.2096669822347046,-1.0821626581572874,-0.6625079959420141,-0.04044119030028315,0.010893485943948539,-0.9844345665410115,-1.1685534348044762,-1.7383667521086537,-0.193263556457706,-0.5883022330484766,-2.092841655212687,-1.5431163884456922,-3.1922464348121284,-2.3590969616526607,-3.075613329162807,1.9823689708946888,-0.8749084427928777,1.4387106958758433,1.219039613501034,-0.19851413563422454,-1.369555636765149,-1.8316627960014835,-1.3320667418429213,0.3326623538714569,-0.04560161853374256,0.41287735070102016,0.8265287844869246,-1.289171379754805,-1.5970325523376832,-0.6205101839128131,-0.4161928742730545,2.787184780666125,-0.010249355997239196,0.3396174220888332,0.2594616897842552,0.8534979811984825,-1.9304486936635135,-0.5386395148380171,-1.38839089638063,1.240969655698065,-1.3835070818795068,2.5060090333197618,-1.1774636035308004,-2.427749247704334,1.5646837585634223,-1.1867442286144365,0.4457259771221029,-1.4716131814225375,-0.6872455808113592,-1.5641938868568444,0.02091737523280046,0.8205248025738876,-0.9214338170952288,-0.4659775812791567,0.12838542442089323,-2.0197287233853443,0.2330511250409514,2.4399937176166016,3.0604771618417033,1.811363361056944,1.4066883367473126,1.1788476044579925,0.6764764881070608,0.6496560399932272,-0.12637632688656752,-1.7411894796856888,-1.512834937630407,0.36547875002178687,1.841798813748049,-4.467888681664876,-0.00872762131944807,-1.9288275945103597,0.4490214494227407,-2.407581521107251,-0.03626810294142499,1.4244524390179483,-0.11709507132601094,0.5111485457854833,-0.3585918566861083,-0.01375195484278513,-0.31628502192217134,-0.7752308965972565,1.6051651265509306,-0.04183865407997539,3.162169737660162,0.7372558693286377,1.488262644158411,0.16299918104325428,-1.0308790723487393,0.11621241008679561,-1.556180452081846,-0.2562710551914032,1.6682156165848192,-0.7118713894343438,-0.6649452733339,-2.7333594935168595,-0.8812127429615069,-0.23407796972694184,5.162781928020497,0.06631155491678853,0.4239221101628773,-0.8232316018098667,-0.3402480344587754,-1.205488190663903,-0.4749865786704193,-0.02250626682190665,-2.1364106420357256,0.9257305242527645,0.8987279250585676,-2.8609141410324423,-0.8131313969528747,-2.84160975975013,2.4998365185377924,-1.0170142795498003,-1.035688255131858,0.6072383420863537,3.1368189231408223,1.531940499700667,-1.300082402581049,2.3798295948400057,-0.9325401472702295,-1.2441231619651838,-0.6616500641271404,1.1026129689934467,-1.8956606619700687,-0.7586354023250538,2.206259237015958,0.12362488511666037,0.12806065531570704,-1.6305169188621316,-1.7642505000549638,-2.3983045267158696,1.1811134205386438,-1.6683747482723108,0.9106654381661454,0.752980154448174,-1.5061756632672072,1.7611328576487437,-0.8294671752722892,-0.1975711214054665,2.34443197146657,0.9705444135350489,1.7255976910916997,1.6592593495022567,-1.3302325420358236,-0.6158015292582832,3.3398266197770203,-0.08664962469176418,1.2816321962736743,-1.3936534647524297,3.746861287417474,-1.226382105523344,0.24858882627402187,-1.0843505086629381,0.9302797286748306,-1.3138491758117192,-3.880897958363867,0.4635913839798659,2.416005286972338,-1.5248668473442457,-1.4382461570178313,0.09357989664882616,-1.9717989315145155,-2.2144536685437344,-0.28819623795308325,0.571585070460977,1.8526250877708001,1.6041465325137865,0.1030970992491558,-1.9446679619943832,0.06393482576226545,-1.0082874584151966,0.5333679743013171,0.5875069066386667,-0.6304570586886402,-1.128034758796545,-1.7002927613947243,0.024646022060196976,-1.863753552318439,2.041459425516115,-0.9811115509779075,-2.8354588025898604,-0.9578609187495324,1.2593017515190463,0.8620470272385524,0.3456888213873314,-1.3401027246879273,-1.1462511679621212,-4.8075236957057115,-1.5320917743192508,-1.9739599682675502,-0.3626869059815816,1.9647749812932922,1.8816674365328958,0.17869414732948907,1.439474956775026,-0.9010414222482378,-0.743391071762375,-0.5222102070029557,-0.5534418765905057,-1.3278799550639186,1.8893564368041376,-0.45129969438242734,-1.0636631678383823,-0.5748342983743041,0.14645139120669412,0.36525202397846773,0.30382742884602065,-1.6701618394161004,0.6271461006202678,0.7773686379986259,-0.8252267552566422,-0.8490202235006372,0.06459299955667686,0.9882633644863472,-0.6688185486056424,0.09582630602870679,1.7111150075325736,1.951982953764098,-3.1794605234582765,1.8524426572855308,-2.188211143991395,-0.6069108015241977,-1.0901334272527603,-0.09916755295743407,1.9901188706072515,3.1692076210760285,2.6740590949004135,-0.8170801350739643,-0.2462677977123866,1.9150202796684237,-0.023089307700883965,0.45589576895562284,-1.0663212370950093,-0.14380461009406276,0.5768127237139751,-3.296766922724356,-0.3441622398324692,-1.7230914774854134,1.7242574523066163,-2.0603047005198665,-2.5474849433109363,-1.2121236780824352,0.02878510964638245,1.8069028291417055,-2.372798998351615,1.875041756950405,0.018505798567921082,-2.1687240008309754,0.6724330527905583,0.6384908372916478,-1.057923647904,-0.6415733674169376,-0.0820891655721609,-0.20518722310467286,-0.4399702666197227,-0.3506027214890287,-1.420846195498517,1.2546511816890598,0.28199964176653775,-0.253245170201842,-0.5033881659426949,-1.0698014971101517,-0.08118974019344888,1.2242793044595928,-0.9791484155178042,1.5021953030458999,1.0660269467593013,-0.404637450195092,1.1617623400930084,-0.5590314282644367,-2.158761139165324,-0.04575955540132817,-0.7667883248425231,0.8774362604640196,-0.6450180962746056,-2.56933429986929,-0.5161597015546628,-0.3424749011550572,0.6741491726888228,-0.6640056784854873,0.1448452752088113,-1.4138683589533232,0.16926963394403616,0.5591602012514998,-2.2858663177607417,2.0403432071604963,2.093630472305842,-1.1253737490111528,-0.7088933952500822,-0.5061571221449574,-1.6335940831917595,0.5397026967793384,0.8411272563083857,-1.6145963992743495,0.2643892970915215,-2.5881461386384275,1.5159397718150665,-0.6946222490105158,-2.51656788083711,-0.13116318695877008,1.8942775288539737,3.375300441562829,-0.6721859915306585,0.633549133469807,-2.6846684513596513,-0.10840202223438286,1.0047581527549945,1.5682421842804775,-0.4541185112620989,1.1385896339023043,0.5949852209981555,0.11831110660405694,0.25665019503220277,-0.0085263477220614,-0.8855015525439437,2.7465134490160654,-1.2024034572769313,1.0257478524674852,-0.04057227448822537,3.091137994055605,0.9453533950730595,-0.9416056092248039,-1.463326283124359,-0.8430322914529438,1.7469930863715257,0.9970726184189019,1.6119506743920378,-1.2481226355880548,-2.0111031518325433,-2.301918772367114,0.9532939647340389,-2.1044338597434544,1.5895151594558958,-0.5800540246864485,0.08645560765543853,2.2662879229850525,-0.8613575411514175,0.20448333550396525,3.469780716629785,-1.2936565526915802,-2.6341928058670945,1.7526004965728206,-2.280230947523295,-1.3307769365365598,0.16674611076504373,0.0967045407776298,0.10447519037197711,-1.43070766007475,1.7912402626187263,1.4945056199170466,-2.140584325106819,-1.8008413191426285,-0.6359763111160671,0.3830722456416856,-1.4037580905794975,2.4756390667709334,2.4586686056490925,2.1908595958841808,-0.040977894079233135,1.86483137192222,-0.4658369728884181,-1.2895856829458046,-0.27352958001725447,-0.8987072264361067,3.9539579369851143,-0.06441470527725734,0.7832144759371131,2.882741787335601,0.6840854992219239,-1.0761505025152722,0.42773234650962283,2.1614967240593312,-1.8801391186364862,-0.8360873153326276,2.2792264585520963,0.9154083223519772,1.7556042721111254,2.5246402345092394,1.5189974727613862,3.0452219685070263,0.2606024471253388,-0.7343488431912852,1.6815545824427445,-0.6930487158079794,1.5015714788692205,-1.826903255254099,0.982820751726454,2.396301827476186,0.3391267800531691,-1.4998976953788152,0.8182200281850188,0.46654558244121386,3.0291183965780175,-1.6048226286736216,0.502892681639397,2.5207350024653685,-0.23988065075611636,1.7905332831592915,2.202664064600742;-0.044560050966966025,-1.5133428573333232,-2.1387810927897593,0.5814238577914528,-0.8926412213026235,0.32165605061873276,0.8533892926546114,0.5530990709914779,0.3667791951711765,0.7414223316007122,0.16774977829418547,-0.1034039013764133,0.09871118830010706,2.65781872721666,0.40568829094664705,2.4955999751915603;-0.7371579479503049,3.8580078639790143,0.18203452583322555,-0.04946837618526164,0.03429339143080519,0.1378589162462845,0.4920372282142911,1.263676705453755,-0.03418658032323896,-0.6718691510463474,-0.4554955783326451,0.859681569719461,-0.12484231451214951,0.944230417179864,-0.18616230785244678,-2.1332802213402484,-2.4082217176718657,1.2402253972633694,-1.3115750530593269,-0.68557833625821,1.3371645135338948,0.3321547005902893,1.1940691874202445,1.0442009958978409,0.41245030203043864,1.3342979759881728,0.7194343503573956,1.3664885333110242,-1.9924612487992497,1.300402697488658,-0.07921471934185238,-1.1173817346964823,0.8615625331127855,0.6194676476504846,-0.6064395226275402,0.6756080836635572,-0.04796578752735495,0.5379621166004342,1.1334766676752466,-1.9649831997259906,1.6909102347789884,1.5881307993350031,-1.4562774627500725,0.9740489579206446,1.012762242501742,1.3795344709241635,-1.0982702432842841,-0.7399985218144972,-0.006675961684362963,-1.235689962452914,2.543092460187968,-1.06109264083906,0.7132777968582005,-0.5863286833150043,-0.9491494877410094,1.4657053567959493,-0.11260754210540329,0.18396312042096394,-1.0634475757235933,0.9042992522309754,-1.2625138261510094,0.03530150255761044,-0.4355034911784528,-1.9618692896897576,-3.044957991405134,-0.5669710752732706,0.4695858948130137,2.2548933691773714,0.6876857580134217,0.9390573019278012,-0.9444668252005007,2.050254019457872,1.5712445671075208,0.23491489244934527,0.7078771082512652,0.12474419734192832,0.7161553233746195,-2.282679692337182,-1.5177103256269053,-1.1701330681857187,-0.7512659803148061,0.4232422309519229,2.248741735609008,-1.5251149653333496,-0.3305354059176211,-1.2964113904169414,-0.673835163367083,1.6728918732981686,0.6769709805078132,0.03964750380427867,0.7233749942273027,2.6274872977485297,-0.7781964537156065,0.6382663824434777,-1.680592763331736,2.176302186014821,-0.4309936853955464,1.03577028373021,-1.2837533506077856,1.8585582287928077,-2.6354308775899136,-0.41692384203251387,-0.7418950610279549,0.8491807339933239,0.34734811481597194,0.13293098362445716,0.6430461660241383,-0.16378314858218176,3.271976252682386,-0.3595761666098246,-0.3764737747845863,-2.050729765323759,-1.9040858198316402,-0.3984496044893433,-0.4237971684531989,1.1815735283512545,-1.5519869963477966,1.159224268993295,1.1185274035755848,1.1610881440131366,-0.24173279541555376,1.5976954939498778,1.7092413570583715,-1.2027494321009344,0.7526886642773374,0.7627488210014102,0.3272919538062101,1.5500265089064942,0.9249747296680095,0.6946291095990218,0.5060682785288946,-1.2040137428613376,-2.950510297117455,-0.13897053110315205,-1.6266828620102722,-0.29506619862839106,-0.29481601179599515,1.6162658172723412,1.1791575406220083,-1.2453871697387842,-0.04324726546941143,-1.950389033482286,-0.8948164715549666,-2.7887665750355604,-2.508882803143281,-1.168426949079644,1.483901496707852,0.122536760792151,1.441441753335916,-1.647595436767987,-0.4480244597005284,-0.14443981894044397,-0.3236401255720929,0.802177389699548,-0.20117372719700655,1.4489169062382339,-2.244660128275653,0.8340754341513661,2.9565908133286256,-0.26996581196762637;1.7856906726812733,-0.06792217204505976,0.8653667274356838,-0.019198750682027005,-2.6966274270413297,0.6829069043486676,-3.685359649131607,0.9852859600949908,-0.22588395714148035,1.137593544489935"
15,-0.011109203308371951,"-1.430267303158166,-0.7063247251358009,-0.5340430147965566,-1.3830016902857034,-0.8114859006260361,1.2866427836396683,-2.407697148208784,-2.9337800380101506,1.5401449502241018,-1.23963405129881,-2.2054761859433785,0.12000295350285933,0.19131860656516153,-0.5673538047914815,0.7886506475945134,-0.3273465133972203,0.9177688216535974,1.7684586032291345,0.3008253643672946,1.599279157800556,-1.2278858370634382,4.173520162193624,-1.7431964320924231,-0.23205236823879177,-0.5238800969167102,-2.1718684886289927,-0.13444935778896622,-0.047990195996370555,1.0730287239570875,-2.9591879955157747,-0.9732311046822538,-2.787522526849021,-3.3901666192993734,-1.609350367267416,0.7016483396117059,0.46900933865450256,0.3163954897639542,-1.22535778533444,-0.6407921960897445,1.0871304014343655,-1.4008892455154724,-2.6002218413748284,-0.42082689247642024,0.28702958350748575,-0.8165005133092129,-0.4311041103416724,2.6927321655136285,0.6202774715118071,2.2677594428468137,2.591636410320433,0.42181585943197025,-1.0741573124117527,0.6253132463194306,-0.4005578816569484,-0.48479151789745023,2.4476409862954474,-0.5532098091823253,3.500911530025325,2.087847358085087,1.6571826595122279,1.29506070705989,1.358916426778559,0.4005298675625976,-2.9408182994835137,1.450514244111596,1.688449730476362,-0.6434178613211398,-0.06610764899285056,-1.9991954761584567,-2.297883424667636,-1.5682026043659718,-0.9328604604812403,2.4878553698741226,-1.778432246561904,-1.4216954532211785,0.9807414094784128,-0.23062670594417148,1.2039373524306967,-1.4716661381158027,-0.15420316774310927,1.993472141377605,-2.311304529133396,1.721115769183546,1.9808937963647977,-0.23463784201028853,-1.0413835300978962,1.0521719669564333,-0.5696937986301869,1.9034557775514107,-0.45295804870793144,2.37681339212412,-2.065928830973533,-0.6987061771370241,-1.9925497144754738,-0.3965546337396425,0.9784859685387478,-1.6583767932919082,0.0825816578135109,0.5183876917302741,-0.340812014578349,-0.46878973718200945,-2.3725860403028074,1.3478908138357473,3.6775331631908452,2.7014996498144552,1.9933062564056199,0.5465159770495716,-1.5811372954500424,0.6487393140089386,-2.2377728046489587,-1.830100777904603,1.475053797200282,-2.133954421114736,1.164669447619961,1.9499555909755033,0.6347714526026338,0.19353301622997932,-1.7538895411135305,-0.2738711510232095,-0.36465789681424254,1.2197105831675983,0.5403729594377159,0.4853164317429396,2.8360950550021102,2.7143500115784422,-1.1806590763722509,1.492969976132211,0.4374640800306262,1.298650775875231,-1.7667820687396467,-2.056691246874366,-0.04974226477470939,1.9734357989835096,0.27483021100717636,-0.2521971519891079,-0.13195404624890839,-0.711634671284833,1.715112252301681,1.428984136912961,-3.8732409483727896,-1.0626413006785445,1.8618634883039251,1.3425196558776635,0.5912476920935156,0.7679978154351903,1.274965547870513,0.5401404803174661,1.393719358066028,-0.15853304905845422,-1.5141689638897504,0.9969747621081317,-1.1372637627927373,-2.4506998870701855,-1.6445515813754195,-0.4447147926392324,-1.2121770104875962,-1.0162848230768378,-1.4952032894153668,2.2176447586123302,-1.3627997093017883,-0.22569850624321777,-1.5653868528846462,-0.16961976467729628,0.08785926877628039,3.6715547554059857,-0.04803708831323422,2.3669293810880747,-0.30708063095749727,-0.2095362883080198,-0.5779976884531776,-1.2650453540261442,-1.1833267391590927,-1.9052854837604414,0.16567002828602054,-0.08307597161941621,1.6208418668391467,-0.7120097234187988,-0.9261879297905492,-0.6591924634166005,2.6963412466726,-0.4293022911689538,1.0542732016443972,1.0181984062780727,0.46567062236405865,-1.971070498880065,-3.246049659305167,-2.104536771092958,-1.4823712137508105,3.037875467809092,1.9595384683342159,1.8490577904292913,-0.8517302374393979,1.5841197562948208,-1.5326120548535718,-0.436204069650938,-4.622603171811519,1.673764222716963,-0.6360165393809698,0.5981534944797724,-1.238103159956208,-0.11431137271879535,-1.0417108774112536,3.1285578664501212,2.9175018735465374,-1.0285980287428507,-1.0195830555487753,0.9871162671361795,-1.2014343545422534,0.11600839953180464,2.2489211892461856,-0.016480179697907493,1.310334033805387,0.9743248986805957,-0.5408964621946585,-2.048916545782031,0.8978220562207304,-0.18328026555651447,0.8741415370083496,0.723842054911782,0.648967756078542,-1.3559340845863757,0.8171125486061865,-1.8759002198846382,-1.6713426169370575,-0.6261288256368165,-0.9371686999002624,1.1535981865885634,-1.0374345686821367,-1.652024030336989,-2.139374241663498,-1.332086352829366,0.09797879130926992,-3.1925484098050334,-2.6496932319103297,1.4368494284928008,-0.19131997563854286,-0.6397955929503509,0.8871340323206021,1.3682282565715647,-1.914350721805329,0.5137441385606103,-0.07378255531614408,0.10853495346718256,-0.3865059868189765,-1.058995502929065,-2.1719761964233393,0.09879502715066257,-0.9253463201097312,-1.1667254305261883,0.28346831230459785,2.2921680412458643,-1.2044244891690459,-0.5744208957999977,-1.0989531297291162,0.7756114852514224,-0.8310817805580157,0.7683736379774734,-0.20638082831637955,1.5718580370945967,1.712745907156163,0.7285293732048528,1.0182002674130433,-0.7022155419065268,0.02678995495018588,1.9327801706497811,1.8905148043228195,-0.947722572286367,-1.3793824344098933,-1.036957267963245,-0.39776394823976685,-0.5475520420400497,-1.484065828779118,1.8327248906510172,-2.6261310983584503,-2.6214306293743785,-0.493991520569631,1.8244240600396135,-1.4155663437883912,-1.5427363983569733,-1.0115108384363414,-2.547318210662839,-0.7480993517017378,-1.9899275228573157,-1.6984940282868726,-1.6054512354571342,0.04913572799181401,-2.775912832285849,1.9633184954974512,-0.043473795550751315,-0.6991645647252782,-1.6767651043676806,1.327736482923632,-1.3257914617154245,-2.1206202396837592,-1.6707551408190517,1.1955772063927634,0.9231426643703986,1.8077526755683553,0.20176598597403575,0.8904666542996238,0.4981277006604572,-0.9798688090689411,0.23718300551110816,0.020510278274768645,-1.369343358982245,1.0365965847679979,-1.7922193354981424,-1.4092214246234296,0.4062402554337498,-0.8837238293499948,0.20303089965586085,1.436731726541312,0.11284706048225027,-1.281331165258319,-1.2247036233797493,1.5155316442859834,1.0617857314197705,-0.319634679330844,-0.7545802442782802,1.8140737264808005,-2.881284105606463,-1.7682498741571706,-0.30025811810333164,1.2611593864137485,-0.5187550759254573,-2.3711982579887536,-0.23185124214048342,-0.15416751284737662,-1.6184127660667693,-0.3897264806330178,-1.1106619868416925,2.4225050908901324,-1.1165668503283297,0.10442116739533963,1.6240155131315221,0.7127604560419892,1.3229065649243235,0.3987599579689768,2.6745538408813614,-0.42950111444713995,1.6637492920392098,-0.3288224744335537,1.1069645350430941,0.5636223084392622,-1.6783564255743106,1.2856240111752073,1.1949522046836634,0.23402347059480766,-1.6677549810046868,2.390146325497497,-0.8797923838080935,-1.2619243453730007,-0.5856258171168212,-2.6024109093722614,0.48358475039907883,0.8650177846915676,-2.4643237321427303,3.0224867084290894,-0.8889082975106857,0.15582702216475067,0.19432801875400707,-0.16671697011692163,-0.5730483338552458,-0.04836724629549227,-4.129189628344294,1.5478292571061893,2.7544327805145925,-1.0124873184631886,0.5499701211190829,0.9015770620668436,-0.8501256074819707,-0.8614813197266491,1.3789104175156095,0.8156159952069848,-2.7052419971840633,0.5757709467502208,-2.378439525571698,-1.275668121727116,-0.061575298851099816,-0.5202522829190374,0.34943624474230084,-2.5664882522785346,-0.7207214345646235,0.5905342122302846,0.9359224692218139,0.9285137763966711,-1.327220788643936,0.7933421448079571,-1.3096273857297223,-2.0716978832410406,0.2446679372569,0.9508572509496651,-0.2643306489593482,0.23991766546379467,-2.329041920037667,1.4735151949713208,0.7131037409946849,0.22251660771202067,0.6292859480950836,0.9526676276000928,1.9516610648570492,-1.093011174994993,-1.8260888292651989,-1.8983147262708573,-0.2499379671607263,-0.9476843857234082,-1.48714271888405,0.31142878021085196,1.5036150592670197,-1.4755243106825202,-0.820128107046177,0.8571857499105289,1.9615998171437408,-0.2961879088391435,0.659653866067613,-1.6450148905388158,1.1558298616186495,0.7663429519622369,0.3927181299308282,-2.1404760914739778,-1.0266906887132263,0.8529803522557419,-3.0655246690735463,-0.009211834697338439,0.7005776060612166,-0.3915301972540334,1.3508739170441932,-1.5057490523096606,-0.7124826488270757,1.40773165471058,-2.2493923606229274,0.34524814446754915,0.5321840521588812,-1.7906317733212642,-0.3758658481699999,1.2396285274487004,0.4717685991880751,-1.5910919031362547,2.0016918246368527,-1.3886360221353422,1.1715012773756337,-1.2828719319444446,-0.7729621065139658,-1.6381866472490145,0.20675721861647683,0.1727145767856927,-0.8307801930674582,0.7128171490809545,2.37909125187862,-1.8252186944845592,-0.6823368545628083,-1.037557797572615,-1.4568949620470184,0.7302203342640861,0.21225780615259054,0.9070644129387068,1.1481884594089622,0.5464632282352705,-1.2496527396882842,0.4995820303128945,-0.7429997097734677,-0.1314807681571033,-0.7376201641756616,-1.5847352627909395,1.3483506626376698,0.8106284154662666,0.23001460707065527,-1.5632534402269564,0.34558464954689805,0.01503652096085753,1.584020167367592,2.7057919022874404,-0.7004059768366846,0.349972066524526,0.33800921441145115,-1.2684258446387795,-2.201819278508273,0.10930646718372046,-3.1730425813333087,-1.1988567727335802,-1.517237239915881,-2.1184420707552674,-2.5962967404554593,1.159217877992393,0.32867184101838726,3.4875912824363224,-0.8582220976473072,0.8540770630401718,2.581352490627397,-0.2761663032605577,-0.6162854364534199,-0.954796232219385,-1.1965179230530074,0.33984566957500706,-2.543006639000307,0.565887597537392,0.8142844829472163,1.1484763964659006,2.4758806062564864,-1.4170291534769603,0.41153338965021835,1.4993350643907708,0.646867952978714,-0.4458539989435958,1.341523398300592,3.00620342314138,-1.9262980425510385,-2.1568970538216856,-0.9792448208509346,-0.8069475575894177,0.9131748112423419,0.19722524826455362,2.173237289047603,-0.013220644224941402,0.23340006752513165,-0.11128972821863164,-1.5038033201514716,-0.1684503748025144,-0.07052960235211221,0.1296184330690125,-1.3921017192294332,-0.6374862805894282,-0.19191874309822252,-0.1869114149498533,-2.3162414105296953,-0.5104331677496097,1.2143133938468949,-2.266403714106935,-0.2572708027680939,2.1567526312282883,0.18576715008421463,-1.2394499418124978,0.6164980287325127,-1.157037024292341,-0.7356028245159814,0.9609505175851987,1.391317047183386,2.3104918299839063,1.1763578227780334,0.4541494017603588,0.49730597079204997,-1.3360609093559246,0.422308206335421,0.30241345371080675,-1.1885742338956211,1.6259705490332732,-2.3508302944935973,-4.047780146379325,-0.4353059810747625,1.8278820603069401,-1.0802624686984543,1.949772866747538,-0.6195020655364994,-2.9998035316658265,2.153590008089607,0.10533031043453889,0.2217878613783137,-0.36829493283831255,-0.4350579379028028,2.7930085223603127,0.1591114827460652,-0.7557336498831385,-2.0786069004544876,-0.516705431499371,1.0444285718589508,0.5659291680731694,-2.331743486208061,0.8195617359744952,2.206384835263813,0.795127343753282,-0.20206410716215648,-0.2540815285467606,1.9846658211115464,-0.7423043692786937,-1.6504209121056135,1.3007743398550697,-0.7995353726065457,-1.2061210648013903,-0.630946922267068,1.6925838614824444,-1.8922545006221612,-3.489378804734614,-1.1636493666720344,0.4266117629653237,-3.178047881186043,0.8298871103619261,-0.38332882480058617,-2.7677231473264188,1.9141361179492011,0.040046977048577945,0.775216811238111,0.6824532022693602,0.3966794231859961,2.4305675380076104,1.269453894881518,2.7505772983529537,-0.6402433821343878,-2.3104947613994646,-1.011441637477482,-1.7334426797100826,-1.057110496683694,-1.0259408418906413,-0.3915287237603144,0.5940611644342453,0.6575532411463683,-0.1263743332148859,1.4392235953102321,-0.34535467960178345,-0.8000783157690532,0.42562282195126394,-0.7207242938685048,2.2566181264915377,1.6401553730403267,-2.285199601460863,-1.7430458350423796,-1.5053422406490682,-1.3778285309783325,2.1252353486108113,-0.4659965832049706,0.4668014755649209,-1.5064897155510195,0.5733264316670543,-0.41380145772010274,-1.7227264938930942,-2.124602524077499,-1.3653881461051316,-0.20514334855948926,-0.22499258148132023,-1.6142775935210254,1.1675208228838774,-1.2725645509845067,-0.1618041223603364,-2.2686172713148083,0.06106036328680414,-0.20396730780161754,0.20996702226104752,1.126384133961842,-2.5609958120484198,-1.0173464075328427,2.0712907738909263,0.970625850659703,0.6685597983304893,1.1431127520595254,1.8611394342907068,0.08767998610308197,0.32890862542983745,-1.0114169657907122,0.20032616095987973,-1.7759794741358639,3.8386699450507726,1.934658972729666,-1.4157564608982087,1.4848109777311225,-1.1360083562453667,0.2615118495157753,-0.610013429636034,-1.7336017329927518,-0.8094020518134826,-2.3787759601993144,-1.8009316908319302,-0.7132956385305544,2.3132837553664105,-1.292617801982349,1.1367806583595894,0.056655280911612094,-0.276777486415004,1.1980651249370426,2.8378037635439934,2.2412118615817933,0.8357895820464354,-1.97436805205981,0.4476643392633597,0.6400171797487126,-1.519143859493159,0.38055723201138436,-0.5374497661340694,-1.5369216634849636,2.707995731122982,1.0502104622205675,-1.7273227990130475,2.1727520635712363,0.05491772601192679,-0.3042096261126795,-0.29958683094208893,-1.1112348833768382,0.5999367137202405,0.5276403540533283,1.911948887546822,1.7502444089857776,0.46192254556130485,-0.316698231022161,-1.3164358705079757,-0.4042307008073215,0.8369726179671984,-3.34502377547149,0.30214223798040174,1.1624945057846805,-1.0083334564980104,1.5325229405648582,-0.4481722533643145,0.2945612318906813,-0.5374779170503446,2.026347715168875,0.7086132356306478,-0.6726068246051417,0.8984313155066492,-0.945275483517138,-0.34044751689909475,1.5903820507061945,1.8545203177967124,1.87211485104115,2.115618236148276,-2.7214069257012694,0.7386391522937039,-0.36074426359229916,0.8716932891552165,-1.112140519999165,0.3060766226975382,0.9298681135802467,-0.8755444663608092,2.5038786292803907,0.7065893603215059,-0.2986050010894369,-1.2878695427031872,0.10605563821889213,0.685913334525226,0.19697374388975497,0.8475922513355487,-1.4473771675870615,2.0659625015687504,-0.19412407471398674,1.355480723216344,-1.0111676460176588,0.05577097136105469,-2.403090218983318,1.815750009729703,-1.0446446034734422,1.7528875718237296,-0.5140349337342767,0.6262940238857466,0.5903094573105757,0.8594892007846009,1.1731043180272416,0.547487645484976,1.0842439514404183,2.939511118295087,0.14500993716100052,2.09062344662046,-1.6360399257327802,1.2839633532966719,1.26015256598079,-0.5659522523787377,1.0514238364162847,-0.7539772713335734,-1.7369533411486424,-1.107894050214594,-0.03293893624079225,0.13897035172929828,-2.85641240054375,-1.7760566132833042,-0.1712152150577056,-1.107825845469663,-2.0443829495934747,-1.7763438986498774,-3.453490638322977,-1.6643512021541658,-2.6745282815777793,1.5770446794053763,-0.5618142851867585,1.9839281291027355,0.9894900041773658,0.7846934741285996,-0.6911576554269467,-1.4187625460577618,-0.716639088720902,0.3409584759033292,-0.8050120103751552,-0.16663168535427952,1.7458758868227864,0.4199471804920161,-0.6425931355712646,-0.9768823824070474,-0.6257721663968336,2.796619362569999,-0.14832471453205626,0.9934206441178274,0.06537863005045166,0.9350972252133931,-1.0118432457343816,-0.32274274253200746,-0.7877209326452824,0.8003187750694829,-1.0600151539690892,2.114141026968396,-1.0137526211491972,-3.2788642185346855,1.7544777939096083,-1.680087584040065,0.25267825752083867,-2.088860274498307,-0.09963800234288611,-1.4607056055214118,0.24872366735049445,0.9274870919365568,-0.5368202720424178,-0.4006712644836622,1.1935344400403056,-1.9015141673637392,0.40599371643162163,3.0231294630981993,2.0605148770771184,1.137110083129815,-0.2998019941376193,1.7007236344112093,0.7106586292979977,0.034784264671715914,-0.6998100316182928,-1.3428296592807738,-1.8277908885709513,-0.2938193755464611,0.9027611933159951,-4.788133536473239,-0.6331411951713286,-1.5587426265618467,-0.6362770459673127,-2.5109474265234852,-0.3432312092413662,0.835990126041904,-0.4507769658032091,0.6330382624270329,-0.9265754579921175,1.7243627005214508,-0.01461499672362701,-0.5229678220108575,0.8056389947831081,0.0036265960823199384,3.241906161743659,1.4040890630818266,1.7269625843406664,0.05697670341472823,-1.7700332463217086,0.3313476711722651,-1.1041771181643605,-0.15720116698127856,2.0460035119027635,-0.028328895233656337,-0.6638147999832449,-1.8265171171778531,-2.506444732054553,0.4678096718746814,4.488877496254073,-0.07405527635263542,0.42364731979577974,-0.2261518798914357,-0.6908793194480018,-0.31576384538321184,-0.17929226866031672,-0.034902646732813125,-2.5356205953150868,0.38704169732269983,1.3273816280188506,-2.654197813764168,-0.6761942246582964,-2.143739046284147,2.5062491285438466,-0.7821134413186195,-1.0424552476654487,0.2977173589613782,2.1577442973581067,0.1512521055657458,-1.3288341083473412,2.50990923433603,-1.6057723253667378,-1.3112233835785905,0.007328842320766582,1.890715239602606,-1.540955806252251,-1.3207868471457187,2.4490903102825596,-0.5521583951009521,-0.33061247975481745,-2.2528948266342725,-2.6146630594296214,-2.4395934035471893,0.846711753396311,-0.9130738079374867,1.3148296411666611,-0.10747467334633787,-0.4796201825924089,1.0876909810219673,-0.6485728183623959,0.427625146987646,3.03600750278217,0.7929680236205935,1.0949053224860807,1.0716353430496361,-0.9358089569315009,0.6572507395698917,2.46562235896456,0.08751839683687208,1.1707596192573315,-1.4524186083072288,3.8361101942284193,0.04098390684222741,0.37619627532820266,-0.7651094780759488,1.0923766199426121,-1.646546137558562,-3.757470674617668,0.5383068441585102,1.8360352261573496,-1.5202192236803809,-0.4002222561929034,0.25867793862766386,-1.3973540083951912,-0.6611892447480744,-0.6231557692852578,1.31996092264967,1.456145500085114,0.2630911229399564,-0.35468612500874386,-1.7836379362604067,0.16419661619275044,-1.0886187209829226,0.40289591439748096,-0.7953635861737591,-1.3450272823480667,-1.7624780257834374,-2.3938690569418877,0.7891376150573055,-2.172897582739834,1.5340018535445497,-1.2831576469339707,-3.3455985098128034,-1.2750857844997372,0.7098200857727008,0.6393167869597955,-0.6786185778418616,-0.44822702436760004,-0.7413641462904952,-3.6738707022367634,-0.9974021788731857,-1.6855345416782561,-0.6091894010671899,2.392467110138152,2.340296635898189,-0.24951538676308344,1.267015925186453,-1.0658921619009902,-0.476032765207274,0.18297336496531358,-1.2460855567259477,-0.21481144162113625,2.185696572511325,-0.5512622654863764,-1.3615564779056508,-0.15599042789689904,0.8095618409421487,0.4064280673681659,-0.6187842076892757,-1.9074985505295476,0.7183597730514586,0.3564742324345218,-0.18604880262272416,-0.8640185582432934,-0.39615865585884574,0.9375825097527042,-0.6626640897710565,0.4485778118723559,1.3944166702142078,1.6593610225887563,-3.1232164567355563,2.3579395384463795,-1.5908171656171315,-0.6585617834417836,-1.1201807151198357,-0.05206336359187835,1.873073073289073,2.6604451754881557,2.267432288001365,-0.23554315548339216,-0.1408069073768369,1.8972208069626761,-0.16854424799254225,0.9484907115871597,-1.6848590014398268,0.6080183910646253,-0.43199982432311,-2.0090173840669596,-1.050891823133436,-2.2831137320734483,1.325975816177904,-2.3815412841127195,-2.445167921027933,-1.2967904163707238,-0.09414830048608856,2.797572246221605,-2.296394066034294,2.2923536084071805,0.2762485727746285,-2.885550130616487,-0.12778868276033667,1.3508092752947944,-1.0069602666489588,0.3188089241242452,0.37554782368327544,0.12701468374343705,-0.9623483871342027,-1.1941225608668091,-1.2963746397319527,0.5787342255189365,-0.3942898784833774,-0.4154384100086572,-0.9141337254255664,-2.195327088316319,-0.01574381623102178,0.6543961614926541,-0.6843869766413045,0.41915461941494414,1.2144645578141033,-0.35312271835591563,0.3423531790975902,0.5158076942860828,-2.7671151475636386,-0.0038935553267927525,-0.11619083758309313,0.01565599552642727,-1.4010293183047309,-3.400317155374931,-0.08349075818157844,-0.25884326810716807,1.1539234042094835,-1.709355104908581,0.3227456450518675,-0.9566052618566776,1.3828990787278679,1.5748609929556876,-2.339763826349394,1.5790488146503097,2.5648288486405666,-0.7185924760585782,-0.3318063129587402,-0.9151695368975284,-0.7072965654727142,0.6086876319097596,0.578448391195798,-2.4741348658925095,0.021475664935595842,-1.4584838429424152,1.9824696964461672,-0.3091762981686872,-2.959614409515929,0.9880832993566773,1.2958667435854934,2.432976219288543,-1.2657658549362383,-0.6896866444606717,-3.0229072237227217,-0.7820025495599212,-0.4275651424252851,1.3540357855929293,-1.0607925835045569,0.0473967395408815,0.304847346830391,0.48707933019264427,0.9339519501901035,-0.43284509909343033,-0.20015575152906995,2.549213095360846,-0.572916046003354,1.476767433831701,-0.9148451577188371,3.5405979843585653,0.49823525178203243,-0.860713027577606,-1.4444550806914067,-0.23789827884966358,2.1086296891679255,1.0076062174044011,1.012747244971719,-0.8935476039394746,-1.6832148333362609,-1.055976511520227,0.35658223708996434,-1.7363517656651493,0.8057529390931578,-0.06637428295617276,-0.10928887872799103,1.9430593256663389,-0.6510418906100711,1.4784671377282115,3.374698951348133,-1.6568502700528691,-1.7885236435127192,1.2425171270021331,-2.7814893243990806,-1.617817873602472,0.12944478189606404,-0.32739809445369306,0.8721997360881448,-0.7587073209127024,0.7500609893771542,1.891847454187549,-1.7430440777171468,-2.5469118918862135,-0.25065622970612333,0.02719050290005315,-0.9049891703176958,1.4002154347583546,2.6904960596370797,2.324689452203633,-0.33743009853316464,1.5205906242763425,-1.633655464564252,-1.3600073358918359,-0.09667104162449158,-1.0856034675708521,4.2226537539766165,-1.4902518297580416,0.0623576619510155,3.1165204766810293,0.6916689197061041,-1.5353836861600683,0.08374722927320996,1.6637851688143428,-1.965632260514796,-0.5727013048381489,2.6328502820020994,1.010160706059105,0.5077039649359629,2.7851784281444303,1.3160872651131723,2.64465710207719,0.47948270694531914,-0.4371694908815187,1.4900786793275809,-0.4947923434352022,0.8811576007625039,-0.8883289216713597,0.8205857050683332,1.6947871827968977,0.29380333732824504,-1.4668699080969854,0.2974699859811648,0.925308472010084,1.4169348148890326,-1.1463865176578127,0.5008373097380419,2.0380918360752394,-0.1418934807884371,2.421784977110496,2.140825622092762;-0.2770632061556892,-1.5914779357009368,-0.9534435800135315,0.7920466405022811,-0.3624644464767991,0.2746634143707651,0.4954639413366293,1.3161808672935378,0.23450758474643152,0.7093443348481,-0.3292431564936298,-0.16843246969253045,-0.37661689338682414,2.763558717950511,0.56485190118273,3.1773001643526344;-2.0717529738842573,4.109272062513923,0.1018072337810993,-0.4428072128109261,0.8561104870180978,1.1555197093759573,0.5803457592062675,2.6793768965839746,0.5333167455416764,-0.4764637224229896,-0.5833056544230786,0.6815728630263094,-0.2513236164537846,0.1547657972508426,-0.45692748839166775,-2.1975029406753683,-2.5897664387405674,1.1659584356827422,-0.8262597702369086,0.16467463233762386,1.1677950967925543,0.2829390753523887,1.5666303389632361,0.9370791265457772,1.502078344692274,1.3118841735714515,0.6710050126385306,1.681811035283903,-2.3265843644116524,1.6527492900712244,0.20795159998604465,-1.88632567662132,0.13903565021019715,-0.8260127237873874,-0.5656304451015013,0.5771058209159469,0.3624314708846468,-0.016615339905536264,0.7744061080894181,-2.459056428390584,2.5204773323585474,0.8314215440227892,-0.6298804863464574,0.7897226435533753,1.1100514254955194,1.513111625752552,-0.9797625668074116,-1.2294602234212475,0.6413512650494946,-2.3185076202475985,2.832124695253656,-0.6333604141056406,-0.13755398677774194,-0.5216371813869797,0.34414012692385343,2.296153015823208,0.7551010215872128,-0.47956546925236176,-0.6994696679794875,0.4053109296609529,-0.9589728869415153,-0.8769603720170018,0.4501093842969751,-0.5803707616675793,-3.1663662976183318,-1.2880902738746687,0.9737976211867949,2.2437404273318675,1.0309655163293363,0.988452297062828,-0.5386335897229452,2.2536305547730846,1.0834987852359073,0.17529747759390202,0.38914854641107344,0.11806915234036514,-0.6838473882423374,-1.6678821470746616,-1.2801525924048294,-0.5834460946289177,-1.2848361379964341,1.2750758692762236,1.7567998572944177,-1.5705586131676579,-0.2626706560937331,-0.5425354300268688,-0.2844568757151842,1.1077955340630585,0.8091045603029166,-0.696900963095194,0.21983158745222017,1.6717967993423677,-1.431984683437294,0.7331775013802385,-2.5106504021276415,2.609921827347147,0.5800316179297065,2.065344704480412,-0.5127978539252107,0.8894629826267986,-2.154424066173148,-0.513699159031727,-0.02344657565728281,0.8430456439855307,0.3157996497475305,0.42621243707567813,1.08928798361076,0.22388106468055818,1.807441871409021,0.31204811165474344,-0.8181310562457711,-1.3294667398443798,-1.1502257054267,-0.20181634043307423,-0.7971045282663544,0.9651229097137293,-0.47423648342684566,0.9592269226213517,0.5496997069227938,0.7495010333146201,-0.11816548280500606,1.4967188700206218,1.5956740846904065,-0.44975427086038755,0.3280501983130248,0.9950267825457544,1.2743637937242758,0.4079235107444989,0.41513117659799403,0.6265391995858978,1.7445818517450222,-1.5639160510044512,-2.5509675749728196,0.8071849493590076,-2.100792525829119,0.3457213801596261,0.14346611467612871,0.9755447534146839,1.7604269817898692,-1.768211030150584,-0.4119138835673952,-1.626786145329649,-0.4904272805747055,-2.726608956352425,-2.4939254069672376,-1.2388033731124404,1.9362871527541088,-0.44492436211637204,1.2808933234085083,-0.2401591592980996,-0.8159885882012443,0.12334492710691919,-0.49127956875763334,0.14089674649458162,0.5386556757861871,0.8230439011642487,-2.3974926754783454,0.630275677134458,1.623250293412348,-0.4764715776039753;1.0960562696635001,-0.2655643109100013,0.6739543809540651,1.0005126710845857,-1.4551633287893107,0.1939759140617684,-3.3507389948933435,1.66312779152811,-0.06948642196627486,1.4402880403945824"
16,-0.03661578332067805,"-2.0736128627782824,-1.078781076017465,-0.3141288668558718,-1.0900921327078033,-1.1917385596957863,0.8930717653451358,-1.87157835868241,-3.123718240635726,2.2359791669872617,-1.1969633797891213,-1.8920825014592695,0.35537239225095135,0.9568811680080034,-0.5696645172692025,0.8845434172543616,0.24690005565141693,1.3544028405501232,1.5919862643352671,0.20528791913659622,1.7153382322990312,-1.4158033523827736,3.0154746271346085,-1.4799131689956189,-0.4315368962546559,-0.4885607054559597,-0.9841943350005984,-0.09395590750893407,-0.6588325188622944,1.3280451301142708,-1.7564222515785035,-0.00950878154717713,-3.0059731864959023,-2.5069766524907426,-1.9959201716722066,-0.28348102493576705,0.5584477534263919,0.44439030857176254,-0.5681041082990685,-0.618489005545171,1.543086677175475,-1.4976454277184654,-2.4876007375406757,-0.24719329578388138,0.31602201938287383,-1.2911522567251248,0.04003187218555504,1.7882458012983797,0.8504226694860875,1.1541880694693758,3.143935622182653,0.6037960725355098,-1.272444632828562,0.7767783180858264,0.7826219390602538,-0.11034739172209679,2.1616121480495067,-1.3559366809824218,2.253266696075167,2.0726085156546787,0.682373690753959,2.2882698386522824,1.1472055032745352,1.098951275349853,-3.340333871372054,1.5408970144189373,0.5279136034241422,-1.3177983443800956,0.7571729477146053,-2.1770312541392034,-1.6434996909506872,-0.8778049937170129,-1.7407252370000592,2.543409199814932,-2.2426025525184303,-1.682292719356504,-0.4754606618960572,-0.1899917758488566,1.4117847345379384,-0.6744843700253039,-1.263732617533159,2.2127448803176977,-1.0003593105472095,2.550506428085341,2.624067102980348,-0.0005060448123765937,-1.45856715059147,0.5598895619209641,-0.33520555448148637,1.8392290133745413,0.31037854009461907,1.2606654428418147,-1.537280331392988,0.591953425402608,-1.1779891648064171,0.7140275342464805,1.0670188085955925,-1.2242719781748663,-0.3708049916329046,-0.06278438592778482,-0.12164344721435083,-0.7139354049472035,-1.7677532879443436,0.7278481613120246,3.745776974292423,2.170017890723205,0.9338952052397838,-1.0712903776644551,-0.9788809879209862,0.7918441401310007,-2.367004369964515,-0.836959733379321,1.584543431658081,-2.528835600129771,0.6914564072940516,2.1481581590540886,0.8607732731672422,-0.3670758628466683,-2.3134744956072835,0.11594685929867213,0.5535064710882487,1.5469764593385618,0.34143794029911184,0.8065434749984908,2.914537378655919,1.5516605805506696,-0.3563663461674643,1.7565447302411563,-0.03193187330580538,0.8183596696845704,-2.029783831721234,-3.7099178725965056,0.661946538280508,0.6439931069707828,-0.07947474576399134,0.04352630455535528,0.6136860896806774,-0.05458157919236348,1.470120919159072,0.9327941611646491,-3.1622324000138557,-2.0416064457790033,1.6229655536115115,0.7122348121136575,0.16866036265895407,-0.0791235161862364,1.3030319717710765,-0.13081033515486976,1.5848773773325717,-0.9094990143057342,-1.7203501009116127,1.255468579714029,0.05447356105387757,-3.2894895656247236,-3.080202941360495,-0.3346359114040227,-0.4908372052099226,-0.5045372048821267,-2.320150658510056,1.578660516577986,-1.6000097090838512,-0.06297898803673288,-1.9204586915142348,-0.6299076022723717,-0.6884701017793506,3.9739405682575857,0.3209243439529802,1.2805285911050626,-0.7554117167059058,-0.5598278045328606,-0.5152422452628895,-1.2707211786069783,-0.016320092806138442,-2.5113826660400966,-0.03380649832284828,0.320119300922272,1.4774264588050554,-0.6683146581688806,-1.2941963952448545,-1.1666728718082924,2.419989811398836,-0.8313038675791602,0.28364581927895766,0.6512537808111305,0.7673970896605461,-0.7525122720441104,-3.3835762278292143,-2.0644989658416324,-1.8061165299916078,2.392609778293875,1.897597563515186,1.0831602294924805,-0.37451849122611836,0.9022143438473097,-0.12204775790248501,-0.3404521172307855,-4.680656885787338,0.6130282372404692,-0.4912004209295944,0.04818278714441476,-0.42604011032882005,-0.445556266015555,-0.9140135538467482,3.2703546208765433,2.158470215239072,-0.6396157918899388,-0.6099809817648953,0.5379012811684557,-1.3826441820519397,-0.5064560239505822,2.575424651573209,-0.0651087271914359,0.8363352333481184,0.5620144041135056,-0.17323699936296894,-0.7656431785648885,-0.12392784459087014,0.9932609571360579,0.6367295318215876,1.1799645478610257,0.9518638994254394,-0.9037797903917166,1.3151518359196812,-0.8393004475022466,-2.167402632153608,0.10315047128696672,-2.947003354766337,0.6891504991990899,-1.6259938204914528,-1.9859074071267833,-1.954679054377657,-0.951913338675069,0.05831353452589702,-2.467025277602545,-1.7389090388747854,0.5410187386274576,0.03318620095300623,-0.9792753836954848,1.1792668767974865,1.5175771798231599,-2.1371770127416063,0.8490756501736239,-0.28732521942921885,0.3846849278259151,-0.8489311606288463,-1.1436006833653132,-1.5749279994690681,1.5769369962964488,-0.9113776081696889,-2.2263600463575424,-0.27670054402836974,1.882168648324553,-0.06456249378620671,-0.08192546573983753,-1.4817890457035052,1.3540492844661607,-0.7562725185706084,1.035653419312038,-0.869075147022583,2.5116159584584477,2.7100719846035095,1.9771746282233602,0.6947823787956647,-0.5071663745678353,-1.0182577513399542,1.567497356516221,1.9243712960099728,-1.0520681622429036,-0.1720524803102742,-1.4439985997239622,-1.0783279906460193,-1.0135439866192684,-1.0646818427679614,1.8381633568630966,-2.3898842869630594,-2.0223935105749997,-1.8395541252609584,2.092483742418874,-1.1711650255073425,-1.7547319041064613,-0.3904013351742758,-2.2824844068498407,-1.3305209758002703,-2.1008248216449026,-1.6578077399212274,-1.9038668536798877,0.09521823057334414,-3.496019841757152,2.4692749779361325,-0.5672400645253666,-1.1258901839762034,-2.157141696760936,1.4469825787634627,-1.357369565393096,-2.1496025019236633,-1.3488752964167845,1.686435716633938,1.1648486019427613,2.2149049096898783,0.30023195506948674,1.874594763056138,0.39966539591690303,-0.016596390197821748,0.33710071172957656,-0.5855595029633123,-1.9331711837400931,2.2341710354765834,-1.5059233760244504,-1.31010723181456,0.9324612256120098,-0.7927589167034645,0.7385405771890876,0.5234499043724714,-0.2416771137241812,-0.08380483539156525,-1.0873042050567743,1.0424352824492589,0.4604464665193869,-0.8524728857786723,0.05054472193582871,0.9424442345637308,-2.057538765535678,-1.4470602227664153,-0.42517828840670474,0.5572559502847785,-0.7531972636205271,-2.0746256927661366,0.5262341772882573,-0.48707230016874437,-1.9376439188083623,-0.7030711956321058,-1.313793747109885,2.5653475370461627,-1.2209421556045148,0.2966775894085599,1.0846958970151237,0.1328657988763592,0.8689241214194481,0.34851937560238866,2.3613770724013685,-1.2143913390284986,1.6097833100507781,-1.1825066693016615,0.33120370013045825,0.38927681970678274,-2.290980597710437,0.8914657019855613,1.754925834488772,0.34831898313768783,-1.6952108362371057,2.059845112215999,-0.7793352715499355,-0.7756607302947821,-0.8738134098354727,-2.9232630080325417,-0.060750501399895705,0.938785239781811,-2.215755560798352,3.296313067222539,-0.989482088273335,-0.021307324001538227,0.6254649760114499,0.2932442379384659,-1.2695964173688197,-0.2363224958316728,-4.129797226602981,0.7919360572518068,2.9034957790447815,-0.9809513720716841,0.6987529854014575,1.5266119860303273,0.20165013748403027,-0.8328321953876072,1.59332935149452,1.4609887159275994,-3.4595662455784075,0.4493313107536774,-1.656346960142295,-1.2272932053886265,-0.46493795147598754,-0.6377823799144211,0.5098147344853261,-1.9709050345723598,-1.8198955878176284,-0.09725004077153171,2.2638473370577445,0.43373024519309533,-1.6606520401970244,0.8820247136686395,-1.3694797604401812,-1.5543856153100255,0.6698667620418379,1.5836144798554117,0.21150688772860898,1.2235973217479037,-2.540094683918495,1.5487599205544145,0.7092765069001332,-0.3005834856180103,0.5509839114237086,1.0992332214946774,1.5559632890448138,-1.0403298433107624,-2.534450385659905,-1.7302772586281832,0.176681933192408,0.6103500400781264,-1.874351463114831,1.0204251028598503,1.5452226059791319,-0.9390258282433941,0.0924504091095128,1.7792636455492572,0.05536816177752968,-1.2045191510227662,0.5477999384026184,-1.5680715723060672,0.05399250677430882,1.7997775680072126,0.18426400714899294,-1.8939965026331806,-1.4943903108771637,1.3039830517625968,-3.1748101263503585,-0.7445626229359834,0.5869939055104806,-0.4916092128622208,0.23913368169743543,-1.1267533328907988,0.5050081535260057,1.6753394865825117,-2.9494559592660776,1.6191580201594027,1.2746253797274112,-1.0325351143346795,-0.39843885271589274,1.6617896130723246,0.8030247966856303,-1.2095610465195188,2.4363431285474895,-1.2207800006107765,2.053089624893171,-0.6643923563168164,-1.0548154016230002,-2.096405831523028,0.465614498245405,0.38566047280469606,-1.7256735832433243,1.3028077520944923,2.6267199435574535,-2.0919470158700393,-1.3672957595749315,-0.3486530832620802,-1.3828692929786075,0.23647523878217003,-0.24735048551686392,0.5492711732656017,1.1567288669796285,0.5135591556655017,0.03255636196286282,0.08835062317941159,-0.15860255806579435,0.17636081905149692,-0.7851051119340967,-1.3683015388142294,1.7207373592574589,1.1473123877431555,0.07593017630553536,-1.5999133547438718,1.6763006551899642,0.1507463288398807,0.63362110879584,1.950422508539998,-0.9491572940993155,1.0527476699244782,0.09127597459118475,-1.353626099397913,-1.1795756942450635,-0.0028924914859257966,-3.2335298452824563,-1.224055198260581,-0.6103210908619885,-1.1699993968379756,-3.1314629965884873,1.9215489298159514,0.7659107070794626,3.298244229148481,-0.627808196986271,0.6915942282641021,2.260989227677893,-0.2911537160868215,-1.1883415552484278,-0.8076418090263524,-1.2464058695411584,0.6212968646785135,-1.3397008234626935,-0.10554575246975695,-0.32720093591722144,0.9654939068069764,1.4942014864293336,-1.3668471683365806,0.6012249426770968,0.8558898976707943,1.1179463619520433,-0.6353794106718129,1.0963417714664225,3.1680778900815816,-1.091556832528473,-0.9509007052309126,-1.8452752664778267,-1.000173695817258,1.3958209914608544,0.11957447147894429,1.2535973343774418,0.5640445081740986,-0.09300349668556367,-0.61303380950199,-1.4367828666775118,-0.500050765480124,1.102526610897404,-0.045518278973912474,-2.008511511507196,1.0516270678500304,-0.3427421021900436,0.5420770997235822,-1.2886662784829674,-0.18710193711980777,1.536458957527607,-3.0788684182828665,-0.4433597859012851,1.1660205204334728,0.7393669892543479,-1.177040454872592,0.45441155892284585,-1.632103186990747,-1.193217148662907,1.5506746896809185,0.4377492629520672,1.3377210921702336,1.0784576699174016,0.6562053409812534,-0.06612338420998004,-2.0614778521254604,0.6451660614745509,-0.8677935782551663,-0.9311619786173352,0.8005380547351425,-3.2184454728279537,-3.1189897263008963,-0.3931170436537439,0.9105765221150165,-1.2370553227828176,0.7183132843934947,0.8377108295660279,-2.9664044310871014,1.9673092905511227,0.002539631691566707,0.5117433767764356,-0.49279027550624327,-0.30240437412480076,3.101720357573056,0.5883561350600899,-1.4780980263327776,-2.5025071131160717,-0.4096637878141765,0.468257893056266,0.4530652348029764,-1.1721346154706347,-0.5703243576392653,1.627002259630183,1.100553987491176,0.41261252630665646,0.19943024695293987,2.2542319696287234,0.22168014810374426,-1.5672715737903453,2.3766863674114673,0.09597176117520334,-1.497704223071612,-0.3770816571373649,1.3892373264197468,-1.2774951252269777,-2.459407679177039,-0.8816247442765804,-0.19456681340916215,-2.614435843737988,0.4030891476303726,0.3482073626435269,-2.357326394665363,2.3990453428816148,0.8845089676487543,1.56557407349022,0.17179311794877905,-0.08902165930296804,1.7707675621723102,1.2396177175010663,2.4313963687852373,-0.7125538894765331,-2.88944718140611,-0.7547933649331371,-1.8702858818680252,-1.1768116786325913,-1.3469931016002263,-0.36369748853134715,-0.5935333529399169,0.9041989527689124,-0.7206337309365731,2.0141373258059674,-0.26578488433187747,-1.8524614673531223,0.04442129403919512,0.18358017565257634,2.5998555909487777,1.452127331374181,-1.759417360043752,-0.4294646739046186,-2.198093085906053,-0.9956125701456966,2.7666453513488816,0.13892543230556387,-0.21761462822617733,-2.1641541422230937,-0.023303278995092325,-0.024031899352154995,-0.584511576093811,-1.8020237899922358,-0.5843723812678018,0.4626455615671794,-0.4008376007371911,-1.4693698075257298,1.2989729367255294,-1.734889917239014,-0.3693357809413501,-1.7774241321865145,0.5870383001027712,-0.12206505912041754,-0.44312499097974223,0.6796924686825603,-3.160443109255969,0.14455979457925838,0.8211043521705649,1.1442202633447995,-0.11574149062381822,0.6718057758736777,3.1798850329539596,0.18269916090574673,0.08251298225818815,-0.2226320097174761,1.07570050350082,-1.7759088620793007,2.994133642244295,2.7563175936310746,-1.126229575407236,0.8904043361134579,-1.166763878918425,0.015667305935892273,-1.2605774665690372,-0.9614926024266205,-0.5665726458234533,-2.02360435622181,-2.5371797414832438,-1.1310071042250425,2.6602011709930755,-1.4821324206217625,0.6050368434571807,-0.05650213257962178,-0.10459877813355262,2.592044006750375,2.22864822834089,1.8804281125988458,0.2144679256396746,-1.5672587984309894,-0.7610752013415484,0.029448735237986523,-0.7942289946637624,0.9787300563090015,-0.2767673875450353,-1.5410425413376858,3.0769846534784704,1.4423351782629066,-1.7499971955689488,1.8133461718980834,0.5715150921291476,0.8042067272163397,0.24540565044577858,-0.6679322293816828,-0.22663209499387743,0.9854717316883634,0.3270681212759303,1.1927858872650752,1.0736225980702443,-1.116502441723096,-0.2681556783414795,-0.5167338855497683,1.1253779232341965,-3.4120150557173776,0.4768397587549144,1.3120971508477555,-1.5489309984654125,0.6945098917609392,0.43804896328697607,0.18571542554128515,0.4695629281587823,2.7855365889439536,2.4603129320017016,0.693057763755409,0.7405998044729869,-0.5933238787996824,-1.3636487700686406,1.9215776440521481,2.6014160831440027,1.5524263058157746,1.9044497533596154,-2.378996573605083,0.520447721551199,0.3271272232434731,0.9677132359090068,-1.9679956210927352,0.8005138942938018,0.6566258727471898,-0.39921043935776446,2.695184010112585,1.511510623070541,-0.6150084609705113,0.3623772301839867,-0.19017896508913612,0.18860526608212314,0.7044871213000165,1.5820851648449692,-1.4178506371474502,2.264983423336682,0.10223337794525415,1.6531894279017372,-1.9616493833160935,-0.6014030161379876,-3.034711033250931,1.1405144801060825,-0.444831312200024,2.161796825379896,-0.18741695479565848,-0.39003497846309687,-0.5103676256185985,1.0545038515728222,-0.1273760823258746,0.7138323915612772,-0.18001359202934664,2.963684563261715,0.06404613182042612,2.8512016293646565,-2.0075659375676786,2.4303908811198385,0.5129595603553185,0.052166679081880774,0.49396142671565607,-0.6186120719663898,-1.5432013388000851,-0.7238581553035102,0.3927990598576673,0.1319287494274463,-1.7899034006736543,-2.1256457583298216,-0.7893725964930276,-0.6939833879372409,-1.8771174236226937,-0.803396384581186,-3.8600892808428364,-2.0523270774942994,-2.26256013030736,1.7816628479371275,-1.1987201750807062,2.5032924567340338,0.953067838417355,0.0284402680042799,-1.2404953520277266,-1.8462995543090595,-0.9738153937694959,0.5959539531987446,-0.10598186867258376,0.24982601801143997,1.448607931833266,0.26377188161565307,-0.6158639083985369,-1.1861999908816943,-0.2863258743655745,2.984307091155865,-0.08305504628477814,0.13688726917938365,0.5956215063107098,0.4807722865131364,-0.5685780833756174,-0.6721397340391775,-1.541076031918141,0.8103440668830891,-0.24043686009009035,2.1016387809189947,-1.1998865478789649,-2.6764997592874624,1.7560789108159545,-2.152208452262053,-0.5445412104911356,-1.920104843519214,-0.2104062951619482,-1.491410841821242,-0.6710613516922977,1.224449970235595,-0.8432546905844529,-0.929991438102045,-0.06592413940422867,-1.7122583090052403,-0.7188245981961149,2.4035769779316323,1.5074865430500588,1.2328403008423399,0.8353195639464127,1.397466864103266,-0.7321803616812398,0.6104404996428562,-1.3368389464780746,-1.5581405790815388,-1.3970269675097593,0.23495934103596733,2.1828025025856648,-5.350953823132138,0.5881990933307989,-1.4497527444155942,-0.4779764269671676,-3.392725046229346,0.05098313855876688,1.0271255091029752,-0.8802317718470152,0.7847370543453474,0.7494667764634939,0.3136468020358305,-0.14335836976501928,-1.108591171899116,1.5760446858761834,-0.6009798191899616,3.244847104789859,1.0696802357221777,2.279537648386305,-0.0012451976031137707,-1.0535797449715267,0.011778170942421395,-1.4403680232616916,0.36836497401320967,2.4297864468058044,-0.6552386968812851,-0.6348367876665606,-1.9396690123748395,-2.387993634098295,1.2148912401817555,4.390674136643872,0.26621264940901657,0.84667784096688,0.1534965751923389,0.6378862184147447,-0.23620792257278245,-0.7691776655734226,-0.9058477188910998,-2.7135075672698594,0.6232866193190929,0.7700889960396075,-3.135672078913259,-1.5143967239494078,-1.977237745145592,2.099650492612273,-0.37155434142578525,-0.9352503157406423,0.23029925756338873,1.8053022336171038,0.6611829640655593,-1.0513123508386912,2.0557583696795447,-1.638425780080342,-1.406809897230133,-0.8357699245475455,1.387588014414793,-1.9695825146515962,-0.9771250118238913,2.772038570750578,0.10888269195433051,0.6660069582293828,-0.8119579940440014,-2.1071902297495133,-2.8905791455488306,0.9379825325028546,-0.7859157246067536,-0.255559022904982,0.4054869843016299,-0.9075179565050326,0.2240532298622413,-0.382374637771161,0.005476235720768274,1.882996041204525,1.0009932545553812,0.5213336340848066,1.73566860758587,-1.1035439279016854,0.07039990505606983,3.6786756534103744,0.10891393353244903,0.3204328122949771,-1.5664972276461329,3.969992661154129,-0.1048508876408355,0.4830982222558422,-1.025183109790965,0.695789535085239,-1.8106868001869738,-3.71898893765545,0.702692551900352,1.4485150022859647,-1.221614284432024,-0.9218432808269474,-0.5718844715987488,-1.4606684306086246,-2.2835558912580236,-1.9329204276910907,0.9641393199920694,0.7077925725311482,0.839240754469153,0.5456024733264476,-1.0822647205392553,0.9131226659790911,-0.301756647292877,0.08887560201165279,-0.3448224942509404,-0.49680522583214226,-1.4659649044520822,-1.955859229107335,-0.20950146305194173,-2.2262767145181663,1.997565656332967,-0.970379678624002,-3.1289520538930473,-0.7891969897104729,-0.3442858137884098,1.386981566982467,0.2868452059146082,-0.01004304535282241,-1.3810380169159084,-3.9081480304940657,-1.249367495735245,-1.8351144148709637,0.09868439265916523,0.8098422970811285,1.3233049637125311,-0.7449310304176652,1.921271800782475,-0.8570966740911724,-1.0924740061975922,-1.2873320421103716,-1.2298160218261,-0.6019156164239471,2.591741711792328,-0.3194051959262331,-0.7324359919562216,-1.1814298584650955,0.8917490413772643,0.23044743236287762,0.46536985582605117,-1.9404609550225984,1.4848384789973132,-0.06708343867147801,1.152846933215443,-1.3075737694911418,-0.008351511645348975,1.1033388094249132,-1.2546134921443652,0.22024692049383277,1.3145184112146582,1.923380094086751,-3.1161669587652288,1.480785469910908,-2.1371491837493566,-0.07128106259948228,-1.4728600323919636,0.364589369745524,2.418864345034929,2.62272933557428,3.05378718643227,-0.696973359275668,0.2711499502092872,2.457770348423373,-0.10692617316016628,0.49943014216470877,-1.6208977371317774,0.6900632792107928,0.23018622550961726,-2.404159591608974,-1.2120925326573493,-2.439778881187976,1.3057824205823385,-2.927289916755576,-1.9952865797540638,-1.0295536888246892,-0.3167714739484816,2.7524175305803875,-1.8479176297643343,1.371114952987417,-0.22906481043621948,-2.6478285755242226,-1.076572787820023,1.4202843628463406,-1.8475572676730474,0.25844753709982304,-0.5212882523903668,0.0482603712232795,-0.7711715592653587,-0.7400163730411012,-1.4672888705721572,0.924563114252414,-0.09774967374729013,-0.787052300753935,-1.5665613506961154,-2.256857742240377,-1.2981435377177504,0.09522053983598433,-0.655502873599836,1.2542031042215025,0.8651948645706456,-0.3536522562453542,1.5869728021561413,0.19871633532494148,-2.9817036022148047,0.14363029441829073,0.18352616129152508,1.093899591328094,-1.2724700164528029,-2.8653407207005985,0.13384377779176382,-0.3241848479943837,1.105276131782153,-0.6335432205916836,0.9929126891862777,-0.3590736248541132,0.44398191788119223,1.3940097282355308,-2.7132049025729774,1.8979589472410474,2.31656073394778,-0.10327826101872661,-1.4433855720034754,-0.5029301055551479,-0.3234560303273574,0.8541554699107354,0.31814439171698095,-1.89017879582408,-0.9537364791231286,-1.96867603069984,1.5734053365366811,-1.2144906982726482,-2.3623733922890495,-0.5480770276611812,1.271660245049577,2.295434552728051,-1.722897061353438,-0.38334101887712796,-3.4329645545921004,-0.6626443527906609,-0.03281437857236447,1.5954671970559022,0.11407974470613191,0.2695458100382434,1.0192693307931358,0.19422344820605913,0.9981078329348279,-0.17319461338607572,-1.0028055512341199,2.946724121303604,-0.9022738130618777,0.93290080333426,0.19050082035201965,2.6399820069890056,1.2040850196445096,-0.5727045065070341,-0.90897065624049,-0.21087456179477376,1.5825301423620468,1.536567208386537,1.0664311727387605,-1.2399202223091286,-1.1487691719179831,-2.0734186352501855,0.4889935732105435,-1.8013783504685137,1.5192877491160943,-0.4557671393287843,-0.31451994393757815,1.487505882235824,0.14690065616625536,1.1230049921319414,3.6395687126448464,-1.885672471487463,-1.7622400404801049,1.7665060717950603,-2.3341633585250556,-2.3559927369271176,-0.07770678051639412,-1.2513160279709623,-0.2635150879513071,-0.7409636025732096,1.4092757329527716,2.0579778425286133,-1.5168061003392201,-3.2095660795194996,0.13461326758858438,-0.300319661820481,-0.8297347262900172,1.2949465862631544,2.5183518093810977,1.4616329190436599,-0.45336165172077275,1.4073030290863093,-0.6056739497622863,-1.3348906681067103,0.8133641223420764,-0.4401847252650833,3.630409199358528,-0.3014406670023131,1.4263530466584529,3.327059073130095,0.6807190674351672,-0.5719691172330711,-0.7501407684931707,2.263101566318983,-2.1888410018462103,-1.3172749885841268,2.4356503482271945,0.5688058487671296,2.4606813940974703,2.0016920879701634,1.0009620576864255,2.7838388155554674,-0.5696234686176905,-0.544021170553926,0.001015534584601574,-0.503954126290878,1.2727028726950345,-1.5192685803860848,1.2654423158766765,2.6142575138832145,-0.3020753908304394,-1.862051202931858,0.27298730928486314,0.960825558426673,2.7765474501980676,-2.4614497571109712,-0.12801523832187223,1.669904066999361,0.3356277948401367,2.41773268913228,2.0062127030745747;0.08896284084205985,-0.7232280342647222,-2.6757670123790396,1.0657955647891195,-0.6945689391693661,0.5048983395880572,-0.2706845158482907,0.566900272873822,1.1654375551693366,1.3060284864245462,-0.35417929700535616,0.007278045308387257,-0.1949259738027765,3.0781096927191496,0.4156181631650298,3.117045051433759;-1.733646090543825,3.4112075219602906,0.0967241161391505,1.2217878942263098,-0.003969530246467276,-0.36814261761676326,0.38210667463130227,1.8703927241847662,0.373120038491245,-0.5398939541054312,-0.2802940410315649,0.8635373030461526,0.14919168214583328,0.93758830710298,0.04430684678159662,-2.516075123844754,-1.3057507246439901,1.6086372919493543,-1.131957734296639,-0.5416440280143401,1.3716637174418058,0.2107935765930919,0.35422711663488005,1.290891611482376,0.7210674120406457,1.422676852319263,0.7422026958459776,0.46017579926290586,-1.4259247397672046,1.5413546741550432,-0.553814919507294,-2.068229168403139,-0.6080621182468902,-0.14915202937352706,-1.3883582626408169,-0.8008074550684297,-0.09141313337617518,0.23449336073377627,0.7031695673565145,-2.895126015606462,1.252896571999751,1.0389411508533852,-0.7197090509989664,1.4345807544860727,0.7158888336437346,0.6284846629144746,0.0031662454865422074,-1.643005632921901,0.14318820591920814,-1.7643656341654141,2.9960154016080347,-1.0980891997521547,-0.7623366537828066,-0.48233627392825557,-0.09600675376572065,1.5937995056887753,0.021432771951109472,-0.073228024689666,-0.5224058059517668,0.7032912594388306,-1.9909158403047205,0.18566352442594136,0.8444948860505167,0.1731363166716655,-3.4383443217676963,-0.34837515832060206,1.2824781481557581,2.5009480392230037,1.7585351638142095,1.5470490585694026,-0.28373625548714154,2.0839620462936987,1.0851079822140162,-1.281344128557809,0.6375114482365932,0.7121217985888226,-0.024132610838336954,-1.0868447937920933,-0.8909336633814108,-0.3002880293333121,-0.35771796176496545,1.2715508533438427,2.7764706314472427,-0.9650371011178411,0.8122037876745596,-1.0655549659792993,-0.2736858800914891,1.1271470712119451,0.5192302959302263,0.29374142851160034,-0.9722196096293063,2.384993215707414,-1.5665671885789467,0.6321533500984294,-1.3425921573425006,2.2037223093080556,0.014459779157910468,1.8131382682915107,-0.7464620892935592,0.511606849810437,-2.6183520842665247,-0.6068729219586607,-1.8709377069116624,1.0818946655679764,0.3277527169515819,0.10884718076779709,0.039874153737862406,-0.15923154104489037,3.201616888223991,0.8820013194142806,-0.40297808632171084,-2.099229744018649,-0.5166992652772026,0.14183801314200767,-0.3178904138785892,1.4849172419925498,-0.7362682554069802,1.5788016657392052,0.6704158502179173,1.0480582574234032,0.6468276469114937,1.3407190334570651,0.8944893378466758,-0.5877797951904402,0.6602502847363568,0.5281611180177957,0.32261710022279405,0.2891490870448583,1.526170967060041,1.5620141427962149,1.5224817027587356,-1.5890982735268404,-2.376373204560204,1.2897024676589892,-2.1152685931954736,-0.6442802911144846,0.37732225180811296,1.4877624100373272,1.311341809628989,-1.2770532860846957,-0.5779398623498025,-1.9548621717727301,0.5845726844351189,-2.2088858431939107,-1.9955663300390025,-1.667262946637222,1.1722748179015174,0.3076794191085721,0.9256204654453333,-1.258536610684783,-0.22437946052860822,0.14031406856168804,-0.130864351696961,0.7237999714751054,0.07265658809332079,0.39214332745061775,-2.2686267584468216,0.5478332312573307,2.371550301907739,-0.5403325540145301;1.3010430472718044,-0.5244551062346252,1.2551462620963805,0.242606695266028,-1.7950194587055,0.9094393331817526,-2.5590501018771508,1.023435640263344,0.16510995042013632,1.5293654855753527"
17,-1.3363465773737535,"-1.1648082955465977,-0.7855113925826337,-0.7406902874385495,-1.1107080400676435,0.4911314127110775,1.3503272072788315,-2.8162688991948928,-3.4019016338754158,1.6994476124296518,-1.7355491962884093,-2.3561504354781615,0.4366055530301955,0.02498263223052516,-0.4382447455613544,1.0756999300964516,0.3511785043297696,1.4323355350174245,2.227561358435294,0.10291358403041875,1.9364268648484697,-0.7970788633752977,3.7280347610452185,-1.0703950267466245,0.05381541161444801,-0.5732986926668449,-2.0790694407769603,0.43246508593219485,-0.6148114546556216,1.223850792507078,-2.884592404278601,-0.5097202071733551,-3.4535102762209737,-3.531644673778731,-1.3879507363999561,-0.034810150861672606,0.13408733840717313,0.11887084312383735,-1.46877791509174,0.029015960171023897,0.31258286626474896,-1.5055190278027717,-2.355884596505974,-0.4625870984129458,-0.31647870416909724,-0.5306112439374254,-0.4543790080487788,2.4203333454343716,0.15385486478881244,1.3553319819590648,3.424079361518405,0.9676643310418703,-1.7395087696992602,0.22855756961524543,-0.14828077037303974,1.2501882788697012,2.8872154750163896,-0.9477942474535719,3.6774673677444847,2.2088523674756844,1.125708761344373,1.3710120773791727,1.9287480814562694,0.22866665653307455,-2.708196110164814,1.5759706101683348,2.0177777963978882,-1.615002890031266,-0.25319211691403753,-1.4609247267598757,-1.4028081890201731,-0.8708378495874878,-1.266845982506641,1.848380988091,-2.8920618418394346,-1.1408754175064468,0.09655690789872134,0.14450892193661707,0.3928137515029232,-0.20169073272024085,-0.6010649117897054,1.4778134518394412,-1.165644839514595,2.417707324816009,2.9117576833132723,-0.589673836538115,-0.9199297815720823,0.43031644460798957,-0.25596768000760173,1.6397677620779225,-0.3116210376631481,2.350834074528864,-1.4097978414840284,-0.313597430753766,-0.6392511257794162,0.08680923755403747,1.4632782583644834,-1.8891642555168644,0.011497833673851543,-0.781849042900764,-0.03352231587929905,-0.47908040193644064,-1.306597269015536,0.9676610646967836,4.38203612623003,2.784056098642399,1.5437037540718925,0.11528098826694427,-1.3613666015031838,0.756491999927508,-3.3916449792545027,-0.37815443216813793,2.153343659021494,-2.0192315120535227,1.2062820868063477,1.5154370826302082,0.2182640950299821,0.6505078156590882,-1.4875380650774723,-0.09865597388141564,0.036302265003973676,1.51757048572395,0.7481272028928545,0.274361860030849,3.6864490299517225,1.4143033190745056,-1.538616543855917,1.6004224290742164,1.6491876431533492,0.5661805337261053,-1.8459073438376588,-2.4787395529752665,0.4405355219811557,1.5231229488856786,0.10384290578167449,-0.5260116297983239,0.5498629380322689,-0.22509110391366552,1.5766307501221841,0.7773865538757936,-3.3377882890110038,-1.8805013277533154,1.6833406169305583,1.868070764663819,0.6012589899705953,0.1362654462047705,1.0704655657022826,0.04677708340698594,1.2228406370057128,0.0025147661160281887,-1.656515660434521,1.0055032160395525,-0.9495260839150801,-3.1439396962070294,-2.726228955949343,-0.37299103777774784,-0.6415433654694801,0.0056948182643267176,-1.0439924306404138,1.045829414525495,-1.4462723185830115,0.4318066688915948,-1.353698475916398,-0.9156768139814818,-0.048884710662843195,1.3481014862305563,-0.11096375771310099,2.7609028413527543,-0.709742677742955,0.0812324371938857,-1.0263742219755614,-1.6924090665167248,-0.8585947986524347,-1.8449796324369738,0.054293475285744526,0.894935247369461,1.525026616748723,-0.43967341116896475,-0.739875217539171,-0.37372244999279136,3.0900348427057236,-0.49880007625548023,-0.5895777733010661,1.1714553403077785,0.20397582816347254,-0.8100799121793145,-3.439918710497178,-1.8251097480569674,-2.474307633444951,2.6784642068229436,2.1422396112498,2.0855099276285385,-0.8978447338397668,1.2074922608729772,-0.7813844233369293,-0.4904100512237483,-3.852515933448167,1.5454995546636314,-1.0358936220837884,0.26617298914400866,-1.5494555224447408,0.02002366362885452,-0.8525298723372302,2.5041492975219612,3.3373783882061416,-1.3065362313803175,-0.27565720924470916,0.41770625089397684,-0.782082124711545,0.20120508683043503,1.5221526239816512,-0.8764865054227349,1.1563635862780621,0.039154057594375846,-0.3342239100198958,-2.104843078919104,0.19709485735348814,0.4752158509403852,-0.4314796986354578,1.4121538293524725,2.6999951338837347,-1.5995139232202797,0.6805192669100384,-0.9445589103445691,-1.9428828848564617,0.57981893478832,-1.729442330136406,0.9619828658842251,-1.0780987970843963,-1.6913331312101554,-1.9679895551715492,-1.936514069782512,0.03502458804774816,-1.9195954175227299,-2.5883034666098466,0.8179082455193257,0.6574488590670096,-0.4609519545338489,0.950470785759903,1.0817199785391427,-2.0346408467922386,1.8535681741651278,-0.25343014416378384,0.13004023980093288,-0.3908144179800111,-0.6275540889469442,-1.677815037248817,0.6902045299484376,-0.33494398907800266,-1.8544318986704473,-0.27968388748669204,2.599198341158139,-0.7836485715991068,0.9594703394608746,-2.0458577737415045,1.8854108896516695,-1.151746901450121,0.6881534381856494,-0.8216694905515289,3.0313791951879554,1.2743187494296953,1.3507636773691027,0.3741208327698772,0.10670695147473064,-0.555184978339893,1.4380843265551952,2.688863806486715,-1.339463891119737,-0.7338929406956145,-0.3648820198530261,-0.7804643839778348,-1.0954017502122428,-1.4891541843846179,2.3021182914003466,-1.6724517616874706,-1.905630127617034,-1.007073893098408,1.0917373583938033,-1.0054011687028996,-1.9045631677839157,-0.68694172424398,-2.4975663165448,-0.25839323418075244,-2.310198459553335,-1.9546583695742692,-1.153994261271342,-0.6870444165559031,-3.541480887454967,1.4001026941602124,-0.5540205618226058,-0.6423098624664553,-1.5005155411935052,0.7952749230511165,-1.5069478752132641,-2.7926231139146322,-0.8780355390348407,1.5580402086523795,1.5156011111873489,1.4222914175798334,-0.26046108810459667,2.4408427996089705,0.6710179840936847,0.08460156089591911,0.8999177978271635,-0.17950550553182806,-1.6384636338550629,1.8962493268634302,-0.7121380215910298,-0.8473932162735807,0.8558803658433518,-0.12207970318881967,0.8844846221920301,-0.025057573296623392,0.996005640358549,-0.05430940959716657,-0.5271611304254415,1.290777846044778,0.23558045905433417,-0.7290574069215757,-0.8890890150638168,1.2471374608694266,-3.337715139152267,-1.1275678808000795,0.08578803358263026,0.5382853386339725,-0.5577847820044608,-3.0848120112294524,-0.9489462580343374,-0.12207903650763652,-1.143859362437511,-1.8849697829478174,-0.2129612095386484,2.158716259943498,-0.8805473895557674,-0.3998134702596814,0.9182566691525774,0.4740212225693196,0.8292868958538521,0.3978358670343564,2.1344533137986286,-0.96124312139062,1.5843235798132422,-0.9689379911535771,0.5531114686293355,0.39538061457679585,-1.4984787189857074,1.0866628093463306,0.7773292663046454,-0.4275456945040281,-1.5860818602347038,2.4913964034377396,-0.6711416483481932,0.3569005644401583,-1.153036928116104,-2.801281906578368,-0.16502976452645401,0.5360739532691727,-2.6530554900469325,2.700730864015693,-1.2987641947861641,0.1994485109645085,1.0876792503284742,0.4785796787450117,-1.0649975856893554,0.23526638995685586,-4.789306102920595,0.21646308931252356,3.40308308747043,-0.9931563753550662,0.3276149585202378,0.45707796745431695,-1.4175933608080442,-1.323224286381599,0.4830433154920648,0.602982290690656,-3.0776757098892755,0.8063360562395038,-1.9860656752603276,-0.6011258288117092,0.4713161589363553,-0.35947699405298283,-0.10649607114645565,-2.345580829100622,-1.604802546622626,-0.2299796035114669,0.4985510986627114,0.34635846895100597,-1.966598062058587,1.8789360729418878,-0.9763270808381369,-1.5858085778216309,0.36726820000811217,0.36976996857022415,1.4015156071041248,1.3590617735900257,-1.8137221976035942,1.4833149380222619,0.8524758053846844,-0.2308132024090766,1.1267993203401276,0.7995159391224459,1.53753315549831,-0.9015180596917586,-2.375862409287559,-1.5273216774959482,0.650932292252927,-0.5260103768630593,-1.7107483175799945,-0.43095146413598373,1.345794505847061,-0.27519181351815747,-0.5523752553006717,0.03798035332800376,1.3985492443136798,-0.8148198533709492,0.9003348999590144,-1.918917316908246,0.22918062564836605,0.8690595916879182,1.1274414554432313,-2.3765288674925515,-0.7929367411685522,1.362477339034749,-2.1163385968101855,-1.0784242406422364,0.37120888381183514,-0.9134569885107778,0.526797755149191,-0.29471674398794684,-0.20995883676125007,1.8257354840048263,-2.631678605308966,0.3837970837502974,0.8921641959004042,-1.0372109016424715,0.3156053780948282,1.0239051846128022,0.5077159040797257,-1.6698568872415707,1.2250806042597426,-0.8835949773309006,1.3626725104358055,-1.1484666605884586,-1.306148232354871,-1.7414742322910117,0.19399283577153562,-0.5980580037400091,-1.833930140188168,1.3543329117957577,2.3377860141072895,-1.4808102472831473,-1.1819482330064472,-0.7078207433425205,-1.2874664282407051,-0.23876614806787277,0.27887185791549546,1.0447132828128454,0.9114788617626028,0.37067589103884124,-0.4064938147730793,0.8632861074393243,0.3118592156182908,-0.03470086107290832,-0.584603446289045,-2.0214331704436694,1.104774627645075,0.16043929524131945,0.06442470362792244,-1.5424005048741536,0.013546423503450644,-0.4290323582071311,0.5468536866405707,3.4258594442026786,-0.5835425255395956,0.06100127105336217,0.2908766830693176,-0.3404830780117476,-0.7824067496684889,0.29211545311340636,-3.1139657816066406,-1.362905477517037,-0.8864522813573256,-1.7052905310632127,-2.31101080646772,1.2167455851337277,0.13111312451758356,3.014200372838816,-1.2489477503105846,0.9021806019177757,2.4520064983651335,-0.33356218078137345,-1.0571789780807996,-1.9131584638272532,-0.8995638973774703,0.693827868993269,-1.3888137547030701,0.3364983022489376,-0.24859615248174086,0.35159225658048276,1.7140846243247356,-1.326238449711592,0.5450077909270801,0.95072244776048,0.9577611438286369,-0.19230451117774583,0.5472965701774588,2.4154186493957903,-1.4154752370520687,-0.5155480170838975,-1.4072374496626083,-0.9639918233201039,1.3916610752255187,0.01612546412380267,0.9533188600345043,1.001230550422149,-0.5270815738967936,0.3623506209769979,-1.5230659365194947,-0.9417942105650815,0.3689624911539413,0.1320725645423259,-1.4569118221049775,0.7018386389563701,-0.8552755898696732,0.20764348429537594,-0.9462059643789555,-0.06788513425276355,0.7891418299743711,-2.4587714503950906,-0.08813194486165035,2.2553449421579597,-0.3579913962503148,-0.3749592371074755,0.15872802644184825,-1.688497573461844,-0.7458499637608209,0.8270578943011195,0.27195074465482527,2.506173592122352,1.2593603054517966,0.301810092542823,0.06817566374065753,-1.2554001133410155,0.43940714258698144,-0.6453036331489183,-1.5465554200139953,1.5074965812962147,-1.919984212489206,-3.3764019311205975,-1.1858171078014872,1.7236049984024158,-1.2513328410032138,1.4239893813590498,-0.5459182850104909,-1.9711239906417695,1.239131485022813,-0.4270849294265951,-0.018417400838774356,-0.4301899073779425,-0.3715152463257753,2.568002336733836,-0.2854171381873832,-2.5933321521337165,-1.7816003910642708,-0.2392949648490403,0.9235629918339991,0.10277554488867038,-1.5252376157974503,-0.3669383949510218,1.5992211229001576,1.2509423872547787,-0.1635353536106199,0.17339510485646134,2.712894909651146,-0.48837568768599005,-1.7005050867630374,1.376911611534067,0.4246498375377974,-0.7764283062014574,-1.0318874941869145,0.7995210936018853,-1.1158368162983674,-2.7127955641438,-1.484807225158626,0.5788485224077606,-3.471797172857523,0.05809222377232459,-0.35278885597163684,-2.5300654941794893,2.0532854113472543,0.13324437695247876,1.2121216543417348,1.3373469960490025,0.4885006409393568,2.082726729910596,0.6346668372633891,2.7022884925176216,-0.3363517133229753,-2.418637755836465,-0.07380482346651333,-2.113231095450443,-0.549839979214373,-0.611816245697643,-0.599859949321981,-0.09953212170082099,1.4396962811030816,-0.43897762416476005,1.279450774418725,-0.4686346424446471,-1.5964624831966692,0.08168501814499377,-1.2773385296295028,1.4314539930320158,2.134605547385446,-2.102744161107279,-0.8300603156810087,-2.2134537038330366,-0.11754253487542088,2.7980077877723026,-0.7504917132942843,-0.002559312331108482,-1.3701072114307198,-0.037237845581306495,-1.0058853326446109,-0.6465271888901839,-1.7051373299578616,-1.1399622721472569,0.03861932194284501,0.3352715192594464,-1.2027427465882519,1.69311717401773,-1.316701499944162,0.6029963935375053,-2.5885220412983547,-0.13486356951260065,-0.6627001216747358,-0.004435151107604729,1.2329165927810664,-2.727561494366455,-0.3023752012825472,1.7225689473181824,1.5186749725633393,-0.038590339974502896,1.0312552260199273,2.4027574614951877,0.13493266392863057,0.38819041336187365,-0.7187528155737488,-0.4163611450311702,-2.1447734139915076,3.205781947193705,1.705693749485432,-1.2562040377300874,1.2123219008040602,-0.7604350912196755,0.7418373359867744,-0.6292495146584876,-1.132025417402214,-0.05821871958271452,-2.786033033750437,-2.895277389624703,-1.4960961753489819,2.069437180741048,-1.2216037621991531,0.05984514991037582,-1.603409026467947,-0.4519425862755595,1.5301891266968957,2.6409627085985377,2.523760382859375,0.7050386372850779,-1.236148102684264,-0.9768315599557211,1.1747907315938595,-0.7800113797323591,1.0665839605494485,-0.5414639134602584,-2.273882079211127,2.8504815546113447,1.097430557786888,-1.5502876852172838,2.1577474777720904,-0.07558861630081881,-0.5684084231203518,0.44258782251737117,-0.9966560263783326,0.07717798363059555,-0.6905052183919576,0.28774218747608493,1.6592087569290945,0.535172528830391,-0.9406419082044258,-0.6785514891408629,0.37119736149349747,0.8091961864217612,-3.1970358334753497,0.34573299461052803,2.224937912972888,-0.04297038922292462,0.9076005896252424,0.5734744575579442,0.4186074660769541,-0.47428099772561794,2.6432994119351343,1.6674463074396302,0.6571119929972645,0.10805544184457772,-0.47502058457212976,0.0925187055907929,2.0340139478264625,2.3957245724718383,2.247574732183031,1.9669808877696087,-2.5623785403999166,0.15055368518612072,0.05342310638027964,0.5822014625716925,-2.1874214010092428,-0.6373872241466578,0.2052195131792025,-1.0792898790094534,3.2682975970214576,0.6158975269996806,-0.31454142329641555,-0.457065375701177,-1.2609316485101227,1.1697139513921933,1.2729699426376315,0.3944001663442692,-1.3105781193633375,2.3225123228959745,0.18181067590607358,1.6721145172987226,-1.3707225192430803,-1.4941484663663713,-2.7862676490760565,1.4016585375577992,-0.7977243112796069,1.5870200449044436,-0.31611871795638796,1.3093874312700478,0.22252727960740187,0.3416437167034023,0.30908714105814344,0.4618740608417363,0.3508860842500521,2.5967340844271454,-0.15621290625852208,1.9402438696665958,-1.5972306076324596,1.9005764422728866,0.704119430730995,0.6759769659038373,0.4269406533834713,-1.1245771618893372,-2.2825971838684613,0.24306078196021935,0.6098638542124548,0.34210943184720555,-1.6159285574332207,-2.276118877387939,0.014885496751947558,-0.4383264570282132,-1.1779797785267774,-1.0261015940244675,-3.38100677819489,-1.4591035062394566,-3.277258261343702,2.332250722232849,-1.9685996499629952,1.5276338119956692,1.3299416624768328,0.5696272994645101,-1.8332794183334045,-2.4589154241887416,-0.4934747032472127,0.42550536187296883,-0.14432163450741803,0.14995799353101252,1.0972981874793906,-0.2536686332255912,-0.846557695849714,-0.35178074405316473,-0.8961131226639671,2.398362054267359,-0.09211756070462629,0.5055233156997796,0.7013030498277846,-0.047604816181087584,-1.0663495534847636,-0.3050715736438552,-0.6877151390446784,0.07544819802817437,-1.3722741948999184,2.0598607220560003,-1.2082323237090848,-1.9368481490544687,1.5312115993329782,-1.7209857403753244,-0.1709368307888787,-1.9044240068829568,0.45520476204289195,-1.342036169695982,-0.18843932465486748,1.3158779385330381,-1.045015137794067,-0.22714968843810004,-0.5000865845710507,-2.32658501436398,0.2776244735959861,2.3537121323520793,2.6137876723255498,1.3918834975902628,0.3277285151396535,2.2712230132776874,0.6842627618840166,0.3096385111096654,-0.729513382495835,-1.9235590383004797,-1.6498174364403646,-0.3948154620670865,1.3672564048441593,-4.996039964127852,-0.571098955945017,-1.8661965675316814,-0.03843010290794133,-3.1228936186728635,-0.9307152015534119,0.9796090799694889,-0.1976598187733044,0.8100947542689785,0.37260144663808614,1.4481634220557533,0.4965363017611315,-0.4081342471186956,0.8173830450958833,-0.4707186196234067,2.0906965165416613,1.47369187941735,1.3069856450729542,-0.08402308742599299,-1.8612746968574432,1.5025579455030842,-1.2062637934497642,-0.42015173753715246,2.422009848613175,-1.170341139428909,-0.3415152225097267,-1.4065142952802154,-2.056878027463542,1.285565860604739,5.223075945852951,0.6819252270167214,0.791092936949775,-0.1658461788012492,-0.4649413284693809,-0.7052528619807517,-0.47859426453853227,-1.6418182678959097,-2.0757199139313647,0.34079535448322684,0.4671277763166055,-2.820984635289398,-0.8726834837253715,-1.6009562600745089,3.3886924614243874,-0.13023656794872368,-1.3833507173266024,0.8083836561530118,1.8738806190214998,0.08577053560475334,-1.5147852952775582,2.688540118543,-0.6699367712760345,-1.8026814900207806,-1.1795951062109118,2.0007311253822655,-1.9855678077742747,-1.4705559084493582,2.368213680171466,1.3256761082915884,-0.654935679237467,-1.382102716149958,-2.7597501007216065,-2.180100444683891,1.418716006798389,0.01712865651044504,1.116184476893962,0.9172875704860273,-1.1194808824821294,0.45349147505163373,-0.19613540431243626,1.0335492418758703,2.692641496036813,1.1968599745809105,1.3765902449117342,0.9522516567571391,-0.9300832651729096,-0.2217440499493973,3.8741791747290812,0.2593002607466847,0.26511579253993783,-1.8123448462681702,3.031345830606604,-0.8320755816201225,0.5846395638077728,-1.671055343504255,0.01215730345900723,-1.291361029411463,-3.701954848152068,0.5209905032333928,1.3354433338085565,-0.8568615593265789,-1.006672724244288,-0.38352017413814776,-1.630853321855735,-1.7894143719267208,-1.4436103256546176,1.6797288237212027,1.376935237757276,0.7502598843596787,-0.5856182872334246,-1.206643092561133,0.0890617930304376,-0.2775151091963149,-0.2505607347386646,0.121160077672924,-1.494137696347158,-1.5050459932826685,-1.5315098553202815,0.5422992462205054,-0.8855767283336029,2.8034398564038927,-1.921542799645247,-3.354664720962676,-1.0926425225558627,-0.15427706281090653,0.7983492448474685,-1.070129977670258,-0.18827971201020227,-2.295452698645419,-4.4987767089915165,-1.127178565401747,-2.140061362134201,-0.09381547350941954,1.3599644465397842,1.7024902012959324,-0.6918115006867119,0.8862395892665038,-1.0660088050719596,-1.5573240859496866,-0.30259359696675564,-1.443890626146048,-0.09603345474254431,2.037518609272329,-0.8695004822242397,-0.780298448111362,-0.18141445755309954,0.6219412620277789,-0.683654750589717,-0.554292384280549,-2.0524974328767733,0.8411669711109115,0.9478379604044306,-0.36433080571145743,0.2097550697403704,-0.46088582186349325,1.0692742808655977,-1.3938111863179303,1.3791522627886854,2.404948556428117,1.3824036242903013,-2.735756383347338,2.079299649420045,-1.7510159196025634,0.2292325658265873,-1.2274313388335667,0.9076966406083511,1.8860612331290094,2.8138575578491607,3.088375946222051,0.2684117828236697,0.3674627904362731,1.6877927494576475,-0.23573957436830856,0.8578903033651661,-1.3335564197263396,0.6075939340227836,0.367202124869926,-1.3570121172475593,-1.063469809646558,-1.1301960156646649,0.8555712235230057,-1.5962377583182517,-2.4551137634379456,-1.7336402498661048,-0.18659266280904518,3.1111791908637274,-2.1980956861420045,1.5018377682086603,0.29565918160926563,-1.9231152124016215,-0.21987999498668542,1.3826764256683868,-1.4780630556469374,0.49602308917442045,-1.1388424953112475,0.2517280672408434,-0.24450773466180206,-1.0312873612081932,-1.985990947808506,0.6781639266073249,-0.7060816512005607,-1.0128746484531754,-1.1712300598619896,-1.1765404434223417,0.03228942543427593,1.168701089643584,-0.6258808740308335,0.7764184398547016,0.4389203992739832,-0.45675379922875425,0.5512787238308989,-0.28271560455530853,-1.550832677261106,-0.09614861248786297,0.9713415030917639,0.7284273758437252,-0.675096300481185,-2.069660480867163,0.00018828654798769273,-0.6042640687226564,1.2579084220861756,-0.6859754827677309,1.249670697578283,-1.2233392231357172,0.8404472533625118,0.7822245091018727,-2.499830393439024,2.8347400128945486,1.9966961488480415,0.006777407293846516,-1.1694917535331104,-0.5163268377213012,-0.7217830885150698,1.176425567684245,0.06741683314399344,-2.2665269076424863,-0.7190708918616631,-1.9183253608411346,1.5777865868975625,-1.1177749828641885,-1.888945498805695,-0.9145365408865453,1.393569827835992,2.8038464851342653,-1.394658450586475,0.852938904580096,-2.903244398549098,-0.09062414769868127,1.0351824000762555,2.3236140351867527,-1.2493554569994416,-0.2246730687582408,1.3022382717960896,-0.1912846832847518,0.22367668983929045,-0.2250263651906873,-1.0794908717420921,2.340389523838857,-1.5457513577236799,1.224754108956505,0.4700206503795195,2.6357434931880084,-0.0819711211835491,-1.0531836506857712,-0.7821423251539954,0.12620026593155081,1.8966449147710847,0.4611138654247394,1.0192099311859173,-1.5334035111199653,-1.0555128539444154,-1.7978238605815495,0.6106347383170931,-2.02223086137097,1.4980742534605715,-0.8190718444697969,-0.18689840232918498,1.649486711595627,-0.4567938885489211,1.1828052741161086,3.0003752358088325,-1.5092241731875842,-3.2817743164653064,1.329336712197551,-3.2458390774393484,-0.8984456793071773,0.27245132769942476,0.14321228153262422,0.32464721132467567,-1.1282770969498128,1.808359192862095,1.1376575237488213,-1.8606864537365921,-2.5190448520749658,0.7525688792626007,0.2333353795758215,-0.4012688082541248,1.7665777622471144,3.2595575552718024,1.6648635705055155,0.5502052772050239,1.19853739922877,-0.8564711608099426,-1.9305013967076028,0.6523251437915049,-0.1872893280236098,3.885473508228306,-0.5334007773033176,0.6524006822608404,3.9343324482418436,0.03936995076538674,-0.7739974662637114,0.30121335448306014,1.6794032244183592,-2.6294830715875386,-1.8697870980626572,1.6041266514896209,0.43696590996420026,1.3956352711603124,1.792487539536859,2.0443601548754478,2.7967035826762134,-0.25210770385634507,-0.4511326862832935,0.6313660157985539,0.25794409407489893,1.4849521246680375,-0.47560078944315576,0.6279409168773133,1.7493221768084748,0.40462299721919326,-1.2982163100564885,0.37727697433893076,1.059535494001521,2.2059605993925073,-1.7996807814098164,-0.03523556253692223,1.6949929078368269,-0.5657307373279813,2.6760248546894547,1.5022729762101243;0.20909048304988892,-0.561436100387281,-1.3149537059934369,0.5817157527185729,-0.8548207256095233,0.24120975121013333,0.10341667267274124,1.0402362692530573,0.9320562082258446,2.1148584833896718,-0.4106361797533272,-0.06363576727795557,-0.780892327963288,4.066715684709077,0.43166470800696877,2.567878959720791;-1.4876199214609487,4.14628217149616,0.6053710189251088,0.29776329059895584,-0.6442722571878258,-0.15630631307988085,-0.2852459834227281,1.159843021086949,0.4277330082894735,-1.2497798368210944,-1.4670186989467071,1.0355166448356665,-0.10402846596986116,1.6368422769377022,0.08658867932435386,-1.9047893344011309,-2.041916102948159,2.267972307887003,-0.5328595979792932,0.15350654922716506,1.0231662419845033,0.4656604442364628,1.154059876868733,1.3105856125681923,1.4902873974956135,1.1507110998389665,0.4209097403670925,0.8842406581808613,-2.433414822664946,2.0958452205161935,0.061765550268251576,-2.0521721968331144,0.5375943191966579,0.28277106885779724,-1.099664870555127,-0.045046297847869565,-0.15704600171722455,0.5369849521098216,0.5047490691697708,-2.6256889519715845,1.545019833751642,0.7752397882523621,-0.3764734239420796,0.4850962497938611,0.7171207730227054,2.1322472085045616,-1.2567117908608139,-0.6500905828504716,0.24412231242974625,-2.0827449019887756,2.850306790670478,-0.9045050651555806,0.043456917476419055,-0.7273264735959333,-0.2764000068286746,1.8187058563716696,0.017010771612700246,0.7297700360931265,-0.144785424968908,0.04958590908947913,-2.0970609353175247,-0.7106881826109264,0.9133188014676923,-1.1790853930862508,-2.726421183986717,-1.059540156342035,0.8479781327984834,1.4629788383298905,0.9099698423499316,1.3451659707667118,-1.062744020311948,2.014467063009683,1.5407631779961604,-0.16885641456042683,1.9711159447591917,-0.20560663280180314,0.039898547455181343,-1.5450241770037028,-1.7350450452065267,-1.0813654529056744,-1.2406039508683442,0.8499361884577881,2.035026159871382,-1.0108805412391844,-0.2800995873937333,-0.6585753435617869,-0.3614136234197085,0.3142805495750451,0.8055367877851015,0.13666556686658518,-0.7002592052808554,1.6292119030313226,-1.562209743816275,0.8395281446860143,-1.7039581577562748,2.2631237759189498,-0.17561922247652983,0.7784897318213717,-2.373234588293354,1.6764077091315641,-1.9791458821412862,0.15157496160967027,-1.1443634263487734,1.5588540838793117,-0.305976564924631,0.5947371310170693,0.5338330835780158,-0.20190013354677133,2.7385399478635994,0.5120231684904712,-0.6621504125711034,-2.042366950269601,-2.20647472093109,-0.017601504340339705,-0.5260905367177038,1.9601325696149579,-0.7976891146323392,2.157658936347719,1.1403945859753315,1.5767487227272765,0.40842918851882426,1.779246411301221,0.38496965279586615,-0.39257541958329933,0.676099037780572,0.7866389946570784,0.26263923804589223,0.8509566801650807,1.2097440722959594,0.567647544451729,1.6946142536046218,-1.2571468966883967,-2.8638289034809206,1.190114410456232,-1.9160448703134823,-0.45250296230218423,0.029044794232748417,1.3638218204662478,1.282161039656684,-1.156701293330078,-0.6308067894165357,-2.064232763479475,-0.326542837323918,-3.438571439856224,-1.8399358333928937,-1.334895230568674,1.6294917043753516,0.20251841571767784,1.0924668145929701,-0.6029421460602578,0.2601810242565264,-0.5387858906047845,-0.6262895904506927,0.7472288349693762,0.1387844338562084,0.2956380913432267,-2.324409245738273,0.08720417114847001,1.6846981668468755,0.14941694734220606;1.5301522942874737,0.2656625825043146,0.9871205361871588,0.1019286227452206,-1.248271946807835,0.2615003242443893,-2.7332185724721882,0.9057509405271735,-0.12869863756951516,0.7217962364833431"
18,-1.3761097994646951,"-1.5080327557653639,-1.12784458937195,-0.662792025290142,-0.5150762040090832,0.6714912908833615,0.8810660173662613,-2.144992764116259,-3.0707729197939684,1.7167180578984225,-0.7314734651626291,-1.2585745664643369,0.5790649502348137,1.0212341790723123,-1.182607647318204,0.8191324465570208,0.5623696142036784,0.9415812705583317,0.8436189189638507,1.3140272099629424,1.7624036956684326,-1.2980871008183288,3.4933359191272104,-1.5796026391574056,-0.05275449828707433,0.19846358022798583,-2.4168274783050228,0.5962150886013744,-1.068496396653222,2.2676149236892726,-1.838649576199946,0.04624726857681227,-2.8362694790869516,-2.534642979293022,-1.7067725314944582,-0.4558728188474794,0.4122907856520234,-0.01666664598642617,-1.4076846699079397,0.524452797221938,0.43808828078311135,-1.034243499217642,-1.8845131464505644,0.037816647863297304,-0.46575939969578223,0.10211270624059915,-0.015990303170841047,2.1874215240139576,0.35773577113710553,2.3090942154415988,2.677213183882164,0.49915198446430276,-1.0272108744855517,0.8133344307034471,-0.15596914708595763,0.03705578360717143,2.1750743312728322,-0.1447823480724778,2.8977625467926003,2.5583393755710606,1.1454364099740477,2.7826796318101854,1.524579862175613,-0.15203962237700494,-3.473176060218825,2.01508363362461,1.525290359947882,-1.6485779711238782,-0.10086464566255482,-1.4139817088817028,-1.1916575757066408,-1.6489282663649407,-1.084077835862334,1.6569612212176994,-2.355050284607335,-1.219453649203283,0.22421674634401859,-0.20884842324698655,1.06027423763766,-0.6819039450693695,0.0936919870279509,2.3964197986846725,-1.425041540548244,3.0799147394555075,3.0167625844151753,0.18400327998632043,-0.4409262743703304,0.11699582735397707,0.5575756229178495,1.5726503596522985,0.13880262415641126,2.201866842570238,-2.159126079046146,0.18484698164082441,-1.2708756810499158,-1.2310060565322019,1.7928495462454799,-1.8332603638272198,-0.3997844819386399,0.46442516327350325,-0.416397443704846,0.1138074306755952,-1.428111745482523,-0.056439562656867004,4.020171481974781,2.2910101604940283,1.0154516950368029,-0.46317648793183863,-1.6838243806875361,1.6036937091979508,-3.6842071161310757,-1.2233656022547068,1.9144808731383232,-2.594758193973322,0.7851259396883712,2.934524219962338,0.356472827185603,0.26423291048601494,-1.8977017516612211,-0.0034982820832390633,0.12667289227400333,0.7244734394969254,0.7360742212259299,0.1744790852565204,3.32702670980294,2.2050830929248653,-0.6721120338345773,1.6152750601943127,0.7385201412956651,0.4090562158203708,-1.8740647009131695,-2.7535873014862373,0.013987566862121048,0.8835428168982101,-0.177027002420104,0.2129125493340781,0.6335443132631755,0.2511692631511405,1.280074391901928,1.3422698278574061,-3.5665875973368015,-2.574622523765712,1.7292730066229949,0.3236709726609952,0.6841640374142657,-0.2722468351773009,0.8450641578305962,0.3145973435424105,0.707526372959379,-0.7636994761963725,-1.3905169607610546,0.4329992438003395,-0.9056360007019819,-2.8531695303737483,-1.9429319780193806,-0.42513374202477966,-1.203934400024317,-0.7601456309401049,-0.7347014115644538,1.538706481355466,-0.8015881316312883,0.3637436418167157,-1.7576664833367033,0.11836474727643831,0.43657849734154675,2.3398981215248194,0.5180329681908511,2.7339714973234615,-1.0586007929903989,-0.40626114625921883,-0.7312339373032541,-1.7053645404283766,-0.5367924039311879,-1.4481380872603213,-0.24281015987960905,1.0004609948645333,0.6743236607628151,-1.1872936293364484,-0.34005533594274184,-0.09355603348707564,1.966642027542545,-0.8201907698071329,1.001711613717826,1.6550786784281528,-0.21796772910608408,-1.266088399206763,-3.1116685554572534,-2.401346794587725,-1.2321408665503144,1.757802519024887,2.2700272710812235,0.7851422388446506,-0.4070876595426879,0.5989623331333606,-1.2528779744873602,-0.5850800962484648,-5.087257206025125,1.309708900411164,-1.2550273867306814,-0.12828095706540565,-0.503559394000406,-0.18230351134199702,0.14826233861235638,3.125238013512191,3.394985326396987,-1.0333013950837457,-1.1748437487574737,0.49031540403142515,-1.3938680275128463,-0.5561417762000136,1.2518729391657275,-0.7358831431004875,1.1106172078069445,0.30256979142299933,-0.6737559429824369,-1.3669955322840872,0.8737740041767241,-0.15661395992714114,0.15301958759557238,0.9402130254633255,2.0082227280347227,-1.7627518264334068,1.2340551416937993,-1.2181162527828617,-3.079709493687126,-0.09001801837242385,-1.4072619487273674,0.3442401668472709,-1.6354562900668383,-1.7974856754690582,-1.8979830212406852,-0.8991282603373334,0.4480536235697467,-2.2539103244901693,-2.5824320016939617,1.422939806981379,0.8526023286421431,0.2204775702934174,0.9151353401293547,2.102565532759144,-2.606532906163023,1.1162582318619876,-0.3863542580544258,1.062279093446058,0.4370677458941234,-0.2985789288127181,-1.1404151531683362,0.8621864252017818,-0.514116788643975,-3.0483990231869686,-0.41035427077198616,2.6362248217297397,-1.4430812665500703,-0.4683183008862452,-0.9713665774775103,1.1343642460099528,-0.42565610971380413,-0.775742773351388,-0.5449009050302345,1.6691411268668577,2.8622784405647126,0.850618689845437,1.2678761368672156,-1.230327705599806,-1.4352886519471602,1.498960616091476,1.288404213450065,-1.1745915894502665,-0.5366598487927445,-1.0748863108901305,-0.7746921456971765,-0.941683346947378,-1.62374231224753,2.0309721895219504,-2.003339836473763,-1.757294217263405,-1.1655329220628219,1.9067036413973173,-2.4628086006191774,-0.8987975961083305,0.22304187373941442,-1.8582106646767347,-0.9834505059857326,-2.6294649723798007,-2.4249107879997163,-1.1256602863930718,0.742863456780806,-3.926918328928562,2.2435649927662036,-0.1873847735074612,-1.1105544491402477,-2.03838397511466,0.7363953496560438,-0.8160360753220137,-2.790354019450227,-0.6467303771030353,1.1378468180612245,1.3496252319706705,2.059271277896732,-0.017599998721278598,1.8472382832996768,-0.19644153463656217,0.6264801500060664,0.3959785122759232,-0.34140871427842634,-1.760565625391794,1.7270022955010698,-2.1217530212227724,-0.9523764188525649,0.5414805626292403,-0.297547062641739,0.8480117503719202,0.9917140550720205,0.7459557286610765,0.10697599552568421,-0.9435922866286954,0.3572710846335082,0.33947809289487985,-1.2127160005541562,-0.34426291591891456,2.021366017835132,-2.385205650202203,-1.8428978125524174,-0.5024414425272459,0.20952172488088328,-0.47929363032993844,-2.6647535133452065,0.13186072339111876,-0.5036870053664066,-1.4624206305010268,-0.44205175884955716,-1.6717495744542017,1.6956008173569574,-0.9493710671774849,-0.6821804171822227,1.5857845422997476,-0.19846364730018262,1.2807783328599953,0.720007115409789,2.814582397952505,-0.8044274907280415,1.7464103091660936,-0.3444655261095455,1.3119065311921942,0.9979950980411287,-2.2235342496576025,1.6861506220158577,1.4712608509208076,-0.5027421536854231,-2.7430154534254054,2.824702281172848,-0.1471833167273474,0.04560012772453681,-1.275880144780638,-2.689598793776132,-0.10019567599623358,0.26301238152488204,-2.914312775362851,2.8454195654468895,-1.7653633680445893,0.9696940752321127,0.03723003200852082,-0.09295423465851273,-0.5912560026044813,0.6745881767944433,-4.310569773089676,1.184810135333115,3.166701107421809,-0.2863889003243234,0.2292718210709094,0.6527083140326837,-1.3755448004823674,-0.4049240824695042,0.7468549591437168,0.04211150817551301,-2.638191809193521,0.4297467424882094,-1.8114763693824452,-1.0104838440206687,0.6072801859082497,0.08505732681325728,0.9878072034163787,-2.0583536623108607,-1.564707848930555,-0.6702348470962693,1.4670256416516063,0.41047924637479943,-1.662755599266854,1.409720523743856,-0.6418211476793297,-1.437272390335324,0.42471452252818465,1.561753369442135,0.5256162653283307,1.0677932805237038,-1.978617953586629,1.2617731009387207,0.30489990058069494,0.6448021719819141,-0.1536238932599609,1.1773446495292692,1.419992133515891,-0.5205358439110833,-1.1835658664661555,-1.6879143259824305,0.2985728957672316,-0.8506437682738629,-1.8987701059172,0.2806225519808625,1.4824291260876536,-0.2900235311526217,1.1263548091811606,1.4423238511912686,1.605607584091967,-1.9797310508435069,0.8896385074784607,-2.04728213696935,0.053597421801056845,1.139969721102603,0.4982342094195728,-1.9182606222910261,-1.5910841990009867,1.8900031642070034,-2.598373045024327,-0.47676032747448194,0.7035400479972207,-1.3301765836136836,0.8243392227479134,-0.2825106062516338,-0.21637103298672078,1.2980757777530534,-2.404599699553721,0.871720994589777,1.221791596339929,-1.1139761381677324,0.011212158093083652,2.404385648746598,1.2447766163279153,-1.859174398590445,0.7856756131942075,-1.284212920375063,1.2135633454454966,-1.4049456206568403,-2.2620634602422682,-1.879948029470281,-0.39235551281662673,0.11166096962502987,-1.872328767613856,0.655482832687632,2.623166021491305,-1.5229115416837542,-0.9630820086805635,-0.9225448940420643,-1.5317096188810888,0.6798034660362462,0.49180909434145453,0.5564485588629586,0.5369239936451544,0.37065780873024334,-0.6543429902672788,0.28059806175798613,-0.1372737110453261,-0.9255157596062822,-0.410480491574451,-0.7111422982225754,0.9926508624720459,0.5420012857749128,0.38576612590454973,-1.4344411990695354,0.23633331434942362,-1.0410625727818739,1.3588599596153783,3.2313746957628946,-1.1625570874634383,0.5914512355698809,0.6474020366906041,-0.6779080696767783,-1.20712166018927,0.20364246700195435,-3.534658767625568,-1.2051011872723634,-0.6869116024771744,-0.4935438874483612,-2.743228922791959,1.5602373472061755,0.7388420887439517,2.4980192803085632,-0.5934158458213756,0.4973495790567399,3.3886262892996424,-1.0716052635305382,-1.7697159303985819,-1.4972595240376316,-0.8374437240988307,1.1544183750335153,-1.6917068679335365,-0.26219842183057573,0.42709867453439476,1.0156136221866978,1.1922011697023995,-1.423020877407022,1.4832544853433336,1.4689296101561125,0.6160810855087799,-0.26666203064197297,0.48067705281364037,2.8459840532296288,-2.2574036860555906,-1.0908531504930252,-1.2550655131226154,-1.3196932070583087,0.6102928546177542,0.4019585372286819,1.863235168439936,0.660419172819437,0.1561302267180753,0.7350190171292339,-1.6027056087365836,-0.9402134673411335,0.4882503494515048,0.04633414621146481,-0.8012985096568072,0.745048890694619,-0.48107127121032467,1.286281414793654,-1.7830407520773979,0.2726501577855697,0.5744028207595888,-2.797663579775741,-0.09442705064551568,2.0254764797690887,-0.5814978352260916,-0.7897534989327595,0.31888650593414525,-1.2394783596489503,-0.28516979394239433,1.3103822493992299,1.001924514439653,1.9736935274228018,1.3068056082351096,0.43429867890470497,0.6659236382767846,-1.9092584337289171,0.43013242448832884,0.22857577561385276,-1.1871853830298202,0.3062991497560058,-2.328942400583974,-4.1164211147474346,-0.5858338757026313,1.768777515399857,-1.2389616442229534,1.5331995275002968,-0.3058323313503421,-1.485349527960065,2.270609943898764,-0.24549214419512294,-0.26651437283884716,-0.009810605249878424,-0.23064296782068178,2.159180614271126,0.33628918188241985,-1.514112071862708,-1.9973496017960406,-1.2612725926493535,0.19027373222250682,0.29755343914953253,-1.8541053807721002,-0.24221074749116145,2.281166544906736,1.271969832396825,0.5776724903673367,0.1509260863675399,1.7372367342909418,0.2094372399849217,-2.122063134923369,2.3513651709384753,-0.5963205057561015,-0.5065855568728718,0.4924507670079204,0.991288016261359,-1.6093999293498085,-2.825096168180949,-0.925216499674005,-0.469575661153184,-2.9560030574131178,-0.9248438003038234,-0.5752171910682109,-2.8402409347452306,0.8861050346257044,0.9751448957297709,1.564026903719013,1.1382920379393826,0.09982891565838115,1.6765967468426834,1.1465492887054414,2.8399549019731265,-1.625848476156119,-1.7780201472346941,-0.31365938378273667,-2.0649488703193777,-1.2707613014182326,-0.7856183244567801,-0.5622236293124019,-0.08576212608807587,1.2999513770935207,-1.4369566610576943,1.2113390685052265,-0.5460111547137202,-1.4331050879697687,0.031250959739717504,-0.9095329011401724,1.9431230957561632,1.4946714963614738,-2.4677010295444166,-0.5118984614002284,-1.2995783592671377,-1.1633560829031069,1.9983061337922305,-0.7708354614115566,-0.3673615319587481,-2.343150640039161,0.829444317075267,-0.08310483231790314,-0.5914958550565068,-2.146689512917628,-1.5635225390604308,-0.06637277570195133,-0.5447825765660756,-1.9391917524782327,1.423723448329367,-1.3379122025174177,-0.24599091284745783,-2.412706744415051,-0.16561869280025265,-0.2793306693410595,-0.08080548431376103,0.7288599893811767,-2.627820121690442,0.34270616145000443,1.4703670617995857,1.3522431504836485,-0.2567654626491367,1.1600718785191502,2.460448643430041,0.26662754878488504,0.8329845868767111,-0.5343578065255684,0.039675434791044864,-1.9373322143990004,2.7089139021294386,1.4413843912442956,-1.7321738069710335,1.5994380343520609,-0.18003065371173477,0.4760077574277939,-1.1862137187190078,-1.151789793281718,-1.4864758695415046,-2.765862118924868,-2.607613069997469,-0.4661171255081502,2.4243752906952794,-1.0005314537263263,0.6123749268619069,-0.7147478682499877,0.22141887033728277,1.6650475392488027,2.317196183190303,1.7890293214828368,0.6092729367290454,-0.8446964039861331,-0.8568509897438134,1.4037124941930994,-0.6988035632301378,1.0151437385204385,0.03695356565187086,-1.278388093673752,2.8584811792267395,0.698006241008761,-2.288493386888455,1.5661918950414568,0.22829913628478946,-0.31550656502895713,0.2113573058601562,-1.1260119022159776,-0.49067008042033416,0.290664515441889,1.2172560153405994,1.6145643037531323,0.9090671624253128,-0.7535494430467302,-1.0028337936094711,-1.3869875122978566,0.9386613167446534,-3.7338440640605737,0.5634158547198922,1.957087393235335,-0.841205488647005,1.1982450894581684,0.5877756426338329,-0.04360354552146606,0.8556188530827465,2.640638416688239,1.1300862853428733,0.18133363340185138,0.18876241916391256,-0.5294875881625798,-1.0525864254388306,1.8226351468233997,1.529301061373574,1.8043206917022103,2.3270024911093397,-2.723506893285748,-0.09933080610042733,-0.4337736088625635,1.5268183136382885,-1.954178327053948,-0.06368964925007439,1.0912372065074694,-1.316913110302996,2.9163591013169996,0.9759913100688946,-0.5286857248667166,0.25697261659848625,0.0920334646027397,0.8275029633821596,0.5555184454088692,0.43151643262291306,-0.9733932283153586,2.7133190786073174,0.38458825483967185,1.6635799814937677,-2.0398070471242473,-0.26270855598277454,-3.0769496383848156,2.014089456731125,-1.3063462319471242,1.6612229870970008,-0.8287723986030817,-0.11777539414032201,0.3576677994618022,0.7200571550204242,0.46536221356645263,0.13038780689411086,-0.13150685110002652,2.578502437808281,1.0655316441654077,2.2631207819069097,-1.6005342147885033,1.7630424195580185,0.7963235010842599,0.11199990617176886,0.539326097886753,-1.245037189530875,-1.5561737880282454,-0.7622723277542643,0.6961481103744582,0.20560458984792418,-1.6467155505682316,-2.183772016801073,-0.6776443023490847,-0.8013914996056222,-1.665565402222424,-0.4179106318801823,-4.375234487690133,-1.3347172096456559,-4.216251098299917,2.3689226842452036,-1.585971175226573,2.0224941359722273,1.3663286308493783,0.5965978301691803,-1.6939394872345876,-2.54140138319164,-0.8461526874535746,0.871395114664596,-0.6215848644451798,0.05290956062818941,1.64497963095765,-0.8072745659586233,-0.5493834190674195,-0.14787582211451744,-0.7418586848432972,1.5191858239763953,0.2774948806996821,0.3750830805222197,0.2971379343051815,0.959661608527493,-0.743175480226612,0.25167232848333704,-2.241173450302642,1.174563468108243,-1.213119727977258,1.1879144706816533,-1.2802396666448064,-3.1036743374199895,1.9032575157364866,-0.8685707167575893,0.17053602000681495,-2.2119734318135924,-1.11330464726926,-0.7004865282430853,0.3100790121443133,1.3400650473063906,-0.9478262522551741,-0.5491528972001993,0.7499563559207686,-1.6586266446943416,0.09328271819314854,2.0255696521768844,2.422369637583484,1.329981265489065,0.33716426818365064,1.1435956774334248,0.45407351768232723,0.5827454650836705,-1.365864077824821,-1.1991657873002457,-1.5283472722500058,-1.1752338967864795,1.4874203130503143,-4.473038912411694,0.04880278048080547,-2.087338191856335,0.5793543474641006,-2.228624772354823,1.4581820065036435,0.643743272737032,-1.3420010099793016,1.0444810020379465,-0.25259152861282563,0.9464781033868704,1.1371744296113884,-0.41466557059134757,1.3567690129552874,-0.4634664736219104,2.2324600952958944,1.7597051949925553,1.9630477914843896,-0.6569772095377574,-1.0779564494896112,0.02274641399019528,-1.3354622314268996,-0.9251042729320681,1.6380613753892297,-0.8935989719938529,-0.25338071130429296,-2.7073143573941896,-1.6997396858090563,0.6071120775193315,5.086359560194957,0.8881588291933032,1.3264550301378601,-0.33066912456961206,0.2652160743222926,-0.08712945610162781,-0.26298300673230635,0.43832144053296707,-3.5336763871018313,1.5353035356052622,0.7508769550332048,-2.2804981122178094,-1.1025705298890083,-3.1521595816642973,2.103220852934469,-1.1987930705566274,-1.062184759524531,1.1630243825243407,1.9369223228478691,0.742265319517444,-0.6570123884437902,2.1449156291506655,-0.7908002883995429,-1.2727740165921153,-0.6086320868059872,0.8499217839622938,-2.566103419176291,-1.4718680689098855,2.764426748926804,0.7197715690235361,0.08535124430100624,-1.6048429792444148,-2.728540010174236,-2.4040007299953423,1.3889805469566128,-1.2994479338863902,-0.17279114131134032,0.9199540456912427,-0.22384743173885302,1.4825697501321955,-0.2913729741320186,0.36228457425116445,2.534813300257481,1.2830796530504303,0.7057141051875562,1.4931453618213104,-1.8956377988933253,0.7379647351120487,3.4920992712917998,-0.018800777843412424,1.144844302339783,-0.8277443461272747,3.4644971403505584,-0.6856478088852815,1.205795746778916,-1.6863498500897152,0.31253352419912606,-0.9827700446931051,-3.2270135366353516,1.3564641483709536,1.6684852659112668,-0.825562701894404,-0.6678310553480669,-0.8719630445134084,-0.7109921041513664,-1.2347858767816215,-1.1675379097675496,1.4700115225047239,2.080435221135613,1.4305607622552194,0.5199098116554861,-1.6293921841646906,0.7663367455120209,0.09345698935931024,0.5824283416441309,0.2497417911524893,-1.302209420825836,-1.0042938021053278,-3.1793734629872614,0.8308191553875796,-1.0927932479119327,2.0786694591192583,-1.9808182275930415,-3.0649517332229035,-0.6282765152088917,0.4395720328279056,1.1088279654712418,0.1298104625389866,-1.0651746837284204,-1.1652713739770748,-4.343012352313579,-1.0728049287430441,-0.760264520866414,-0.6736461110104206,1.5500906340621678,1.5907954368901,-0.3423711646956225,0.9387486866462504,-0.5419559923192127,-1.0638674984389738,-0.4688453855266256,-1.1802680511549337,0.0900962614900355,1.881060063929095,-1.127366858239925,-0.6099666821663547,-0.12013341165564384,0.6514331890489435,-0.17010596155340674,-0.15658225093193356,-2.0296449983589078,0.9848310755098647,0.24054314037412142,-0.45418952079814484,-0.8775033543089859,-0.18448665478058676,0.4597731529254987,-0.14598039542150898,0.9647648387236082,1.5923786610642816,2.0285672382929434,-3.0805152430390397,1.7896259791831657,-1.9151178704604355,0.34747605622330996,-0.9914655034827639,-0.0970378515942687,1.887204588409685,1.6777444149752458,2.366929010973115,-0.823400536577231,0.07181584180188232,2.5556139834455402,-0.773452592229161,0.24221877651060064,-1.1664117154541036,-0.06185395747090777,0.46083648850031445,-1.7403138791441206,-1.4168437936237603,-1.6683044982542015,1.1535226312096063,-2.116212332728356,-2.4359308443319114,-1.9772232311834155,-0.38817602441094334,2.302371781451745,-2.412850845977074,1.6597684624752478,-0.1696022370007408,-1.9628708379248179,0.03909672601037835,1.5563773961584475,-1.177948709846735,0.41420494831770355,0.38201850062941034,0.11456411735245318,-0.3225753631634719,-0.3328422236826357,-0.9508533673504036,1.2227095166416968,0.28559891458249614,-0.3768246913835448,-1.004461077604601,-1.7026537034923823,-0.17705189546355343,0.853849959340832,-1.110162166903501,0.3623994247124037,0.45877308162545266,-0.43251258248033353,1.4887535384079054,-0.46180521348953896,-2.8062942708875527,0.6558134393407586,0.3222559999775968,-0.34353535285105063,0.32963724747901946,-3.7373683585994044,0.3088481792434976,0.7695629943066195,0.3429775639269902,-0.31453003047702965,1.0890313304349657,-1.203017841293238,0.8294725757594237,0.42280653268392543,-2.7022482092333426,2.1717498612443067,2.397864908398416,-0.7185314365584663,-0.5678433350707717,-0.9622731933258568,-1.3891417519664513,0.6106003509508708,0.38925321716459016,-3.3277227793908275,0.17822446140275033,-1.8707442199898305,1.8503055413660467,-1.805176208913226,-2.354645576938035,0.28696403418174793,1.7152838110815964,2.961637057777658,-0.6233878531976638,-0.9839954502249663,-3.018426939941007,-0.5949744294046249,0.5736621509224251,1.4950832232799378,-0.9472111841546513,0.7726778061264402,0.4138099800663416,0.3880043126100452,0.5287407090494572,-0.0007735661721377518,-0.5036930534150036,2.2238159045995585,-1.1107555747386377,0.5056968486565747,0.5666902218657957,3.126220754825298,0.28057295339365723,-0.3305248725174904,-1.4603617455831082,-0.09382019447642681,2.505088748027517,0.6252818584610615,1.364331123590934,-0.4858779675855139,-1.8298974483341566,-1.5187287707870183,0.7079514985844798,-1.465744382998661,1.8434160646369013,0.36327413067299136,-0.17407476820576495,1.0080062391424058,-0.7371561765998269,1.46494346529786,2.802136686687864,-1.9298720255003232,-2.2755944257316174,2.074436581595839,-2.11210863885465,-1.52546151623959,0.40796473815271206,-1.5421040745522463,0.1287937310342565,-0.7714072406888888,1.6517598364974257,0.9584137924879863,-2.3875781048401965,-3.0687933827432117,0.12302427616413891,-0.7395428515529836,-1.8290767272054045,1.1893322752164113,2.354781430233496,1.883177575405127,-0.8210414906494317,1.5986711005922927,-1.489462946628604,-2.528512658524276,1.4057627846421086,-0.9764212628499005,4.147335637412009,-1.1470408064415225,0.5037870867184279,2.686859162040047,0.8362204830638322,-0.9745436331600149,-0.6034756046635718,2.0312315113802812,-1.321446260145573,-0.8591060782987268,2.2675275297667685,1.1772728400500978,2.635101242526116,3.02267639045402,1.0723167792679091,3.024744569669539,-0.227375021086762,-0.2796215482710736,0.6501273486075559,-0.7140657516288851,1.090423602010721,-1.4423915658168467,0.6428572542745725,2.386004892958153,0.05916954136582531,-1.172397290816956,0.49732151858067847,0.6212678129947602,2.0590310885092307,-1.5928680051102342,0.6219459733160171,1.9483468765490486,-0.24571187160534103,2.7248963886754822,1.2960804086985913;-0.15262913736864775,-1.77930138642377,-2.021588172520317,0.5175937904774622,-1.0013140458416052,-0.528587890261065,-0.2423051149542728,1.0760747130419381,0.43848051046294906,1.528022163821098,-0.25388949047991,0.03403572103379045,-1.1148528722027657,2.5873115078451825,0.1966906327349653,2.710548059215299;-1.2544397806334942,3.689162809209338,-0.032119906624600736,0.14453989593693564,0.3167060654753016,0.0807782993686941,0.030111233616775146,2.2226983715397757,-0.03719093201239021,-0.10400890797918239,-0.9194291741832559,1.3062753913869276,-0.11520476466205139,0.7527363115039577,0.492214915165313,-2.7686558175363154,-2.023260852197345,1.3357535882372882,-1.728295245508388,0.5046311928231157,1.2174310560454669,0.1925066548271587,1.0726856983166153,0.332661532757435,0.3853663301298256,1.1231697920429988,0.7328727344565626,1.6398835303077566,-1.387020160301141,2.2775801067626924,-0.14833209520199,-2.4530171947225323,0.7359273396492284,-0.12727774072191,-0.5624127299967145,0.5377816211631768,-0.44057055363435565,1.3474652591464285,0.9403914002449104,-2.3835525994402205,1.9559452184349877,0.9840797570059142,-0.1545773654016408,0.6982302061115859,0.27129142066536716,2.26523952580886,-1.1326956463162703,-0.6325329549411294,0.42797471046882407,-1.479388382016153,2.531447626164029,-0.018393020494700596,-0.7936324920369914,-0.09918280917848821,-0.4611600291459151,2.064718126485963,-0.18215264933242709,0.8542215774287303,0.0294646866831485,0.345347647603039,-1.3885572922211986,-1.0537538589365298,0.58695968083137,-0.7389082085894972,-2.9695547597896597,-0.4955701074918416,1.0163914937132335,1.7543574143303775,1.0016984942769804,1.8470063429486394,-1.098634920154986,2.720732961003254,2.1205696542911463,0.49693569774308555,1.6699295908036962,-0.2182621102258399,-0.4534885017735923,-2.056169168260632,-1.3967592303072518,-0.7765235349411886,-1.3097031923435516,1.4041066879412714,2.1014155523671625,-0.8910400643133081,0.1565766408975116,-0.6758351501677899,0.1225054575524539,0.11867833792689464,0.413322745386795,-0.9784374044079874,0.07378501148275526,1.2878307866856586,-1.3052835738364865,0.8928498243488725,-1.7686642015266762,2.331014669239588,0.41865761524163814,1.5315271574848013,-1.547202327459013,1.0467604410665576,-1.992703079421009,-0.09038470579939406,-1.0986550523079928,1.2129559496153168,0.4455565568541964,-0.04709465809550939,0.34710662630619377,0.5976238912322207,2.2093470687289747,0.33339840974954504,-1.0485628545950751,-1.56646437669724,-1.3479122661134657,-0.18017264830352175,-0.5520491846127241,1.1760741532019359,-0.2885111261498251,1.5474404801086703,1.4679815220223023,0.40643224488326823,0.05718832666391141,1.7579268057757211,1.229116191333826,-1.094292093939766,1.3941393943222633,1.008741430251713,0.6536540182853295,1.2743374609829612,1.2045055520384382,0.8528201327773006,1.0621843350199425,-1.0432134709579883,-2.9973520252430816,0.5231618048440023,-1.8799665231766,0.5206927442078062,-0.508101737701433,0.9268878819048878,1.5306403498374364,-1.1019772045805816,-0.02387927143508306,-0.7044960347234931,0.015060137008087941,-3.0045457891672065,-2.071962393628054,-1.1192784478755229,1.9477880092016542,0.7369742617860846,1.419782113108858,-0.45520061486056507,-0.43596753410738104,0.3105897862338973,-0.09353535295086346,0.1818945039402351,0.3493850514081786,0.5829948118538102,-2.998671784321563,-0.3083133669084024,1.5438802169752486,0.6515229057272218;1.2324712925133863,-0.3252013840392636,0.4505570664645487,0.21473954448984717,-1.9070197609884592,0.6240400272737496,-2.517093753449636,1.3621218475563268,0.5926507967465391,0.7911746007196794"
19,-1.4172433911914981,"-0.7849687504827099,-1.3015239651030008,-0.9176621130627052,-0.686934487516065,-0.6834029716179114,0.9597248644578098,-2.2664178226286165,-2.803875460810583,1.9583975427669418,-1.4446122464646267,-1.6520397238449234,0.24466899047086277,0.7245337589502339,-0.48536583093168034,1.0858117349096306,-0.4846626633583021,1.5453281681260478,1.272892578656697,0.26518572712743016,1.9741023592831421,-1.2658262926100086,4.10785727079303,-1.8181147991592626,0.35104011060885426,-1.0427230068048527,-1.3730794072083388,0.18339561114302413,-0.4929021067457998,1.8352838815701038,-3.0689339299280594,-0.4015651496810597,-3.591460966444887,-3.1246292293254263,-2.1336004616764703,0.7578453773774672,0.3518922986654775,0.008126644778200104,-1.1481896473389435,-0.5909223722980378,0.6756670971083935,-1.3392614955178315,-2.6763193863293715,-1.1360853980698469,-0.3846813342026418,-1.0125164756429739,0.35143352565207675,2.2315800361981597,0.3620047461817029,2.258776619864154,3.8250274825155115,0.753519223247656,-0.9346543028076448,1.1882357463801683,0.2528332174812895,0.7740307452746009,2.097289220523338,-1.0491454986877349,2.0521034626044514,2.831467399449863,1.5435814767651723,1.3476479965924006,2.203534570652614,-0.08376972551493705,-2.3441612570798465,1.813948798444081,1.139404897695111,-0.6970336587375924,-0.09303108016739559,-1.3865557223840348,-0.930014979081727,-1.158055228536506,-1.0304967650857513,1.8227973347969906,-3.014430540541928,-1.3570023451080202,0.4367621917610154,-0.5022928896296304,1.6586472252341249,-1.1079196389095023,-0.21670824943960187,1.703924975391479,-1.0248523261278326,2.9120371506924267,3.2822764462052847,-0.27265499625560774,-0.7453915343261319,0.6456925663215086,-0.7906216378865069,2.0177721469336367,0.4650852372653538,1.5287646620609054,-1.7042618760589365,-0.7782139836028663,-0.7950315225276701,-0.781436044561661,1.4560713072029636,-1.7995567772844727,-0.09289566425485757,-0.06660823457675548,-0.03426878442553602,-0.15923796496148596,-1.9698373666307745,0.7276070804094039,3.9247292089985995,1.7555416105228265,1.8949383698664302,0.46221657305433284,-1.5413507299128884,0.8141906909863469,-3.1788605651386024,-0.5087953548498128,1.332546205048062,-2.049279412483979,0.5160760658555958,2.22611278888838,0.10065186342089702,0.6275611252467947,-1.7000220943189295,0.03821102923212234,0.13166408456543852,1.6966096273755453,0.6743939174137759,0.19945528435312085,2.9879729523942724,2.3312893279992437,-1.4377177536927603,1.6016322809727688,0.0952022827779716,0.9970197441796848,-2.2204202763107888,-1.9808230147805101,-0.32278114122542534,1.115713138097536,0.12424119784138343,-0.06036620760580394,0.38904586135957325,-0.8832996308512627,2.4686378592055553,2.186189600051477,-2.387405988459293,-1.3916789762392725,2.3086709817606477,1.1184746635731626,-0.09339936586299108,-0.521943650479673,0.8937961152736196,-0.9850961536008357,1.3618767954777233,0.10523965954039838,-0.9620224785639486,0.9736571921753234,-1.4635786562995086,-2.779097498513695,-2.9781332602595714,0.15944893221220413,-0.8364225201734113,-0.5738849870567609,-1.7349346870580222,0.8459814091077065,-1.8135590511516384,0.0024312604503420737,-2.732458170018129,0.23296282299761428,0.27244238918714936,3.493894610253566,0.13783483915939485,3.0401681593277314,-1.233794891993835,0.8469599208366894,-0.63374455889678,-1.2175731939853318,-0.5108301104207966,-2.7689366474922825,-0.9380683666430096,0.04093083882033732,0.933055002460822,-0.7180012471013968,-1.0925817058055303,-0.6833341251981968,2.6779541271433707,-1.1179578725492925,0.9476087823645128,0.6318349094515983,0.0931316431879563,-1.1976833903231197,-3.1120483862384996,-1.8594605238384994,-1.8001635648925678,2.3969989854233607,1.4277816309121323,1.906475367193297,-0.3037003450414218,1.352218791436241,-0.6983463170274763,-0.5490447519155929,-4.09978998738484,1.600455237993864,-0.20037032787904419,0.02945709033968502,-1.1962674853932145,-0.12984149770182368,-0.9309703684908928,2.960171851249722,3.0275834454939745,-1.3437637283146606,-0.23179137697108582,0.6016449838911447,-0.6995448933510294,-0.8231777419920616,2.330248636464814,-0.7378114977308086,0.6714088528572112,-0.28733994748721264,-1.3236631774916543,-1.1548481143752531,0.4835395496792355,-0.6477538899333549,0.9555368653391636,0.5363905260880104,1.3298820790058508,-1.674291673607308,0.7225282136777769,-0.36827958918302905,-1.656685447348552,0.6427962285807588,-1.7358492161350507,0.6496844780708734,-2.310512346593336,-1.1213555880820854,-2.2695839869579655,-1.8694681891011995,-0.024446732387098997,-2.5531382863272905,-2.6558400949811816,1.3707503136707466,0.10124823015799034,-0.5932228966661978,0.6360346776345847,1.9667717636898339,-2.667095055688098,0.9647647224584015,0.8455329097099715,0.3949340674308759,-0.45041409255919246,-0.6347269588137926,-1.9377533245638183,1.2593490949475408,-1.2946101875152802,-2.2475022751296763,0.429751712731386,1.757619583380818,-1.3326366687813853,-0.5577653720992342,-0.8301426059354635,1.0201784628060282,-0.7304528491068091,0.5031897004397131,0.05830696547410985,2.092917424435165,2.9490120440803835,1.2497806724262406,0.7071212795731352,0.04594205967976872,-0.8908076774215685,1.0262269828931787,1.521282293196994,-1.4568569534609472,-0.3016732661255557,-0.7815672852521868,-1.1634904893462776,-1.3444688918041003,-1.3225063715141068,2.754653798984656,-2.0640503429229833,-1.3903389952377438,-1.7847754710955388,1.4115888510892458,-1.5037355950815494,-1.8533664155711234,0.298059385341072,-1.618264804428207,-0.12954657783809526,-1.8226026154262402,-2.083147029058547,-0.8854732641197149,0.06464377432310864,-2.8985624393664144,1.9256863786846283,-0.7796089376970137,-0.010249388525161662,-1.6929309218351398,0.9327330480866941,-1.2926118954190242,-1.6093042633188972,-1.2592650672709569,1.68740935003194,1.893808411191246,1.748959002597886,0.1147479977274829,1.3775585988456802,0.4228933310528891,-0.9818700344711986,0.8668786499920211,0.32207323550881856,-2.259895939258735,1.2157371902267164,-1.056872381410752,-0.5315242667657879,1.2925833509701212,-0.916927446064291,0.6322611675666654,1.2042498782917872,0.1998833929433929,-0.9425885465795638,-0.7461334286368536,2.038586706325888,1.0376030367607925,-0.621142298826433,-0.5688054237990883,1.3805087273008365,-3.249222560285343,-1.9207896588903828,-0.5065994528421371,1.1045556559563023,-1.2302990311473416,-2.1561419302752047,-0.44258488534424445,-0.43725172262459766,-1.8743855602501194,-0.8982629743199013,-0.8664339630024035,2.17726260212524,-1.799628959004736,0.014227273195605745,1.620436961658319,0.402165144418859,0.9243755335632219,-0.23993850335107159,2.6799399618674005,0.17305476464722702,1.2434238758383245,-0.958089501292358,1.3598612242054466,0.23279363006357254,-2.2723356677414333,-0.08109144229354526,1.4253710727996503,-0.3041327933268372,-1.7708219979028081,2.611680874539015,-0.9401647634149599,-1.3933739841619488,0.185981418935372,-2.461807864946337,0.6520352157294478,-0.10932699949228097,-2.36279486670448,2.9557868361943536,-0.2404353452756819,-0.15621098938792405,1.8400483287086855,0.22158630510991423,0.2221793324400076,-0.11993086247590612,-4.715410652994918,0.9219536665535674,2.7583017744763945,-0.8640531059714509,0.607902989955215,2.1300994854516127,-0.59391808724641,-0.6596988693799493,1.4997160068456727,1.2158238209618437,-3.084823145700011,0.44591350006525043,-2.0115557214464435,-1.6417203159748168,0.7822907287110172,-1.5357640968664308,0.993239482066038,-1.869165255699056,-1.1296614651722823,0.08160368630001243,1.897084143219795,0.21762823774319967,-1.4051363725181338,1.1137125073807141,-0.7936280638030292,-2.9844601437964497,-0.026315178117926913,1.1493805767198795,0.8902720861064952,0.32988870189413566,-1.8197662380991615,0.5873055836745957,0.6508657054722511,0.5769810663425815,0.5041768161057916,0.8432904068837721,1.6122341034655903,-0.44265489591964424,-3.2645686186570004,-0.9039720607110759,0.18944162394288783,-0.09760365691563176,-1.5421117645106093,0.09763422989839568,1.1645318840936794,-0.17596777856502177,0.22166844243902595,0.7548232607897446,1.720656864701998,-1.2791835875595092,0.7637809260287506,-2.2270381272843145,0.9961344993780131,1.2687963217192189,-0.1516791498598884,-2.2435000213874994,-0.7808748693238265,0.9263385337884902,-3.5677661299786014,-0.838214384791071,0.6845470138084033,-0.86900387350186,1.141545756401638,-0.8235772477971075,0.0590005964273399,2.1138513420155443,-2.6586823962692643,0.5125593115174971,0.920440550982201,-0.6845895639315746,-0.5857888587527511,1.4308993513847112,0.07020072816800255,-1.9231725610586752,2.084491419586564,-1.8159225267065042,1.8440969870592767,-0.9581740262220062,-1.9172874781614806,-1.385834842136462,0.4881776171402886,0.34497349620797146,-0.8542222082506267,1.6172327062355016,2.5166633712852744,-2.1967325885217215,-1.6760276789346757,-1.240656647372921,-0.8973940661906885,0.49204906386713987,-0.22571220650127222,0.5103138512740921,1.3118068653612314,0.8887016069477685,-0.5910379623866092,0.5360488754533296,-0.07248250812940997,-0.38312592708183596,-0.5141628883689515,-1.2076261359826144,2.497474988053236,-0.05916356268998313,0.0011379176109358458,-2.1412454735755806,0.30137141465410483,0.0684692400773419,0.30503758140524295,3.1562584963181255,-0.8759391877095916,0.46743043031425535,1.1416076116772398,-1.6572949586754822,-1.2294923420426267,0.8554431015926366,-3.2698915869837286,-1.6310947677634762,-1.044298605548336,-1.3880306063089196,-2.7848402370042225,0.9412831406001796,0.3981523078420013,2.8251433627183147,-0.007581468431895555,0.6121992727349841,2.6234623278736326,-0.2124561095345704,-0.9655194832486835,-1.5478854172799719,-0.663143480763012,0.6920775369189162,-1.6294847859792445,-0.5280445271786625,-0.7455534273680263,0.8634455710099174,1.1620486630981153,-1.957025298036966,0.2075735174465968,0.62771610993942,0.7006182515996664,-1.1312016321505198,0.9427749252205463,3.134133815070733,-1.7882527798451788,-1.3846909279324466,-1.8210699783830568,-1.0078446389654727,0.6889558910694625,0.718485371058263,1.2867806482073778,0.8907297542780948,0.008077062658903317,-0.17268078250171304,-0.28723024885343507,0.13043874306450393,0.031057070538103304,-0.5564747612599934,-1.668115030704564,0.5906994701949857,0.11598785556104357,-0.1652812316334782,-1.132859138807866,0.6311316183084927,0.5618749588399446,-3.4263206672913094,-0.6897782504753486,1.946135985724712,0.37509233261068897,-1.4582142862925225,0.9898426454579109,-1.6160135990566664,-1.010486702843287,0.9474046776219198,1.0386344826097862,1.3228665828358142,1.6452949185561825,0.46048058685270127,0.3686166976324614,-1.4687199070700612,0.388554255844222,-0.2876602171178656,-1.457521481111875,0.19985986204175266,-2.174567858956864,-3.5218755055486297,-0.282787669197877,1.2089523453690687,-1.6258257411333457,2.2354196737053615,-0.5586633434838975,-2.3198041537694856,1.9839541722197152,-0.9009438711336257,-0.06005067421668098,0.24386601053687873,-0.02537129092880097,2.6379112604225505,0.5391950985697878,-1.7705838545143404,-1.9824283330130494,-0.26063174844203546,0.05758139539963325,0.16881673464820005,-1.4917850667325385,-0.22855776583392098,2.193513002818745,0.0033102916715885833,0.03162592129424423,0.8112213345754434,2.7471806642672503,0.24918101496037687,-2.064555445110659,1.5321346012634576,-0.14640681585797277,-1.6965566440325635,0.24178161476374976,0.905528057655001,-2.2700081872114266,-3.146196827287852,-1.1675800397830944,0.1454976076021417,-3.4788096466398724,0.42357389614208085,-0.4755223872794365,-2.201906101615948,1.9443791724346562,0.5907644424997028,0.9275856582750907,-0.29371132659879906,-0.5450173231266648,1.6533912104265034,1.8594273675015334,2.9916701351357475,-1.0709096362838237,-2.298809724383292,0.05657503535866176,-1.4347189333239858,-1.5338985634110553,-1.3954707751957391,-0.5676565487135382,-0.6578356144857547,1.204326878700109,-0.01159251313324322,1.169748206658799,-0.42175672645911944,-1.2849358165838807,-0.03215264943370125,-1.0390640594011886,2.143692897369684,1.6799745882124268,-1.0851426940614468,-0.7892800314350855,-1.7369933008502907,-0.3738012436122697,2.2012759108286137,0.067586387020589,-0.22996535977694216,-1.7047852466706146,0.057751600375773426,0.13330165728797347,-0.9802127747576808,-1.5646979575602071,-1.056977053936031,-0.08059062798634858,-0.050438712222901874,-1.9580537509123568,1.7877323428270562,-1.5062725675291908,-0.3399600951823651,-2.6163474315402295,-0.03515629621298494,0.01741393254746726,-0.3417623499834482,0.8096564857559524,-2.0215745556758087,-0.8911907437950302,1.931575402794175,0.8429956832424492,-0.4319070581210537,0.6201004828344499,3.2896699970276595,1.0887131918202841,0.903818788870657,-0.6714838436614986,-0.22413022143724184,-1.8243333325623357,3.388827281128523,1.8258211609216637,-1.4537666914547984,0.47112792226275746,0.09940952103216172,0.5738947796946491,-1.3028890921858658,-1.1002204560449507,-0.7102092676743854,-2.4040835294300256,-2.6355178256797642,-1.7698262352427632,2.9802041160354475,-1.9532454583476708,0.4175284584600705,-1.2538606303218507,0.026891848651224903,1.3238991075660826,2.728213912821764,1.1326037934240978,0.32656664628094745,-1.6129070839614763,-0.5700567263673775,0.15179013616793735,-1.8634679186153762,0.47418859393803586,-0.10071368409749143,-2.134445801428825,3.835601119254508,1.599621716088126,-0.8011859136766192,2.0153977599731006,0.5076293228230503,-0.4548643783954104,0.05776462741087224,-0.6605153155275505,-0.23330968360525545,-0.862009400019645,1.0428537882508364,1.7131319965015304,-0.10730436808408983,-1.1587276489996716,-1.251929191954217,-0.22267353455603012,-0.019623926601234076,-2.748707419476788,0.21562888750602233,0.7642435574471452,-0.27628051650913454,1.9452627594427838,0.37704269245249605,0.07360873361781686,0.11636196423016007,1.9850925258827992,0.6273914680155933,-1.033913783465195,1.4452175906612972,-0.7650641383975879,-0.8127865598514554,2.432658404863637,2.5112899634839105,2.105236561687899,2.9885466930774265,-3.005181224576281,-0.042364509837984066,-0.30515345178346065,0.6746380588931591,-1.4008541758980235,-0.019418418724060638,0.823694427491665,-0.7863377100417102,2.6169269459282565,1.236168809635962,-0.6132582930982171,0.03868421688064344,-1.1257906919947496,1.1787076136027799,0.15506490414550145,0.06363389500441285,-1.882768722730559,2.1833544625434147,0.01657524727346052,2.285922916549437,-1.4639532940978766,-0.9287705816676843,-3.1106242178378407,1.5361240454476466,-0.40039509391781347,2.049056245264727,0.21509469445628443,0.7320123556485768,0.9774314318930013,1.0220036707335929,0.24545685956722274,0.09766748490763696,0.1591569824481861,2.4284979028018774,0.6239953334429684,1.4724027873732837,-1.38845004597714,1.897715066653182,1.4891537968063366,0.3957443501604816,0.8152154058911076,-0.25274418904954915,-1.7983433352304494,-1.132096514896614,-0.5368450702783842,0.6881902994701242,-2.0232886697166523,-1.9063230044249209,0.5078367895768414,-1.6934849486173806,-2.027575392447057,-0.24609236001834245,-3.5452512868230546,-2.0727780963553952,-2.9877374982640643,2.4746420232866386,-2.3946368811609906,1.767257358991369,1.8150221703359755,-0.7368411760355584,-1.5296489776690525,-1.1388941596890754,-0.8489229575160689,0.35197349919670873,-0.7190181334080114,0.04599889605506002,1.3804852501764173,0.18379137033664134,-0.49320250719009384,-1.133888695784454,0.28664408568966526,2.175183813980211,0.13183365816216608,-0.01746131385540245,-0.24871061702324904,1.303848199594045,-1.3313413390530446,-0.3312299730276172,-0.1909387336806252,0.8618095476967366,-1.5513095150655112,2.267984934440936,-1.0928342577326267,-3.174039410108993,1.2212240550564692,-1.8539757042933207,-0.05657719321482016,-1.3605105856866082,-0.28734814134081565,-1.1055293438760645,-0.965249211765813,1.261607183546704,-1.0685751486414918,-0.33025099809980973,0.0511385211196162,-2.02241778811883,0.028145421599262428,2.5069551575079583,2.002006199061339,1.307191030251348,1.060112016178258,1.943542614462462,-0.21373291419999974,1.1563149446679066,-0.25360999034359166,-2.33558526176754,-1.374095303364841,-0.4664556865244506,0.8887969260105182,-4.713601234983889,0.22033809325090117,-1.502746020820771,-0.6705664170546566,-2.106358044809848,1.402638130219037,2.002463060609424,-1.9270798487124183,1.0200788780578405,0.3896275537062093,1.3059767168430043,0.006927838712310369,-0.506610753841581,1.398549202279164,0.3740234240770167,3.106386270998036,0.8681083821588611,1.6847316803879187,-0.5343915920928721,-1.8750803929004962,0.617902448590695,-1.0589699561095647,-0.9188633268853676,1.5470289894457474,-1.4544483752448314,0.07561785576524394,-2.4099024871776686,-1.404611649416211,0.032450915257188906,5.457822294729839,0.8452159072395091,0.7241174608897575,-0.49254264910235657,0.21867030042519026,-1.3637481342509945,-0.5525585901652749,-0.8078892664701075,-2.439566333169892,0.4789173055650037,0.8377979896747606,-2.409090049439753,-1.332079074059064,-2.2802814463733934,3.1336885777576415,-0.3817783648248114,-0.3521322870492487,0.7764435542067052,2.2823285491670657,0.6574037098316018,-0.4424544269732421,0.5850315002206605,-1.5664405228352782,-1.1993424330373639,-0.33970187675729685,0.9325502251063083,-2.264752033767033,-0.42288532984285143,2.66176667751533,0.03434806871025925,0.3695386042139953,-1.4002610290781496,-2.434642154750088,-2.366913124384274,0.58746515067859,0.26806457576802245,1.0731836329548938,0.760871274476848,-0.7847061958206365,0.5233554634611697,-0.29487066434948567,0.10311304349662903,2.662943419777653,0.6472854955383812,2.0039676348434097,1.1612953264140566,-1.8328114001347098,0.265261230991088,3.546019380799656,-0.6041649433130856,0.8516880563112207,-1.01447283494073,3.470277947731814,-0.036863792677452434,1.1656252211864462,-1.9096322117533056,1.2378805985164965,-0.8456605467525737,-4.056736370088719,0.6832481282010834,2.353348883528173,-0.9533442737414135,-0.9220333023238838,-0.48338285287132343,-0.6477898219863673,-0.8653825346480071,-1.3054849492752525,1.7830698437561734,1.7373851934485558,0.09093841071687325,0.6862227276135846,-1.6352224642135078,0.9342157093960927,-1.117471429791594,-0.45320799208788076,-0.03187421144149957,-0.8449691109760422,-1.6239764535570629,-2.118800945758347,-0.4542581516381172,-2.413837332995605,1.4109664953235055,-0.7029326104971063,-3.146921746635416,0.13870377018043822,0.5082254205450968,1.3861177103608797,-0.5578185368107694,-0.10199834596954047,-1.416813582549725,-3.37056005581175,-2.006105426533383,-1.598179926066945,0.4079146320013252,1.3693783696579145,1.897766809636746,-1.1013123652952392,1.0930189413675837,0.09634927865814957,-1.1904507647875389,-0.7520429171182963,-0.41100257945807317,0.12130175727247708,1.5767777999635575,-0.9206779990869953,-0.4770065922336003,-0.011740758394337192,0.504792022429312,0.3218538923227199,-1.1849946261856577,-1.2639955008443113,1.2569072247836333,0.4477677448677624,-0.7011157885500291,0.1026590016082003,-0.11201471452412276,0.5984706766365735,0.24302871013499672,0.4270093667754712,1.2493200609209734,1.4856008782051473,-3.040182405466809,1.4728160706543343,-1.8909267407055343,-0.5880075623614203,-1.074099706355701,1.8445868290456597,1.7649296884773875,2.270439763334647,2.4156806140857703,-0.7441510307399191,0.2511770832920357,2.3172070550816426,-0.6181315171075509,0.7020445161923524,-1.675384881636828,0.3537273246723099,-0.3302320857193384,-1.7733583790579144,-1.1847555812561956,-2.4153746346927636,0.2724389434417037,-2.1817147786908277,-2.368597794242537,-1.2601278613009814,-0.02795168315742723,2.903615378989571,-2.460493279786254,1.3435055586310174,-0.030606091134948745,-2.7091070512349624,0.7004197590251697,1.4984571109833138,-1.4872783568336059,0.2865737748643011,-0.7065191788326648,0.4636664454182371,-0.10470507268571377,-1.1505888096795556,-0.6690901122364216,1.0705957614423316,-0.23677389585556383,0.19007583255513488,-0.8080097491877707,-1.3821684263835583,-0.15449540714538573,0.7881263578504218,-0.6336550185301139,0.8972373476396855,0.9876238299071296,-1.0935581856402665,0.3664390376996514,-0.6524311980093976,-2.268316189813855,0.8531447672610539,-0.5059857253113839,0.7722425754723927,-0.6048556118865432,-2.0504980203253833,1.0436658338695255,-0.40140857464505564,0.726652546523113,-1.1538446269712828,0.6980832319171544,-0.731689355673534,0.9202800733378989,0.9627037313291088,-2.096468963045983,1.8035775521038993,1.8971034140587684,-0.47790323323924117,-1.5595021032452756,-1.0990775831699793,-0.4963342587673954,0.4571577607005237,-0.49277250889922675,-2.3151048013903543,0.14411586796916057,-0.7257326017207283,2.1352592832147304,-0.7489748780272583,-1.7872560494094496,0.1901599618631775,1.585812808308455,1.3361790720639393,-0.6352879109941633,0.8440321349308294,-3.409102409258254,-0.2119557199312126,0.9001123888247713,1.918894008863077,-0.4429980734092376,0.3590178122456915,1.2845744394923835,-0.31130673697568945,0.22043398354478339,-0.5795776945964727,-0.7439442356236897,2.6920767624145654,-0.9853871395850776,0.5605342096933499,0.10637034242173828,3.5049863633704703,1.141902522987905,-0.8530832488806059,-1.0276090744102304,-0.3335664631062613,2.202660464450908,0.43651431528172113,1.3565658415175914,-1.1304658406745045,-0.9023969508653517,-1.5731423477144577,0.09192889844650143,-1.5108190571377775,1.242954948307528,-0.3006453457059918,0.24760528182760605,1.2828354076426358,-0.7393681640873413,0.9753066512062856,3.2838142705246183,-1.175043380539278,-2.7769044137761867,2.4858804640187886,-2.016848024324748,-0.8952705140300476,-0.06678767632359772,-0.2526846539307432,0.09495029999140969,-0.597631905011722,1.1880236063843297,1.4323744465877017,-1.2517988988739601,-2.7483168061152257,0.12988378672889617,-0.2598951336323468,-1.4450615820529131,1.1898898600566423,2.5669383203963365,1.773204177832979,0.06113436908688627,0.9009346456065048,-1.2774890531629388,-1.3853062445342414,0.7245727663731634,-0.6693993563045092,4.060015384147555,-0.8707732195836112,1.141898611197616,3.5172662778255486,-0.06005896875548511,-0.3656387442095841,0.29074585961610366,2.302551002981415,-1.4229153505582623,-1.867838004841086,2.5334621965023087,0.7587933703725541,2.1900674417782358,1.9148773100263108,1.1651617013380946,3.2705524565039767,0.7703625084278962,-0.33150399688743504,0.5746325364168532,-0.09820264919218172,1.2666575153902841,-0.9472550265187982,0.44124967371856594,2.2876823499066212,-0.06763277413230162,-1.6328115685053057,0.9299981478272644,0.8887279227950828,1.7226321300784495,-1.9130533117324002,-0.15962343231477705,1.5580066323786859,0.24757144853384302,2.11614187791926,1.9654109619679916;-0.5276146902223293,-0.7579265180040686,-1.5993359175921362,0.4722684861196019,-1.373858736947644,0.679902330641195,0.1350291474341343,0.8954606504376896,0.953803996593284,1.2208297100570689,0.6297198599971723,0.1181218406860602,-0.4412807886772249,2.4703469701207315,0.7356710875611621,2.38511282567264;-1.2077082381994773,3.732437716509008,0.930212493815634,-0.45207310146021734,-0.10098645410505723,0.24522525433384734,0.6650626258640628,2.101979520338336,0.406433103448838,0.65511036089702,-1.0385071543697033,0.745668197811329,0.049748370901749606,0.4370016759112176,0.452050000285358,-2.7410060048859255,-2.0466662670151776,2.0299738782900847,-0.7308987771570238,-0.6407930390351332,0.42832998599160477,0.16432969963336305,1.0261214621883723,1.0454119519397276,0.7146930388296412,1.3864312767951894,0.9720113806557569,1.1067558615215103,-1.9102057398744885,1.631021915603966,0.13373052528632556,-1.8427065526636062,0.48201988573014454,-0.16080043369210772,-2.058064379398169,0.4374505106487893,0.04218916788669323,0.39654018878593256,1.0294818466827322,-2.485851066834439,1.8589677824438884,0.8529876523013002,-0.08912028717114318,1.252618375673701,0.16079456066025488,1.4942459018828895,-0.3450284129912599,-1.4374266576704935,0.4715351085072547,-1.4597639307209627,3.0999789519776524,-0.12791836947805024,0.5523097556712369,-0.17317172800516561,-0.5508268407836516,1.1017646942070027,0.593720884917838,0.3007725545978166,0.09950915717543574,0.014863143356146136,-0.92517331700901,-0.38212598447133106,0.025575261337233063,-1.319976159877551,-1.7499661545626108,-0.3252631553764913,0.9687199329172416,2.663884246153083,0.36735259962374156,0.9856509535941468,-0.9352415377790325,2.19605228695702,1.2719885322029505,-0.21341872152290475,0.4708449776388426,-0.2930463868964855,0.1988301631733711,-1.126201668475673,-0.970935723201894,-0.38434316153282444,0.0685911029481624,0.8204945703751909,1.5252161797698318,-1.6098291594082017,0.36191403695109403,-1.397963645427092,-1.1879286980588417,1.0999851116497632,0.8219437531098006,-0.02547695543047493,-0.10750817193002803,2.3428464037471852,-1.3498522435455909,1.2977680076830946,-1.926999322473125,2.252651191032825,-0.03805269566678604,1.4492819021256307,-1.7066589314571732,0.9518922283465587,-2.664900746991588,-0.45866282178342066,-2.0319258640277686,1.3081864106661933,0.22660411220516075,0.3631750085951973,1.2262182582785277,-0.00551802029282842,2.7870100592460276,0.3481643486844907,-0.4388115682250632,-2.7578791118442423,-1.6686586357177982,0.006293349244537921,0.1990653152618828,1.3664102135079705,-1.022774869021933,1.5062427480864127,1.785703574941842,0.49314029037811824,-0.20358983346233678,1.6967674913572115,1.756529738131234,-0.4130825395477091,0.34775465361235247,0.37805100602278313,1.10171416350898,0.8673875034555794,0.3188143870675739,0.7173599028270801,1.6771390700511568,-2.0815804541011316,-2.3179834567634114,0.054913481620037286,-2.070120376118213,0.15978551175219197,0.15264067608796503,2.1486355024144963,1.097667158188739,-1.634985530285409,-0.3858409372008457,-1.1456842797172286,0.54310733767387,-1.819953996411622,-1.7115952566826544,-1.8713979106340783,1.1483533680312599,0.412655939078688,1.2432474175880461,-0.9482420899808865,0.251165682502874,-0.8238071840659295,-0.30927350704015366,0.8145289153637789,-0.6295534973207295,0.13150777867509655,-2.983378975273765,-0.35420031587595346,1.9329982014211908,-0.6555914825475178;1.563485224969864,0.08995605284094697,0.8017843576877648,0.9109576195673934,-1.9161069456807618,1.213736509387541,-2.7887745938480575,0.888035073621986,0.4811723277601566,0.8657208669888128"
20,-1.4525447722445246,"-1.5250554200777435,-0.61422000509568,-0.35399822604301745,-1.320586994145757,-0.18416795395473934,1.4397344938989967,-2.1281709624237233,-4.253274128210249,1.2145165148179662,-1.2069014320579845,-2.303570428511808,1.485128045623553,0.463304441360166,-0.601469398823627,0.05516536668480815,0.6328169207303426,1.021331449093557,1.32024270061966,0.9112826547759961,2.1092981675105293,-1.6340482115679735,3.2513281460739596,-1.9449097275175524,1.139951416457919,-0.93535155927246,-2.257619904501086,0.6792066375714348,-0.26476315820889634,1.6178125777049612,-2.1237013366229243,0.17152170439205972,-3.1243455814420305,-3.430247007615473,-1.4603497500907465,0.40986990837221604,-0.12431980259038261,-0.18340354427506966,-1.4502865230815662,-0.623067258977256,1.1718421915541586,-1.3671890345011366,-2.285911969515986,-0.24165341297944637,0.8814673537419475,-0.3536062113707843,-0.704330382511745,1.1094019622287214,0.4907386649357124,2.1427154773755035,4.05014632946837,-0.20961322129659088,-1.8066640754198566,0.5930479626336231,0.2732861147851816,0.42228002901410233,3.0084347940090788,-0.6369146233448273,3.184533696542373,2.4383403077789336,1.892975340176342,1.7217544327663317,1.9807179834966038,0.1499076762502289,-3.7293857727349202,1.1762450428148514,1.405098637100461,-1.5074758546227396,-0.0663453849814115,-1.6402834188472737,-0.41501275766466195,-1.1155345188027594,-1.1137076449341083,1.2876325488383193,-2.323270598362019,-1.3895293285558763,-0.006637735664646503,-0.16920483914089793,0.41185506648819326,-0.851627774800895,-0.717488620115439,1.466294679171384,-0.9045627818450852,3.0272330645666825,3.2787711848826313,-0.8252305703190989,-0.3248578065335056,1.0512580074797744,-0.7628118166922182,1.001107436529538,-0.6643021322810612,2.5613951298341084,-1.8643249815402354,-1.163348870804099,-0.9440043534241888,0.3288731024637797,1.512298645293374,-1.9143278557734522,-0.18500815948708382,0.30829820242793987,0.4787190470483443,-0.8235950940695961,-1.6577435441507438,0.09531591501652326,2.9158942247452178,2.335818687435659,0.8111497200873016,-0.20730221393950696,-1.8119406610728555,0.9318569715631716,-3.5974063956106654,-0.8478504236203643,1.5212576871718801,-1.6439031048640982,0.8022793601354189,2.1300858438483994,0.0474311464849162,-0.2039595897279149,-2.7567181950480646,-0.2995920552250644,0.2804554539925555,1.0795336291101627,0.9576150603877864,1.9149127697700612,2.087320776807731,0.9645725858024662,-1.0228301618462985,2.1748850265769994,0.39076830731764467,0.6564963257158947,-1.4266654774486849,-2.6200521230861606,0.610552759069444,1.0335404461794238,-0.06545438836457099,0.07953402307406043,-0.0596949665025065,-0.9345880174102874,1.8106935251293037,0.5584254472974977,-2.9152758625194557,-1.790783958583201,2.1121658067236764,1.5753198200101057,0.5444815099013313,-0.30390199008385715,0.77566861404091,-0.15731742561580753,1.1411616432728624,-0.7163176204070384,-1.2217698773219858,-0.14937754492236266,-0.8364741932772163,-2.9733417943442055,-1.5654366438118008,0.25824392109031113,-0.6197685643505295,-0.7487517360564395,-0.920048382710455,1.1392727624297123,-1.0308312205440586,-0.061546220628211745,-2.268820482278132,-1.0728718384963039,-0.23840102352308357,3.123921076939935,0.23591884633032428,2.4241583951925327,-0.626088202116338,-0.5422949532401595,0.6419895011389672,-1.1090707303707044,-1.2272108537507505,-2.4677766468011635,0.05894267142748332,0.6699883801235234,1.207514067604267,-0.11620265032814958,-1.262228543501564,-0.571270846150071,2.2492789404254787,-0.2957232209104584,0.01021099536252007,0.5745791358447981,0.06646731591357813,-0.9372693181790832,-3.011905112748218,-1.5614380646078014,-1.908204025957466,2.378455810493871,1.8065099713474344,1.3622256932202843,-0.3712782478733909,1.4436407197913828,-1.2398969351242566,-0.38919963299474036,-4.104664417189161,0.9142955189513993,-0.756546959383537,0.8503078341951398,-0.8346008353462542,-0.09358833132183636,0.16484042309292068,3.6502885255712045,3.161572075390267,-1.3496758033206655,-0.7174867708517194,0.44615759429770496,-0.7166632433889875,-0.8554255611199026,1.914409867043996,-0.5527976458959979,0.3600527501586105,0.6647455608758088,-0.3290131143117409,-1.8682353360922515,0.15536735285350162,0.32280362284904646,1.4740404351294714,-0.23001629899072162,1.4677897678050902,-1.0705106491646106,1.2856125635790896,-0.8550686579888627,-1.974783167332834,-0.5392736392024999,-1.7040694522332358,-0.1109070651139128,-0.8617537561792981,-1.0463493863435112,-1.1917223814564526,-1.2016665758152818,-0.34127268425705204,-2.6471242285284533,-1.4979676152005639,1.4932748430335088,0.2484109024565091,-1.2506035819997745,0.9421130622750777,0.7887661489630784,-2.5142919939909603,1.2742010048114185,1.1912911272425395,0.6930612755273705,-0.8377241640906575,-1.0140154481395593,-1.9283237002239295,1.1313666605876926,-1.49298128490572,-1.1442575101296317,-0.12745585099567025,2.6643204101574125,-1.2642523973493167,-0.9878226255356164,-1.4706741289136138,1.9264038952054379,-0.4201882168720592,0.8502553345678919,-0.2671621827920697,1.898824344254608,2.7435673964698992,0.42942500235604597,0.3901132409185342,-1.450657220097121,-0.7421967331564491,1.6214281064001437,2.3911137403502156,-0.6115994414611514,-1.421103697489995,-0.4821208808727543,-0.5857587451804172,-1.1997801341977252,-0.995971599614588,1.2335395985668876,-1.638865196714597,-2.128697368837487,-1.2109128452059297,2.2311984308977073,-1.2781205000415357,-1.466691727477929,-0.9128516807842142,-1.5981948150729737,-1.0229443272227439,-1.0708792015370148,-1.965669968867531,-1.4826249456867613,0.35221724827461826,-3.1487080739403157,2.3109581888018935,-0.7801154054463957,-0.21891327900210195,-1.528354193551767,1.0352736384599626,-0.8140876826384362,-2.6410393097867977,-1.3849257220817057,1.5382748017959003,2.0134763656220303,1.925374707757647,0.8182599764938789,2.797354753529004,-0.25550917602107265,0.5711732347304421,-0.10083174230907332,-0.004517135141231109,-1.721613024367885,1.5729397273797385,-1.5035993289357767,-0.7047103244184164,1.1763864430790827,-0.4573257949746893,0.7276760485030926,1.3018569714650836,-0.48837187895747436,-1.3444944082341976,-0.9874818180115892,1.560109775284219,0.5847853110238533,-0.05248638129392391,-0.3518955329701344,1.125763895296668,-3.2789444892023525,-0.9880977298595419,-0.6404906679714717,0.6176999965293639,-0.6483847022441495,-2.696767492691474,0.23814503811882826,-0.5403251698367879,-0.7363798685055946,-1.4646829162299442,-0.7402996662344855,1.9639458012322044,-0.9922841042955206,0.5966992295161904,1.7371490809706867,0.8303153009741242,0.831601230743088,0.7668719573263286,2.635250079332436,-0.35839582537474235,2.145962627144077,-1.286198845269386,0.9444318040270577,-0.17048692372822571,-2.460081927525735,1.447072728756978,1.0366807240315647,-0.045153726892761314,-1.2972999503956297,1.6949354304874067,-0.5313298094475676,-0.4785282528305119,-0.3449986702532495,-2.966898566974701,-0.401354924318561,0.43431881168099484,-1.5429778235106815,3.391575209639879,-1.488597895308819,0.18109941709440328,0.4978060850534053,0.5395747140144925,-0.4499644971456277,0.04003355271802189,-4.755763361865868,0.2647519339180937,2.731489674255159,-1.1804844991468189,-0.33590627605224227,0.2717823726886182,-1.6411092030333903,-1.4924345330287445,1.6483570845041222,1.043181588111837,-3.0432312418209153,0.6226856265298688,-2.331454107217647,-0.610472925414857,-0.4211312799345981,-1.1565191640505836,0.5677374357206114,-2.336896896095853,-1.7085955345987291,-0.4726985769521378,1.129190696127846,0.502019088115692,-1.1897757186862097,1.782031177114245,-1.1169534717778966,-1.6538418948632028,0.34965435392526734,0.8995071688684912,-0.6454066912975076,0.5685992469926162,-2.6432388881268962,1.7024464586172625,0.4656445788745704,-0.12589222587226362,0.05350981255704479,0.7701137482340047,2.447091072683483,-0.6467433392041794,-3.363321352962016,-2.235539219273879,-0.5425587915866552,-0.051697202805201015,-2.1083226062111056,0.4330813648667404,1.5574986015489767,0.030319356649567863,-0.4278596722031277,0.006222238079612974,1.4931574578470799,-0.7377879909927424,-0.2610894129066199,-1.8303243271065892,0.6531523219441142,0.5244006922242985,0.5331334962572088,-1.981116491153202,-1.956037203752757,0.676031654752852,-2.560468470575609,-0.2843870100555718,1.306589037717599,0.15194201992766876,0.8426309216815532,-0.4634281239043862,-0.3342825992599953,0.9217975139965904,-2.6489780250816217,1.1581448205111675,0.35643675299895367,-1.853543808641049,0.28038996810258016,1.755358952174193,0.4460691228281589,-0.6808896504074129,1.3855593291355015,-1.45551007037469,1.5825344862633466,-0.4853433355680733,-1.3601520780037395,-1.403596252118018,0.12023749670224514,-0.3816819267937527,-1.283130614889369,1.2289862469628288,2.8536368057337946,-1.9241467482606955,-0.8585698207383974,-1.2809017088616326,-1.7425373754139866,0.8310036303420071,-0.13699217522587936,1.05840097565721,0.8378712554306981,1.1535821770832553,-0.5025838723963638,-0.7873366528879118,-0.6923976167309126,-0.8643911465131571,-1.0601226000925776,-1.740174816424191,1.6009999330016025,0.9843384283628542,1.1653992306942507,-1.9301717481389034,0.3599236385493042,-0.5617654134013874,1.4157963694716156,3.003837440613809,-0.7936471045996906,1.601610370580222,0.9195744065550711,-1.5701911018789418,-1.4894437161366925,0.3435416565357831,-3.0638864162894435,-1.6257260684310642,-0.8805378400830759,-1.1830394082524998,-2.481059770561204,0.3607330596539401,-0.1197267620762984,3.3848826227012796,-0.5143404254445221,0.5379869532059532,2.852378340519102,-1.5801708422932024,-1.0548662740055674,-2.1572689153010676,-1.6140831964028055,0.922517926270696,-1.9408705586115433,0.5290552575460779,0.46759192128386573,0.8284564483344631,1.6560238376135208,-1.1664331202844078,0.6399625074489457,1.3441452555082722,0.5324113149642805,-0.5328829641951325,0.893720564260114,2.67002195897543,-1.3597384339799676,-1.3177999112148617,-0.9589583782401419,-0.4612411148265197,0.7498140731805865,0.6605049433329837,2.0962462407408258,0.8591074038443771,-0.1915816897629587,-0.04274464668645461,-0.4588434441279635,-0.08469404376758455,0.4980060161865566,-0.7023745951583417,-1.9955021886466822,0.19077341490510252,-0.808932115980591,1.1792661592593328,-1.679684432779681,0.5334321920775673,0.5885056362078027,-2.5209926288432793,0.6315809338658049,1.6583562145715793,0.6511532179786041,-1.2157546770880454,1.0767268947625395,-1.6602293254791995,-0.1475694129836319,0.9960379808784419,1.1530532222914778,1.3913382307157767,1.1650755797465322,0.7154189917883458,0.4145828271282982,-1.795197436185632,-0.123344701736326,0.127139832962966,-1.7798205315570343,1.5387121127130674,-1.2904825835419622,-3.4194443410728934,-1.0055683300108973,1.8477181628221844,-0.7288867209226448,1.9804438876573136,-0.2823932508236952,-2.069755853674675,2.6219325204943114,-0.07183247317999103,-0.10809071034970424,-0.31296102879376025,0.27730846617315275,2.362639124954034,0.17052863702597149,-1.5018545003537611,-2.124453394981693,0.053837158016686204,0.7024427564367707,-0.24374962834220104,-2.5016237074197853,0.13128205987991098,1.7208521854255063,1.0989975492442385,0.7518806911569462,-0.32764686934059956,2.069833015578223,0.09232288824423868,-1.537937526347348,1.3463701705184699,-0.7469898327063005,-1.6832942023717092,0.3351314776999709,0.14291247179958744,-1.2494539295478486,-2.9920671673276154,-1.2169852166626693,0.8913833546284284,-3.2705164327377734,-0.27191064276212396,0.04786493252291224,-2.90745511052792,1.321634406937915,-0.6417629070046535,1.3990580803735102,0.6853846208925223,-0.4287086165547098,1.9821338940534066,1.5566599650391737,2.7493515274112528,-0.570540986206443,-2.2296262694349704,0.1811308894057791,-2.285350897264383,-1.3449511692330804,-1.9241508333131794,-0.48912095453399224,-1.2741808912765888,0.8899337727591918,-0.6699976981675285,1.593272255697112,-0.41471887518012684,-0.8158894631483566,0.08169785070494337,-0.7579197349147213,2.0043972108904446,2.229521356409454,-2.1804176750639566,-1.3140747340698684,-1.7310026435344663,-0.7480993861341609,1.8677897679901643,-0.6172075633077428,0.7297198148974731,-1.428141051389338,0.40200541756591657,0.08326905245178788,-0.9418868622483563,-1.1195899480815206,-1.2854880612826154,-0.42184562709647544,0.07474837543214169,-2.250561142175087,1.025432213646098,-1.4967866683176576,-0.11483411804251265,-2.4715507322145482,0.30265461239940333,-0.799624765798079,-0.582394501344478,1.131150750136426,-3.077745729995217,-0.3960352631991215,0.5677082584673347,0.8691352417150854,0.6211432521578966,1.4477991424504553,2.571099085292024,0.17591436328667304,0.5250201119210012,-1.3263279493391853,0.4049022165386177,-2.2031165783369038,4.104797669468567,2.056115101130054,-0.5086192730704215,0.25862151310023784,-0.8088502089247173,0.1745213168448424,-1.0564138466884365,-1.2659022017820063,-0.38685531864409484,-2.9369236246663912,-2.3562809492130516,-0.7375770879789874,1.5238279304102753,-0.971195115169467,0.6165834788790617,-0.9030081855785058,0.40680168855518073,0.8518036842894197,2.4205127215805544,1.6937152811684726,0.6620985421240967,-2.043344191935102,-1.132977324264829,1.564579665523683,-1.3668043890118706,0.7196479718008613,-0.611126751625232,-1.6066449053973388,3.148776614179988,0.28117735450862025,-0.2103604556243761,1.4503185757636519,0.2758478080295471,-0.49584767138038655,0.01714218629963496,-1.005531633202253,0.5129592903519424,0.6067445546057293,-0.20117739212915442,1.3128110939944189,-0.1386063551898944,-1.6613834530640101,0.2379224429317831,-0.6974408772915353,0.42385472869342655,-2.8458758202578105,-0.317897980920318,1.1614257749703825,-1.4531245271238684,1.9167655337943803,0.4822485383808397,0.31744578278819746,0.34366473251601576,2.8609965115876834,1.7741374681872573,0.3993248642436657,0.018977057531018082,-0.568015905786077,-0.746791060377157,1.951353236300958,2.4755633806874835,1.2812536329901312,2.3672619318287347,-3.2560844855707467,0.6023920250321445,-1.1707360856949176,1.3564102498816004,-2.1566789800989077,-0.26196442271837794,1.617605874599466,-0.4592901804738534,2.6756384007643255,1.2232256089852833,-1.222484822807282,0.0851074622860521,-1.0072591955187673,0.5440896801939759,0.6962278228325316,0.41728653013649364,-1.5173148849800673,2.804474980273611,-0.8785399264127857,1.3183914099128686,-1.5061529444095791,-0.7439178055867792,-2.778294601609224,1.366107806518744,-0.8251752689668194,1.8455275715764645,-0.9312661034493501,0.7166314930314285,0.5295502067602686,1.406258869838202,-0.4307273712581011,0.36883577726759165,0.2990151478915759,2.2429113923960866,0.7182170680997613,3.0333107314386654,-1.6391647030900618,1.2166124387072963,1.096359280328733,0.8538702789716988,1.5526102927485539,0.03507541222619437,-2.4917906354207764,-0.8186975711405265,0.21106244910452415,0.20094521544680566,-1.3251966223067355,-1.761110845150595,0.6859303837724675,-1.1851293481405982,-2.345496865401236,-1.0575999915970586,-4.0018816416914875,-2.0374830032882,-3.023157640303123,2.168692530792898,-2.6041875811020674,1.6203384208458722,0.595973356544388,0.7966892180153784,-1.6931959869604498,-1.864536663995608,-1.0754780386650469,0.9413812657544405,-0.3624799568063065,0.057198582549705,1.4998199756383306,-0.2936645583318678,-0.9244679527814754,-1.058292747441809,-0.7635750956837759,3.0004993315957496,0.2707700980804866,-0.0438838072301862,-0.5171526512543312,-0.0060404020886764,-1.1388019159502911,-0.28549075515993255,-1.898294063106207,0.3716214157887747,-0.5615876063610645,1.7288466359816403,-0.7069651980991873,-2.9465571810497324,1.4721245355285886,-1.4422994625875452,-0.6656840903996908,-2.2317799633736,0.31505044342652544,-1.8340179759095843,-0.8441389182937606,1.3427245188829715,-0.029094401882256538,-0.025567693647141454,-0.5354668004837176,-2.815147268748922,-1.3031700097044032,1.9686868865992067,1.9225267645348731,1.0207821887058717,0.23402931840379537,2.3030845892427525,0.44713752856126415,1.5433525939648034,-0.8520018511809764,-0.9928931509697376,-1.3824411483237,0.2703601928835523,1.338393439726126,-4.005508444026104,0.3637396801708911,-1.531364515239578,0.31690250535477615,-2.1405711695288967,0.37150216570604633,0.5824272018742184,-0.9615829333907664,-0.05555188355579943,1.0430304479072234,0.9127532067050601,0.6139925985674821,-1.2125752054584,1.518532407973268,0.09345386654615517,2.8305602114361332,1.339570698634851,1.4702520222358235,-0.17855738786261063,-0.8055186791628509,0.14039639433789447,-1.0709493005880115,0.01175883830935548,1.2105508712514332,-1.068187115091452,0.35170837343254746,-2.615658457500776,-1.6933062786556725,1.0300869050850965,4.916028380287775,0.6861751398513906,0.7197302888983946,-0.39348244202887794,-0.10217501975031859,-0.463692047263104,-0.9098750349673741,-0.024912709537108557,-2.604344980940605,0.3183240617953572,0.2542894637994617,-2.39064848260111,-0.4115494659437302,-2.6799688002944095,2.115345829341201,-0.3168471071893746,-1.1090582764095682,1.401706012585974,2.0754457906287676,0.2338127860128582,-0.8572391281518035,1.7242558011506395,-0.8291643473932514,-1.5425992661122223,-0.7884119668098292,0.6379656496640369,-2.290777517931152,-0.8651246463518674,2.412100762825667,-0.30413197528346453,0.2682644991656668,-1.6061950037626587,-2.4703750853844992,-1.4246834699149913,1.2544733169054487,-0.6459300463937279,0.6862873480751378,0.22336392997747467,-0.5299991192613328,0.7978299676540769,-0.24384243298749203,0.7588965345920823,3.3608332621721906,1.0722940978942705,0.9315163216426057,2.0205564631442106,-1.6291883087464496,0.23984696396696345,2.9642655502876782,-0.18174985120523157,0.0005345709050751379,-0.9436153257977713,3.584465752505908,-1.0460861034074032,0.10283217495409941,-1.902637717956959,1.6074003966156478,-1.1857260211292107,-3.755745479416718,0.9108555766945552,1.6511655400715193,-2.2799220582788635,-0.5779008991670851,-0.9459579566085025,-1.2133014490708702,-1.577388230950949,-0.8985355153296988,1.5635271631491072,1.8287094740856031,1.2745218355418748,-0.25885641511609614,-0.49470459492851027,0.48880221221449466,0.07088136995630279,-0.14710376702389888,0.654665262912448,-1.5346044934787622,-1.1408521644640244,-1.8367696483867202,-0.12381098750323843,-1.9517866185693344,2.4968272658598742,-0.5876302198737378,-3.177361984779324,-0.6599109522590563,0.938847408758055,0.9804112614688157,-0.09755587610308922,-0.5226831051103588,-1.5322681300476952,-4.219700479458,-0.8712858704547173,-1.2077070559086853,0.08809588171504801,1.0546220052218997,1.5723796952833302,-0.6317000106436884,1.6136743050081415,-1.737814621321514,-1.3929320667170262,-0.5202370392618341,-1.2830139012565698,-0.05363789698550773,2.1001412158252584,-1.0773109761927084,-1.0018023675165355,-0.019912733464748422,0.9343752762837544,0.3331009795143155,-0.9450251237137015,-2.3076940769752428,1.407718819207457,0.35583584186577466,-0.11429232090075978,-0.36298603310496813,-0.5464475348100131,0.017554528466570907,-1.0257249763260001,0.32028289049180736,2.4762384083233417,1.3009915062519286,-3.137815918149615,1.933821900670245,-2.7668960703603864,-0.21862143649398008,-1.6164457111036992,1.083129594791986,1.8743134217577497,2.378509455828481,2.434424444648713,-0.65548749450066,-0.07597416207620492,2.203860316189749,-0.4696107269547508,0.5928728192511733,-0.7686399880448005,-0.3864855096199348,0.1485332699150591,-1.8310568869621797,-1.0840474592147222,-1.8601625371305561,1.0161766875922682,-2.5656097918117218,-2.165329002981782,-0.7101046516039371,0.4317651631563134,2.222819541297941,-3.269879931510963,1.7675011751831367,0.48159099674228995,-1.6568394207858383,-0.22185736789711707,1.1918079206832952,-1.1628432475086887,-0.7160753177857359,-0.05154383027394632,-0.1500810812461289,0.7409957039197793,-1.4220190343880752,-1.1784626864986731,1.1805312338244993,-0.1096325140146149,0.2976564561992075,-1.3439875127246559,-1.6910328037818534,-0.13876049666282175,1.2255029683671812,-0.9347187057432639,0.9676956397151,0.8504176026254028,0.3734737373432765,0.8270290678516783,-1.0997032883279538,-2.52986990626284,-0.22432480206128133,0.1288055089182296,0.21881224327045568,-0.7527528202540691,-2.330665936155409,-0.09650563679052512,-0.9434812941422123,1.0522259433367762,-0.779062382414477,0.020184370116488992,-1.3036172987124472,0.6331057974894554,1.0238826218099022,-2.4631248674335087,1.9927822154116523,1.6653686166754074,0.9933097826264913,-0.6821173501675177,-1.8609951970754615,-1.0470735109459972,0.1393431850000374,0.25938854343127815,-1.913610150013129,0.8565479251961079,-1.727933919552631,1.8902340775874915,-1.7492080654880193,-1.81862181613535,0.026344783524357422,1.6482058766229164,2.7655369710377737,-1.8674577625404514,-0.6725870539148575,-3.5726055219852486,-0.8045401760034566,0.9559879304261877,1.31764773971755,-1.2488898983133558,-0.16895184544407654,0.3250804395718452,0.23080754357962696,0.9599851088426454,-0.09266266708647797,-0.5057027257263802,2.5498383398470703,-1.6233746586939095,0.6646388856896364,-0.13695193701266312,2.8937091882055683,0.38511071912675654,-0.5967531004744655,-1.2868118931393553,-0.305799934243077,1.9136121389710106,1.0993290758834715,1.6431130002909418,-1.8449571165870773,-2.182314196082716,-1.6390680311033978,1.019384506032653,-2.091034148104654,0.964039064099011,-0.4199887474224963,0.40628859347073615,1.8001947345234308,-0.11223306096507207,1.2155129746470403,2.711152895805504,-2.0600136650005787,-2.1877256797729565,1.1431244179751086,-2.866159583401948,-1.6408544042334055,-0.38282522744303826,-0.3088361465941986,-0.026431870771764898,-1.1108575075260383,1.4243032524934076,1.4682793526776676,-1.61065375982672,-2.554139897656583,0.1283897301119422,-0.8983698625546646,-1.1664016864671514,1.8933463007933455,2.898468527991102,1.5735492047284227,0.30902901953514333,0.9114686490901656,-0.9626372371722607,-1.7749005122562125,0.6448301088832644,-0.43702473766734506,4.312988124810947,-0.8751065125446096,0.058363517502434736,2.8073857948823346,0.30506514058947404,-1.2772687687278808,0.2045216648682077,2.4109752283692782,-2.643432935056195,-1.8508474782168767,2.360515502720657,1.567367408137704,1.3879269181128757,1.13760053712898,0.39075558268387234,2.1342916032763117,0.8572705743089748,-0.03383469948484377,0.7901796385573082,-0.2743903467129567,2.2182299448914464,-1.5179501502086328,0.6597198444503498,2.7427686161049913,-0.37685782105696675,-1.4966520290785839,0.9164945653621539,0.6126523554204575,1.779783213191871,-0.8621797185352694,-0.5088192230107711,1.289099949477686,-0.049252542693063034,2.291666453881174,1.217452871802637;0.0029084091697937353,-0.6397152438710458,-1.5826870582022337,1.1066938916477271,-1.0167677492580798,-0.11108548730748158,0.4615049736370558,1.3323391933723778,0.584283141027403,1.2922770237756136,-0.44030129996841927,-0.1348128531291332,-0.9072701940585376,2.4006009928440974,0.9313029474987563,2.8849546872473204;-1.1432585227125887,3.521555259610901,-0.3332843674111813,-0.34953532276408056,-0.6316240537898978,0.18728854664310157,0.6441361667684963,2.366125958298243,0.6938863518018115,0.2095875002826268,-0.9526571135947397,1.1086509388111458,0.008506430681260526,0.4300349515549387,0.3735103704437379,-3.2269028939468347,-1.8839401784695216,2.0549466372151324,-1.046246342967331,-0.48646530034483726,0.8676716525858938,-0.3532376435307879,1.1816345498986338,0.1602889359505718,1.0071678553135344,1.634656200428677,1.3142339607504692,0.835623036313204,-2.36459817896737,1.8612845154206337,0.6703764369339189,-1.5884747715933836,0.5422820970175466,-0.07251505399189137,-1.1173048891278277,0.29433653174757,-0.21768652838049107,0.13395769412745923,0.3564629316091989,-2.4789120919248395,1.5081612106446403,0.10083394611477148,-1.6834483302335452,0.1560558585362491,0.9858031884004874,1.9513117132870121,-0.11937111117779331,-0.8414729036432455,-0.03335301079398517,-1.2306757314854937,2.8269121546142952,-0.4589924162721287,-0.7125818465060274,-1.017863516513619,-1.0056792960016168,1.9095954366978503,0.4679565258953887,0.6508385784220343,-1.329853816941386,-0.3203617601950298,-1.5698635636411966,-0.6370072628745349,0.5811154860148848,-0.399547433581363,-2.3957071033421222,-1.449879116859866,1.2361423761656467,1.9535498277809311,1.602214421708725,2.1076395136851866,-0.860257797370265,1.9985831276540553,1.1621451702559968,0.15665674108584937,0.9973446281181577,0.07978412435457902,-0.7552900051819581,-1.9249960345957464,-1.2390028492360374,-0.758804960107052,-0.45354717967006675,0.3260394889983296,2.056598083243077,-1.843904308191003,0.03924095633535163,-0.7297134631364408,-0.3581170505252453,1.0523934510469712,0.7498399974209649,-0.27129471122522225,-0.21272113176075153,1.467246636845864,-0.983791045821806,0.5324997636335572,-2.086087122833454,2.207442668255658,0.4355920292543185,1.4350283030088833,-1.5716333637163007,1.326388547138125,-2.0136892963433506,0.08505599749300968,-0.7316209314621652,0.5620398687932784,0.16648036711376768,0.09515739309462262,0.6478930387474874,-0.41194981668753883,1.6188788632831783,0.47125513612712117,0.17965591324014413,-1.997687385533569,-0.962137301746155,0.040606145653379125,0.335453367582967,1.723859682152802,-1.0239966171051682,1.0379317969878827,0.970125118669239,1.068981282032945,-0.17867979458983974,1.2121212951083342,1.1823079401715462,-0.9156440821588199,0.8864580323330242,0.33135724654694265,1.0018245131723555,0.6477034368629841,0.9535095160449907,0.916518734385505,2.4584702113822794,-0.9462271690919476,-3.0418797171216836,0.8614745531265733,-2.6958947563201563,-0.3801465327422537,0.27241036911013383,1.2571277116034103,1.0952411234376822,-1.2060363080713499,-0.059145295248581614,-1.9499513092262832,0.0727172708188853,-1.8549975836561923,-1.9394403478844615,-1.68249056087024,2.463926726440567,0.5458618930070214,0.6649826896736951,-0.7742305436309268,-1.0134836815582222,-0.6575200749715304,0.2228699074237937,0.9868182446505402,0.8675902191421883,1.1556123218987298,-1.3888991183638213,1.0455639366091725,2.0292429971612425,-0.3830045761160668;1.1043853280344589,0.7366694213198356,0.8459211442749349,0.7503689982173403,-2.303939444509661,1.2415913839627508,-2.8480958744414564,1.948049378692751,0.23508871618454238,0.578043362734284"
21,-1.5088874388884237,"-1.8539820242996417,-1.1061046725471608,-0.6925711964849107,-0.7254720739674805,-1.4515029768755405,1.5415629638207646,-2.3446095409900023,-2.9709995730494643,1.234897841595529,-1.430837472512727,-1.8855969865745743,0.40174497626068106,0.7154566068276004,-1.490119456304261,0.801350053923559,-0.12271919528714417,0.9852437363623303,2.295403444190237,-0.1898297412971809,2.035288894156643,-1.39632624115566,2.9282615662883495,-1.6964722544997102,0.22792757865413416,0.04826418906394814,-2.3105807154120446,-0.24651490107552548,-0.3243386331576245,1.2303072192588154,-2.1566854019910426,-0.28218618717681754,-4.192583465065946,-3.1585511930983348,-1.5491445101259562,1.1438715439703888,-0.025778054754486968,-0.08073989041841505,-0.6451166377025974,0.2589278086061081,0.9672650439469526,-1.0996456839718336,-1.994478635035447,-0.8448410876115081,0.5642629738155559,-0.2554263299359125,-0.08816062201872542,1.7918090289017403,0.9609881526463828,2.4356838730786174,3.4029433521445687,0.4264235782649217,-1.1704117802481577,0.2951318050660247,0.33363052239062213,0.6408836621311506,2.5353516858286564,-1.1156149631018955,2.827746145826816,1.9269164864665098,0.8949936955731626,2.0407817180875143,1.6281810481109946,-0.20198047973269506,-3.257781867643327,1.2973285042927039,1.6451181616975634,-0.8527233104231055,0.04357159283981579,-1.615825016831108,-1.410212277374022,-0.9272947303304929,-1.3190864147289028,1.3523314565953704,-2.737160609006206,-1.2824715256153736,-0.06927689336272955,0.13386357909107777,2.107888471946914,-0.5469302471189441,-0.47753558503386995,1.7225752223394424,-1.37098233098435,2.2887532297106454,2.3364650866847443,0.2500099822279149,-0.9935260769014282,0.8538261409886645,-0.34502638322569074,1.9788598652316651,-0.4389664590373724,1.868037720468938,-1.5660437887282344,-0.5337872230988374,-2.1541481080790685,-0.009282922718806139,1.4688088428546473,-2.5617730903771934,0.34909088859721604,-0.41469195594671476,-0.0979625156626085,-0.10050041834978254,-1.5262565345939971,0.9362508826078246,3.9539384118586125,2.4469356639087545,1.1933786095922945,-0.3524553195666481,-1.683787933391353,0.41638131080111956,-2.8017842494004355,-0.9988846204109949,2.4458893555476244,-2.51781121726504,1.6857350171828633,1.7392448741918762,0.4137048494134536,0.3220849330109077,-2.523502119594806,-0.2994408527560881,-0.40171744967149586,1.6318619757281592,1.1096939169593414,0.6280847797409923,2.748444329671539,1.317798811172016,-1.2330367143379584,1.2427250075326732,0.6963114920011328,0.6922731428173292,-1.3660652033502036,-1.7372149421541718,0.24315376915232464,0.8571485407272403,-0.9407145637047467,0.335371941967482,0.5474536463346057,-0.22659826807550162,1.4104454315357917,1.4664188958243007,-2.9219493282541587,-1.209249097894179,1.5627144416495131,0.7080370149613893,0.3934279625257088,-0.042808123655745364,1.2929655935846929,-0.05793874210489007,1.247535530294733,-0.8836681784477075,-0.9524876759445942,0.02357990567362067,-0.9135092099182303,-2.647362429732651,-1.8998248007658267,-1.4428069557628729,-0.778937725670999,-0.04327325122139025,-1.0806082899520204,0.9332547091352156,-1.2158245797716694,-0.35150083352875894,-2.29184134799223,-0.747757700829004,-0.16151739579185165,2.529647836508203,0.07433536573821588,2.533628284376312,-0.4744496214341371,0.4096237845698613,-0.5714781518559615,-1.2977536704198862,-1.1448284602512033,-2.096802042741841,1.0621384266380332,0.9948554641950069,1.1885833840089715,-0.0007531780064116145,-1.098553410063763,-0.6420763109731564,2.7464800259758952,-0.8211844823398188,0.16754819483283462,1.5677731549130072,0.3127049008983858,-0.804521579245322,-4.063695523431847,-1.5009246826971618,-1.7742579989413567,1.8863604444400148,2.569221682691377,0.6120618297655721,-0.022358078669282466,0.7744917433209161,-0.9767744055750527,-0.5832895217187092,-4.396091094546761,1.1940969549445093,-0.5852289958704601,0.48494629645985654,-1.8040950215965705,0.524161258825299,-0.4839486551949971,2.4665965575431628,3.2837827532334622,-0.41963453741041773,0.10486586448814794,0.8264744071828745,-1.5311045439035869,-0.36758269964731405,1.8014803839821272,-1.2059598714642508,1.65087609478018,-0.39353354097839405,-1.0056529955672064,-1.9386919897728623,0.7834577354000519,-0.6437666066734284,0.49687164841818615,1.0200889932799133,1.4338992198093965,-1.3873865114508268,1.7485574087876232,-0.830458191742268,-1.8803019093871596,-0.2792324873664942,-1.3518941089054453,0.7615258241067904,-2.0235710018041964,-1.896726484832236,-1.431546346131771,-1.7022204620369155,-0.5225838137264672,-2.6983838333257224,-2.73882937323326,0.8575340116641422,0.8925338018890836,-0.6367931240539231,1.150272539369723,1.1390115903857516,-2.2144137388394634,1.537286572239615,0.13055210289200042,0.82443393706766,-0.5407683219407821,-1.5282176968990542,-1.560351290654474,1.7740381240775793,-1.1126831335834615,-1.3209578282729715,0.4456510098965168,2.9551942814852694,-0.8462777827096827,-0.6549801220261391,-0.6691786734188422,0.7042985292341984,-1.1621893511037875,0.7917475923822916,-0.6101747109297183,2.537101155040581,3.514929001716961,0.9660620044302644,0.028442586278490056,-0.8831524708142495,-0.7899021237508341,1.0936265951006825,1.8042395284252444,-0.8146548690752031,-0.619350551894106,-1.0155175133801473,-0.6483602436717677,-1.0549059743050424,-1.464914262130192,2.589137747670138,-2.072320478011745,-2.504066356317444,-1.5378495792214797,1.8781546764132602,-1.7525634684742952,-0.9970628299843443,-0.8720873234416203,-2.979066873215819,-1.031810510210829,-2.097715351482317,-3.252738825356693,-1.4146726966878136,0.48916871906578363,-3.1548062424720373,2.10964597354615,-0.5170061128831,-0.06611762037124291,-1.4859870196071598,0.6732742807210224,-0.6344730490013236,-1.4307718509196614,-0.9787679158346672,1.6843699540696275,2.004948090749844,1.7361502309319157,0.5975360832336065,1.8642383999110785,-0.20310304940500906,0.5537226168246574,1.0230033975274178,-0.13173756212533883,-1.0594686748953523,1.7529780565341948,-1.143538615230011,-0.6060613630293877,0.5721209031476024,-0.19747466002909542,0.11270676553187253,-0.10744443643796608,0.43352486524762424,-0.4250830262491612,-0.960931870153582,1.8511317117214354,0.837399635473205,-0.004667857778595019,-0.9049770967116613,1.3775702334274096,-2.8446701683206794,-1.9898370353055208,-0.056377039960859854,-0.35777408130660654,-1.159466699782998,-1.3803040863088056,-0.09395914591123357,-1.1585227973034145,-1.0964386978202305,-1.1185440209291135,-1.3310761496363561,1.6243835233585653,-0.7877009846889553,-0.9851249836946108,1.3719037949271862,0.04328162186293566,0.7931336161398818,0.5229039075897216,3.2537859701372414,0.08992343232939087,1.588402342879111,-0.5201693207425416,0.8465380934041971,0.8296432842700461,-1.73711111272141,0.37535428752883493,1.457244088697098,0.10806107795872627,-1.8723776232971319,2.5111544612152215,-0.2867245923430991,-0.40587636857891135,0.3367406738306844,-2.279124399452763,0.5145526368735216,0.36905658184388734,-1.4710623222743089,3.861890516817443,-1.2605660892536015,0.7299173157083183,0.9781969848159191,-0.5751010510104775,-0.5103624964698068,-0.30214018688963545,-4.062240406435208,0.9471772531101952,2.8234769663968864,-0.8804703142638644,0.884897019438023,0.532027454342489,-1.4821996178737311,-1.0222881451735015,1.4169429594297398,1.0306426787224319,-3.0393656371019024,0.6225684024093407,-1.427854294707958,-0.9213848383920608,0.09019475877848643,0.1455258668412167,-0.10483168683966271,-1.7454906647908015,-2.1003263939869505,-0.37853432042039054,0.8935169749613894,0.48267179328314563,-1.5286218186027574,1.86493931957914,-1.2251066369609431,-1.4707631094730593,0.7616489120738856,0.7817757848875617,-0.18668788176973222,0.14387097512573566,-3.1024602088854794,2.1860736663433284,0.7325889275024658,-0.5351766549426774,0.2829095181503107,0.8077004241974017,2.1071134345231557,-0.31239606529975594,-2.3717934031084806,-1.8733426613679716,-0.2510405570779231,0.23346314977572602,-1.5686259177537103,0.2474100745863157,1.6898271213906604,-0.5708473508025376,-0.7987831982877169,0.6176014601392312,1.4250714792635828,-1.776859334674775,0.2540791623036479,-1.7702459708488139,0.18819427394289007,0.5035252489710775,0.4285332393825971,-2.4073060561255084,-1.4274803517633774,1.598323269134458,-3.3836451492467816,-1.2359619478959414,0.45304830306328914,-0.044399384890302596,0.7646554376962481,-0.681558066025126,-0.8043896923464169,1.1744263244792184,-2.162726505992299,0.7857539335490977,0.47730231186579886,-2.27632359616178,-0.5710990516546508,1.3210118646913847,0.49689877581185127,-1.001136590942241,1.7316688230264874,-1.081420859077102,1.557467118587657,-1.2130721511638896,-1.6817871335067296,-0.7584347515674561,-0.7857747672569837,0.3632278415286932,-1.6159640221838965,1.2873004652771118,2.892077556336091,-1.5030107350218171,-2.013479129465846,-0.19429442675419206,-0.9567815932586692,0.7945244477516764,0.14517253776103484,1.622997605086086,0.8609937097185845,1.875372609663181,-0.33005307984558696,0.11035725742386263,-0.20247033360599243,-0.2442154999711165,-1.269619437334698,-1.670221122100841,1.3184217009794246,0.46994675804713426,0.09732478156249133,-0.7115257158893622,0.5161821040960347,-0.001898579116221627,1.0337602360360116,3.0916765889624362,-1.2788518967397162,0.7731451640733563,0.9834576540928429,-1.1411186442925207,-1.7911277987857215,0.01790702343297762,-4.2244642051073615,-2.0580502527811104,-1.5086080699542486,-0.7892720890387472,-2.740998742583609,1.6766801900975499,0.3044858178134228,3.484261045015767,-0.41814677798064487,0.5403572486152133,2.33580985096875,-0.506549573321002,-1.3332927584518013,-1.1786491764756861,-1.5444311387618437,1.8449609389582584,-1.734723982073196,0.2383926081613332,-1.0527819319939509,1.1740814515170483,1.302279190907601,-1.6080015251951953,0.9849391125825269,0.4937027230158554,0.7366549839604281,-0.1895729295053034,0.9055031591929844,3.7566451396801637,-2.350225216158613,-1.2351430790602558,-1.9009672880049275,-0.7548144161358534,0.8992977927038797,1.110073822295131,1.265649579871888,1.1584191024839439,0.3375461038859343,-0.4331029866941279,-1.301321664082741,-0.06948542948241702,-0.27411015844914144,0.0752227408038732,-2.05592100525124,0.3287039245235111,0.7640562214097862,1.1626177979451433,-1.497823744210074,-0.5529663903105853,0.7191516167624532,-2.6077333949797885,0.2006869274891998,1.4883016535721416,0.5657288215877985,-0.804873070626957,1.0709798476049217,-1.0586627861959177,-1.5564561629233888,0.5865470728137137,0.7437478875392256,0.9813819761754079,-0.03548945483958632,1.0687514961360904,0.8129139886239999,-2.150978198465308,1.3089071334037836,0.6176109576931282,-1.4195854159326686,0.5767022941520847,-1.7171681552235358,-3.6606417024198996,-1.258238471513514,1.0633803526505747,-1.5636221447631056,1.5990591431796801,1.1849239244604253,-2.43792698961568,2.1475820458816943,-0.12506095151018384,0.9003305155009754,0.584034853150734,0.5103653305952778,2.1444057040022946,-0.23026288589401872,-1.1975013165261847,-2.181088808802124,0.9074694863001009,0.5542475204253378,0.3806716636919582,-1.9664465054701998,-0.016408145543332586,1.192783143893296,1.5327330361535263,0.03628915764183148,-0.8103031186953784,2.855913368507664,-0.20616941017946225,-1.2412401023704387,1.084914758441924,-0.7085114029973022,-0.7781409681262705,-0.43985062967499255,1.1640223540691843,-1.1588892932747334,-2.4964349360872546,-0.041355553019488456,0.37870289103717564,-4.427743666056954,0.7508798970992825,-0.348861588978746,-2.3886656802020916,2.5845217667403997,-0.8674143374835552,2.082168385153869,1.2137698774880799,-0.5984273198596547,2.943269277787779,1.5009760863673212,1.9724227032839146,-1.6377740481787335,-2.712018952060787,-0.3622192155549072,-1.7434648186299657,-1.160030679087059,-2.228137807810389,-0.6799074955477807,-0.8203711864881709,1.045992758108292,-0.7806597696828175,1.4406081658520529,-0.7447349386495223,-1.4448020648423252,-0.03973917280969294,-0.014103387980074156,1.6732168317780838,1.937620741028999,-1.7841969595511542,-0.8206873491553677,-2.117873725207939,-1.494733753439768,2.441091033179379,-0.7853519953740645,0.00955947505269708,-2.274416465396753,0.5969040546047538,0.1282167313939459,-1.301639330881733,-2.188262313762263,-1.7498225966501675,0.2842648658457311,0.1741028185969387,-1.0967024872410582,0.8229491329237828,-0.9272129277277256,-0.3365089014347089,-1.925783502609974,-0.7110502539926977,-1.0841546185578224,-0.2612330140976241,0.8842060009099907,-3.5061700544028143,-0.2606346669247702,1.556335807722707,1.0836321239119577,0.15133650521763564,1.1860621760444736,3.133655449072553,0.5332347060788288,0.9586868378701352,-0.9861758164794775,0.43032559430658773,-1.7078967203994688,3.128483483420691,1.866118186648593,-1.4341927192699595,0.20843230449711891,-0.81574365389986,0.4690632080205509,-0.6612631600637555,-1.2484635961743356,-0.3453625519619498,-2.6933623717791613,-1.7657934182064998,-1.2553721025687867,1.6977189137304645,-0.9224866561778543,0.723042388008456,-0.796547869804862,0.26573054476471003,1.2617793152112748,2.619503426904334,1.8190824711398514,0.27953538965820646,-1.2312377670622279,-1.7518657151194705,0.885003556724153,-0.6982880946987867,0.7698893846528585,-0.3353084435246704,-0.8925565630074095,3.405931568765252,0.4707107916558084,-0.4877763522089541,1.8530023550526007,-0.14524430960814372,-0.02063643243938626,0.6993291271206123,-1.6058241543741456,0.5449410369378256,0.1622064983012751,1.202362801797706,1.3290767576281763,1.2590739331248009,-0.8356075868613186,-1.0417186902970532,0.22483848761473807,0.19509697028041983,-2.8779097973725722,0.5753439795214571,1.685799607968069,-0.6608709538826301,0.08919344368508741,0.9773703600016719,-0.441483858705337,0.25970417174589816,2.583599947449626,1.6828624242254435,0.4839698603991325,0.4758256581732961,-1.029237217494655,-1.1037447388291446,1.8303805588943003,2.32715998111713,1.3534998724130058,2.7964374889145867,-3.1054334896257143,-0.17269081577457857,-0.40360089393769416,1.0605409446956844,-2.300799037771065,-0.45434909304140014,1.6335934590954253,-0.33786028433039517,1.9338006973014386,1.2791093468907722,-0.7544556496764454,0.26783348119257777,-0.48647905993487117,1.2336310530449903,1.4519024047797053,0.1502329299603224,-1.6502684555367915,2.094503345106574,0.382073649283829,1.223591372496524,-1.278709449397911,-0.2776234079445803,-2.1999792126414346,1.5745680849406856,-0.14280733789907174,1.9119385109454603,-0.5354009591073634,0.328895106280539,0.17374535929460974,1.8596711431672643,0.14491627387060146,0.5570166894288802,0.9003373787898126,3.201626242055942,0.26891468478766756,2.4202174207747484,-1.5814726068212557,2.026584819814845,0.7309224778094697,0.7405499708668675,0.7789452569186696,-1.1761204659897788,-0.9696729795249188,-0.6912237894915885,0.24391287107192666,-0.060132560828767334,-1.6131170306591358,-1.461360836077173,-0.47011287588216766,-1.1540404898304066,-1.5078972631139673,-0.6706758296925417,-3.495144106473197,-1.9431390071969907,-3.0190364407811288,2.125535022812547,-1.8538710394772155,1.527962398760997,1.4350279058354136,0.3195971745520989,-1.8456333717910334,-1.6321100101541932,-0.738421128602442,0.7326149862194846,-0.5245876841649195,1.08867802781214,1.5992835733769122,-0.732260623685461,-0.7400897311826126,-0.6656266058117137,-0.6106512335147055,3.1085201305691,-0.38054222263963955,0.6002306058315783,-0.5595030786922951,0.8714810929805196,-1.6585486530848672,-0.20800680922411363,-1.237605376370618,1.4008843070568564,-0.4374599518655452,2.20315045251631,-0.19003986423335106,-3.2264849756580225,1.624727833385033,-1.246786322138513,-0.4873035865932576,-2.207186819431584,-0.33369021839498425,-1.3162977279038226,-0.692813891704787,1.6037380851951948,-0.7852923112874572,-0.06080171830638814,0.2543944802943124,-1.6740425389741969,0.1531719906474886,2.431525202469624,2.3975845330046135,1.3831748818915548,0.5061101750772039,1.9063459358942014,0.5811721205295448,2.1421259333059153,-0.6487271801359369,-1.1889424763693073,-1.104919329485007,-0.550491051617459,2.658221108189258,-3.657229537149521,0.4163832044708195,-1.412979153331483,0.7410235657149246,-2.3209490338670835,0.3916159807603192,1.7139791990543307,-1.5483510553009336,0.8317591814387404,-0.1539809816399384,1.243636626911525,0.011140097220509862,-0.5051667785591542,0.9228735543926324,-0.1437472191005809,2.907747471081328,1.1160566169099346,1.3416491982877883,-0.18537917261921866,-0.6633618461464801,0.5079607728105187,-0.9394688141643048,-0.8054831708722836,1.876053686732192,-0.6486931326822183,-0.5030643792740696,-1.6232457744405866,-1.3664121783536407,0.7200766786090231,4.751932671007767,0.6731775506903144,-0.03728520613216324,-0.8701069272099222,0.38283347952197283,-0.8924512838013181,-0.9209417468488224,0.08899087863432403,-2.5413149722798147,-0.25142611348627064,0.6281088579560039,-2.573786258286885,-0.9718815203528116,-2.528115332487594,2.1959266838723104,-0.6468372723705115,-1.4306144184019982,0.8729866133208202,2.218981035299094,1.0015487655724544,-1.4017830217119434,2.583204624529882,-1.6192584136232329,-1.8750067220047233,-0.42779731419626055,1.1109005535951653,-1.3502030381835988,-0.6718054816520451,2.0539199649541793,1.2214253371378179,-0.7973178814939027,-1.831611805883439,-3.494172337893634,-1.983857594889706,0.527541456191915,-0.9455456811691683,0.9306323856566678,1.1094381762331609,-1.013165848593632,0.3461323079279393,0.2924165603229685,0.9509124493807639,3.0485922054287786,0.755836703328168,1.2426812276290344,1.5610460505317534,-1.645995815149099,1.4512821875131212,3.640429660200405,0.12018219927591382,0.21942952549744482,-1.1352786393921002,4.572154358379683,-0.6232287258418974,0.5828939465063038,-0.9054606926218487,0.8457207678192608,-1.4636121024696995,-3.5148715027225927,0.49723626401128274,2.6068158438038225,-0.8531353990769485,-0.5461025890059104,-1.0459751589680808,-1.3521528648184107,-1.4154866302064197,-0.9683989266430353,1.1088007356467657,1.0870765695944509,1.0904320998685204,-0.2918102900052766,-1.1477803074505584,0.6320867707461992,-0.3660232383639312,-0.8256568768587674,0.35005101449356757,-1.184070431444014,-1.2204925562820403,-2.202830016060949,0.35402488642214347,-1.5166691250473858,2.9407081327784677,-1.8465387001950675,-3.784512586786725,-1.6475609267228406,-0.1828720079171155,1.9038357854991013,-0.6348633459622139,-0.6922765917781963,-1.47919714651294,-3.9149572161493023,-1.5360100391692666,-1.054538018488711,-0.8346320025355463,1.504768319598095,1.6311556149824091,-1.3680583881330493,1.745929692606663,0.4177358694660399,-1.3570025893346227,0.1855622717731814,-0.973760319731784,0.6390439420599815,1.4143230566467602,-0.1592658376935273,-0.6172417066793561,-0.7197483151943119,0.2983260535810817,0.9325275391690357,0.23858950380409238,-2.3381038564588166,1.282838710921308,1.3540165800609851,-0.3993845126793004,-0.31254646639226463,-0.1143056836287566,0.683540574070254,-1.3683075925804231,0.6951506397832778,1.865212682682046,1.2530272567924918,-2.864408019267882,1.2074739183782466,-2.6266833418576865,-0.22636194717801933,-1.8404105355876277,0.7173172256624679,1.291444296401302,2.8641396284549927,2.473793522606746,0.5828946127412371,-0.8105474353855979,2.483981795848707,-0.6510469924476606,0.798095201153772,-0.847525072027695,0.42572528745994337,0.4783238954949085,-1.704071856686125,-1.4230899497092173,-2.0231046281031486,1.0704171147163082,-1.9651921820689742,-2.550204285159461,-1.0297467488885281,-0.05537172707354335,2.6141430921365743,-3.4617068348254607,1.4172818123953572,-0.20413969286792844,-2.3210768643158484,-0.24483992736652865,1.0815100839258154,-1.7728504613408047,0.3472200391490862,-0.33845740385889234,-0.4983625487257141,-0.8580750486862603,-1.5357362224142563,0.40977989257651015,1.4050663294253916,-0.5989867484439028,-0.42919637160659696,-1.154557372802257,-1.6991287315018158,-0.3866670234982225,0.6900457045105031,-1.4037437475795551,0.9227497103069018,0.6209380626925471,-0.6093330863953633,1.0864929807315578,0.42177112809829087,-2.274369074822358,-0.5640038920167726,-0.7575500234416354,0.46646388619632806,-0.7686013218386217,-3.92552173510047,-0.011444823937679899,0.33456836648013766,1.2866042824384052,-0.5635825116744422,0.8234768121489436,-0.998036768223259,0.6790411128074896,0.8519840471818889,-2.9523368122585802,2.206411585700169,2.0876553287561124,-0.6337867374903549,-0.7514783699699694,-1.0679534238575306,-0.9199968256621334,0.18881226411923652,0.15725871225067295,-1.5853273136534667,0.11437153303172022,-1.3903688577220341,1.7002122551276542,-0.29664565953245714,-2.2271831289448993,-0.2064865609011665,1.9661230753170835,3.0114248803902215,-1.6048838703905919,-0.15282982901918113,-4.391828676383607,-0.25857277925033345,0.0668367774102595,2.0369036058022143,-0.6080842160927301,0.5229685476339496,0.9271871716278817,-0.3994125475165541,0.265958936602729,-0.25305742359365707,-0.20226404406736992,2.84170359024585,-1.334676659327287,0.7868035957721125,-0.0505105000410619,3.945247793996563,0.9666240932876606,-1.2497916012878403,-0.6576044892080467,-0.9103648179982489,2.228735282838683,1.1420852853395775,1.2256945673009068,-1.2234424381662263,-1.0914102643506374,-1.2801305865472243,0.9881477497209952,-1.9336295927981468,1.2711006936163327,-0.04581842600433769,0.8102397360551934,2.331771610255175,-0.7941912436045452,1.4090655078950443,4.233831129652409,-1.2485555869446787,-1.8889073720236689,1.2144119833409557,-3.345558099385699,-0.9004272995841005,0.2467180706714809,-0.750444221138417,-0.9233420000708219,-0.2993818476694161,1.8563689234789496,1.5610976880675689,-1.4098095376295094,-3.037020026518478,-0.41153854534276463,-0.6526872962576928,-1.241818839851483,1.202584145907893,2.4194930758192967,1.8469145514198038,0.5499762398284022,1.5516629211698878,-1.4739962416435661,-1.4194280485697366,0.7928593710022873,-0.6804335823649168,3.363468515424003,-0.7657603463419187,1.1789194588826448,3.071457180961403,0.22430134916865518,-1.2319573221282383,-0.5884516369575424,2.811966924903867,-1.4066791085961543,-1.4253931595439764,1.6583969807574463,1.6585830174387732,2.083755273178138,2.5559636686980776,0.6178436926752359,2.451806188524467,0.2543130955687358,-0.009985902846201489,0.5166779810684625,-0.4915492430793523,1.438598783335189,-1.038805873211817,0.33023788249595565,2.880672729103485,0.06315694800703348,-1.8055869739059354,0.8483474978493868,1.5278435523082146,1.332333560857525,-1.9920056972427238,0.5530514510325377,2.1620418787850473,-0.23524555922768642,2.900488915063715,1.9658237860982914;-0.8247225149236892,-0.8309943295038481,-1.7541109841057798,1.4253970340432058,-0.8125338601239634,-0.031674139768334775,0.5973634426233991,1.2019631442173013,0.6830865375700566,1.0331969674101975,-0.3101531864054822,0.22427642682217458,-0.5001256231907134,2.8560857135802964,-0.2878175279936488,2.379922506878968;-1.115757721021994,3.5283952846151263,0.9914156190679322,-0.468609646315123,0.981448084362688,-0.8826751487471887,0.6880318862423938,2.4648229297844284,0.6004445648986225,-0.12550711376818668,-0.9563234421337761,1.090703084166187,-0.7409888307705482,1.6902536416291554,-0.05277497531425013,-2.2769754970450102,-1.9196655330492265,1.674466844495006,-1.1231489087902764,-0.8994405291175551,0.4113681632707026,-0.6267117088317312,0.6060299881316794,0.59055402955795,0.4447435677993541,0.4888045368548398,1.4843697359852108,0.8345269020884815,-2.938657109506728,1.4803585707682039,0.04636222071607183,-1.2289791129197665,0.0334790378732846,-0.3935121705339286,-0.86277390349983,0.17619643698039464,1.143424260843615,0.047455983719313755,0.4505221631373296,-2.883343689396096,1.770764043512601,0.9853298800287292,-1.0602525682650847,1.0069781241181084,1.1189297508620863,1.0294533602964266,-1.128246833083159,-0.3510035521016658,-0.845905626059829,-1.8283058741461298,3.0729531203406135,-0.5437081517620896,-0.09372908773373384,0.18885261298636535,-0.4540946363467747,1.6282870958442508,-0.17402207317973445,0.6791753919166237,-0.9079707235662472,-0.17288916798939657,-1.3749398578523224,-0.3982818872475661,0.6753444060786041,-0.5858733308016557,-3.1788352731675547,-1.10267115790994,1.3901928154009426,1.9284887747889408,1.3166778734513143,0.6683007489977396,-1.312363962923538,2.355070075620233,1.482625773096582,-0.2201390572265239,1.830074765865199,-0.6397948688947654,-0.03909208504907269,-0.8981287050311562,-1.2011287359911051,-1.3147883814932284,-0.14706200219412613,0.5969648771908537,2.0790188170571615,-1.3585829728828365,0.3065675798147845,-0.8288035347661349,-0.15954180917263033,1.6969601215446073,0.2953311144666403,-1.4629485998816638,0.0026499356029524856,2.132913915011466,-1.852554576069911,0.22761874982663943,-1.912987435384172,2.0899394349688953,0.2193554896878161,0.7334256802118674,-1.4323442485798072,1.4506691419890108,-1.65607326950754,0.029754455834108462,-1.1107781710559452,0.4716922848290971,0.6907161869641882,-0.14322877735409623,-0.05912136550215319,0.2178729579283808,2.348540040998735,0.28796417288118153,-0.410110523712891,-1.7882637356965145,-1.500110479938138,-0.4083381102981648,-0.4057563182179113,0.9685585103311278,-0.3833534151770717,1.0206719492055,0.7229969065056785,0.9193515351911036,-0.730592371058749,1.3391012300926908,1.3854663799502305,-1.0901099450499188,1.0871373639231334,0.9898299684039606,0.6995638377656012,1.0539334392228974,0.8985372489437593,0.7557512483834573,3.11640741571531,-1.4561306551185043,-3.2987007233172,1.0967409102342371,-1.7555928111367534,0.11521297629145832,-0.2013816564848706,1.2929063613454677,0.7966014052330532,-1.2820699032004552,-0.74598836052719,-1.7191396876391454,0.5515394833307162,-2.8458892120703196,-2.172556899321534,-0.9427446969882223,2.3416316462652182,0.676863544967546,0.6456177327446235,-1.1015782725944252,-0.47942262242575834,-0.48042406434539076,-0.3196843563241217,0.5230111272454172,-0.2266803371103437,1.7738867901508288,-2.3852566231239716,0.7057010610771189,2.2741744362515237,-0.24390336732417683;1.226105945347935,0.08725099839207394,0.8278691873856285,0.4586154357530171,-2.0414481389794896,0.6726570871900265,-2.669471560774798,1.6314284243524373,0.48049217881997,0.0965610602374215"
22,-1.511078438243127,"-1.8697302240444913,-0.8083788710901254,-0.07608070317196802,-0.8898400028221722,-0.6109859563369388,0.9750825878247213,-1.9476110595772493,-2.495970050547294,1.605911994699694,-1.184409433828297,-1.653151614324602,0.20558573657948548,0.6472222449204632,-0.854223275253794,0.3146159817431673,-0.004320257619271295,1.194367805140291,1.8283501167741456,0.4526644500409599,2.615784586057804,-1.203564546558528,3.6807368274769563,-1.364720596755075,0.3644524861971688,-0.3219784271198783,-2.132833353753667,0.02118434988759904,-0.18494697958432688,1.9987718712657914,-2.37475912494728,0.283800251559858,-3.109009471356101,-3.426678723010793,-1.0758512123472088,0.2889678830651992,0.48571672500846863,0.39216169853776356,-1.9427939873420648,-1.1791759854419983,1.3071156843738634,-2.2603234185804286,-2.425677275239547,-0.10558689829874585,0.8074054328943312,-0.7185132426050955,-0.5137578105919,2.1886930077677293,0.6863913647432899,1.9915384083272816,3.2918006491134912,0.3983001381117223,-1.2316803457965826,0.351539330064678,-0.20847490977293845,0.25165324875036466,1.7527466260049165,-1.2962449935310993,2.737239951096819,1.493038621177309,1.3661943793851374,1.7114819705190938,0.5683848889775098,0.4751911121534375,-2.7361949215217094,1.933948022268624,0.9218161018284109,-1.6794929390863162,0.5862003019161519,-2.067681163103317,-0.19107950053187828,-0.9283187537366955,-0.6171445686749255,2.4285330270488097,-2.7021082663013836,-1.5796336639693829,0.1350399622592067,-0.04983511850149018,1.2378491814043677,-0.032038773847230195,-0.5342418858835911,1.6914970426465745,-0.9667206417693641,3.3153618005824033,2.490766886346234,-0.25887848716500944,-0.6763931717977667,1.1548603344979897,-0.6892316067437256,1.2659259365735074,0.5595493411390704,2.094883885344478,-1.974206221911086,0.06726443077271543,-0.6598729023097781,0.08587785143753904,1.857722430353284,-2.028524425792556,-0.47244821879111554,0.3146160813515275,-0.6940125183123722,-0.09624993481677782,-1.555111274002171,1.442194697597205,3.253290469366502,2.381580586545477,1.9214635167425513,-0.8370534933985628,-2.001389000983983,1.6430149242984742,-3.766694410343119,-1.3641581678861816,1.55121216571943,-1.7858701134696608,0.5556470966782201,2.6134288795784206,0.08829686576961687,0.9391477441297222,-1.8313519815329344,-0.49627022796643633,-0.49838027338251345,1.0125817654594353,1.1277765056191091,0.4611802556102943,2.489399355802162,1.5119286297322754,-1.0990612301217535,1.2059760093085088,0.432785941596625,0.49685577943882514,-1.5353067779703065,-3.7878677594298376,0.6641003734625737,0.6535523041608536,-0.8209748468911742,0.6799474247529196,1.1168523420068004,-0.5522063275236092,2.0344743198627095,0.04155823799080682,-3.1598075388281837,-1.025723026666193,2.0652305602599377,1.5331087180633711,0.8175100168049596,-0.11879281565913012,1.4614399576307469,-0.5093581621007894,0.9632200074675057,-0.712644294965532,-1.6348367388212892,1.5347907985678377,-0.7403993401321407,-3.0953185599116,-2.263445094563577,-0.42717834216421813,-1.2047559905650784,-0.8974015707750425,-2.5435487155277268,0.9595576664093237,-1.5526040424914622,0.32476043173683555,-1.8228527466945568,-0.47689779469567517,-0.8333651916205397,2.5189922489887353,0.6273933817599548,2.5723369168881565,0.22934563772673405,-0.14841016454450445,-0.29302063132721673,-1.5057801700779716,-0.29967380227391127,-2.5356291823422925,0.7267825457115642,0.6300978922204614,0.689825417722678,-1.5095825804555516,-0.9982180612567425,-1.2311873315404078,2.145816141548303,-0.5545122695556693,1.356161361863355,0.37766799659465855,0.0868154848322984,-0.417691931418802,-3.2739532838291194,-1.6155374682323398,-2.3393404771419264,1.8521459646014509,1.7686560976018717,1.5147235362501301,-0.4267202629007473,0.7905282559825261,0.04518689274886578,-0.5650788163095883,-4.599546017289205,1.5163276987142171,-0.2908123308182162,0.39086229115184995,-1.1381116818193409,0.3345058606645718,-0.7104758656792795,2.2238995968658344,2.3118296980794013,-0.7159634111064979,-0.9870477070872667,1.548158020975709,-1.4748945867660093,-0.7192213647689573,1.4742305853291335,-0.3559770158327975,1.3792911392725178,0.7469591923769834,0.2174079687925201,-1.4238210855471833,1.094020422438267,0.05362097177239018,0.530530522388802,0.7985090135715344,1.1527526750430344,-1.7498048308259717,1.5580003776948521,-0.5281490835929821,-2.208426669337797,0.47095155578571773,-1.6535562155217405,0.37472774426919375,-2.247499912597089,-1.5193494744906668,-1.9819546779488344,-1.1751547111432465,-0.5124042377484206,-2.088808511268674,-2.012885969494913,1.223032764838687,0.1688384696280436,-1.1247495534958443,1.4820801517285214,2.4657560126832916,-1.687549795425879,0.4188244263958316,0.20407926783988825,0.7264068895665555,-0.18246343936794945,-1.5011510496197982,-2.672031713813138,0.37679445013389157,-0.47865472780390605,-2.243132665135505,-0.24873638684271654,1.9391074958876542,-0.618099348500608,-0.5608015618764741,-1.1666819237292287,1.1169069651129246,-1.0248657951830258,0.9563641124211582,-0.11251918370095526,2.1897032142530444,1.9196433925787084,1.4578008669236509,0.5241545699852777,-0.43630460593544274,-0.4448765038868151,0.836537669632566,2.342611187501397,-1.1670992882638795,-0.4237830619265368,-0.6554079740295214,-0.9911848540259642,-0.18543668895767096,-0.8648459613910124,2.197230993229833,-3.1450245695753996,-1.5691164324858886,-1.1941339694464408,2.853537297614176,-1.5540926230030856,-1.583877265998698,-0.4718004766397417,-1.6922567273512588,-0.029472891522663136,-2.246872392113364,-2.3205894531941453,-1.3686877306956562,-0.14921315731354481,-3.2319253043777985,1.6843853870703707,-0.6166509131157885,-0.11700144367541632,-1.7543125938553021,1.3583456501003806,-0.5357103924368345,-2.3261995533625655,-1.1879984275369861,1.9252746046928828,1.186063478907854,2.5163739540583157,0.41010278831993785,2.5854692686444283,-0.506635308661777,0.08901055387951146,0.6295376525037917,-0.69548046356554,-1.695879717148693,1.2058932570393421,-1.711063181764977,-0.5945414427139215,0.38327018757268544,-0.6166114145942392,0.6609731272035325,1.2316630514564502,-0.035691413399999095,-0.4139325394972144,-0.0014945844585043666,1.5468117374198473,1.307310872145843,-1.4590005455041912,0.0470448694028619,0.9609297615394246,-2.8252533386332996,-1.8247922079234036,-0.6630954804232336,0.3729345148719917,-0.766844686201589,-1.9215740008386577,0.20176957663236667,-0.6886595291809495,-0.9106268603882506,-0.39626083103311033,-0.6387308933773019,1.8538280825502598,-1.9553818769034625,-0.7522246040377284,1.0066912895859905,0.06326013675037068,0.923541263499549,1.0207479412520124,2.642384486985174,0.48708643780443306,2.042825201033978,-1.2023761173598955,0.6079829933616048,0.4981267157621311,-1.917111131596403,1.2702379708558669,0.9916316640656336,-0.2581505156608931,-1.8471144364752825,2.0355959457996304,-1.0234825247092578,-0.3592414028708602,-0.6168461731046717,-3.0235459965873304,0.05489054183328734,-0.11379647413609606,-2.3181002706312994,2.8206403702480185,-0.5937040807901172,-0.057818227616063825,0.3503057945212116,0.3049215879033505,-0.324346167988128,0.4555463098861005,-4.917978581766317,0.5732835393433161,3.5903522246896395,-1.304446874717752,0.4809749799009462,0.5630189422087141,-1.8815459366926341,-1.200045863357385,1.3769765251532218,0.7771818003140325,-3.2798992315343605,0.8589734393782986,-2.187148785130833,-0.5829068621094735,0.17030320260093007,-0.14288070619960724,0.03315476215248642,-1.7783874211310007,-1.3452555507230521,-0.17510131921965733,0.7934233334806926,0.09064227278919562,-0.7115239803604568,1.0539595651015543,-1.5099305065297124,-1.8777676054207417,-0.3476722359924988,1.3307067920370201,-0.056015377705599445,1.1443699088480952,-2.4901405900528575,0.8581451165981168,0.6037437215967767,1.1422724177820758,0.8835205482377171,1.596215915615657,1.7819626159992674,-0.9632197610482176,-2.2619671308590825,-1.1318926117750991,-0.0657391503616105,-0.04780135500938873,-1.716544602518596,0.46122096008410834,1.2619415531492355,-0.9148633110238131,0.23484868450027802,0.6482120950216128,1.8824294340238903,-1.2080465076546456,1.0656521728687092,-2.0497938801397124,-0.15212836375771582,1.2132802133643432,0.5934529260719573,-2.6830356148661156,-0.8685879491212577,1.8177803592129391,-2.8221161974800717,-1.107654870137228,0.7445138476849894,-1.192376649726707,1.6388815682029851,-0.6963784968100989,-0.19583936294037468,1.3091016935337474,-2.551966248500503,1.0038300882430229,0.6498600808067975,-1.5101402828241905,-0.26230465164846434,1.7338430478872653,-0.18530898921094885,-0.5396808031524829,1.9828191980861982,-1.2265829690756216,1.397532202480656,-1.9516311047876598,-1.1764192290123867,-2.029211129993136,-0.6890543613821043,2.1365187599471427,-1.4504019644516297,1.353069259542724,2.11982529788666,-2.1893317234283383,-0.518294922483502,-0.526614660945849,-1.0577722088321901,0.33245992389650475,0.24970705951966332,1.1637482800603185,1.1024441212117073,0.7755368282646153,-0.031321429945414536,0.39387998202647634,-0.573662942217308,-0.8030781264215656,-1.0894631029416708,-1.9112096938658933,1.3915203040735717,1.4906020902927564,0.5084340440144552,-1.3920394717380151,0.497984853976843,0.3731191794602832,1.2126293584015522,2.9616220733478182,-1.0766760879982933,0.016781636848341996,0.9906405377292024,-1.33301323517241,-1.1113951074283657,0.23353891910468608,-4.183009433611527,-1.4230105538594902,-1.5287635249348492,-1.092442780799955,-2.98008393652879,1.0533141796913978,0.419639080503642,2.025667557558408,-0.5803414101536316,0.27168255592564167,2.334764327857587,-1.0244885172986327,-0.9335559204831061,-1.4469791241720613,-0.8834546376379114,1.2272451077356972,-1.093106849376884,0.028162924583716914,0.0527091910975071,0.6425160960948044,1.3078621685446337,-1.7489918178572164,1.2542999375866382,0.6991137075781837,0.27850904891564576,-0.9816869825034864,1.0125065538505167,3.087345283070082,-1.8704416825874841,-0.5565750166374343,-0.9503612647086112,-0.9804923059191143,0.8974450024377726,0.1467888749106272,1.980556359578839,1.624351765492451,-0.22155760256711782,-0.2309288083309881,-1.6438328206866137,0.05136612487923373,0.0045109514831607085,-0.5337723574132611,-1.0864165116862141,0.188716310114599,-0.17727005579712826,0.3760525217804416,-1.017823500176986,0.5824006109553264,1.2518092647118928,-2.884375265873908,0.1125594101739377,1.0902234411666147,0.2062654342183584,-1.1168778288313321,1.1564568144837553,-0.8166615145966121,-1.3849514107822622,1.2768132325443777,1.1453805313427372,2.376339530544757,1.0606192949770439,0.8643518792795977,0.6393222976797662,-1.6941594876313677,0.22064007384884948,-0.13537179475702843,-1.3789047439792943,0.903020741838215,-1.6965077990855846,-3.218088498535243,-0.8572365104007187,1.2836221212517507,-0.13727793781401754,2.2370447254356796,0.15943688509158568,-2.6333069919725633,1.4069903402901995,-0.17974980340224836,-0.030862575383662993,-0.2523628674293436,0.2461557087073259,2.6457917873622376,0.6413331837066693,-0.7378846348310055,-2.2406534348435265,-0.36545189408490664,1.1327195472661091,0.4913200256385636,-1.2310537142783808,-0.269964754486266,1.1833439662836012,1.3949057415331412,-0.3013136825589039,-0.32316406358854743,2.3180385586082215,0.09599931133726106,-1.7469130612034478,1.7874662373749042,-0.36851656563296836,-2.086362794415365,-1.1177736669582952,0.8745994986396713,-1.439661873775854,-3.323145449908083,-0.9099739077917014,-0.443288678646751,-2.895176702794255,-0.6301883765158576,-0.39345889904034725,-2.599999134248091,1.7475853965867902,0.04130129341489246,1.3183132408139073,-0.2592875582414753,0.18026612709803386,2.4231042343685436,1.7951354934680943,2.8704752745936135,-1.989453229212159,-2.261424984727546,-0.5509568486409226,-1.6307811406769555,-1.1198523075547016,-2.3377422588541052,-0.8862021897855797,0.28997692379582635,0.9102047389513801,-0.4522386220814873,1.3770554743554904,-0.8019391966397682,-0.8473221816866976,-0.2033549962387956,-1.2057932917064884,1.8102306723405281,1.2441265545371003,-2.431743211448995,-0.6437775644362348,-1.6285166707835883,-1.1429162885311621,2.0956445979133753,-0.49743284380441727,0.08319823554972647,-0.9335511475468182,0.8900633958689634,0.3811266219065533,-2.20704279583274,-1.6066466126125714,-0.8736816165645244,-0.225973243816493,0.255069267193155,-1.4139891529044684,1.4027241937525756,-1.2010367192580194,-0.7835757913568484,-2.3544936111860726,-0.6448281359819905,-0.8137123023660325,-0.40235953594326274,0.5848983473040159,-2.344414974936373,0.3709737624871644,1.9702091384385607,1.9090947510705218,0.9011703638582467,1.145399945417407,3.5412663762210403,0.41629946574020726,1.1788629717366188,-1.078423256273112,-0.01639755848812511,-1.7695751772831065,3.4101964366355033,1.9031398904395351,-1.446201673647045,1.5607846081903718,-0.8614856527309391,0.4578935905701577,-1.3045835043648577,-1.2924039327142274,-0.29125741610886563,-2.935076104642493,-2.7035357817654493,-0.42118693563199994,2.2414812144272918,-0.525605628237777,0.31337979679622996,-0.6543363383918082,0.5009023689482165,1.7389452648823054,2.423346482698419,1.26407470630248,0.48109665268965973,-1.173581112644765,-0.491883949055005,0.8948266628705792,-1.4721033667057422,-0.3409433382218111,-0.49110636963424703,-1.5781868107654158,4.29102789347804,1.5784260991607941,-0.682130676148572,1.755250572867104,1.0547022484135358,0.0806728606601951,-0.47876173620352047,-0.9359214754981943,0.569433323703177,0.9692099275674111,1.009831527107338,1.8139309302528808,1.2326479090248432,-0.7958218452237898,-0.6398395666850688,0.07678361117981519,-0.10802770478165824,-2.5627089553463707,0.800361003993328,0.9434904054693484,-0.5968761023711193,1.9040981284438976,0.6585292166506569,-0.06165122130157009,0.4519543739540416,2.792105722436089,1.392303749028833,-0.6428102074657168,1.840797670341595,-0.8794336179181582,-0.7517776897839572,1.9383352999772445,2.4212939911956575,1.318608530484162,2.085985580055479,-3.1659417775863323,-0.33408510315787565,-0.30125597254621045,0.5121547696084698,-1.9015620898242434,-0.24257960121645997,1.231771655695666,-0.6916893317601321,3.3272634423610414,1.040155381989133,-0.9132148063504479,-0.399659935493701,0.06674630206045107,0.5126678583247833,1.2573267058174116,0.8728012335162412,-1.7579066075655927,1.8220414052577707,-1.1126047352900612,0.862473805082756,-2.4009501124341854,0.18986456442225352,-2.9524017093446253,1.5747430536254523,-1.4223907595215248,1.6448507325256483,-0.8987844307680548,1.0646513437768168,-0.14258271907105796,1.241083649665041,1.026738685769656,0.25602663739055065,0.21646842560774765,2.633383819869711,0.051765189814447055,2.196436810587035,-1.4175166649186899,2.12740969018443,0.6440242019562854,0.3068095283581834,1.2851781700052438,-0.7312303394251051,-2.26890264907246,-0.16846430587308098,0.30593078165336524,-0.3824687987955682,-1.5314333369508217,-2.375140895073637,-0.0872739735534872,-0.5326247362499906,-1.3006644558475347,-0.5930668394145375,-4.796269683704679,-1.2789607937395115,-2.925977015403632,1.6749876370730628,-1.6655142023158123,2.028167961617867,1.08413168119371,0.04682108973474819,-1.32901995307511,-1.7774032229350134,-0.8982926282203522,0.06836660994814475,0.5450982093726269,0.3218871526931378,1.812223121922263,-0.007420366812846357,-0.587292832824549,-0.6480473583903125,-1.1049637803601975,2.5032436225089123,-0.36136877921373023,1.072637894963539,-0.012085519367247582,0.3591678933520706,-1.3521621729178666,-0.20649266988579168,-2.2288047250281138,0.9830867950416461,-1.3761725521493502,1.5480423495001927,-1.6427199872364513,-2.976330753742191,1.7781666536486946,-1.3350192846477387,-0.31390946987330737,-1.4906807812610148,-0.43134708819742895,-1.4857655068004714,1.0935059943138126,1.077215131517258,-0.9492167957307465,-0.22956873081948015,0.2238920141122242,-2.4245475167537345,-0.4425441442960762,2.2515036647885296,2.6980867169717366,1.2791197035511026,0.7164110459926823,1.291042185972676,0.06886974620653497,1.264784092480185,-0.85279226753891,-1.9453267586130616,-1.5402438902307884,-0.2208599773785593,1.5078025386023937,-5.1285603700024796,-0.0008605832725283036,-1.2905342092840641,1.0942868060197106,-1.5065407603727077,0.4113457772134982,2.165941241621044,-0.13289924072486736,0.8356750973480276,0.37663403666666806,1.5920362692197445,0.7208532637546136,-0.1212489105066934,1.9333066595779518,0.46620016608074843,3.1392743976205604,1.526861642355545,1.0116940486152148,-0.25405000496130264,-1.221182883269104,0.3092098012918726,-0.7887470686204674,0.3656885129118873,2.137806497122249,-0.9576893390944479,0.029960329386309492,-1.9947289520367333,-0.7137889934316834,-0.04545011432712409,4.632442936441848,0.5117377971239823,0.35110025856561267,-0.9874708724201093,-0.4135609991560324,-1.362315532648954,-1.2787989154373145,-0.5540748483695531,-2.6442481228143198,0.5701078988639211,1.7265036147732726,-2.5445577244347444,-0.7138847313692366,-3.1935929799674105,3.0427176940682505,-0.891283427413171,-0.9241556195359216,0.7139380486575522,1.8411235570161444,0.4143946407262567,-0.8584978700774413,2.302172431085543,-1.5369417378126526,-0.7026730383257559,-1.0723373077841092,1.1954757435135595,-1.1750947700279617,-0.9464805802120682,2.1699298485446405,1.4849519020659014,-0.0589406068675133,-2.2720697408569963,-2.5555813962757012,-2.074823400537872,1.2320688658576566,-1.8639104246236644,0.7333874032190875,0.9781185653774978,-0.18103662162183543,0.473569571406865,-0.865508595571851,0.7239468788963748,2.552094430240153,0.6273000572318094,1.4963542229339981,2.1091218341776563,-0.48639881422347686,1.042869242745631,2.6798862458263417,-0.2281697553415724,0.043416820592931726,-1.435187215447548,4.039256574727715,-0.9816942191013549,-0.07465938493630797,-1.7182723958629595,0.8011291959161057,-1.2543787288345882,-3.946965373134639,0.13442159742741122,2.491166925762486,-0.9651833445553566,-0.8310005757029502,-0.5767154913700381,-1.5906933723678283,-1.5037961012340653,-1.00861842975994,1.6213054062795784,1.2489151076892706,0.5662776567479804,0.47575926968375315,-1.6094919110124566,0.7268333068043695,-0.7723844131432058,-0.33721088012631856,0.21603347660625782,-0.29832992081178134,-2.337803247679992,-2.6485085854335484,0.05958829505958518,-1.6949506171418232,3.0580901913510337,-1.7387866955123694,-3.277430023919382,-1.0721358018950558,0.03197094487875285,1.5813492972303635,-0.17189282585156668,-0.5664622403647173,-1.0759018667161493,-4.144978251329876,-1.47913527635859,-1.6443139633649984,-0.24947712140113262,1.3054192403768174,2.11879577831896,-0.7509995382153706,-0.01684155691476863,-0.6791211564800892,-1.0932177518188895,-0.6698127334226072,-0.9703832946130033,0.13719898112026618,2.6019013546291028,-1.0246045604913698,-1.4741835345922913,-0.17838629654137167,-0.18692932025019066,0.4790080491156288,0.8117567460588677,-1.81924388331656,1.2819388930312634,0.948379536537415,0.25373283260851387,-0.6087544004956607,0.4038032617827699,0.20052861221763826,-1.0037156397360674,1.204205155769666,1.8493512450692924,2.3817512594065917,-3.907284028216792,2.323294182341543,-2.1077089550440897,0.24007980019970582,-0.4498037403175854,0.4204250580239631,2.5678398389524864,2.9257456585851527,2.4180895054740468,-0.3183791418378421,-0.5927018365414811,2.350858741484379,-0.7464514268869269,1.123107742626945,-1.1401300513388823,0.8205028960759099,0.5391818561003177,-1.8838367135486171,-2.033676523620966,-1.8239060813575185,0.6416737033953861,-2.1265597032788555,-2.675261657180231,-1.0492560467332073,-0.4994763527614409,3.5741781134129282,-1.4839443939384886,1.7777109219780485,-0.5554192788656918,-2.3919511593975575,0.3930245998835634,1.6891931926729904,-2.3793081935653957,-0.41668618797007867,-0.48891059828695,-0.13544791734608636,-0.18485105443924746,-1.0157339891310713,-1.2489647742346899,0.7003065593810082,-0.03755166486998995,-0.752690199836199,-0.8126019128575851,-1.4000954074952547,-0.1682374515844566,0.6629946217951043,-0.27911870953019474,1.210031480694456,0.9131140228615473,0.32768039704747676,0.11666359505192403,-0.690342743175563,-2.4214609559045606,-0.05823666238149325,0.05414276313049954,0.692001663286478,-0.30964206356744717,-2.688821103392665,-0.24057761551606427,-0.04970807819397119,0.35461913665502465,-0.7896846372039741,0.6424310394572861,-1.1738485976328976,1.4464106956258098,1.1782549212393298,-2.8815479243965587,2.410600867037252,2.251276072849033,-0.6233594130010236,-0.6633465556230587,-0.9557878304444968,-0.6159567330244611,0.16587379753716647,-0.11111917512844025,-2.040087949291509,-0.02982801051248707,-2.0024966849818475,0.9218597800682515,-0.8675014241039658,-1.9278720076247924,-0.38885637961406777,1.8627309552913491,2.828653454953665,-1.4017978561787445,0.7786606665504526,-3.472830212863455,-0.6300988104009027,0.5691854493440158,2.014492536739433,-1.053706093837333,-0.10403319222465737,0.9855718394082523,0.5334112994489607,0.28362413945198073,-0.13119603682198422,-0.7589023526534949,2.5990705717245675,-1.1192018056410618,0.9488074606188213,0.37719176097235346,3.28274373059495,-0.3112946793704976,0.03693626866268507,-1.4673553614069421,-0.40780899022252637,1.8920654972840514,0.6302705937869468,1.744875459853429,-1.5338646438552057,-1.4398151912548545,-1.8177127599358227,0.451272345261618,-1.5353614625885657,1.1275101381958779,-0.47753819726099833,-0.6667462211476842,1.3394280340461484,-0.4368667554255159,1.12066359524577,2.896382991727745,-0.6406673298991262,-2.337207339008995,1.8506360343858193,-2.2696655556300063,-1.6205050285940794,0.5967725655180895,-0.1419872371882489,-0.05905112997316786,-1.32218123306277,1.3618741408377817,1.69402222025924,-1.738525714608794,-3.0688416971525987,-0.6448216966367547,-0.0748762555410531,-1.940205795160224,1.3646417756383924,2.7493416329211477,2.0160067056860065,-0.16945051652692475,0.879810522580118,-1.2871724072445212,-2.3232899060101357,0.7531729187135674,-0.2689656709079734,3.830688444198122,-0.9684628608015536,0.19415046888812265,2.7428975314887483,0.45828243649672395,-1.1278189989011345,0.1543968949997212,2.5204224198200604,-1.9645629952434829,-1.5849994020768707,2.7400798599682235,0.5249729960327576,1.124714147672674,1.327734144928126,0.7990556967724423,2.234804096658238,0.8777357376676866,-0.007903756871057488,1.2579964749086268,-0.5130029665738607,1.3778670137079576,-1.443545654593294,0.5462617265174113,2.8195404716690367,-0.07572395078792332,-1.1597164569427987,0.9679231276918983,0.10510065251558387,1.769086430061716,-1.3803074604561272,0.24507641987159753,1.7593013594728575,-0.4092080544789284,2.390362057468682,1.8210439540614898;-0.39085633372731704,-1.3210756202744283,-1.7396162416424974,0.7984831720693606,-0.17807193876687177,0.516144602819068,-1.0272461983094379,0.7404419873846289,1.0015921830792927,1.370176541299992,0.5867299252236913,0.37823193298501145,-1.1624338749849819,2.964519661973966,0.18928311127667802,2.862881325308736;-1.4022997959072594,3.3371991962598857,-0.02696001133594217,-0.8111851448133396,-0.2078744199798831,0.6192240015509772,0.2459180961715633,2.0869498997995515,0.6944990587993279,-0.4406684504297107,-0.5026235518588875,0.31531266578637696,-0.15606903539587935,0.6839134091127992,0.09407219838771397,-2.30625652682832,-2.4794964078142163,0.657365179573944,-1.014843027941594,-0.5050666417999585,1.7681385469039754,0.5335238369976187,1.5889590757966907,1.1912031962636238,1.357381440557735,0.25076864614880445,0.5301522977570614,0.2986153431676618,-0.781568505055759,1.5924190750570382,0.03616949811114965,-1.729541071288116,0.8520384973347821,0.6965447549882154,-1.3755243142897466,0.4999949386607666,0.08937228267817625,-0.1820541978309319,0.8615916614617513,-2.4622053423904235,1.4656723578659736,0.48342669624615486,-0.4697471698895632,0.9925701154465011,0.48791607581456875,1.744520574141915,-0.4045971542586247,-0.3172608962104407,0.7524643618305675,-1.990553182539792,2.2802934836030353,-0.6974790400162038,0.24484534422017112,-0.591367263481501,-1.181186295950275,1.3064109242589057,0.41253986288665573,0.31852096375467126,-0.7461795787335803,1.4748771667556089,-2.3232492920525325,-0.37388428148313535,0.1155812095246252,-1.0082749474873909,-2.4527948094302836,-1.3278752564527836,0.5407281155456981,2.2303646611908374,1.088855223541574,0.5845880533815964,-0.7510553777482316,1.7825855805552346,1.3586056531141941,-0.4829566230069399,0.9557784361730303,-0.41441861315493017,0.3556252185842578,-2.228933988821881,-1.063580939093436,-0.5628371894693791,-0.8304524859710309,1.363940689770186,2.4246615120903536,-0.7464591322724355,0.3753090829085177,-0.9433924119945754,-0.6435630469637267,0.539163198258779,0.3507694091073898,0.4857585389536335,-0.9714836989028036,1.4797063911502508,-1.3253407895668408,0.2133754158927207,-2.36687589142791,2.2826177817392694,0.7897513381889669,1.4633222346898347,-1.1887388456481094,0.3655120304600832,-1.8251936031940572,-0.6058027658501675,-0.6132471592778599,1.1830394108412363,0.4180397193576484,0.2767301524067021,0.7272104756945875,-0.4272541302888745,2.074552893476915,1.1215817890210036,-0.21944281405101707,-1.5493127861874239,-0.7363675704120725,-0.4352378261052055,-1.6791650410933325,1.1629982809284019,-1.9399044079229641,1.8050098748262067,1.6249740345032708,0.4165638545277739,-0.36156158904003965,0.5969638893623725,1.2485131461605805,-0.8048375464722639,1.0336719929679563,0.5284794106501916,1.0898986084370232,0.8095541444347322,0.7269867901249771,0.9386132635182545,1.3521379062934042,-2.458411911126401,-2.1902896375443692,0.7414433251908013,-2.650919100869019,0.05885205131343596,-0.4113537701631479,2.067055635413991,1.24041732495704,-1.2665646024957207,-0.24839191062865493,-0.9475601154114404,-0.07192300100603534,-2.6179048197040813,-1.3877967650326442,-1.406053217319111,2.7913966956877534,-0.13779067578800835,0.17576943314433757,-0.8792048070445332,0.2979836662416184,0.09870396158807881,0.12521935225414155,1.6535459709496165,0.8555679091728496,1.087551136410097,-2.973783221221657,0.44748914878893437,2.2859000362122646,0.8056906706903875;1.2207429063449062,0.07796638666176796,0.7823915909107872,0.2073045650548782,-1.4621818311089023,0.9370810051858014,-3.0452358696812354,1.3842452687901479,0.12051803377459411,0.703016853780785"
23,-1.5507729861624258,"-1.4158096034314567,-1.7651456627339006,-0.8410778051021569,-1.0854081032144762,-0.7859371739137821,1.6914466375462796,-2.655122591492458,-3.7772838122213983,2.2030443398872563,-0.6895552501272314,-1.4714933706610835,0.8966577884105157,0.27811230048652846,-0.9445139540117126,0.4965709243289057,0.1091060031929111,1.6961354926636714,1.4981722456625481,-0.6037248970157988,1.6927964308246481,-1.6598886733189873,3.219502930506746,-1.5292917980326255,0.1532357716453468,-0.9834595290539211,-1.4273832239743927,-0.022653409715658657,-0.4886980589955007,1.6110322723196815,-2.4267905252737396,-1.1999924742839967,-3.61374102086723,-3.572701007376658,-1.2656516067729835,0.0445731558665772,0.5782953764065564,-0.4804744989640923,-0.7424443951935519,0.6554767445410571,1.0583766313236733,-2.0162982613798466,-2.4416688239341706,-0.3851259227805288,0.7922569936869753,0.024200354575961314,-0.6454366323652564,2.3720369211910532,0.865920397918605,2.3596312647319357,2.842036546444539,-0.17861676585420716,-1.4403589688420126,0.4689560879394298,0.22705679147038485,0.5316743756859917,2.438923373082945,-0.9173280606010393,2.7913128496272988,1.9017535136007357,1.3127522101217477,1.8707743915732553,1.1206034619441652,0.2718686202404616,-2.9650087747613147,1.6283534424488841,1.3413424743005393,-1.309851842250962,-0.364662424771937,-1.4604003549335953,-1.2278705804777377,-1.1117982435191025,-0.6598089056271608,2.972800898051529,-2.797438045401914,-1.4563048716051596,0.42511094665545734,-0.5200881706413474,1.2969892581378883,-0.27876608418138804,-1.179163669937254,1.9575817453606668,-2.1850959137008186,3.1442080788033424,2.894775754782546,-0.5205316226033505,-1.1615135556112945,0.2293926149842399,-0.433713791569956,1.8059887665889625,-0.5364021285737912,1.6404566699555607,-1.4523435515601752,-1.222559601241007,-1.2915248529196672,-0.37548821489153106,0.9763561395172027,-1.869823824432011,-0.6075629538242399,-0.45704834707293535,-0.30718480816156607,-0.4400414314653128,-1.7626934880493788,0.4794690666625441,4.2317063702538675,1.7990503034117917,1.5365828802381896,-0.9157773144287739,-1.9113702889849575,0.7802678631092556,-3.6005802001296168,-0.8649410093917509,1.0787031988650593,-2.1088436139851754,1.3780097344208388,1.9756952740176228,0.28361784051404976,0.19616968310585778,-2.3520234217177025,-0.7491838469985402,-0.5034044427373434,1.5166112904531128,0.5548760138791353,0.12375004327940214,2.1418873133334677,1.3832793370562604,-1.3115427019302528,0.560146878679924,0.9647290450028081,0.6626480669448003,-1.6647479573189239,-3.710381192670067,0.7274982588317402,1.1360361778152521,-0.10525069525953674,0.06357149586231123,1.0690634685485367,-0.7608353916520258,1.31971648571451,1.5045312012002512,-2.949010980579342,-1.1965560701459166,1.7519583480701781,1.06063238972206,-0.36672870684644154,0.19084850906599093,0.8366330995605504,-0.691692945032609,1.3460043065949645,-0.8274578945970544,-1.502996063371591,0.37797311902632486,-0.45277389657230926,-2.7195857714259652,-2.5364138494982353,-0.7577582089630409,-1.361238318778989,0.40155657253400423,-1.361853792064066,1.2800204067662844,-1.5583746996812742,-0.8994358163534847,-1.485617465249611,-0.5428118267700252,-0.24446625937927316,3.435746558091384,0.3438026702195782,2.908567434780068,-1.0808925345001508,0.5889515802846217,-0.8273813486112038,-1.7735074484518503,-0.9669408453431376,-1.9337104869985988,0.1294771133956924,0.7992796847112695,1.1340318910084182,-1.110936600942454,-1.0530121233424814,-0.7340702084028344,2.6782311581408607,-0.5714160796102014,-0.4804739524947195,0.860636320040313,-0.06772619057678747,-2.1496670081772162,-2.8868243734977628,-1.2870545554348958,-1.7193483079990584,1.761548444437086,1.7052901091122556,1.163200095197968,0.10976306836416433,1.8104350722135232,-0.4973560924509709,-0.5709462189514019,-4.193930244846772,0.9027382923030116,-0.3985279193412432,0.8814997290904618,-0.7761413136811657,-0.557158594952523,-0.21499872668224862,2.744150911291696,2.97105642742974,-1.0208350301724127,-0.37730556629941825,1.1618152529538657,-1.0207483075622905,-0.6427513713612929,1.4117422902058643,-1.141441792024592,1.4941260695826308,-0.06421291579589117,0.16458250652448836,-1.59260515061984,0.42006951187017283,0.5196829585733546,-0.07358927072138588,0.9344508300067416,1.724297714442086,-1.2574505782004473,1.3454491437127172,-0.3970790521116534,-1.261019483457197,-0.34984260135443523,-1.4249267166210688,0.7586230279441439,-1.117619650136287,-1.9420470596267694,-1.7014490855930509,-0.8626785249223501,-0.26261025275254246,-2.6070118570723904,-2.8700758681537843,1.2940002712095693,0.4484699037946739,-0.38136957643795144,1.7268267243127289,2.366276191133572,-3.0454553396701707,0.9737843512039461,0.6203700141545736,0.9767918907450814,-0.2085640228799303,-0.2114816491474787,-1.414865973867801,0.8366154068229779,-0.610694491791967,-1.4208140623979262,-0.2546080808970948,2.133337531235309,-1.8537222068650794,1.0368221454816466,-0.7496084660090607,1.3522564678953906,-0.12816793544246818,0.7876126554436125,0.0009907704122129046,2.4481056216688724,2.079612484923392,1.401848001845501,0.7787209066111965,-0.33285282949032285,-1.8189515210830514,1.3648891583901985,1.9173865729180983,-0.8077216060273298,-1.263388615931543,-1.195192381143205,-1.4021483764211045,-1.569371125069547,-0.39571132876966375,2.3131108825730577,-2.8268082644628496,-2.2826378433715333,-0.8825358738412318,2.052794373396809,-1.2332051969235296,-0.8412161571430412,-0.9766502469314191,-2.0258143831861606,-0.5323364069661145,-1.8614667094765855,-1.534541170121689,-1.3733965555899574,-0.5051709239101394,-2.801099002329593,1.337916765548559,-0.6141432976884458,-0.6280593643719402,-1.3826955973973558,1.373571906435573,-1.1512112093203424,-1.8854500454548497,-1.3826412730216604,1.5721150451783488,0.8938613968256939,1.464444621489478,0.07059487108921103,1.7612425914816576,-0.11602513855834606,-0.08330660217569623,-0.04586698794604166,0.5315329462973173,-1.5103650218412228,2.0585883751661775,-1.830256045097906,-1.2745038069199919,0.9209012681417512,0.6273205965489902,0.4987298787349388,0.36801849197479475,-0.06379459741259735,-0.14878315281354332,-1.246530089792644,1.5394709646636515,0.3649607527454048,-0.7914748043638734,-0.9190735594650685,1.4604340985570947,-2.307646181641139,-2.3957577086126034,-0.3516555145424153,0.8082080711437978,-0.41015442141475567,-1.9400533422178148,0.6600105623577087,-0.21283711829482094,-1.475826799346066,0.3819961813664947,-0.6275794720708011,2.530619974525753,-0.9314549753975031,-0.09742113459303214,1.5436591106646118,0.5521966465795318,0.9307273064849098,0.06121985741031466,2.322053965506349,-0.8363126825154692,2.5674838549946526,-0.9941026516256583,0.7587903343483339,0.6308647535758898,-2.585352172352348,1.666484554706079,1.2334417794680719,0.5143434651364392,-1.0508441972792588,2.355525082641126,-0.8622922262062869,0.17849057393740098,-0.7740783175425304,-2.607950650378323,0.5303753546438935,0.9983108382343677,-2.1051236803631506,3.8091888748348284,-0.6137205812593951,-0.1901166021262028,1.3259176315854946,0.48115905326812713,-0.005841938155101756,0.8419059527513897,-3.7996224767096263,-0.15650362050566047,2.931464403352904,-1.363009095997992,-0.7587846208093008,1.3155927441073618,-1.256810894463427,-0.9419342233376709,1.9110300966886358,0.6334410019726244,-3.2025847703337442,0.89107356752935,-1.842320719328541,-0.956163251019009,-0.40440459854878175,-1.1810824502190185,0.26868742165541054,-1.751084800181539,-1.4565834035899425,-0.4955100983566283,1.5411298339718207,0.12517390024172742,-1.2068544818135394,1.5880849898912444,-1.0017047793866953,-1.6707561366185868,-0.07795514124239389,1.436436817706193,-0.03700110633864323,1.3362509563786253,-2.6423289182121503,1.3550011314866597,0.5456856721563095,0.3322330971021973,0.2043873203369384,0.1349709197005834,1.933111440335517,-1.0088081735880847,-2.3626925797448823,-1.76179898428849,0.07147517105326215,-0.051491571128977995,-1.6297201242595876,0.47963500720302593,0.9179076398365564,-0.11429931350021161,-0.10461419273291395,0.32578806756018264,1.335504464241245,-1.7131806245694852,0.3890735734630695,-2.2473972788493084,-0.19151786544575516,1.0011295787524412,0.9863269256495265,-2.1552362324023107,-1.2961005713235405,1.9306881428672633,-1.8892681396379167,-0.8944395112660686,0.304539126362287,-0.5298681233110072,1.2941232830028153,-0.9630042729532845,0.4404749868870065,0.7554100383437938,-3.505459726988132,0.9048110418749031,0.13245177186013912,-1.0324761417990969,-0.3451470135723085,0.9584001286376576,-0.08731759601781752,-0.8491998887193223,1.917597939003472,-1.2134905224759516,0.5337701105149305,-0.7583767944337894,-0.6054700170853552,-1.0940014027220684,1.0213014640440374,0.10590611883349728,-1.9768455721065783,0.49854648330091944,2.2992809050466154,-1.7305030048517356,-1.463024137594422,-1.2400975988489604,-0.9648487742255258,1.0975243124335645,0.12930163740926706,0.1911080569535395,0.3252940175268889,1.5552543949812114,-0.6079938171219375,0.1783293719841869,-0.39325095457970505,-1.1094053613491732,-0.8925910859387113,-1.637558156352612,1.6760519494619346,-0.24070621190322916,-0.3118434386613468,-1.2083555966350032,0.3332763352772111,0.11129110964238503,1.8374812606980213,3.9789861747640902,0.26344225622080086,0.04826156244148039,0.42562168798696104,-0.5779201258747986,-1.485170872417687,-0.10769973967185109,-3.7363230804566037,-2.063137511560817,-1.1460731508978217,-0.5158894785198137,-2.6689162477028012,1.18405707023121,0.2638078857829717,2.5340593733868,-0.23252089857841585,0.5026031408863567,2.1750036602253755,-0.8479678782239801,-1.2119383974571494,-1.2284683557659244,-1.1890583152573009,1.7180166102896006,-1.7693694941685432,0.11050494183429771,-0.320007345031106,0.747036344022702,0.8782954737742424,-2.3034143799893556,0.7004281188793093,0.9767891219806065,-0.036038971291337984,-0.2986055499821697,0.9482954152066768,4.171151062673501,-2.028798364574784,-1.5563795390586388,-1.5614245217462517,-0.6875920712331534,1.0710808881462597,0.3286600948921175,1.4488469642695117,0.7951361017515061,0.5414981007406181,-0.027585780084682904,-2.5992642565543624,0.8411602578001555,0.0981210807692025,0.05030254242935728,-1.0756637240010265,0.0894354998551411,-0.5754133933411687,1.2206268715671595,-1.612828221153163,0.46283803325628586,1.3066762274356902,-2.0807971380219303,-0.44535308396764084,1.7495092439830833,-0.18017222614480805,-0.6134465726185188,0.6324893204507342,-1.4718460634631811,-1.1862417241734715,0.2533461512165266,1.468151518483632,2.0910921182375084,0.4737144628799005,0.6102651308264917,0.009793526592087043,-2.7954293003482285,0.9764981530111962,0.40193980494047765,-1.9192633292128523,0.03095784723071504,-1.6712278191565084,-4.173688251209849,-0.20781258684274662,1.7652201080336312,-0.811692650711598,2.0136278963506684,0.1001273550616783,-2.3978543086676773,1.465786641729514,0.1352281500529724,-0.08280027248400423,0.09800362831658078,0.6694170980362455,2.6786144628377397,-0.08951866510003664,-2.0026857321211304,-1.7708920197490237,-0.3695030750229283,0.6097101702243491,1.7056010622842777,-1.3287916289449742,-0.8640080757335006,1.6337265753794088,1.2414627363551627,0.4703609789539913,-0.11980150318652168,2.0507281507606487,-0.35450703154117835,-1.8019034862704626,1.7590158824441344,0.29283566777517234,-0.5998222378717643,0.031655393033984125,1.0783679785478704,-1.2193256631978895,-3.7483533090681176,-1.1967270460769432,0.04020607382752786,-4.136394643768053,-0.517691755787301,0.16715944305008124,-3.506070932319189,1.5773233430376277,-0.070631112873371,1.3643357302073533,0.6830349358782642,-1.0590918438341588,2.011344948665169,1.3350625925316546,2.724065269889433,-0.2747949382059982,-3.075636648336007,-0.37370043767693106,-2.4272315414854173,-0.8943730525490452,-1.1254592199577786,-1.3246651504583067,0.4475784544368701,1.375769405273978,0.11294787635876402,1.3944290235324102,0.047147770159309876,-1.0912324481625626,0.6149329155010435,-0.826018252862351,1.6875010002765929,1.5320274915926648,-1.1728381317284922,-1.21306570372619,-1.8683513365784352,-0.6565921453611535,2.300095185303273,-0.4554130866989503,-0.14435873497395868,-2.274424881085271,0.6678800977634517,0.21251397698148713,-1.7308294286366406,-1.7255464912396177,-1.4271335463743662,0.12044118427596175,0.7178737267240455,-2.436906372524529,1.1023784491366833,-1.672964515910072,0.007901934235395536,-2.049493846545558,-0.40211355022745243,-0.5943564633384081,-0.43963047064977306,1.7073873491201748,-2.8369444536302373,-0.1831654495072581,1.3377455226571262,0.9766682922864104,0.4391231483839303,1.6145762846664085,3.3437866639480713,0.5318002886190196,0.44410499635465234,-0.9232806151466709,-0.28727974858652766,-2.4350054787908957,3.034635669707759,1.7896312032370432,-1.0320514451336802,1.9561152099230448,-0.7599642542551109,1.0015343404187829,-0.7299231428199644,-0.5928462792791919,-0.6892008268511116,-2.4805456814115856,-1.6017378235158017,-1.120328137412663,3.150493820034786,-1.2936873779542166,0.8610745363230963,-0.6202596966021646,-0.76457444969023,2.679343641150933,2.5434254374552197,2.326527017992084,0.5063596116554093,-1.1617289245581348,-0.11999381518021046,-0.190394498740605,-0.7960058954345782,1.1689282877502478,-0.2629471520464405,-1.705382745612404,3.0890892048584955,0.1465236406722782,-0.4841920834532216,1.7381380517671263,0.36997145623837807,-0.8289431919345362,0.48354358359657346,-0.8444472768013979,0.038266881214128634,0.2094397113784875,0.1723794097543433,1.5237155720584243,0.4334749191996952,-1.5186479325568025,-0.46042207030585697,0.3055139393178764,-0.5271928109376457,-3.181686149123365,-0.649979847084375,1.0614351688919572,-0.5116456990325475,1.032290001482863,0.5251888365181735,0.31962748787848505,0.11140689819066218,2.491308992306486,1.1278565381884587,0.03687742032776124,0.6317341755792276,-1.1681518643520834,-0.8056426164834019,1.5515885591819722,2.266928104708016,1.6022594626688274,1.4243461096043961,-2.251225069231949,-0.1810796107327617,-0.5278258019054443,0.4874895547714971,-2.204920932582229,-0.15102377075379328,1.9129207772890784,-0.4869458210037893,2.4035290689183206,0.7655386832891471,0.33049893096844807,-0.26558759669484483,-0.9875360097681862,0.7665921323792962,0.7328304424053979,0.6009422794403663,-1.3827097947670397,1.6115383033966784,0.023275792385627367,1.929958009820237,-1.4756214564648864,-0.692282259423575,-2.0641011344127325,1.4401523573409145,-1.3275305427492694,1.015140347261493,-0.6501669005641686,1.0571406530263117,0.29437918268371993,0.4162304035435025,0.6766313836371991,0.42784185907060357,0.2307089096883213,2.8913096804066267,0.19901955731675544,3.240636619174709,-1.89524574229985,1.992337446793043,0.816961973134588,0.8444232620450514,0.6446481988142805,-0.17988628447109845,-1.7828317595626761,-0.39586125300795644,0.8255169706514905,0.23210551583102654,-1.8391628295684448,-1.497230359973393,-0.046057484043861285,-1.011277332495082,-2.6655877840117643,-1.3271248369204036,-3.918016454212414,-2.500243979289853,-3.127791531515183,2.092593814838655,-1.5951076544383538,1.894066703054223,0.5524937029782888,0.7267514847316817,-1.3608112871757663,-1.5058424417606815,-0.4469930354944181,0.43474872383009033,-0.6264887978605244,-0.2637931892785173,1.2809162544220327,-1.2212782743911226,0.15510616943242772,-0.3466117773730848,-0.6205026422320354,2.160226543497855,-0.1368254945976766,0.46984516748068356,-0.1330866887426972,0.3270975875401623,-0.9424591369446634,-0.5492554303361254,-0.9070501504381931,1.015366643409282,-0.8338789094772503,1.4443594521020735,-2.045138602290792,-3.1867678543479974,1.6355643575387895,-1.7630931878097311,0.16109495768187349,-1.795663939331719,-0.3936308613973867,-1.115649043380626,0.11446104208268887,1.5065847379288224,-1.1582801931030275,-0.7485820491108126,0.36177676580419715,-1.5111515588481774,0.6703962106600391,2.5856465241611364,1.3568808571270154,1.2038845864915915,1.171466464408089,2.171456812955975,0.5384186272039866,0.9506289322609732,-1.215366876885403,-1.343571951086689,-2.8417183552734455,-0.5778136550961404,1.6038186121920508,-4.3322869365151675,-1.0005498386012903,-1.436469808450069,0.4253979844608412,-2.384736264029303,-0.14661612346026262,0.8756616442237086,-0.516696278912152,0.14131362208679432,0.15156687217227624,0.20927682702024375,-0.7344234898498376,-0.8264966709352042,1.086517760810243,-0.49238915115674153,2.5980713305008956,1.529900446730753,1.5942392596362234,0.8280136665663197,-1.2793467673765049,0.5530250619992721,-0.6059966168527292,-0.5590730457294495,1.5002580762804458,-0.35196557350575153,-0.37480363785920545,-2.1496853803870835,-2.059017193646931,0.6177909995277,4.877685228456619,0.3934948032108955,1.03646277775717,-0.44266125929714545,0.0681657193459757,-1.1855845828006197,-0.4769048436718756,-0.18624981161730156,-2.755067010226619,0.6763780921108167,1.6793002510204345,-2.07553868420735,-0.2786112756892084,-2.619454854584953,2.3337394134131912,0.31779022014067726,-1.7205205461126352,0.1824090727383036,2.469027323717545,0.006524343265967403,-0.7427821970921162,2.283441200391867,-1.0794827466879071,-1.2292511753834212,-0.5252696893118913,1.137092957732766,-1.7709923903128504,-0.884221131976571,2.282298640924518,0.08493800018422062,0.34052382281676374,-1.7772700659534797,-2.096591391635718,-1.236345264372993,0.9550073626077231,-0.5759232009594115,0.42669493571613804,0.38148653020914214,-0.5923615518375158,0.9637589860175949,-0.04079010398520794,0.31674970349019205,2.415043767244674,0.12614280103515174,0.6893086809260216,1.24245420805889,-1.3737362620749303,-0.0023060802254553925,2.764846716548156,0.08987824636166068,1.3204864311341353,-1.4677553198005278,3.9798487857243092,-0.753186466058487,0.7273793801517399,-1.8921861435149865,1.5098509489539,-1.327685242235898,-2.882027635258993,1.3368573658680167,1.4462906474849544,-0.8776206257421553,-0.8844956336509358,-0.6083464789708176,-2.01521972087768,-1.4711408645019806,-0.8112865742503519,0.7691311993696668,1.4577281449280592,1.3571253845010334,0.47089389065576903,-1.1557041899612501,0.4669182693195101,-0.7180738855577002,0.41242313349190507,0.1712306088609376,-1.1850852767210762,-1.0552678753159315,-2.476451253669178,-0.155589633186065,-2.1565320082092043,2.3284287079343806,-1.025285622462338,-3.199968670789149,-0.5601149574324051,0.17005183746053185,1.4196953590490025,0.2956481258597488,-0.11676891754547752,-1.5066532679265419,-3.521187803411374,-2.2477783889555143,-1.1341353133250205,-0.33423672529143744,1.545265688202428,1.8386242260393604,-0.750736481608336,1.2793366337575593,-0.8844187208618932,-0.6223899723265566,0.1742226774834325,-1.3673942124459049,-0.31334745194943414,2.079721970621658,-0.5065861480475509,-0.6162201088291227,-0.24268544532834246,0.40355482746967236,0.5637009819389255,-0.5729524376189786,-2.204865647396644,1.3758483298861193,-0.10283995024359081,-0.3725355593697562,-0.4782899695540218,0.6009992664677322,0.5237198339348924,-0.9246281373747182,0.8319319448322138,1.6135560030527103,1.49870821899848,-3.5369808228367714,1.4574044923437506,-2.4395444156639448,-0.7131149759108022,-1.1397301175237065,0.36137606084380985,2.011551581233251,2.8882099952547535,2.156461955364529,0.7959536946864052,0.3180490635114448,2.9449928840617843,-0.33023772228153797,1.131169310058807,-1.2498808799241932,0.6628967816898543,-0.27799978455662455,-1.723284773668725,-2.0450856916927247,-2.0098472334259574,1.0240838292101508,-2.212331694359185,-2.7334692635972035,-0.7262471406777211,-0.5640245544709565,2.922449311480172,-2.2585406505329857,1.0820097450101118,0.019398589270189788,-2.7586359389574326,0.09270847283233649,1.307499662386356,-1.068804010137121,0.4012113235373032,-0.31726088567433197,-0.020167909436628606,-0.19125882364777674,-0.545153101332312,0.005239815628985234,0.6186249941296682,-0.40023122868727373,-0.17072503646260323,-1.2395279490922906,-1.9742507432308107,-0.4762680788032622,0.793045274192393,-0.9520564496487626,0.8028408933712181,0.8696587379079095,-1.1482283379091536,0.6549188463040895,0.1966177089563056,-2.0990505412525082,0.006469333545614103,0.2758358063302907,0.9626026171326293,-0.5342628233772517,-2.664040528028703,0.34066257037843933,-0.1348820890283795,0.9960388286077705,-0.9880137208925934,0.7373865486355414,-0.7051628091565302,0.5821997380229725,1.0334551813048607,-2.44268859689136,1.9690470677597183,2.5327493273644675,-0.4958724484528888,-0.7886446831653118,-0.27185329602296804,-0.5990158127579258,0.7160210628831826,-0.16314840653881815,-1.659904342084673,-0.13915096999058277,-1.3661452788066764,1.6379087708683602,-0.9159447689850333,-2.6640119246386234,0.3895076655074961,0.9071706575469456,3.005178196051982,-1.1086097479565267,-0.05310527671741182,-3.73326443322457,-0.8404874995842964,-0.1364526018494252,1.5961128380297311,-0.7407213751863289,0.18309548082562743,0.4440930393825088,0.4360085258168137,0.5740501473051234,-0.4871072668039452,-0.7760122711163139,2.438043354647272,-1.3717045201481488,1.709234346101139,0.04316565612626384,3.0050044311504647,0.5336463330192903,-0.9112644041052347,-1.514025339521467,-0.5610678773117967,2.0775272098268704,0.7481484652906152,1.0444328354064807,-0.990770092031714,-0.10086869630775364,-1.9649097888810203,0.34339532068560125,-1.4839863241466187,1.2841357883620788,-0.19038073572646935,0.25520456204323666,1.2101787578144758,-1.053284053355462,1.0688376902442476,3.6830291971412734,-1.3134085157438435,-2.360277867513515,2.2878833907070177,-2.680939219116244,-0.8298092998423177,0.7161837812912505,0.22295300313699074,-0.7058979388985807,-0.497252503952793,0.9547693370885124,1.0529311502551997,-2.253181279174867,-3.0936993414076306,0.3056837613409858,-0.6839733527662781,-1.568207157893942,1.4899237774611678,3.1972732538801516,1.520855395418037,-0.3771812434955598,0.8583272965861886,-0.8589202126473225,-2.4440310800792977,0.8151626794299613,-1.0432849664960953,3.6515319008814635,-0.6244463750772331,-0.2381447871368031,3.5122660909509436,0.33856219489948225,-0.9306746160068391,-0.21373805026528672,1.7884745478645467,-1.7568425692459302,-1.1158977015633433,2.145133135601609,1.1059146867407577,1.7973034566399897,1.9889268250967373,1.4533731623983521,3.4410537165789665,0.8532665053722479,-1.3192027854133086,-0.5128540641023928,-0.5296365269975841,1.815487112525814,-1.5334260507673771,0.5402368754000428,3.0899970344597287,0.6498523804819475,-2.239463206109799,0.5861729541065916,0.4731287434049332,2.000575204885303,-1.7721871478777773,0.8114424184269925,1.8758638120732498,-1.3515328792075334,2.2351547509983156,2.7053787886753153;-0.7023625652820737,-1.4948729398203644,-1.347077213694416,0.6371011434827101,-1.2626198810845763,0.29542300387153947,0.6564180589797591,0.7178599219652844,0.7491139799503328,0.9865223227356524,-1.114378810145031,-0.4716591048374764,-0.5294189297656393,3.131305825538939,0.18893048575881266,3.0168046449119466;-1.3323866068169976,3.7283871272248987,0.2930583909054276,0.4017545229973659,0.5086205492825383,0.41763375498116784,1.0448499540898917,2.8795684854527943,0.414497497140094,0.106410353071626,0.09547623199145439,1.1148304423877753,0.2543969872092814,0.6718501727372818,0.2677860993919373,-2.886285167149316,-1.9445220948408422,1.5055182622818335,-1.465985549644852,-1.0825095520795909,1.3873677108737794,1.1306296131014348,1.7730925435974625,0.768478467321619,0.5899930670523046,0.4970005341234124,0.5665586777073072,1.5175658548391608,-1.2367636232980994,1.5983522057542332,0.2135927812025848,-2.3497127100158997,0.33244835393150596,0.03419222459924341,-0.5621792010163815,0.17625348671053295,0.02236211129478792,-0.04520534270643983,1.1232870853539718,-1.8140550220903502,1.6604948164444073,1.4379629296516412,-1.0808711427757813,0.6597654408467769,0.46866577045575325,1.8903512178999642,-1.8631739800328004,-0.9485106441706016,0.0982193525641401,-1.6487034659888136,3.054590313869308,-1.0390196465969552,0.1064363273156444,-0.20466003634808466,0.13706164326414771,1.8206549338404776,-0.37926321904668076,0.39182419492804166,-0.28881989496402793,-0.21651599137007282,-1.6140263436282414,-0.14992317622747986,0.3387528334664866,-0.6677798947308491,-2.461299037361035,-1.2490561722591549,1.2209147232346933,1.4393844834479155,0.8776542600902961,0.814898194444051,-0.5975665420107383,2.381648530730037,0.7371343664655774,-0.641879379565564,1.9615239840557837,0.11751628093261746,-0.48968075091686075,-1.847148663987698,-1.8506124402822155,-1.0712759950636022,-1.1704203375257318,1.0093395079643004,2.4389134238671875,-1.7482851455340018,-0.6792418631953712,-1.7938262407411656,0.4063947636103733,0.8725557141459727,0.6754876160461811,0.15676626906056326,-0.21159896898297254,1.454409496837151,-1.253868028049971,0.04499930518468731,-2.466205042267981,1.9985594429468723,-0.27549357419803244,0.9782200249666557,-1.3097470614957243,0.49299233425077993,-1.8611317314176552,-0.4519940896987491,-0.2269181686539936,0.23409446183710536,0.08791831958630636,0.7276226321510373,0.0022016829398249227,0.26218305156992977,2.6755671941367685,1.5997521553274314,0.07199489847315016,-1.0221987051619241,-1.559012905724146,0.6574342011899121,-0.5166655276521663,0.5548500169354715,-1.0596360284397353,0.9365887253674658,1.1647843495858594,0.8572049243693223,-0.4241870595883699,2.666643932156087,0.8650882749417186,-0.8938030075060823,0.666879444624812,0.39566815293022267,1.0618668865970882,0.9214809839165093,1.456340131360252,0.9834300759963405,1.9234830100368172,-1.5084649393427354,-2.587517650104721,-0.20406948466186148,-1.6180067718873394,0.8018283685105028,0.3757957434140614,0.561636821198783,0.6097480776846683,-0.894712879135566,0.06533179385523286,-1.3884647573668931,0.23869247933524856,-2.2901881548555094,-1.942710950279708,-1.9545282667685033,1.8925206121331815,0.1161976637784547,0.8994443139074269,-0.731137258649952,-0.17225389383721507,-0.29156683001373623,-0.19611907191646047,1.310138569028318,-0.23722817908999,1.2869669536392427,-2.7316451179190584,0.5005695071485858,2.188555173589801,0.22876360902868753;1.6928672848433017,-1.0099858298575077,1.5828462713336737,0.02333836409827955,-1.529638351015648,0.4145921809218192,-2.4486823464913305,1.2894035781438444,0.4468963623885278,1.1560359455188294"
24,-1.5609912288178027,"-2.3980930370630467,-0.5479366117049235,-0.610092712998116,-0.22247204138028287,0.0008299265094476871,0.7444047616862933,-1.7708002728278522,-3.901979674212297,1.4733670433106352,-1.7745019131143853,-1.9478678587195997,1.1215157717245723,1.133277519114499,-0.5772798543169877,0.7550910761804603,-0.43430807290600315,1.0953343752473463,1.9369654157755536,0.5967675440603328,1.8409952381501833,-2.3484899450849808,3.4231795759888355,-2.0207535622148347,0.20707847871883672,-0.29496145768047194,-2.030714891615817,-0.19141620541275073,-1.1418442520965297,1.4208184354774522,-3.1269748851962853,0.10973155418615821,-3.297958240862737,-3.136142955816904,-1.3658777289309787,-0.6525431056707391,0.7414749126066715,-0.14584410100061526,-0.48915824611257774,0.2790516434223007,0.6784788572670853,-0.5201595704198421,-2.3687661058653657,-0.2422866383664668,0.36189684959539015,-0.0669009259102138,0.39190953554144137,1.949553630131569,0.18441814378926807,2.15643472282997,3.729310020457253,-0.8917288880975165,-2.0527505937554458,0.20517548989788623,0.3024277509608804,1.492695499351839,2.6807653492753425,-1.4247495890080035,2.9892175517139266,2.357366064424369,1.3738906548491236,1.9283198899231797,1.6906423174413692,0.7510796722962001,-2.3298629183972324,2.0690551574399936,0.660535628657208,-0.6878770376091046,-1.13440359130472,-3.00293839680654,-0.9579530263942525,-1.4419246585966667,-1.3537615449438054,1.9494697375719923,-1.6236925429347966,-1.5387641191784498,-0.2442577224602461,0.3986427538630411,1.7992620682836546,-1.159977282939869,-1.2178305499351842,2.045920077487071,-1.6326175205038052,3.1004144635276565,2.8260602297519237,-0.2559941929046936,-1.1312184319848448,0.6377545560706919,-0.4175183190741659,1.3839098632751061,0.7789822445069392,0.8694136670196029,-2.840588725773159,-0.4702581617352752,-1.6640200743765636,0.127696890854551,1.2738869194714793,-1.6626211021581012,-0.1193555027143378,-0.4175069612590253,-0.615657410432722,0.109529757105195,-1.8831425115949316,0.4275969355952095,3.853443678841113,2.783401169955651,1.999064506401964,-0.26068569970540867,-1.8419756317756701,1.984172730668984,-2.9882627405294775,-1.6608352601203198,2.106344598637343,-2.337290012843651,2.018334722761437,2.001074602207186,0.37407815708336717,-0.004124556188698114,-2.224614682738163,-0.12288732004867703,0.18408168614208084,1.3288374406609662,1.296062630510731,0.9526128630923184,3.455285630847909,1.6283446073918282,-0.7925161473374626,2.1670535694171136,1.1270781231612546,1.5113536246509724,-1.506486814012632,-2.8875034903892276,0.806617144690818,1.3300742578634817,-0.844502656702693,-0.46955868946771206,0.5155036781138376,-0.16934106515317787,2.2144416807007135,0.5741338441649017,-3.446159427211378,-1.7338137958800317,2.6204097069341907,1.6484654201752074,0.2921736268441455,0.00528569356633686,1.7193538714681214,0.24413781770726234,0.7570934033461281,-0.3684566842040876,-1.8927866609069481,0.9880331317012637,-0.059335896661193765,-2.1843289121182483,-2.671939907252188,-0.09791075069913963,-1.005748149384579,-1.5661943907235822,-1.1345018293296667,1.1768588637376909,-0.7879487600306407,0.11457161123335732,-2.078747521268737,-0.23789725737886647,-0.798509788117053,3.764100411768733,0.45620161751342614,3.285615756149314,-0.3240211090302482,0.5453973742219447,-0.09473344676551781,-1.044467952315489,-0.679304872367319,-1.9461384681919887,0.3888221349751962,0.5254786432645318,1.4498985811115506,-0.6056403365210499,-0.8974061469017913,-0.5125478921132623,2.001029229884115,-0.5087242335982074,0.01599984861719994,1.004183590317317,0.09582246156672031,-1.2474584812566833,-3.2632234031947362,-2.1675762518235375,-2.123790645643723,2.526254843444293,2.3119424772987447,1.9664818078332411,0.36007255206342015,0.6847527414264717,-0.8120271172203378,-0.7745098780262766,-4.19656602964449,0.8619642212006546,-0.6038554240337555,-0.15483060717540115,-0.8588491545110171,0.1784365170974389,-0.2729838820561261,2.877423123626434,3.4460729322388266,-0.6356986974413434,-0.36167307333479415,0.6579325843187054,-1.4228505625112802,-0.06397111793561538,2.4081486929319214,-0.4753094509043219,0.6703533359734042,0.5311417517803019,-1.1613024511322614,-1.9258493744295457,0.12827831615196877,-0.6582984743689717,0.5609611367106149,0.5236892788705421,2.2190404555585443,-0.543127628214743,1.0556567946652256,-1.0303138275445571,-1.7396816362363554,-0.4234540241827163,-1.5832113841354745,0.4805639160257876,-1.3351440591741623,-1.3917067993672207,-1.65965767030637,-2.157825849245808,0.017689481931742235,-2.486665690437143,-2.4413570312895905,0.4958784170181206,-0.0013575241658754233,-0.8105973853693976,0.40994013786202194,2.0553428664293576,-1.8933485874641636,0.9799554685274966,0.16788572855775644,1.4176772045102184,-0.21816096009919606,-1.7855380009489958,-1.8360768808013024,0.6392083925313893,-1.101315854358854,-1.6739358321765407,-0.5628530720269479,1.538841809220529,-0.8009882423042763,-0.12759123073866666,-1.0639823595459363,1.16509409339731,-0.27899066816519125,0.8003466810966252,-0.07423699597552724,2.5011034454532384,2.9031248439484507,0.816494105336524,0.9425004815639562,-0.10795994353394911,-1.1354564913233842,0.6162402911764236,2.0963012883719307,-0.7276263435392969,-1.8943016643399138,-0.9351331497378863,-0.6708519494055915,-1.1123628783322617,-0.9714127520749286,2.373142603883823,-2.1614147854651806,-1.903809797297825,0.1560430394791179,1.9343264612748134,-1.4342211036117796,-0.8523220741329177,-0.11641371977137882,-2.7327123710416483,-0.7637430223160377,-1.5134264366503352,-2.2777566492554633,-1.155369094432272,0.50743877409901,-2.4869271613656543,1.9037968040555282,-0.24559699026792395,-0.25842669488582193,-2.5249542856308707,0.8238574618264034,-0.8866069030811172,-2.3794493871558053,-0.6218118418893496,1.9234758330508561,1.2041022383336812,2.4918902207721874,1.2026727569003968,1.883972453275018,0.7647838434381102,0.2840874789758111,0.7877463086394897,-0.4567774813082924,-1.6347598547267415,1.430274786526034,-1.777216165051707,-1.1046202639369218,1.4431697939968233,-0.3441576250829804,0.9228190911240153,1.7969578960420078,0.30788318638943907,-0.3475653058775399,-0.520670635150606,1.2243300562957349,0.27221445919114057,-0.8315370797076926,0.5584785621053326,1.5748404448678746,-2.227955388124779,-1.9880188844786137,0.11878033878415972,0.44027119640839213,-1.0874449815411222,-2.511053289058423,-0.2798673843760273,-0.6043324706132875,-1.1244708879837981,-1.0435153097656114,-1.1879172668095157,2.2218280813187508,-0.7789077896183231,0.2805789396627793,1.265146450323154,0.6394693459849486,1.2545856334481897,-0.7815073044156434,2.6559537160865005,0.2939952443369762,1.2810547123393552,-0.017645550131475507,0.9283595035146777,0.15428554075973738,-2.199118775719125,0.9153015888907214,1.0926919525218743,-1.177515803329044,-1.2684210981144357,2.575675498417824,-0.20709702678070907,-0.5195313013475528,-0.7187889794296743,-3.1633151406298463,0.2123534694187349,1.763046475692581,-1.2591970944990205,2.9179169927247193,-0.34774671177717487,0.26200691764500134,1.0152640458987876,0.268283248740591,-0.11687923137689885,-0.1007493672215155,-4.319657394574951,1.08552946752514,3.043954580935572,-0.5401957604067206,-0.04696662228559961,1.945104853010381,-1.6371449380390313,-1.4453101880357668,0.599769081391709,0.7512939376517493,-2.6024173154757277,0.2916685517303257,-1.947279523409952,-0.6466300306216062,-0.9294362529419153,-0.030466431730499455,0.4686573208809395,-2.0178462836197784,-2.0013290898165845,-0.2373189712158167,2.017170928918038,1.2075170931234283,-1.5348810848818233,1.2589605772658305,-0.935720146606352,-1.7151861561440414,-0.23102992024623192,1.1662448859913335,0.2582434528851903,0.779392008136929,-1.6988903882144792,2.198994620855673,0.6942381470258402,-0.773169481910518,0.5008757840374174,-0.33382044104858677,2.4286308332496187,-0.24298143790949084,-2.050751429653306,-1.3854616994139584,-0.14406248470433924,0.07899804108005869,-2.0204534900264886,0.956241131639221,0.9316274099638582,-1.2560565900623752,-1.1309650017108865,0.6508440379088483,0.6799159999771452,-1.4718573989033121,1.0369681599413156,-1.8045898427763447,-0.271131533835063,1.26158457828,-0.10100508115910224,-2.6675512609123513,-0.9954162907879732,0.918609481421657,-3.3868764015526986,0.17963153571028545,0.07081554860095851,-1.2345944517672294,0.9355811959948628,-0.5495672417468523,-0.07870636559938449,0.9186170814395545,-3.219044309704025,0.48004259756520135,0.4474709497855656,-0.9981820456925069,-0.5037006386310329,1.585753799666526,0.2834302821973547,-0.5192728263831824,1.6696068158852277,-1.0731591721415645,1.6824339816490785,-1.4956028111100403,-1.3993640123020836,-1.3592032887849954,-0.35177112327694215,-0.04494221331389445,-1.3651204737722136,1.052195567952952,2.4924227484849744,-1.3763126275568582,-1.221721689229205,-0.8689161943155652,-1.5375160838923452,0.9816305657504064,-1.2013770826043348,0.9488728457282138,0.6387426456947762,0.9286712234611675,-0.8502917864331669,1.4300069386247807,-0.3645870059213716,-0.6063258803816793,-0.8360082317571329,-1.896737889265991,0.9104486424720377,0.5785964560116963,0.17235538054631486,-1.2367044664057785,-0.002827830412792831,-0.46384110728101313,0.781876648982345,2.6089388822443738,-0.8933723859782118,0.4224928850619008,0.24701266623998558,-0.9995151536896143,-1.4759848965426992,-0.5114068124956599,-4.220024285254303,-1.5027575425392241,-1.3831048900687697,-1.44999857994284,-2.293651010777321,1.137535892880718,0.38350119108908987,2.8866691812030334,-0.1405749777136408,0.1175887776325728,2.9247646872769244,-0.687674829119068,-0.2688629307627901,-1.761614929986239,-1.1588450904529592,0.9129881803774985,-1.8079278273506922,-0.7026665343756868,0.16654461363658077,0.127180391176418,1.7980121200284391,-1.7309047982520624,1.2936828534972862,0.8456824481664514,0.31808573329240636,-0.8758821674683768,1.0657900919592824,3.12300946867657,-2.2667653936308008,-1.5852130872528918,-1.6292720101641123,-1.6963791610666163,0.006163402727082712,0.05129438700630795,2.3195496218562752,1.0201114396874686,-0.6519205964331367,0.6167682632714144,-0.5945653161757487,-0.44496188293888034,0.4679680484807306,-0.379214151392614,-1.8387109034233187,0.41595719222204963,-0.1346562783105648,0.8009183585124537,-0.9939460662554327,0.6525721801284251,1.3150424309213773,-2.288206951427452,0.8709348942288148,1.079546356320603,-0.5330332884075359,-1.2691005949205285,1.2749395544067985,-0.6942711852255266,-1.449569091539797,0.2776957373537161,1.4148390082801732,1.5155839949588945,1.46253526728127,0.5490086857680151,0.5810010284093947,-1.924584256254351,0.9172196439037386,-1.0612538475685431,-2.303435406105568,0.8827065249162874,-2.082653155619339,-4.310995343890341,-0.44480123690589946,1.273114497475207,-1.3554725665127936,1.3288517519942358,-0.5807499013907573,-3.249510325389899,2.5147317009717898,0.048143561124143974,0.05534822033175707,-0.37907997615208266,-0.5080006743384384,3.5556833203404166,0.8442199841597673,-0.9123953442955229,-2.4473436511481,-0.30732853329245957,0.14922508278949742,0.13699983189632667,-1.874265790724501,-0.5676991920660139,1.4841758708251038,0.8406791508267164,-0.11943317274095636,0.005245575136013113,2.7093681032864856,0.06910301583742268,-1.5333617109952964,1.5084845943753156,-0.21293873413639017,-1.8687586484871754,-0.30800568995201133,1.776836428866591,-1.7073711721371838,-3.196649814326152,-0.8539110247343132,-0.06813828708654529,-3.3637632105605175,0.968672649783947,-1.5182654052423485,-2.7934324349584876,2.8844372303507706,-0.2655179405516414,0.9179013341564433,0.49679194259463844,0.03916411121534247,2.364353630505195,1.383944496871464,2.466904402061944,-0.8375811607164813,-2.026002337657091,-0.14637987777918127,-1.6509861065659701,-1.455205889077804,-1.603939593445126,-0.8192818926585007,-1.013152792760436,1.155657256572157,-0.46933246429823083,1.4529766044798191,-0.35544306671577613,-1.694474376183004,-0.5174724059755527,-1.4821225278624022,2.0458388438621156,2.2530792994188134,-1.1444897969917993,0.0817469467290367,-1.0047251148202918,0.023595661982652838,1.79954504199218,0.2695605258033763,-0.42320391034286653,-1.928902233656408,0.7362492647023837,0.4255097513099481,-1.9830818607493716,-1.5158097087755853,-1.7426507293985791,0.18008713432502566,0.3216703079338883,-1.9569377572157318,1.2023143840809327,-1.0722039943749702,-0.7183831811729621,-3.1643023423635106,0.11330594666993649,-0.4242581773252812,-0.19413187046233588,0.9761533750178842,-2.8103096550711584,0.3690778691886266,1.2427663438981953,1.82301516314322,0.5653883341188896,1.3074861710484105,2.7153471439200456,0.18143191853423246,-0.25477804870978465,-0.6744579100852901,0.4708033120743301,-1.6285499396073728,2.759981309434713,1.7360119427036362,-1.6909770633901733,0.907024269150677,-1.425273308010838,0.2269417512907492,-0.40644148088505505,-1.2673855596983508,-0.30685498284875345,-2.8174966271629223,-2.706689815862238,-1.649049654055864,2.2456460865617687,-1.3595462937010494,1.1237727411345135,-0.1529656516247232,0.7748034700816396,0.31228254926988885,2.2800402019026786,1.5347942557377299,-0.22319157868474004,-1.6364210033766409,-0.7158916284114335,0.20176768969412479,-1.2229551877601466,0.6139492447309517,-0.5253813654747006,-2.2670770869003896,3.3907086939868503,0.7808888294783916,-0.4033398957311176,1.0014805323276583,-0.03534495822285899,-0.6463763756307843,0.505813070616896,-0.6908349111006061,0.7448864725586928,0.5539414432063349,-0.1835954076767644,2.1085021827055055,0.6705046042438322,-0.7301887486012006,-1.1926242421421307,-0.7516081351696814,0.013440494677589732,-3.020668324994199,0.2602740941048417,1.235284513662418,-1.7101376818650635,1.4170303409775422,1.053278906121342,0.1338085839629473,0.1080990325588655,2.3714510931018573,1.1770157399092747,-0.5258907082429101,1.1581604062376967,-1.3860891881168018,-0.31581024998674667,1.3861501979047,2.142856076095373,1.3873475751433089,1.5747441700877012,-2.3281046999263486,0.10530985076253929,-0.8054289797256065,1.3030544788364298,-1.1535463804235349,-0.23772215859895227,0.964323851431385,-0.9180759843470623,2.38477716540484,1.0809329404926649,-0.4880154030921992,-0.536662093024614,0.16355364750668666,1.0870105082374704,-0.23980794890773338,0.4859055980235319,-1.5736540901985703,1.43956099988339,-0.6440457067031007,1.5857045140776527,-2.0604216893939467,-0.054236287596202304,-2.297148698564574,2.081401420584844,-0.5969154431040569,2.054923586462818,-0.37524448382726183,-0.39867809078801664,-0.22589303931924937,1.2410213463344004,0.9500151982265974,-0.3091458571665318,0.20789819714214755,2.248728883303347,0.5709383834493378,2.7447295278046653,-2.507851615976279,1.886394507035154,0.7532442266532564,0.745937339684441,0.5729114386178948,-0.5273394027497669,-1.0318922712399838,-0.07764113345382523,1.1657601376772808,0.31569677827010945,-2.876817880472607,-1.7434608545249217,-0.3939065296692349,-1.7876335452263996,-2.1251640251847412,-0.9380359213478335,-4.396622903087099,-2.490604181872801,-2.5967050246566123,2.0214000360745046,-1.2757485594213798,2.5648325553755953,1.5080506302351564,0.6134117682586563,-1.5704837537233924,-1.7585251688659225,-0.48368459674311415,0.4581893438204524,-0.04152394279204069,0.17404424529929224,1.412197808307348,-0.053084175313588056,-0.8257866174769124,-1.1039955328824473,-0.6623431720672804,2.7666219810276926,-0.5668545522302102,-0.1836260381003355,-0.44747469418992586,0.7624203648587157,-0.8813412308888839,0.42256385409022695,-1.1052212412938085,1.0585359606602036,-1.5652342210829597,1.808538232970091,-1.4706919480284222,-3.0418886418895132,0.6745448674666195,-1.0092729103974407,-0.7637526519455793,-1.6908544882344854,0.7029505010949527,-0.30806449371627664,0.18178749888875662,1.1037920407533435,-0.6600608933593206,-0.7212047290043482,0.5939737165767325,-2.2388112969908436,0.14034656881688778,2.685121572074228,2.7910031835649405,0.8745160394346927,1.1020135429592421,1.5774793400242297,0.45346083442428126,0.0005724603267149853,-0.9337036313388775,-1.1751474241919457,-1.4383268419853144,0.18026410237813334,0.9273931825996635,-4.175211904362223,-0.21201798804306993,-1.1588729647356841,0.7052900253060872,-2.1485513846338637,-0.4055420314807411,0.9372716978395428,-0.6876467032743656,0.2521778948054729,-0.6265283594362776,2.0454952022970736,-0.4501077322009781,-0.7698794628892588,0.947008678042746,-0.17945826069255566,2.668161435458766,1.9645720912499725,1.5642450613176413,-0.6987998619424388,-1.6046807152489913,0.5082175831925765,-0.7338600343688194,-0.515375209596292,2.1442080487283643,-0.6380531430515771,-0.46352793944313064,-1.847950071773515,-1.0285219715238187,0.6581779783557129,4.36476297916831,1.1675369317681037,0.7633992426099139,0.08893251023749743,-0.09398337562617913,-0.7502666172312061,-1.2125540652394289,-1.1463667842838259,-2.3595585008941558,0.5404019822819989,0.05500446759331423,-2.127609298448233,-1.747811123205325,-2.91901587608657,2.7303798351897592,-0.3371269757220738,-1.4161809537145167,1.0701244778909014,2.1395916448766394,-0.04909346773047141,-0.28346320632343325,2.4615145305540587,-0.8844624000692743,-1.0120545513322035,-0.026999109536597787,1.50795136464433,-0.9928728288326012,-1.2583696367943211,2.3821131754608413,1.0909392202480694,-0.14964862537131984,-1.0352261133295917,-1.7843383179928376,-2.3499767639343268,1.5152098067612592,-0.4938186385380557,0.947868310313325,0.9764630888594816,-0.1364306175470068,0.2881766927597973,-0.6538288439488265,0.8082577080143338,2.5420482342615593,1.3609437562199438,1.493117754513785,1.0932418019408803,-1.5009988177759843,0.8487490271869284,3.76429932357793,-0.4863401297042779,0.04031993517759869,-1.4209672501861765,3.5017694281338154,-0.23505246182352607,-0.2441854790710079,-1.285350222742071,0.44239906545323504,-1.315770064716412,-2.7883088579606907,1.1480707953435623,1.7409671532710282,-1.7147735626744436,-0.5252029130893462,-0.7200916327565352,-0.6072131408010093,-1.2963981784876268,-0.2981807580128407,1.9805431513759584,1.5603476124038678,1.0267742296661213,-0.7576563571423701,-0.8560294964283425,0.5014910471824053,-1.346339923920378,-0.14121545800770158,-0.8095747428205418,-1.2011264303136842,-1.2012059773520731,-2.0608769044559403,-0.08989428039252456,-1.4741412000045904,2.1020713588382414,-1.2777215330344294,-2.2883460014082724,-0.6452108821137928,-0.058592086052654424,1.541752005518238,-1.0706486096146357,-0.8067737666772666,-1.1398557949372605,-3.417227584725768,-2.0325792649996686,-0.6725705973574316,-1.501018441706338,1.4750441724967127,2.0888525766794173,-0.14383059439958085,1.9036096689701725,-0.17568627236640288,-1.295874379105777,-0.6327515804667729,-1.073777393646729,-0.6879315729079659,2.2406275206606376,-0.31424943758264356,-0.4559585303020794,-1.0699117566120526,0.9090740846790883,0.2881591880192065,0.3336500729464792,-0.9121695515661801,1.8522895581782413,0.18691191793804876,0.06664792712142681,-0.5141423626618713,0.003985786542344716,0.25726711710751804,-0.7294373596058183,0.9087737856394298,2.348536017356671,0.9541392037964361,-2.3935920572735396,2.1112567554477737,-2.7585732301156107,-0.6969023715430255,-0.6158203333341774,0.578664550999476,1.4607421366445872,3.914227132622603,2.589207412779143,-1.1251254051108346,0.2538648981608857,2.3819400797222143,-0.30175710249470333,0.9840981242072067,-0.7493630535453214,0.5147906513559005,-0.05247734911164864,-1.9811466626779357,-1.9262101960978537,-2.5162340118429958,1.3020420875236847,-2.2579106844172148,-1.9981086442524232,-0.8368230829547724,0.10372306167757725,2.462844983011716,-3.3117628656477285,1.9885689701784326,-0.02160205571964426,-2.2455920492037356,-0.39720957601957174,1.7177240268401217,-1.3687606713431013,0.018219314790510185,0.08476027459285884,0.6976423377801242,-0.007204078773699107,-1.0295806649085915,-0.21592935379108968,0.224289780964961,0.013006428910130548,-0.01468277111707289,-0.7010274707773614,-1.9080144770129297,-0.9968595396911244,1.1558874257216152,-0.5458090797908197,1.6320142912389595,0.481615493222416,-0.8902229010948376,0.8674751375472441,-0.1861579190761897,-1.9705857039118768,0.2168614856659144,0.05028369924878645,0.5261551217029611,-0.8857469009859268,-2.6044734901722033,-0.20618972207328418,0.032603400596977694,0.9436830212516022,-0.08459427324913538,1.351334230924996,-1.099490850311454,1.2230917826827794,0.8129679519376399,-3.1014014309311313,1.3868304094084953,1.8918230216266687,-0.37720023448704376,-0.8941494025613212,-1.2248363612527224,-0.828692591080329,0.41109395469391535,0.35481035645316344,-1.7636075459326326,-0.3546831950898652,-1.289109094493363,1.281802060804325,-1.3671497070980831,-2.464438133832295,-0.29452942360821743,2.1840250772549687,2.8402042270569403,-0.44095198273416414,-0.16084751888527635,-3.8521390671221876,0.5762884709516278,-0.039564936735652534,1.5259692392592883,-1.0975545554241908,-0.07545558099202199,0.7841610699611937,0.5259737278420898,-0.03648980207604258,-0.8021309321256013,-0.1830115215130877,2.0640118902114257,-0.7502695327652258,0.4219582215968195,-0.09721395296631374,3.3904266570410915,0.6517854566490464,-0.8223219996836977,-2.165508578138977,0.7536037993680822,1.4056156684577645,0.44504674844951175,1.4217326865705215,-1.265519587261249,-1.0852640846939834,-2.037332516178491,1.0282512924795262,-1.6201256171302194,0.847497073553183,-0.19728974261029752,-0.006416679018738269,2.1976404463464907,-0.6392992442045178,1.4359597654254714,3.0690714151871323,-0.9381437282584042,-1.247980404987741,1.2260050007358374,-3.3356440076945844,-0.6004783604494968,0.4737786691607189,-1.0943626620260924,0.226561473599159,-1.8502654670910983,2.120501726172965,1.650078197486428,-1.058269388363891,-3.28205747063439,-0.07329343394240771,-0.33000256981327275,-0.6554919130360267,1.4415448192842237,1.9065864366068794,2.1222107091940066,-0.3645297728174074,0.8171087641985747,-0.969914985793883,-1.4162546849810105,0.16542459292259115,-0.6547090357149101,4.277176293308419,-1.3384654499567326,0.5184734098861873,2.5353609658611678,0.950495690916427,-2.098197160302955,0.5736798404399901,2.773338217433026,-1.8436925978761787,-1.0740228762996282,3.29304066372386,0.6163636054847551,1.2550655797343382,1.1799110625393614,1.5019737908275612,3.3703521547920237,1.1274402945689006,-0.09122311111770298,0.7233345716640198,0.1221241829099933,1.4010001378483996,-0.4925984153474344,0.8738778073986305,3.299726674372332,-0.47172902287844,-2.109032948373992,0.7797602263782506,0.6780331212760049,1.782471217272663,-1.9712565867744698,0.15516882042906488,2.5573555612829484,-0.8103918968535265,2.0759860796206095,2.4176688569706832;-0.6854787618539544,-1.6224536161804786,-1.6042639065003148,1.8191224505802879,-0.8313034776919245,0.23440638209739073,0.3120680189906174,0.9965654712479484,1.2932346802121666,0.6705352910276203,-0.32705651828448523,-0.4729458376061026,-1.0173631036657032,2.727940403507777,0.27826465547985224,2.3949035416848172;-1.9817237714536997,3.4493443373582804,0.963693185034748,0.13672863857184753,-0.23606877978695762,0.05630459375186225,0.28247348864963473,2.7580314352714543,0.9746599577950026,-0.6736302471279383,-0.5700798503799173,0.9499067006852965,-0.05669155117975447,0.3547522642501902,-0.6125245314909371,-1.9653868597052102,-1.7249161243890696,1.7871108149273829,-1.5239353198665309,-0.3851867469359739,1.4224513330345254,0.007094931042644165,1.1698046046471267,1.1545621322816673,1.1317647730971705,1.3993086625339695,1.089419205816966,1.694561987366893,-2.1999638429687427,1.4349267821998684,-0.21274887472461068,-2.392706599080753,-0.11956877490625428,0.5830547846476629,-1.6789623523649047,0.7816739168680567,0.035187942017898766,0.5915476881500561,0.4559443486835521,-2.2978428097740022,1.9273911514219275,0.350659822257256,-0.8573971052679883,1.3299134479625105,1.9113990104702792,2.2224637842014356,-0.3915847124928898,-0.4484788841864187,0.3297542799907685,-1.3501072728201957,2.806099181333702,-1.2330003453313125,-0.24191219241874326,-0.5700801982865736,-0.6984028061250849,2.010575175585568,-0.7091171338745401,0.5573080753316773,-0.6830838769642473,0.7336942942746197,-1.3625820308142975,-0.392799550052181,0.3358033190580172,-0.8670111578737926,-2.1436299503016434,-0.9509866971187296,0.8168761164793844,1.3311597033837548,1.0367488955891995,1.215789760359449,-0.8873330517586506,2.0141448962802078,0.8162757157382976,-0.6694485208469325,1.000070305164999,0.14241131077342178,-0.2816921732744333,-1.332323994182294,-1.666376380576862,-1.0472813863985275,-1.0050954289000955,0.8659632609165464,1.9750493867425676,-2.0417641742526724,-0.2153565517600917,-0.7494763279667069,-0.705115811203485,0.60129585098835,0.6247907266563575,-0.2912248417493479,0.2261785301891531,3.1929600351518306,-1.2541364539887334,0.8534442566739427,-1.8841385592336277,2.1777041808955544,0.5747332357898781,1.2450818443106888,-0.7367151886149563,1.8158931445306794,-1.8900328654638463,0.1365114030712518,-0.2541919151670282,-0.3073811137283369,-0.520596146031821,0.883017395453995,0.6170538502250322,0.7982054623211601,2.2517830703675714,-0.14231548485148182,-1.1453931921115221,-1.418200942964734,-0.7045717244600188,-0.4399609510968106,0.09100863894016159,1.279315702493016,-0.4307148291554723,1.2312973950241497,2.1404533964778585,0.976812925809184,0.04617762448075054,1.7561153605834632,1.5181066198727704,-1.2506168406792557,0.22915373310487508,1.464195870795894,0.8119945283591037,0.8306901535597817,0.46072325571992157,1.3683310234963417,2.1065177504682215,-1.279831591188013,-2.5791981161212423,0.3798294306663228,-2.1598918701819714,-0.7793121131259078,-0.41711469037311555,1.8668030941064702,1.665665749583249,-1.6211921303878047,0.29799768488768075,-1.474486631120368,0.11719655091110462,-2.7896568531300927,-1.5954015284379617,-1.4499152936584296,2.5059265409355045,0.18763566828169878,0.2891730347424398,-0.3413769743748134,-0.1652935846393452,-0.12199114037325398,-0.48106218301966785,1.110009098667592,-0.11737046404484902,1.2185385868627066,-2.9093081208522076,0.32341772158886084,2.1091143888930173,0.28571945469449056;1.729469069868684,-0.9084843442654437,0.9293822230955378,-0.30658411640932504,-2.339303876809572,0.559714298911228,-3.6535288191538315,1.431533261392071,0.05359209100150597,0.6799473661326235"
