Individual,Fitness,Controller
0,1.2422348802635244,"0.9056300875465368,0.43190975799912057,1.179681961209436,0.8115857186750153,-1.1045282376960848,0.2247300682413752,2.7539004428719,0.73064504956903,-1.1120781730657558,0.1768332559520039,-0.035231725267192426,-0.7244308742307276,-0.4645536409931447,-1.8755251311438323,-2.784293418333514,0.27909673212851166,-1.8537437300268844,1.8663239262760176,-1.716954360103959,-2.139605760600746,1.0900140188654772,-0.5123250132466076,-1.2567983593490257,0.06658208192269155,-0.8302363938266546,-1.099316638910731,-2.0078103459477865,0.43596694821392534,-1.0388203312894455,-0.35906115001212235,-0.9743499201847146,1.4219998050532514,-2.3117147902428448,-0.29047263706070076,0.14580526156251117,-1.7711117762516901,-1.1010178816154068,-2.937941727503557,-1.1498188484256502,0.002663295057290127,2.230978607125335,-0.05397507066707663,0.34622051480179816,0.5151236075144824,-1.5678261207069728,-0.6884997955487506,-0.3120782035508136,0.7496498151430515,1.448086445105226,-0.865686384504844,0.8681165364204206,-2.030149528045472,-0.8604481873275553,0.589934781141686,0.8575965124580414,1.6223448370371398,-0.7701113029723906,1.165022546474995,1.8697607360413318,0.04706600104974268,-0.10359052454623002,1.183617406419605,-1.1955032746406657,-1.2162815716605704,-0.3442429606668792,0.0994469070407086,-1.0649641921651598,-0.22119952052425862,0.2787906723338555,-0.6749020578584775,-0.9628944137785589,1.8900026307142412,-0.7344233519228962,0.5108928701847242,-2.1268586272954932,0.12417836351298189,2.0529681933743755,-0.26200430122762736,0.043955547578615015,-3.2532032392032826,-0.19252438562578755,0.8681424085669599,4.35229791343081,1.1721669238658623,-1.166558927821901,-0.05175020703570388,1.096493050768878,1.407457264541022,-1.4264316457288455,1.4780740157965284,-0.5301607258264608,-0.5530702790168477,-0.8474394188699117,-0.012048364767135722,0.4809333223281119,-1.8969890887917855,1.3940704469440364,-0.2942406762018076,0.1747342462863094,0.4822004326785961,-0.8429954253136285,-0.425828316655855,0.09798774508171049,-2.3723186271779952,0.5306102455260013,1.508662208138937,2.5785246515586917,-0.13140846015579793,-0.4728652155636316,0.11359025910724052,-0.788795261294056,0.0701529181964213,-1.704560490398164,1.5273909152449447,-0.4706504281138964,0.24159598228540508,0.3509287547673944,-2.545980156317994,1.029942602733798,-0.34245086876050235,1.07052322448199,-1.011205395034564,1.0487507234526747,-0.8965494192342052,1.4361802640373604,2.5532448712378133,0.3217380818684653,0.15519552634016887,0.12037478447899164,-0.7686721067162847,-1.429549330382506,1.8346632477247078,-1.53196495620711,0.6366429429433129,-2.796778477263949,1.4754797701401008,-0.008233042098698795,-0.11515103346592326,-0.24450776807465718,-2.00178074574656,0.6094873265687997,3.104891567886385,-2.5640004944804273,0.9092623601385237,0.08804526892888176,0.5991224245801205,-1.3891812253036786,-2.303634593577585,0.5378931062126858,-0.8376555844617721,1.2330438545025773,0.13512657225027316,-1.8860443294047629,-0.10941273030195192,-1.0871916387446343,-1.3604197651869046,0.04515981097339228,0.16548825344881402,-0.8820851374249827,-0.3081387826380233,0.606960604281949,1.460785595345627,2.5174385710433898,-0.9658021568517728,1.638919048190405,0.5052941236938755,0.33285086527833885,2.5063668169799143,0.7231504322873008,-2.700942027555887,-2.3075252076542343,-0.4397914338312249,0.992243310365682,0.053853425960718626,-0.5826976268444026,0.4949016825491343,-0.6694881958422503,0.12075263682684412,-0.4117448190304249,0.36695539612322947,0.41215144125518943,-1.1997932714759036,0.2405830068879395,2.0477504047556754,0.8281519287640009,2.29238161165644,1.1854192034916866,1.8783760207570892,0.31878525034062166,-1.9339977188528346,1.7297001571382458,1.1828280829885702,0.6729193684984136,-3.3378188390734347,1.536367289408176,-0.2865314701436673,-0.8926971965243733,-1.8689644961855214,-0.1879068646563325,-2.1371095646027487,1.0164860676573313,-0.1626709803375686,3.1091383724982875,-0.6898612678865674,-1.58239129168586,-0.6909316903100675,0.9688033017041677,1.8338772382312423,-0.07145126861719708,3.8465912850493367,0.5758308786943473,2.234408064532744,0.5812359809937673,0.7371523974878478,0.019084775139730004,1.0098273910753148,-1.7133577457012412,1.0158515354306998,1.349485100474119,-0.5564913295111436,2.060786046021456,-0.808599642765877,0.22971994017668773,-1.6987541927594934,0.40250045021884917,0.3995806065847084,-0.3674004422997597,-0.6296604484070295,-1.315390126499734,0.3786189249571215,-0.6986478692156166,0.4354529279752435,-0.28836758536789975,0.17649501915109697,2.79664205495813,2.129637983990448,-3.6708961382440055,-1.3533395916439876,-0.1826161858462108,1.6108283360026867,0.6893893229377271,1.5597130685482643,0.5543355754914978,0.9254807554530693,-3.8182687885948856,-0.8049249692978919,-0.09888565912720143,-0.7815278056779988,1.781605275194945,2.6481549266973565,-0.5537208151932644,0.19169459249988308,2.5277773371314125,0.05943371084627383,-1.2843382607483749,1.7294072419329247,0.42887401215105514,0.20950235276132512,-2.511582918879496,-0.3041504716443787,-0.9683472025145943,0.612568722241782,-4.076525292680508,-1.0410711686755638,0.07178202002967249,-2.22818091442271,1.061790441029235,0.4297115498484205,-1.4591509978791364,-0.2798582331012324,2.1884912418092735,-2.202270989162697,1.6218511551876558,-1.510516296008936,-0.37757046107480197,-0.20747775768103782,-0.600634820390506,-0.16536502726624197,1.658112568247154,0.303968325329528,-1.4221887410130074,0.16687101747958133,1.2750262005102755,-3.0727379814621676,2.4546732986061444,-0.5344927430129418,-0.6994152005030658,0.6113663040319199,1.5047795727964641,0.46798757750451336,-0.22870842663017987,-0.18397953762605368,-0.7624707698048706,-0.7790619386129349,-2.2122341883808474,-0.983044828831916,0.5015944734300682,-0.717271432562984,0.5879533166176273,1.5171375104687668,-3.429491729266818,0.2182295843658591,2.3469803802788247,0.6539876178703561,-1.4687227388222714,1.0056375528869503,0.07461439548674784,0.9040950677748832,1.6282083459963428,0.29495399334975547,0.20173331952182186,1.2883128233970151,1.058562233169296,1.2853405443844945,1.351057645897365,0.6933152807922802,-0.49265506309576146,-0.7689441144684571,-0.06067467186390624,1.4166308999274488,-1.5158783148638961,-0.7305549684998766,-1.140824733690134,1.0382890438699688,-0.6586260068508794,-2.2116021748890695,-1.4308023438337871,0.7428419592361176,1.2070180834360071,0.5178324227663651,-0.179350504554451,-1.2476707077304543,-0.4642410861721599,-0.9100740303095032,1.237875505821463,0.5150044351866256,1.0121623716405284,-0.6929090297787409,-0.1881499022977688,0.69195034973078,-1.3655108891888947,-0.3428207145101649,0.07638240834245104,-0.7418402587326096,-0.3429925553230415,-0.30138855025394035,-1.2978323319003884,-2.6858414636226335,-0.9432473446957043,-1.3570837429701472,1.3913769512270617,1.039796476601723,2.4773171189423473,-0.8333187204036611,0.32928672654247404,-0.11398310855959827,-1.8137530120105214,-0.04366517497607908,0.64513436799453,-0.43472305507296993,-0.19477619422643688,0.6040930991682206,0.04124135092334286,2.414229283721264,0.5885399315961503,-0.7141324457497338,0.2695547520676564,0.019209224365271865,0.47379501892267417,-1.8028928563940452,-0.292444379039295,-0.3346854914937553,1.2401336931918718,-0.5022729561562069,3.4487349862656482,-0.25696164799125,2.3085242944424933,0.0007250422266636483,1.889932355925638,-0.535245600405823,-1.3414683943362775,0.4129862123182242,-3.0733633804373808,0.46990579938967547,-0.6196954029531101,0.5352732621056253,-0.6609736132746242,3.054820209508694,0.9230792770047787,-0.8147440090223522,0.635783972947021,0.8051363135302637,-1.44064395308966,0.7231936525620575,-0.21966225017629404,1.1715138250435213,-0.8758792820897829,-0.8806774127419226,-0.8658218347724393,0.9280179660169182,-0.5717221808730053,0.2888472269911649,-0.418777905991138,0.9024641475317237,-1.2218459596361115,0.04524449432687477,-1.2433373165887485,1.030045944461707,-0.3477285351663826,-1.365941031753636,-0.47435265485718464,-0.6177239580971204,-0.7776289915262544,0.08819322122873963,0.9942577255171963,-0.6233704384766644,0.645512124057938,1.3356009164954443,2.50232574219292,-1.0322559409108372,3.11332977645801,2.4677227054550963,-0.39008588542227873,1.2020865995414531,0.6707153356656899,0.8058707087416666,-1.0350988761834792,1.8214365134432149,0.07386294725709663,-1.037680954078202,-1.8508204790691651,-0.584438065937538,-0.8444835079395288,2.4353575867401966,1.3134482851816647,1.0190619649934862,1.5246849286109359,-1.8348484727591392,-1.0899690139230989,-0.9271490160587171,-0.5652585587932716,1.8559687120685986,-2.8140038627624793,1.1457733911146812,-1.9940268326599304,2.921385627711123,0.29217407132686013,-2.2999413710889134,-0.7468304215979512,-1.5863452129921636,-0.1477409173862192,0.21335768289945456,-1.4661686847186712,-2.0843768378635295,-0.47553016243741203,-2.340295911318559,0.3447829301350696,-3.0223521555832584,-1.191183923276697,-1.3366648333941544,2.371266277678627,0.6467660074563107,-0.07603921900816901,-0.16911639195366124,1.164207769008614,1.4157432349008534,0.46043203354769424,0.5147192162223403,-0.6579659178555296,-0.38621746714774613,-0.925904663845871,-4.031453301549778,-1.857464561656797,2.6285763951865104,1.6976935596715692,0.016400770862234015,0.673752891747325,1.7551119168303586,1.0162184403095076,0.7412369906578113,-0.5519883924109106,-0.5312860491392856,0.17902929081260271,-0.6067803883034324,-1.5764413778882225,-0.7273463871545262,-1.2741797592922068,-0.6936595884849528,1.588254222229173,0.6478913498640398,0.3350978906583007,-0.11681891238185027,0.11392696731389299,-0.7926938790057174,0.9484714106330224,0.09276851129824526,0.40131311746783144,-1.6303196269836908,-1.1315719917192786,-1.154408410695117,0.8109453506560713,2.9995633035447757,-1.3541732603474046,1.3078729725024256,-0.022661462191321955,1.4348752482072769,-1.6625650864278954,-0.8021790655816626,-2.416934980103881,-2.4773679820317653,0.8427569894742283,0.8781858774364338,2.4453540524449124,-0.943578877901496,-1.7838798877374875,-0.31877835791055265,0.4735304348999496,-1.3274779429659778,-0.9232390353515741,0.988693763786112,-0.86753804224041,2.0636575040455702,-0.15276357634838222,2.2396707738077897,-1.42882351623209,-1.0814236474646581,-1.8581852752501948,0.6493632767849455,0.2328555883490463,-0.11661414052455255,1.2686183960652906,-2.3913901954059473,2.330063683919434,-2.0809291622075508,-2.339649153191252,0.7383313429492976,-1.965874578869773,-1.2313013833060364,1.204501206934395,0.6767213804010712,0.43011926693350716,-1.6081700843715159,0.4665002146897054,0.6369164265758516,-1.9219978583583293,-0.36854173283424435,0.3436178619680759,-1.0085451759048671,0.4531571469505738,-0.07610183063663735,2.6259950927348954,0.37115219518579656,0.4539386146729482,1.1710462266814206,0.04178009376330705,0.8483300376773526,-0.2609072643388719,1.3126519241390717,0.5102112962816052,1.1053519704337609,0.32955221852051975,0.7598702319010399,-0.06875396827016354,-0.16506374168788845,0.9192281492189783,0.39849095949163926,-0.9582239569203721,-0.8008152600410642,-1.5375213932715937,-0.9773238225443862,2.370457438657468,1.8816733360906834,0.340928559399743,0.5729987716104833,0.16752168494780495,-2.2261012607470816,0.03351450840500045,-1.136326038394842,-2.073955094320466,1.6292683462121176,0.3703519118637195,0.6124980520225256,0.0012769868705248266,2.590540193730303,-1.914476486212002,0.8883525364245373,-2.123011975776448,-1.6808315722727194,1.1460656872326103,-0.43048725318853615,-1.3050282283189805,-1.8761267760397147,-0.4121737748079464,-0.8986873614599571,1.0670544942026199,-1.0990903564943566,-0.5627296289152118,-1.2205178334314324,0.18519774466636796,-0.7068286954059779,1.4652467034453913,-1.718168178018463,0.33322075069398205,1.4010187206458873,0.10559272417548116,0.7315736498805805,-0.8982338546623474,-2.3880666072951895,-2.320752792376224,0.6953169435761444,0.6327674495607213,-0.09738896374410887,0.7986259059773326,-3.5654481311764976,2.1634074714777514,-1.0185488845715154,-0.026754449274460246,1.4417986448177114,0.054044689822247666,1.078559708842168,-0.9548233248186808,1.1646505467086647,2.390080567076726,1.3021789955618976,1.2531724687144905,0.06736089355599081,-1.05679156519374,-0.3812942307643075,-0.46256929460276897,2.377797504722631,-1.2542152069221237,0.6388775434636458,-2.1121009808126816,-1.5801978737589581,-1.8234093438686965,-3.1642959659573355,0.314570365223507,0.4289723883656507,-0.8546014748673039,-1.8815755115450439,0.9702695388703284,1.6618880647415726,-0.48926262002356063,-0.9683803155263415,-0.40043882146712767,1.8904773493782216,-3.414632749289835,-0.5910552961246,0.6320570931451568,0.2615274876601662,2.887367791751434,0.22764901231011758,-0.2350144065970107,-1.6887165915651705,2.6593086211772676,-1.3733928140412828,1.5847343285131221,0.6463288446369457,-0.9577834834615078,-0.6462433994561313,-1.4343667956961415,-0.638621377051967,1.9390007985905462,0.7348332398149799,0.5269606072791441,-1.1692800740093903,0.41811936706659614,2.7088385125086143,-3.345069316050828,0.9786214985739885,1.9133803508547205,-1.4582213650446763,-0.6573705158229102,-0.9050615916229277,-1.2307681439992404,0.6917783430496414,-0.14201928770964933,1.0275949468866274,-0.6831243281635208,1.3441893106090173,-0.3966162290953954,-0.03214173981990606,-1.7242553318074298,2.675246517719459,-0.30206279173861855,-0.05852137249653175,0.7791149645344773,0.15085364166481968,0.25743264139973926,0.7130484387025353,-0.7896929432492141,0.11098959104813122,-0.6249763683923967,-1.2956125853719793,-0.6303496459940604,0.06227211719396619,-0.3786021133742983,-1.6524479808884238,1.2176449934958584,-0.969060996206152,-0.4501761856673063,1.229292929708174,-0.4417460262869656,-1.840132050932285,-1.9452414284863646,0.36339457610226356,-1.5533029255239996,1.5550984528233003,-2.759063148114193,1.5146001770763469,0.905401146730394,-0.060958709880183704,-0.8218538797133825,-0.07613588302368729,-1.0620031074956426,0.27100991790635753,-0.9466183434621116,0.4436300384668555,0.007873906464679392,0.7830540881477979,-0.38193838551090264,-1.6250398597530595,-0.9071609180270954,1.8658389444781993,0.4723862987383424,-0.4879478728938478,0.12468915426110458,-0.26920868322337194,-1.4885286432127214,0.42265421938353204,0.4637656164543314,-1.2285370047867035,0.22369944244510093,0.11024674284956912,2.3913215570494812,-0.06426751386746915,-0.37948931280450704,1.1932122085710062,1.3962540368775957,2.9539833692138884,0.46850099749294893,-1.8593367619169112,-1.0700705263767767,-0.22827828944975223,1.1695079022581405,-2.111275465004117,0.032417151620912354,-1.1544569691221853,0.7353964305797773,-1.0379390088254283,-2.5782940309737556,-2.3046689522424852,0.2650943403077862,2.4676928710889117,0.061895257089083444,3.4952373450932632,-0.4624102011487328,0.8301012284559618,-1.720536143900191,1.3264123563679808,-2.201114635064776,-0.14724279510918464,3.2432013928677343,0.677142208023305,0.2290195813498447,-0.3314638998896098,-0.3534975536417016,0.6629471259814599,-1.135730499235706,0.1495072455020462,1.8521003402271505,-1.4962495453470872,0.8076075537775544,2.4016331999235563,-0.5946038586222575,-1.5346032899950985,1.3215101239134006,0.46260743967337137,-0.3656533980312949,-1.2637023941404002,0.485716613665261,-1.6374139535378007,0.9795592622607697,1.196717312432589,1.0601072875755033,1.292588376932249,1.8114651586195767,0.09271953418282447,1.0383337850262446,-2.4420987719448237,1.4932569782653706,0.12694377825447672,-0.24015085868938513,-1.3636260596341234,-1.9666885536812562,-0.05567113916789726,1.6630458008748004,1.085447035900819,1.9990834630006424,-0.32382802216041534,0.04201105501620572,-1.7073351081310064,0.3510553030707149,0.5089139804916498,0.14558729683033866,0.5108899210365657,-0.392058000232834,0.30270650308235025,0.7044897236340547,-0.6292186853148537,1.4208541610846044,0.21019916148617002,2.194886030558602,1.4465556383092655,0.9009751466709447,-1.1886328261255306,0.5023474242636593,0.5828714004888064,0.5111541255709712,2.078640779037302,-1.1726445709006432,2.7930230735340027,1.3451663059281245,0.7675229345278121,1.3473166364652944,0.6603708185790939,-0.06560284092029378,-1.9319003754931448,-0.4315529297678708,0.22383845448593648,-0.4774561194803727,-0.49717159177990056,-3.631702886973665,-1.8874239576345186,-0.46886490022892635,-1.7120815488719692,0.518993154547182,-0.9141887583557974,-0.2199441581293941,-1.467048616030777,0.08590633325072483,-1.0412971748117992,-1.0489205184306705,0.21030503645708193,1.026183455163274,0.07877801464516998,0.2933547996796854,2.4929446006877645,0.5992746615914141,-0.12469066008175617,-0.06950412425471703,-1.0203609428362332,-0.37862710933796767,2.4538298521204576,3.223598673126361,-0.4107834846387253,-1.675097776969112,0.7076376157190107,0.6349726409701568,-1.2657326960393593,1.7192583872528782,-1.936113478272266,0.30324248381027996,2.2643288874161405,-2.696675193702439,-0.8862052289657627,-0.45906312182792064,0.9373440360544081,1.4060574664361372,2.096391897294371,0.5629561272983642,-0.8621464198660544,-0.8322008285811358,-0.7449824751473757,0.4385234439460406,2.29707503488936,-0.1737444073444404,0.3137568349062797,0.08802834706956203,1.0537428880438022,3.030508491894413,-1.3300483859933672,-1.5315507022718151,1.1144929013978144,1.723011877844838,0.689004552300332,1.2444847700185455,0.616234928254652,2.74910376171078,1.0439330696304645,1.1438788575272563,-0.6207538961423068,1.7622389003401027,1.7301144324928628,1.3504380458831535,1.8415588939999612,0.3256794968112302,-0.7194524862452395,1.3841732986141007,-2.5520888909495527,0.956225872518485,-1.473074412565964,-1.7025464075655719,0.892141140175807,0.636020261666924,0.2533160111753543,-2.1189966207215485,1.5697361544725115,1.2254271625805164,-0.03730862496152498,0.06237065444095964,-0.005416953312697167,-0.05911697760251233,1.7940019807094298,-1.0156629346993549,0.42469475878958357,1.527681929157237,1.7204214233875075,-0.4387306553196578,1.1117204270183694,0.9984398092198129,-1.2785243780893927,0.48979990043415556,-1.302262291062001,1.3723828202021153,-1.5063328195047276,-0.3334960519687997,-0.31776554005047214,1.1999211432147274,-0.09301564207744763,-0.7026880150597475,2.025191931040892,-1.2325631039910225,-3.714742278465157,-1.098036993807571,0.546868888790117,-1.0352946051327812,0.45801411591935726,-0.9939233423724367,-1.1890008958320486,-1.9475774512031023,2.7505775259524987,0.865359944587572,0.33725445116339525,1.7509814882607264,-1.0515894323469255,-0.978547377587297,1.104737401741479,0.2630821360189761,2.589400154194741,0.3158855611787992,0.6270697442448927,-1.4390337631948182,0.6094509033809073,0.6122184517879543,1.8167016932073883,-0.6165551427481795,1.3164983536593438,0.24293414081394263,-0.45996006204844725,1.1870546306695724,1.2727191068855679,1.3187914671579413,0.9733767463902596,-0.01994869122507148,1.577781270471711,-0.5531763359343809,2.6785409020061617,0.7124732033681311,-1.4404045447539395,0.6486974640730642,1.6263179409203203,1.306694740734052,-0.48238224955337794,-0.21797880395182423,-1.2945985476593316,-0.7424608355156768,-1.5300029378848878,-1.386656938069864,2.1503838464477143,2.917148658633813,0.7821635661868239,-2.2459580502561938,-1.0197270190967682,0.5108651001672605,-2.2305123938381906,2.8225653409238625,2.485216711403018,0.22485499342344709,0.9589964026773434,-0.4120877391175274,-2.650187918226876,-0.2882285623278571,-0.9143592628139894,-0.9061429579598983,0.41945353816704994,1.423661635872964,1.495792374384227,-0.15813052982284473,1.3854369761159382,0.5237587312369762,-0.3695201535293145,1.9281814017213477,-0.7633599531240619,-0.5707804041477779,-0.2668080437569027,0.7825496405741325,0.890757944450856,1.6509732663548484,-0.5714258767669118,2.050523127121093,0.17672472062787553,2.622474723925513,-1.6652040743185654,1.5279672131717328,0.4264402832272003,-1.4838826860756194,-0.3250960362030317,1.605955587838514,0.14884177060788872,-0.743883160578183,-0.758835544081177,-0.712732576154423,2.292179670259068,1.344456862961543,0.2548172125925383,-1.8803434398573735,0.8506250254361771,2.7175899063011215,-3.0014789374768176,-1.3039300420004187,-0.7109891453870387,0.23611759333278204,-0.4500802792009071,-2.291055451443114,0.6301150663255073,-0.7910461298956113,-0.9665583481161126,0.851295865815703,0.9505957573451957,3.015506065273799,-0.0925452375130783,1.7463009710267379,-0.5619374736338304,-0.46626645844911185,-0.08512863646271152,1.0862201034326002,-1.3537765001179543,1.6725124495350232,2.0070042462598163,-2.1649895907591143,0.6019989176778906,0.2930435908418074,0.05503203150168973,-0.28405882049253417,-0.33444275578212745,1.8307462262370717,2.2455445875461937,1.8312408728153056,0.07668243789484439,1.5102477023866432,-3.7088508157930233,0.4660315818136144,-0.8120344088702375,-1.367345416235143,-0.25952000610389364,-2.6442296760861392,1.3671413237031544,-0.6733697630480587,-0.2298847169046322,1.6868880875002283,-0.0536347157561341,1.1590901978931714,-2.5013896065813155,0.25142072049205694,-1.7245703311676586,-2.2278880444331906,0.6456662315980722,1.2854404955057586,0.6098053351167403,-1.7239368661450318,-1.6725568428467543,0.03827411010737787,0.17355579234796858,-0.14028417905265356,0.8716369435242518,0.6086574162071456,0.052858423983561095,-0.3735539492658091,-0.8992390100323961,-0.8617893157253735,1.1164166871885732,0.5731445767465446,0.23347794469180733,0.682717043341684,0.42452665794853706,0.4289580831754744,-2.03976334337793,0.30068143279423737,0.0047745211426089285,0.6908470564774016,-3.7029563298693478,3.2961452951871717,-0.5156087919084829,1.1781926227783126,-1.7609959022630173,-1.1141443126935715,0.6306313105654702,-0.5467829415604732,2.0857614865421725,-1.6820782636850964,-1.2643473842022983,-0.34881652250238915,1.1199973164820165,-0.28572100627159064,-1.1987530935062047,2.3919065292996105,-1.278445400062817,1.702876002168134,0.2980658147562716,0.47333828043805815,1.697538513900681,0.7167747024409681,-0.6527235105916034,0.2941060520894483,-1.8655277317157892,-0.9388924152043553,-0.11389820061730688,0.14334964701338393,-1.8353280488868555,-0.594503922988204,-1.2860735879545317,1.1991266774146463,0.031041816067577943,-1.5004894767266368,0.9306864769362498,0.664743248180902,-1.7336420013239888,1.5963820856758235,1.5904023982101054,0.6123858270810497,0.9162610314349076,-0.6168401394033347,-0.03561852702288399,0.2584149747101241,-1.011636006410244,-1.0192080602835674,-1.7209061902267022,2.34884679648031,0.3238223847597484,-2.0378990301852777,-3.7420042063555417;-1.385093765687938,-1.078512104059926,1.1763666046803967,2.8345944879142895,-0.21293670105205653,2.4718334958091104,1.4925220724958832,-0.41141354313973466,-0.9710472168221145,2.174604420136436,-0.8575884175243769,-2.0697053126819265,-0.7766488072122357,2.816105173585032,-0.5700694620002804,-0.008359932789615027;0.8293888173291929,1.059374175990177,0.21895058141683266,-1.347561209769287,-1.3079961122750483,-2.177243710845913,-1.4705814245772564,0.712698002976361,-1.6787102889786927,0.9303241948031963,0.19292239205013093,0.9998310003469681,0.474717235279543,0.8777522095610242,1.3853611466613156,-2.2319097432558084,-1.164523526748815,1.9086915707937875,-0.38351304182195955,-0.6575923792130818,0.6280006431796892,-0.852380028598329,-0.8559139543463501,-0.4550957627159955,-1.3339598232174024,1.4606387447630236,-0.6615210631862853,0.6636712389957671,0.05706502048822357,1.663506983384744,0.524970851267703,1.21509196881184,1.1762572700230185,-0.39474067558661685,-0.47089566270397576,0.3489170748449205,0.19108818667666072,-0.0533865052171934,0.29843662830727546,-1.4439171302773337,-1.6334047901649282,2.4139016479675397,-0.5040928614138956,-0.9763148457134763,0.6128189234260486,1.2309183434251638,-2.991459394689029,1.5577597345540612,-0.550388259792316,0.8216096304088304,-0.6277171326150008,1.814281096025539,-2.896170160309266,0.748299268655338,1.4964434875861161,2.7175310060466575,-0.32987924354725784,-0.6165118562608161,-0.5081226352252928,-0.40530457616842663,-0.2718907397363305,2.55870433171236,0.029814541650328374,-1.6836687610586636,-0.5962600322044649,2.6454706514874373,-2.1216787575426,1.1291668988222412,2.0212738525206544,-1.724279310599218,0.1044271074961165,1.6569299853564583,-0.8820735247202928,-1.376949489994407,-1.4905197447028335,-1.908535222966133,-2.0884984848673653,-0.6048694807416389,-0.047363225999804665,-1.545561127397118,1.982602741918058,-2.6569798696043203,1.3112656330095354,1.9323621260106834,-2.423113257823273,0.9388056532737509,0.9291771379878856,-2.2873459690965783,2.106849488442744,-1.1341751451263782,-0.5681439672317738,-0.6425693306392728,0.8497678010824261,-1.002221238078886,-0.2294513701169617,-0.4350555099986807,1.253466589461782,-0.4640985166985049,-1.3368607633251386,1.0624633582073453,-0.8178617814589612,2.174328036414723,1.049157388622722,0.9053937047350644,-1.2685861474461304,-1.5630217496908765,0.490689607524604,-0.8685892855274299,2.4551787403652274,-0.08238667303034074,-0.6713017716027936,0.05930312940363691,-0.7797841211827787,0.5064476245079625,-1.0842430748776788,1.1371247494592214,0.47403276932880867,-1.6068326956872097,-2.2231608982119297,1.6775949570680622,-1.655602469612545,-0.8119934627540052,0.9597152499966843,1.1498356443940239,0.14750674487644838,0.5776266761979154,0.5897377687329224,0.25319250375230395,0.47697727953555474,-0.24465124584133213,0.023547241646548756,-0.8122777266487993,-1.362487607711967,1.9616280870401313,-0.3455609178826713,-0.22572133027194818,0.7220979611931783,-0.9800796882908319,-0.6131434860250817,-0.4802457159029634,1.4484617280861212,1.0856026942942827,-0.572763968598257,0.8171561829254168,1.4344962846325566,0.8216866243365566,-1.0480282860010313,-1.7940966449870237,-2.7551719465649795,-1.0893321961558482,-2.0874672197158186,-0.06459422603517703,-1.9441906009217869,0.13115857814387982,0.9821933335507349,-0.01814952771126439,-0.7484158813763372,-2.2172265800156636,-1.800102958573173,-0.6436201907837182;1.064255582299551,1.043608443604301,1.728773162751458,0.6617730054266371,0.17986469807302435,2.3817308368592784,0.16399409379448646,0.21531249996498647,-0.4105901584168835,-0.7947534369177436"
1,0.5781334944499,"-0.11078225524137877,0.044853113924489624,1.6687893050893186,0.39782045504025787,-0.009282135326188268,-0.8003856303652332,2.799098156037589,0.6060259122349575,-1.0379820669080604,0.39493416008429516,-0.7632498897348924,-1.3243904259166632,-0.24593421976814253,-2.305337027178605,-2.66974971740703,0.7018013152940218,-1.2358063140591344,1.4282683979654252,-1.2652867388537605,-1.691856286226765,2.0524847558836905,0.8539260067251053,-1.2401943107964524,-0.6494426855796847,-0.8511274135801181,-0.4441120229300439,-0.9716725533424051,-0.4567470531588942,-0.9368466086529363,-0.3930073526481959,-1.9761950601550522,1.7713954943473094,-1.3279161408172109,-0.16220236162168417,0.677034694054595,-1.271093893373781,-0.05184366506090432,-2.999624566557284,-2.596222473279028,0.4488862553763603,1.7055620996132028,0.7934824485588743,1.1091565635357936,0.8185191244453455,-1.1163608531445892,-0.07573319952566593,0.8479470389616539,0.29843777624525225,0.08832966809504067,-0.41726066851231874,1.1403626217169,-1.1734438743481674,-2.076744529827742,0.8980287096849033,1.151338441677548,0.6979477679315913,-0.8315951598082758,1.4402378488508287,1.8943502475641583,0.724999207826285,-0.24555534522825528,-0.0007550391290462866,-0.7614200479823963,-1.1285425992411657,-0.18059022252200085,-0.13186748582287014,-2.1239072650479156,-0.4901835753927483,0.12949816582473,-0.5941975339454119,-0.700755135880483,1.6566544887229269,-0.07886979156620014,1.365272179702313,-2.8548728113171196,0.23712458852127363,0.9922774328557731,-0.03835192061717854,-0.5505433747212707,-2.5689179004033442,0.5085953669166545,0.5568293964102311,4.470805495148747,1.7704367402721346,-0.7972875768273543,-0.6607906815389214,1.7061953020512917,1.2961437772086581,-0.8334226447093556,1.8082807317590603,-0.49728856353683676,0.8772084970209095,-1.5928693822540927,0.21771128118990113,-0.03081351888558026,-2.4156213941891718,1.2556108178959497,-0.5450443159621235,-0.704699379550488,0.27811729865924395,-0.9064196892434424,-1.1313365466403784,-0.9109633104489185,-0.7297566518274945,0.38883272731804014,1.5605276011145026,2.445879809981865,-0.2797028646683589,-0.600159719494735,0.2385017744911837,-0.882596431610563,0.25256144842935146,-2.1224151664758684,1.5654149286605732,-0.41698016659719805,-0.5772161722363418,0.38154794177621965,-2.645351791808021,0.798545559490146,-0.5322168697216918,0.8158584695766284,-0.8197385305255429,-0.38293879048882973,-1.8856434841451781,1.5218222131951382,2.3421637155459645,0.04566003008799589,-0.5578517211227395,0.4399176986033341,-0.5800946237225078,-1.4611141838459611,0.8811242658472678,-1.5357227678801528,1.5393210830450748,-1.7417749242166054,1.4887941024359972,0.4243161355713282,-0.8210196518557619,-0.4122501685378821,-2.588399857248831,0.7374103884800336,1.189178235535678,-2.4910798369016547,0.7920728316226762,-0.08523221595773323,0.44453393093031296,-1.648838467596994,-2.037844514190194,-0.2039018188820473,0.17524412636199604,0.564072483410807,0.11408980992159487,-1.581162521966316,0.5269127507808603,-0.4017164969644471,-1.3479055698860711,-0.10778023429902195,-0.24267704417204583,-0.09221943942967437,-0.6853544995459532,-0.6269042635967752,1.7085930997557925,3.4696156805827556,-0.854338940812924,0.8509971122764437,0.41921136246671037,0.5931272422093372,2.42585958204715,0.22041657184688268,-2.569218066902114,-1.7816195102525805,-0.821388109802017,0.49214275101273786,1.2939324938487993,0.37227179979631453,0.09703570033463271,-1.52006858887357,1.3122259169601125,0.5154991096624804,1.1738715251274905,0.3447270776706939,-1.7217126411737078,0.22457594677976292,2.1305917817628828,0.7623432481324577,1.7654105666891913,1.3471030990169557,0.9295346742146345,-0.0547376788835951,-1.7906321904935014,1.2285147110234862,0.6120216276813795,0.43408020403441544,-2.7948463785719357,1.07659216471187,-0.8257666516957463,-0.41641849027493405,-2.190795813637428,-0.5977626098127095,-1.6034466006359782,1.618256260970421,-1.1461919742632074,2.870374486696103,-0.30436671533777226,-0.773115072601775,-1.4416232891534524,0.7418220638839055,1.0536382881753925,-0.38997563366776905,3.7378654614678855,0.16311664741620413,2.0518866045908744,-0.06551666286017543,-0.18661071471123425,0.32533711324696013,0.18787559960767225,-1.83841289039589,1.448629614588323,1.9385627267231396,-0.7902894843256528,1.7797624387064634,-0.6264446326210062,-0.8167569883574697,-1.0412406381353996,-0.43248691703187014,0.561413994004699,0.4877533253584748,-0.6852184499866618,-1.56997267722753,0.19429738359729787,-1.024474799973313,0.13349447644581208,-0.9868015257154505,-0.35601064103072155,2.3997007196584086,2.3035362809905564,-3.098892595468926,-1.3850140430475317,0.056088751115678626,1.8726203371730512,-0.3330218632660861,0.8745441412319873,0.7784909225688155,1.9113653827643662,-2.8699930709156987,-1.7500116599693505,-0.16692633228608017,-0.36122081851772914,2.961009978439602,2.1815507717419957,-0.29982120777266325,0.6021328607826797,2.842717520064819,0.22227504149017857,-1.3522707313262574,1.3345527861819964,0.11381253105177272,-0.3785743946739634,-1.692932076832818,-0.8232899412904224,-1.129148242386179,0.91753553621775,-3.8908314351916045,-0.009947618808225978,0.7647943802339805,-1.6843044237427955,0.7967719822700239,-0.20641401807299053,-0.6614642326160856,0.09331497156294385,2.6962817705596747,-2.57430665360819,1.8680033072737108,-0.8032235963889138,-0.3138817297376493,0.21605221349512366,-0.3206054036697464,-0.5522093997217943,0.4251625823403831,-0.706425895790861,-1.1719725473757368,-0.3182810047158531,2.0221611341020442,-2.989884398553802,2.9723306716957802,-1.2514627459591754,0.027529008971120324,1.5451078647406424,1.1439030941530715,0.30821209920129367,-0.5259054545791256,0.4547372349762659,-0.5533391840337998,-1.536533619836163,-1.6189962713680939,-1.7657715325706091,0.7850292129297761,0.1794696722388448,0.04145352798812674,1.108121041339537,-3.4204796955886145,0.7242612015884276,2.451567394460711,0.36730217752994576,-1.6417803226989434,0.9107113940398122,0.32439321536595006,0.27025607248311784,1.908281397946902,-0.8671501334189444,0.16895964533581087,1.789263090584063,0.5004142575845343,1.911668812393331,1.940262174160583,-0.8104924073767232,-0.6841160935875833,-1.023969088844038,0.6202827345901238,1.1729685125391232,-0.6533415265490345,-1.388847815530028,-1.931746540896934,1.0497494446290347,0.051000396065227216,-1.43156496070024,-0.9486995296060222,1.01293861058695,0.45841260554537067,1.2502734225451073,0.2562458601773891,-1.122897353981962,0.38006310497756934,-1.5916936772643375,2.365899368297974,0.7902731962956753,0.6676265587694764,-1.4414993901973032,-0.1837985186886359,-0.5823109495539183,-2.265955962569567,-0.185395808253275,0.04172844495731681,-0.5038778781227085,0.4578295015588624,-0.6083460093185479,-1.291481697173848,-2.6909279502475845,-0.6407580162884977,-1.2822765428416338,0.30770908342995795,0.8083843328354958,3.023234449428294,-1.169125557670718,1.3027398336800606,-0.5425907134824983,-1.815814644926706,-0.14728050054255415,1.28911462943528,-0.6280835464263481,0.7949663765086301,1.649777943756065,0.8992333130350671,2.0932862937164107,-0.5091206959992549,-0.3233414037128366,-0.09929761711406557,0.10467350849991391,0.5133756296250432,-2.4828931429971575,0.08868891131416648,1.1368274121512063,0.5420111233490278,0.5876788888399208,3.4797547587772226,-1.1348412753756563,2.9404940741642864,-0.0634505526027918,2.6381058987236337,-0.2056087507142299,-1.285717440483844,-0.15067749528894583,-2.069683137590762,-0.8748453795968593,-1.7089047599556906,1.5797889227182047,0.6274972751769883,3.478931322188158,0.5030149822443164,-0.6122076518609197,0.9460741439495749,1.4668438306908511,-0.5984750701043192,0.617582032188966,0.5082803983349473,-0.037093944341066776,-0.5091368141791728,-1.3558871306974565,-0.6013309596869393,1.1141387560092981,-1.3043563231858646,0.2616085512655663,-0.7207739857777171,0.5479639356798747,-2.8411361092363947,-0.19827035653607383,-1.3958808769891917,0.9546977640082377,0.2467985295388519,-0.6447420742447704,-1.2193437170064012,-0.34588855963464094,-0.7787254204540363,-0.1943335244097997,1.639618547651072,-1.8357536482118695,1.7265039247449678,0.8260945583387453,2.6263534643178312,-0.520947633176822,3.1683786579092312,2.4606179170114917,-0.10931771641357674,0.35470692485162186,1.2893107331545097,0.5454631267074459,-1.3164314935028227,-0.09801606805821605,0.16712982953108133,-1.2381777506302263,-1.2435520164179548,-1.311079662929059,-0.7643409396505778,3.805027697153137,0.6041567972534962,0.8607098615041913,2.762877597759129,-0.2213201342075093,-2.400359344691865,-1.2003379396293439,-1.3205513120141794,2.0042390079668797,-2.19541233132044,0.9234014510674239,-2.607218661056443,3.0748376818223337,1.0897464823704655,-0.5856890627139161,-0.5992694521493629,-1.5564879101547457,-0.5730459791591174,-0.005089512265295026,-0.3936755624714512,-1.684039204202228,-0.9237961818525179,-1.9762736310986653,0.9268790938704065,-2.054321727472222,-1.1750115592232824,-0.9140682631831031,3.3872195791502664,0.24067836622261035,-0.17166914369929087,1.6244518752211947,0.8832313871406461,0.13077781777398167,0.9669603966338681,0.18152400536706403,0.2685555517949067,0.04777426355873149,-0.2508110978657243,-4.536217560319179,-2.0500862638426334,3.386089736055463,1.9481675847890336,0.601538512148774,0.7559741209331552,1.3286509988206872,1.2829518398497857,0.045394230671418706,-0.7046397723044246,-1.0395450778668227,0.09408024583479702,-1.1498397694304145,-1.5194731739695155,0.07830140150545106,-1.4869276638755684,-0.41356918923078434,2.3524677133056455,0.9585172154369799,-0.16743574004418804,0.004690373541640425,0.35604612536140573,-0.6748492211162964,1.3658237964363322,0.5009197268757004,0.28705736717250485,-1.0309883525437704,-1.357554126849976,-1.2718587775593166,-0.037783742256479846,2.557796062772228,-1.1294558662657066,0.44939725207519443,-0.1960870470267181,1.0772726683597695,-1.8464195111387334,-0.544148547951894,-1.6832878284721742,-2.427799938693364,1.0973336321569556,0.5521387704770211,3.134750571726162,-0.3491087329414311,-2.1488279747539583,0.4889082168485667,-0.10780124568741825,-2.2046558335027515,-0.8040714500478814,1.1347767822583927,-0.7272690069579486,1.977096427862436,-0.5029801892371082,0.9346486972926581,-1.5784187720630891,-2.1042400879566925,-2.2616573218816485,1.167093900949319,-0.672983752428941,0.3549567193955181,1.0357926107689897,-2.078057292150159,1.2888511539237957,-2.5198224985787587,-3.232122368825113,0.5103583553436959,-1.1685705148339132,-1.1866058565952076,1.3514946383038984,-0.8397183822610974,0.19786695241298885,0.10141447069323806,-0.18401765341083193,1.4249063651473575,-1.7010137231297615,-0.3876669998784988,0.4971880782768296,-0.5555852221684805,-0.4543570259431759,0.5991219010029595,1.1595199137132135,1.1510530751947212,0.8338509888310138,0.7446303881439128,0.4451940811044459,0.7770397714060666,-0.6425657422866813,0.39090233120592244,0.7560053332648818,0.8448071579799299,0.37943863288549456,0.6428263302102383,-0.049439393938005796,0.21137627372193107,1.2022555782231645,-1.2788605456131918,-2.051203442823478,-1.422113495773926,-1.361174054271391,-0.6813694747753491,1.694410845694749,2.0541042379411296,0.7506134604646603,0.01126555181392852,0.3150732541860089,-1.3057512296573033,0.044216609993187356,-1.0872804367623123,-1.1619837987706338,2.0489441219286837,0.1259817913624296,-0.24425276917201555,-0.4271149180997783,2.1854934931626437,-1.0669399895719076,0.4933471676323725,-1.7165729643097531,-1.6111898806674376,1.0698321740991055,-0.47321084106992617,-1.4694458166045743,-1.7887995437293167,0.2915185876178827,-1.2368467755225412,1.8459743138002602,-0.4716145769221681,0.28097737730156397,-0.05748409144980271,0.3594532169060271,-0.36406554576058586,1.0610409948260495,-1.3087319528017451,-0.2711981901322231,1.3344380635452135,1.7940784710218922,0.6820385593538276,-1.2496121871558379,-2.151932864030693,-2.9291926104137924,1.6882116734220047,0.6827470442509687,-0.25781240089813384,1.0415935295891197,-2.603868629017931,2.988345273689722,-1.529388307549573,-0.512878049365753,2.01497806562986,-0.8581137522457435,0.7179553362672757,-0.6216169544629375,0.5189425831667808,1.9947352516050965,0.547301123222932,1.6931183388596378,-0.04777582899397054,-2.4454817774654884,-1.391997440372398,-0.7133820400979733,1.589189311680523,-0.4247642615962405,0.3496823161368702,-1.8204525900776225,-0.4515508158560614,-1.3423099369083134,-2.601477274166279,0.015534201224209176,0.8240766096154526,-1.5470658261930434,-1.5644202954263065,1.2649547976311426,2.388434591597273,0.5777526905695016,-1.1602947656927693,-0.25601286778280813,0.9193142906573322,-3.070894810266826,-0.769142457560974,0.24400267142807006,1.3211107934511443,3.0684313495394866,0.4735625989391348,-0.23067872016602586,-0.8898339533090383,2.461632858210007,-1.0655052226281956,1.3861584629716937,0.7606583654399034,-1.1635799326377283,-1.3537882966811667,-1.4400799868072995,-0.8847773862462316,0.6995331687963664,0.9518502080407301,0.9480341345479435,-2.007583141956853,0.7748373743352184,2.1001205353077186,-2.7526854763301847,1.4933044458580236,0.998207592583553,-1.8344122286570803,-1.0235666881588472,-1.3145609490380719,-1.624167193433283,-0.14841058213826547,0.09654045501348374,1.21330937059763,0.20184279715394315,2.0813590799737884,-0.4844136487960925,0.6226234484015619,-1.9789028247336304,1.6649836024090852,0.5838992392343841,0.20455987777313422,0.918686964402718,0.01509218887744207,-0.12548194455100892,-0.16822877074811138,-1.0390886690651864,0.6389815698381136,-1.751193764038018,-1.3229020292169638,0.05432245483541323,-0.060444141831551,-0.5890759872929239,-1.265385998709211,0.08515113760380277,-0.6407355384171688,0.27857824784153085,1.02157044109752,-1.507259719891034,-2.391643727383066,-1.3664470612617843,0.18710813988554478,-1.5989609134577223,2.8673577788936715,-3.3449576643989642,1.5532725348613896,1.7494489604567947,0.2926046114188738,-0.5145207464655127,-0.5357336403183985,-1.5022565685570504,0.8980358108233645,0.342453679956093,1.04208834474594,-0.30903289202545325,-0.5215869552305425,-1.1948138601907168,-1.6382771303120316,-0.7195398654929662,-0.09312731027642107,0.01832961104905728,-0.1584105157897008,0.45886249640205223,0.8350281886913786,-1.7901688270311937,-0.06749841986610629,1.0089897607959528,-0.7084663193101062,0.4249307684591562,0.5848831290053487,1.5034269797174442,0.09399770541873931,-0.3721652581441569,1.4802114019653922,1.2390071525428252,3.0975301372918222,0.6266791646422636,-3.1486973096216038,-1.7111481566154192,-0.1537048808140557,0.5545644377212928,-2.764039186279317,-0.36029647666536857,-0.5438993011203606,0.6787155187237516,-0.7296094074746169,-1.8716797799661984,-1.2728585265021382,-0.6850361012305064,3.245472996167012,0.42029725923473854,2.4834186025244684,-0.6642930260502065,0.9960963646813942,-1.7580040721408239,0.844608313536485,-1.8599663865580485,-0.4495737879889647,3.3185461142372725,0.5477714622380857,1.0237075959484383,-0.14212827902571745,-0.2139004559838562,0.9006571330541862,0.12005275699393636,0.6910687235830544,0.101039095622104,-0.9213212564621445,0.30655672803226114,2.7001450335262707,0.19336867772243765,-2.0917995036133807,1.1032955453771736,0.1960833541344187,0.05215780811955517,-0.6461599949667962,1.2135856394720923,-1.795896478130993,0.7488680573123299,1.1544222584127923,0.711127956582201,1.6895647073219313,1.6464943370799294,-0.5915441071723204,0.45537575493798743,-2.389341127612651,1.2551294677649916,0.3039889838125927,-0.4393050448540003,-1.7981049201126713,-2.275373213492667,0.3344242628368077,1.9022408893121727,0.36782070868257644,2.2216142209295886,0.04050458333177703,0.600464188189817,-1.5046894710214516,-0.11066879937591784,-0.45045346516655665,-0.6001010767814566,0.45168025777929455,-0.07185779187402747,-0.9272380512301025,-0.02223179531671328,-1.1315166637736378,2.118069080914302,-0.4074208478066149,2.480998838805946,1.1803069492587697,0.372862197469088,-1.1410889500287769,1.4806294525565171,0.8228614554695906,1.7612897267482306,1.6132852519465695,-0.03753633585403543,2.1049909653104995,1.9140938252899533,0.7106810509344684,0.7398943702923901,0.5830079000707484,1.782870337553991,-1.4926460426315067,-0.7343093472995261,-0.19295634007325627,0.5460572253487597,0.08472763111712428,-3.4843348091642943,-1.3107790741614829,-0.21931767751296893,-1.3517847965057441,0.835670312832166,-1.8071647126680932,0.5156128114270384,-1.413349442674559,0.6956872478771228,-0.8235391077836443,-0.7318723465701877,-0.18286984484947105,1.4390029237270523,-0.07038027478201164,0.5897059740259989,2.7607104588324827,0.7317609144894042,0.23212933684002937,0.2250816103745332,-1.4188609826462633,-0.4864276114949643,2.14527389930491,2.5265228327136584,-1.4132079727143612,-2.0527779643017556,0.37293676137410636,0.1908786008871581,-0.6828737879442014,1.6636026592469735,-2.2361497888460797,-0.10744301928850525,1.6732397506230225,-1.900437373787085,-0.21745542465392553,0.3085346102317245,1.712495346675766,-0.8580743046165658,1.8003709198525288,0.037377902142370856,-0.6114596621732753,-0.5207257521876852,-0.7082729787230052,-0.3563526574270291,2.4064580702796183,-1.31311272333001,0.0767295020280842,-0.24528641576383123,1.9486408267047037,1.8101165010975369,-1.2058515901037286,-0.7812854192486541,0.12336090006937303,1.5274291355600018,1.1162703032130374,2.167822246888001,0.5286988615823677,1.9094276654930236,1.8216412875291563,0.9538990406396598,-1.092037371172186,1.2986111673640361,1.173231423818649,1.3650257880323644,2.090709604339634,0.7960794112939182,-0.27667185273176004,1.1552873663714114,-1.620290718348461,0.16568982368487367,-0.6682382263007218,-0.9535313096441853,1.5737440767951805,0.13347750582711698,0.06335090806392059,-1.56457896844731,1.4295752065363108,1.1971615877420967,0.8734368011533913,-0.01058962711468639,-0.45792552783021445,0.39443768710708876,2.2759373831739818,0.1115581467119004,0.4729992263434079,1.4777494886142468,1.0200887199700488,-0.17455027508955495,1.484650300658851,1.145390490989171,-0.31721030234584,0.5127950867786284,-1.8397876816135459,1.339813528754239,-2.370228338636746,0.29743342620119073,-0.7324498023652537,0.7191481722344459,-0.1956845512441289,-0.9330905022657889,1.286538879568531,-0.43342727306180273,-3.1213222069467554,0.25925683988515935,0.5094396926462605,-1.504601618929769,1.1880574604372685,-0.25996078616836515,-1.6295549320334495,-1.6538517929653496,2.476930543219522,0.22593578542153014,-0.0727057465408503,2.6242811633934067,-1.2564069724407196,-2.025784033973997,0.3691332211707871,-0.5347240081764228,2.624496151943959,-0.5350156583193847,-0.5457567359056018,-2.207863261767926,1.044254673975488,-0.9866010903624136,2.0892713389793394,-0.3140076669744165,1.4230695400521864,-0.6145676994483569,0.4115984976020496,0.6203465957809676,1.4513894336050983,1.2400673837732046,0.7619815810203858,0.40938071752067084,2.2977762948655482,-0.05798679774000759,1.958837199011581,1.1822942543035726,-1.7459918057617292,0.8600660941728271,1.6588867571737824,0.06195949449875099,-1.0454825235415666,0.7072854468633671,-1.1258092055999929,-0.3349832122000066,-1.7890788474640642,-0.5231240197226714,1.619093094807262,2.1319854372538702,0.9315468108808352,-2.309139454392274,-1.2479524065783507,0.3923142435025594,-2.107109879453975,2.0314739535157633,2.4529087232191857,1.2895683931671138,-0.28505046112828275,-0.19742541861544374,-2.1812738098505915,-0.31084853406922863,-1.5533469869993792,-0.6316338241310138,0.48607595220206107,1.5076653115888032,1.1776585049318455,-0.018066190973061225,1.5321718609013266,0.8748828068816228,-0.47455318592577317,1.0678428449897364,-0.6294733098019446,0.6646037084768135,-0.8884315511227882,0.7707953934137908,0.4250495534788732,0.4194950259327599,0.007836764495969595,2.057537793330022,1.0924638261707673,3.2528496285552766,-1.6519098296630585,0.7047108391576491,0.3973733563358393,-2.076612455980191,-0.45431468626309357,0.4753804136075255,1.5191356274607561,0.44723287995684685,0.11183740125170377,-1.438269448555922,1.1113034989790584,0.7682470957994876,0.622263286174207,-2.383540039841307,1.1887389467989935,2.351331943399649,-2.591988426695084,-1.7165547061808606,-0.6086776689330687,0.48686271592851665,-0.71553341297516,-2.194217710513336,0.8521514152070051,-1.740643089857629,-1.3560923033907621,0.9870398979198248,0.24099246350136716,2.745523221361565,-0.358904572500135,1.652162003787787,-0.5827078433819816,-1.2045412001280338,-0.12475128234681143,0.26238288134087273,-0.327072847240361,1.199097850539142,1.377173325089066,-2.700149842052649,0.03750197320496895,0.8363465657832693,0.14708044992983654,-0.18667591067391606,-0.06079807755625799,1.164241928354174,2.1198675759701135,2.0066130500099604,-0.06410313385732794,0.9780907249137383,-3.660071615179666,1.0693993115813587,-0.4182902572617584,-1.4838039007936517,-0.19341211019748952,-1.834552897167652,1.8726513730880254,-0.21897657769725476,0.741650241234488,1.5645889427047033,0.7644696819664465,1.8726895982266654,-1.0310831426171927,0.12736815986889416,-0.6232689505324795,-0.825673879984271,0.684876859305211,1.197874635511316,0.1985416956411475,-1.3596155550276183,-1.104060784433056,-0.0566127647920705,0.9822627148759272,-0.597848157311642,1.0286787383598222,0.8707555476481343,0.5296400609130666,0.24002349192580769,-1.011808017479742,-0.019682311080436166,1.5252659827304063,0.674682899798261,-0.035211170503205325,1.0110705723788094,-0.487498491662902,0.37678652039649524,-2.147206541859942,0.07622447400249817,0.3067887976088395,0.1565086360094431,-3.089370475701825,2.4355361499198587,-0.6838927324549757,0.29220258712962616,-1.5556039308397775,-0.5972080750800757,0.6976769377073112,-0.6299903782001126,2.264354022591816,-1.0397305070458027,-0.6847313721182599,0.6032842271594898,2.2065857031813927,-0.48963956784538215,-0.11069920309493753,2.500755347650299,-0.7493344948360843,0.984658817754027,0.709359414757829,1.4774691315575659,1.827987900926896,0.10705612487853156,0.32907719843941247,0.9422409432091029,-2.4280028454756666,-0.017655076679289894,-1.441036198747277,-0.7790758300363008,0.0776931866979571,-0.9580454498147768,-2.0270785389990698,2.006204911049188,0.44597295852338065,-1.3095328015377046,1.4077709784822057,0.7837693189123256,-1.2787455473479339,0.057180831217678474,1.2476142040150506,2.133516334004926,0.9093860085853059,-1.5854839931963878,0.003548924940444037,0.30894512343526026,0.2691526537462804,-1.0886606773646872,-1.346201119779753,2.1006730835478518,0.6283755907936537,-1.6451211072984822,-3.243837960321627;-2.119409438796065,-0.7763526330584348,1.2182268248123076,2.411311709289259,-0.5849930289766412,1.9091993330805104,0.8568283111284103,0.5140772882225282,-1.253630828991057,1.4401336802926237,-0.8373178000925312,-1.8547178171754803,0.37943962655439195,2.027307686681306,1.2842966317550502,1.0820890605015425;0.3278124357663019,0.745728908728079,0.2900046791763846,-1.0152238864778527,-1.281586215078691,-1.0209490915169004,-1.1874276986540182,0.5051591285535934,-2.3642999510940363,0.6524908087690433,0.07656588944870757,0.6579265257562402,1.4112906421287819,1.2241292845600484,1.6464975277319298,-2.9625353961109058,-2.152737286519156,0.04702037880608545,0.4780019724501039,-0.4453624744766581,0.6022254333559762,-0.8795896147114026,-0.7938379343734172,-0.9430069133117418,-0.34578300669602346,0.945064727041032,-0.3941300786794535,1.3503089482436879,0.5502120247612644,1.7153923474178894,-0.04707029588132139,0.3403637349287021,0.8534997426045883,-1.0937526001771047,-0.5209171244178118,0.3194078919421607,0.8743865960788916,-0.10713009816758068,-0.051562612170424446,-1.6487175894258619,-0.27408304274099526,3.152917413649333,-0.03633064601529726,-0.6400656008444217,0.5723741385124591,1.0188650899250589,-1.2951941753729272,1.6947946368987226,-0.5244576107368277,-0.11032866065309303,-1.3668439866099058,1.204402867479615,-2.8115169462345206,1.5117923765443106,0.9332502847172991,2.324105894537818,-1.2989972481896883,-1.1996907428604933,-0.3822732672581771,-0.5126494246696653,-0.35581971399015616,2.619465272889625,0.6397652854333743,-1.2632093119231336,-0.6509068575553469,2.237611244584814,-1.1538433295082302,-0.05200971306311597,2.831666056817988,-1.7723374162935988,-0.3774219621307864,2.1371454452456726,-1.1391809350919793,-1.362038433017407,-0.42321322243577686,-1.9327335131505656,-1.7039291752637808,-1.6316732536667735,-0.6661471476391628,-1.1039259767045562,0.9282087095673721,-2.1841984828454666,2.0874262367458485,2.9305721643464926,-2.2169622540422553,0.7705146988779362,2.4833156417093836,-1.4272649728307638,1.2196134511114272,-0.4185769063659702,0.173239491522571,-0.16073748596802404,0.4127417556502252,-1.082872939513491,0.37444757985121124,-1.17247457095264,0.4552806750108763,-1.695761737802088,-0.44284197695639327,1.432670676476115,-0.6014078683008425,3.258017229968232,0.7253956516649932,-0.05920728073686182,-1.6244376276977737,-1.5500726227221218,0.7200131892833568,1.0397422421771623,2.1170115552262736,0.17778788394577552,0.1656495082056934,0.5173270760489705,-0.7364954575908702,0.44353477799819485,-1.710584850302289,1.3660700139667528,0.37925583875007174,-0.8985799995968228,-2.3967209346936102,0.9278590130998743,-0.5458751951151914,-1.3873588464853421,1.5305386073020264,1.224946280508896,1.026887906023353,0.8779013115298933,0.2704828312472897,-0.0647745859365439,-0.5978238387138972,-1.3622830214416923,-0.004443421914890694,-0.045996300517431754,-1.5042108510234664,0.7387558299765461,-1.0965649230010834,-0.9103474188353206,0.24160145468035354,-1.1113309864249787,0.1572224610330102,-0.7275423144970139,1.9034603282243778,0.637565216287673,0.49532881182131205,0.491554882226525,0.5508716256154054,0.30358628231954204,-0.6825318297809414,-1.8686374709210514,-2.9408912396101283,-1.2324986589406148,-1.53372438214754,0.30976053055151026,-1.072450666855033,-0.1426776179556969,0.25369384893060676,-0.18875406692015873,0.4244933384510533,-2.34558681544632,-2.4081371687445428,1.0067693354362952;0.1185431476727217,0.7281687675053611,1.903529048654799,-0.1419997920178262,-0.8129117558899213,1.0696902059654445,0.06788274642800604,-0.03657305197128578,-0.5709585072096867,-1.911236847090918"
2,0.5475454233245961,"-0.2903031561885123,-0.8023564123746438,1.6697055584393752,0.4496484216928476,-1.2876690930798032,-0.7142531826696069,2.7250687571215018,0.9245158809958636,-1.0567902328247225,0.6585072554168392,-0.6762615651788686,-1.0383762574870665,-1.2162894278093066,-1.3804730961902585,-2.861482796795684,1.4707841391402763,-1.4485177075684152,2.1368654492961534,-1.2143448240978039,-1.5541582977935802,0.4212060653047701,-0.18036592739214463,-1.4481061421594021,-0.33583537712325084,-0.5172601994994193,-0.788546469257549,-2.248474606135617,-0.6694963614765663,-0.7559776873823175,-0.41512534452495864,-1.6446598347361445,2.0129146008419334,-2.272148067634479,-0.6351816859898012,1.2967676351293438,-1.5760933708341318,-0.31480072685527555,-2.3082849560860237,-2.095754050361826,0.8761728788570297,1.962600299212982,-0.05774391705710895,1.257931458030427,0.4487546472238898,-0.8017916308957302,-0.7010112904852525,0.816351568120708,0.9466017281850887,0.6282027942421757,-0.6467520132567146,1.328592973862662,-1.3881952285778139,-2.3466190414403005,1.4834393644594837,0.9292979847949749,-0.02484910838255372,-0.793212157150505,1.5280905205952167,1.189576833019469,0.26655175759458394,0.17926570615357984,0.004888521391043232,-1.4856130533074252,-0.13796855955536436,-1.0425735673705894,-0.3011890500514837,-0.6750819757909241,-0.07337506445081171,-0.5032145064615274,-0.01221371640384128,-0.20929787741542644,2.022995497076059,-0.6595426021700463,1.6049297761944197,-2.9153695894297798,0.44156979530779283,1.2150846867832157,-0.5860428806976643,-0.27041382654096696,-3.293760302065754,0.8368795127783659,0.7099398467426541,3.906117937689813,0.14861109066940376,-1.2954061425302945,-0.21403759917184453,1.653875349766913,0.9082494522193039,-0.9451003347056643,2.0387194320290796,-0.03968863438271808,0.44617269140161314,-1.4011000995384377,-0.3071608027477435,-0.18952497763534842,-1.8616052103189011,1.486136539214218,-0.24264878746517551,-0.6670279835606828,0.38864834114890545,-1.1245512971010148,-0.3498224815630559,-1.3210078427991676,-2.239220970270124,-0.3396488122297119,0.23136840444456808,2.647968426342865,-0.01004799278030949,-0.1985790787015323,0.8839525808882349,-0.9478282605963149,0.9559876092924092,-1.2333044671626476,1.6269945352457869,-1.2886696145285095,-0.3855616656050359,0.09487608751367205,-2.3430944343010416,0.7306679385966601,0.1424322512100017,1.699871945302056,-1.2024149727084108,-0.8577546271928684,-0.8293776832044965,1.3920248064439396,2.01557047495789,-0.2838456479623982,-1.4357522748686753,0.8198593528644222,0.3331442564046857,-0.7759568948636368,0.7820763031778551,-1.449928069751846,0.7416485358142801,-2.8250497397723495,2.1694982602357604,-0.34330548357789037,-0.2943511040626773,-0.5277006020769069,-1.4615492325029944,0.3404849318166734,1.4337820210925312,-2.222740342864285,1.237002207631269,-0.0040222111747400535,0.10995996543195341,-0.7813247786772352,-2.283336301178855,-0.13768042155517865,-0.3627126287698941,0.8078023675712609,-0.3899427174981112,-2.0777661446877422,-0.296605437591973,0.063183328312581,-1.061729745495644,0.9226917600366411,-0.020778978189591707,-1.3378941236175697,0.18252233232565057,-0.593633480577769,1.0007631144890599,2.8317432139834935,-0.8566182642178094,1.4912166140377159,0.2642751888064282,1.2727519382547527,3.2261950011503413,0.12044140154220156,-2.0185168353047747,-2.1454218532384224,-1.1507260550421816,0.986105986511927,0.29541309903205154,0.6916748914085359,0.8962699898016219,-1.0975441390711693,1.510196747339876,-1.0512807261564576,1.5001648600057145,0.3279955492016779,-1.9066170832736715,0.40231762281295524,1.7845844391566177,1.2467822826080268,2.022806675292126,1.3001962601164139,0.7798215305897629,-0.1543536940556836,-0.9854806945712097,1.2062692187640236,0.7147887087659963,1.295027575557115,-2.33787106672488,1.6108673669482698,0.03477759576557493,-0.35217881332676576,-2.065428853491197,-0.9342543754866627,-2.058864100059729,1.1754657652139406,-0.09187773575024683,1.8917558600246547,-0.2186003256750476,-0.7605899121319386,-1.057112279824597,1.469703601629349,1.9107570408278591,-0.43037845492275056,4.673858431060891,0.2848944543415296,2.2508796657304595,0.43542636429906934,0.31390107958167307,0.9065495608943404,0.10480912572048355,-1.068156854924397,0.26755102291208455,1.6547564675665405,-0.049404946815048034,1.7963915101358499,-0.6131816000289483,0.486460572281956,-0.718391847920711,-1.5069024938113178,0.23009876180436772,-0.6518505532767743,0.2626712442755923,-2.042151061333341,0.6171474241977084,-1.2825267802357065,0.08329874160644923,-1.1945096578586867,0.14055280186953334,2.406875926729043,2.4074361666335666,-3.570456264702923,-0.9437596401904856,0.33499006178839086,2.386272595127895,-0.09266886032310359,1.357555333652739,1.042794090671864,1.08416126786731,-2.1352081642463956,-0.9289424647035912,-0.15870878222114781,-1.2394463048954678,1.4014229861520828,1.861817183820165,0.41794889926496015,0.37369289856516863,2.429546694196424,0.7823527868931732,-1.3225387238261703,0.9055282898900426,-0.21896106555537578,0.6051363926020372,-2.27541646040372,-0.4047905742605552,-0.09995212329104042,0.35102399032470327,-3.9746463083983534,-0.530865330578394,1.1337924584023729,-1.1580244717174148,0.14558101092750153,-0.2852862497365383,-2.066564150959881,0.4312414598100782,3.9007750334595883,-1.4749400044343715,1.6307324179804739,-0.6495838935791888,-1.0383854507025525,-0.35528158502303964,-0.5820465274238925,0.17563597112806945,0.33363286090125577,0.2882767820168197,-1.174382722157231,0.23100067305741045,1.489423335154795,-2.667118870405531,2.5381288722752395,-0.5983792886805649,-0.10272661545573701,1.4098809151804286,0.9406155386780265,0.4480162075202353,-0.6641478925126156,-0.2734369154633395,0.7923559320840549,-0.6296689612813707,-1.7907446577183774,-0.6691827181753257,0.10340106854719955,-0.03490444376584778,-0.44702355771068053,0.9354564790888306,-3.238912413781017,-0.1446819113017777,2.1684982669593453,1.0694992653961264,-0.7506618533143365,0.0904763641002938,0.22247477890797748,0.4207494059048017,1.88004038030313,-1.1196477183675686,0.48783976415474245,1.3048796164449428,1.4083436608225401,1.2536903894265572,1.2210100616166195,0.11039150645931221,-0.5157831045428126,-0.1001090660747902,1.0013852753422998,1.1012093288257443,-0.9050065906264859,0.20257037000916173,-2.3285046081181733,1.1624445534424241,-0.8076295366284807,-1.5795219621770669,-1.0505051322509305,0.8909565300778266,0.9468770458128325,0.6973677661521139,-0.15346798160400466,-0.23049711407080875,0.41217448814249763,-1.1334545068519937,1.8102689890824308,-0.43986707332314434,0.9176305619272965,0.1824042363696572,0.46336233401147736,-0.3315962759062603,-2.4081118038445424,0.15510268806041205,-0.22036111666628466,-0.8114340857873128,-0.25996137067921576,-0.9787492789568276,-0.5001206712999753,-3.1877749638564166,-0.635808995181836,-1.7846694869525428,0.6566740950532206,1.0916535667098353,1.6377855323252861,-1.1488304028961418,1.211117914465267,-0.8303386199216711,-1.682728770095015,0.20899619127199304,2.2143997643358677,-1.6610621057946449,0.4194760282771084,0.9091876445003111,-0.2951527252647138,1.8308128033132818,-0.21964770981106385,-0.09638245040759044,-0.3456378396340658,0.32042989901102004,0.28410780806697056,-2.262066101512141,0.9682477489201697,0.2963020514984521,1.1175071841481845,0.21524198320916077,4.362402467630029,-0.04621804229172341,1.4486612422171778,0.3314930617514174,1.9424153282336556,-0.03161426362341227,-1.5453384666598196,-0.8001234150243289,-1.5550364342381466,-0.17050867128149455,-1.0859593639937617,0.5112898203085255,-0.13392686483408928,2.7224160753493605,1.4480794933733374,-1.120222824218775,0.6848092920789868,1.5148516063269024,-1.3332301040343673,0.22499697429344323,0.3315708455143271,0.21941115829370622,-0.6408815529036089,-1.268695605854023,-1.3856835615001388,0.9088028713438716,-1.3976775072680503,0.7579207822100484,-0.007382622975267428,0.7362346095319471,-1.8644258125402973,0.08783956048773411,-2.104487803190147,0.6672976645134396,0.0768936783571072,-0.6533462342049381,0.10652120704268131,0.821733463813005,-1.0185772191073539,-0.46423510045932126,0.4976953379892515,-1.602593583492647,1.7177041039061582,0.9152295327535882,2.553033433264443,-0.9666323218843517,3.5854572649297585,2.85342964474299,-0.6400014873993081,0.11638965730402745,0.07438501630089389,0.7803522477946763,-1.2746970703838258,1.2274662055194514,0.3330083813604752,-0.9721746659016952,-1.5690619392666947,-0.14596144508287573,-0.5095882251101201,2.7700145850225475,1.1686770669876152,0.6518737417429198,1.6814794565542435,-1.4337059876325893,-0.37637195114241173,-2.529871730554368,-1.7164964517229628,1.4420809570090785,-2.9538362624980166,1.2922440163524913,-2.7684445315619577,2.3171524386440887,1.0582156389485473,-1.4747090454221885,-0.7002971859390144,-2.1204908873718953,-0.22914990501495844,-0.38361202370480185,-0.7618664521363039,-2.066291267296547,-0.8351646614169885,-2.2900140341145963,0.3980837338241459,-1.9170913951353865,-1.1294823917000112,-1.1205081626573032,1.725396195331151,0.1639791822751301,-0.21496671855015095,1.2358451273718516,0.3606743244947105,1.853676892101479,0.10679276076842312,0.9712820903478169,0.6976726100272392,-0.09602799448171306,-0.10015501759883585,-3.718376441163467,-1.6692340853534846,3.759112054192054,2.04813099261114,1.5940017895830227,1.464509580960079,0.887915134924004,0.6383798112370968,-0.29178547497889645,-0.4521612582453401,-0.8272237478631369,-1.3684150232366097,-1.1149974092650519,-0.595211678335155,-0.06884497305971626,-1.6510551560943023,-0.5917919922944301,2.0007344258123827,0.3304575853801386,0.32014592655762597,0.6014371549277213,0.752346477203624,-1.264687983270974,1.3722257647037703,-0.5177679826088203,0.9387624751044963,-2.0379679623752707,-1.7078904716899834,-0.9676226633106582,0.12068130717018882,2.3161550327840663,-1.2262003284242706,0.2835900171464565,-0.21268573229490229,1.000840418314279,-1.411024321502986,-0.4732823209783812,-1.372368534103705,-1.5688267055531901,1.2093096042315388,0.7768877159255938,2.0569791446079426,-0.04260307591103074,-1.6726370602171448,0.828278721896398,0.8794037204276274,-2.0725917466766877,-0.07241956770091806,0.8883835808387303,-1.2598909713402922,1.8747146462086028,-0.5594084737296687,1.2213449821976692,-1.1242211901574048,-1.3208901555045403,-2.549782790429493,-0.09678786190221264,-0.6244088121957518,0.29424512791658297,1.9862454672210057,-1.8807024940841042,1.699106441522048,-2.4111298185615926,-1.8702709235578419,2.1988979139159532,-0.7808003517333484,-1.119937575526267,0.826601194783581,-0.8725907975682556,-0.03832006680905908,-0.7141573718717851,0.1673107306220586,1.4437341553535965,-1.5533410947044397,-1.2390273715740823,1.2296470895085652,-0.4896450247398652,0.23770091192197143,-0.229202693631695,2.1288109210508455,1.7744721799447236,1.3092354189962825,0.8244160554223487,0.9710100147293015,0.39527742402238475,0.14514789624437502,0.03530068242039802,-0.011008998327922015,1.5452333062513837,0.794693096274634,1.1695015398536783,-0.1621429200485015,-0.39166544977987405,0.3832062953224711,-0.5156816043132789,-2.243726080003804,-1.1810552299473938,-0.6140660041262153,-1.5391692674817705,2.6819103122900994,2.1893394650636715,-1.3624099688113525,-0.41546851573836907,0.20139105111288108,-2.3837294331058603,0.7765825359863211,-0.9848604223860674,-1.7986388877367132,2.6758683960300225,0.02632842291804093,-0.3930521559690944,0.5733345162957297,3.7758286497198137,-0.7983539663702238,0.981682752351731,-1.3391272174073554,-0.5479454241891026,2.149473094215016,0.40122217679801825,-0.17315738487192212,-1.91802716171369,-0.9957202157709868,0.538143520545922,1.5420023893239685,-0.31244816172503587,0.2530338793033461,-1.547545485867025,0.02391375806363573,-0.5371844140061425,1.4659789308225037,-2.1702739332799537,0.5358602895571081,2.492241323973835,1.0389893191605033,0.4392830145204227,-0.1173429500190839,-1.3817340442390462,-2.4800899830195724,1.340562253023619,0.41105315468745274,-0.5568611740276966,1.7036021499431315,-2.4021767180921283,2.93779791507285,-0.4641575671505902,-1.3176067771472821,2.1573492303276742,0.12308015142191933,0.3737808880507811,-0.43235243142042395,1.434777310402601,1.7704121625069078,1.542411680426575,1.0090466861663587,0.10763944565338296,-1.8919698786376535,-0.5753302294350111,-0.2382760911315715,2.5735967553069976,-0.38887746898220243,0.654279729585461,-1.1803828518879576,-1.3700534107354805,-2.1836872455713143,-2.731738481070495,0.6863987812937914,0.4724849204027999,-0.7650602050801558,-1.5714574974306714,0.933707686669599,2.144263792785426,-0.5216483333604276,-1.7008953534569764,-0.6499872154448204,1.0398076115735337,-3.5580911672198594,-0.8499538515328178,0.31441761711687477,-0.2528489485391242,2.5799794686743955,0.48750632935913,-0.35272695739691406,-1.237384197334652,2.8128300715733605,-1.3029574377681803,1.2765536375567255,0.6829427583794093,-0.214332519346461,-0.3220742834842212,-1.2263169026816054,-0.5484219706610018,1.155543782598447,0.7671046091319036,0.5331759398657467,-0.912961932814315,0.6714312560797167,1.8719702248296506,-3.800207062579741,1.4290590451473415,1.653387644589551,-2.508840979784327,-0.5230499101985798,-0.8961068946483656,-0.2666400538833288,-0.1698173792301746,0.43088041392441545,2.551394740213709,0.24423299540549334,2.098615481439696,0.24909245796509347,0.48656562571352696,-2.8691001532851423,1.7271488469161884,0.0904397222733297,0.36612973169298574,0.9364506799092891,0.09753334497486527,0.6546177101012218,1.0001313235239313,0.20889753126015215,0.5180174453788838,-1.0208608833497772,-1.3207215902283835,0.5449714091926976,-0.2921369973592898,-0.15226706018192876,-1.2623172683446409,1.1877046668890137,0.03823057268653596,-0.29765966293510676,0.8136375064976968,-1.6361784784703164,-1.4964376902458985,-0.26899508783431325,-0.6531573309879549,-0.8579221800796479,1.3251453804938467,-3.870334642420575,1.2421408431128904,2.0060891532424265,0.8821074511883071,-0.8448845055604346,-1.1037617469520706,-1.1622569454112417,0.9669827775321006,-0.2098161527832591,-0.34421319498891007,-1.124318633965465,-0.05717971532574273,-1.2254721221877007,-0.8961215561847496,-1.4671193958655686,0.5427400792837753,-1.2526687151707037,-0.059721976145398786,-0.7658621674271445,0.22890716260450478,-0.769322786628345,0.747726560662114,1.1702524613845044,-0.0729987510583352,0.21424149179380408,0.3576120360724657,2.171031823232557,0.739962725508139,-0.6001683029008995,2.0867178624586895,0.9923766758222494,2.6867268147682353,-0.04842207219065103,-2.811882815715056,-1.4655955346301262,0.04377774863681751,0.29379598302256227,-1.7562943480833282,0.19426059808336887,-1.1086073810010277,0.20481137929224225,-1.2946771646183182,-2.0542477985040457,-2.3533031227499737,-0.3248205849303478,2.906671840608159,0.3205972954115378,2.748078711659062,-0.7029086338454135,1.3515184741879431,-1.249845885524876,0.9275800627928739,-2.088252683504072,-0.03988807731713076,3.0554167435942556,0.624830705597375,0.07670420517886822,-1.0143927785758997,-0.1722514863992402,0.3998434221821339,-0.45196950161726135,1.7068559384234785,0.47639076012344445,0.10250469678331164,-0.01676255739547794,1.9886400664274222,-1.171403354249761,-1.653930074293899,0.5581461171059362,0.3692577656686554,-0.19275652017292316,-1.4896108230779257,0.5436318276834862,-1.8842396338442096,0.6577770644960728,1.5953165399276659,1.2575752452014584,0.9668357670590453,1.0670576651769967,0.04550593496258415,0.527475386513219,-2.7391017327641145,0.8166755293218098,-0.451747923336486,-1.1177991227949322,-1.96271846609462,-1.7694348195536378,0.11759712702732872,1.2294754667608818,0.6102812619039605,1.6545466532933062,1.4647090634299682,0.26427458154653743,-0.8477364056677326,0.39437988029501786,-0.6974294872312274,1.0311032651418084,0.9640038052271555,-0.27499384808623156,-0.5342786619982266,0.7435027379889256,-0.8788967152566105,1.7060006976138926,-1.0510228930851884,2.001993252667484,1.215518487892945,0.39672091585612046,-1.3995559948690743,0.6466510376520503,0.6063824825807211,1.0817698188379832,0.8107934426208406,0.11779554792477775,1.878592665103053,2.16215298106522,0.18018405637943524,1.1614170704916984,0.44011300250487223,0.8381198101809807,-0.43246046394287074,0.3325412013598592,0.5360396891552557,-0.4228430712647409,-0.2381974885525855,-3.305493869953693,-1.1233824570293003,-0.6689371923753593,-0.8743290275690458,0.11878256540433985,-0.8063309844494082,0.15041599628152108,-1.8470762355177615,0.9700490684701621,-0.36038266053225676,-2.3491593083999334,0.5421176392897601,0.799011630886312,-0.5732214202192255,-0.19080336995550695,3.553465144719482,0.41570184712098557,0.4258211744583278,-0.6186166352366992,-0.8089881652216224,-0.2938091539371532,3.0960318969144582,2.1145146733238995,-1.7161227920718645,-1.8102264082077053,0.5750757115829815,-0.24404085898604483,-0.3919955647338166,2.5241160263961393,-1.4893708498056069,-0.02058213390795849,1.5640758560339827,-2.4443336740922907,-0.9531199004763939,-0.5623375504944846,0.5857499484980224,0.3661497064470153,2.045035400748039,0.9385598513133182,-0.1342241031170317,-1.4734153329193607,-0.6678894475739588,0.1499672796427958,2.240826107437235,-0.19941275889928956,0.5591917220604571,0.22790103872633627,0.6537234826950419,2.385898568440899,-1.251111610480887,-0.22294368917734658,-0.029096761085849132,1.7005425520471302,0.32415398815957275,1.7910268702463543,-0.011433718753280975,2.2837077046836747,1.4995168325797186,0.6190308835871708,-0.7644379079313143,1.733998115650777,0.9261004223226106,1.0668636672957867,3.2759314755651934,0.3405461551984006,-0.25052130450319166,1.4746182199624274,-1.577421396468989,0.17656590505610964,-0.6560468072730249,-1.0202289355635328,1.3340599361142476,0.3244524425632161,0.7747326392269172,-2.2346122799391526,1.947941363015416,0.07833607834753897,0.6092905704279457,-0.8945456958542369,0.14857324326635152,-0.1322719876207593,2.1942718109036945,-0.31151858051669096,0.42696886640841303,0.46442463862757066,0.3679189392482666,-0.7334973578398095,1.1641747069347044,0.9964157515014783,-1.0497247644425005,0.19785195786674487,-2.205357121901339,1.6354165589652903,-1.4714256833315509,-0.03546456277380432,0.03143062689736609,0.4470651803076079,-0.3205891088602888,-0.6721323576982318,2.0042070001727943,-0.5038995714062763,-3.3812379944894957,0.4624053071502066,0.8372734787049465,-1.5666975820217228,2.147871258255565,-1.000417924071796,-1.293891250454771,-1.7650724895560728,1.3489033405806707,1.01301218644411,-1.1325435251651699,1.803473763167862,-1.2718662235816747,-1.6966006892942744,1.2749929919931082,-0.1459528086414716,2.892052806078386,1.2757849662899512,-0.09469050263437093,-1.4583096642478652,0.5007037221155664,-0.9398561841112467,1.3270889553963903,0.879449266800224,1.3469548934735796,0.436004564551511,-0.48384155411946167,0.11660355199207817,1.572346626596114,2.2050844724203613,0.32530675405200604,-0.39651523430608887,2.2050565743923736,-0.7235855573605934,1.833310111192466,1.4156208429881272,-1.6008435567197696,0.5646457413843163,1.0923815584262198,1.2358501939298165,-1.1568958353255099,-0.32643140490377087,-2.3048134887420852,-0.9740100125174005,-2.183058124703563,-0.9922693097782311,2.4285191128000405,2.502015446737717,1.3317526155692212,-1.5731283652547141,-1.7810273648202937,0.02771341096332891,-2.2756688351696037,2.4402644296932787,1.3994069578163235,1.2559755777557224,-0.2614206740948419,-0.2504538336903229,-2.735464137708206,-0.17323300956280607,0.0111201079326608,-0.3589195809659626,0.6921235587526039,2.1287419588700955,0.9198254212485909,0.5567369804402587,0.9192838376322768,1.0432220695815095,-0.7429557772242676,1.5816975845080334,-0.730707669946859,-0.298708441516787,-1.2633122791741818,0.7324052355814865,-0.541781704172191,0.4076347930367751,-0.6721865406614691,1.5356712994153097,-0.6217006568541016,2.4983757390548673,-2.0509625500966706,0.8025181170516444,0.027749841202510613,-2.1347847658508052,0.2687665466250979,-0.5018334716637152,1.2081585738437057,-1.332759617311174,0.573937657149442,-1.0986550022272321,2.237971596463781,0.0326134335394106,0.7768301535746363,-2.0364159714460257,0.42263017558054994,2.1844671474851842,-3.3589150933567673,-0.47989327180086483,-0.8998472201183363,0.6862157681831568,0.08741549619716826,-1.7194913035799986,1.336649729568037,-0.3615334177610364,-1.4860094301625244,0.5336998644731269,0.1597249658812988,3.2115180986075362,-1.3171958942522117,1.2555612433179586,-0.0390582512029293,-0.7010180851513788,-0.49387401058144537,-0.5865025459033805,-0.5604707434304396,1.281138358709588,1.5273481860720708,-2.8909150448696916,0.7213998548262155,1.2046549503388364,-0.22971097891273734,-0.6029400025556423,-0.760619199676236,1.6439477559627624,1.4340088873249335,1.7239982427480753,-0.889073092762279,0.7719448090603265,-3.3085049686766212,0.8099497855129097,-0.09146753764546389,-2.558472177343015,-0.4611179613802436,-3.261619370577132,1.5317040375368522,-0.6066491420187665,-0.5841055384253581,1.124840273587955,1.5189203214393876,1.624070305503602,-1.4103085646495115,1.0466134601329407,-0.10169180413195411,-0.5471214378951138,0.8845410511431776,0.9874700008995807,-0.1661271507444123,-2.4734242175412318,-0.9042399691664773,0.357091435673094,0.8413803221963255,-0.33650751782002003,1.0866539673315145,1.762242004815582,0.8078342940963227,-0.03548078978851092,-0.5527519295823767,-0.2256604798324015,0.9679449774250013,1.0086395185524804,-0.03481826754481038,1.292144936600879,-0.2988280022742808,0.28183066391841677,-0.5732675400881408,0.5595304196633721,-0.04134912791162482,-0.06574389957998461,-3.544162797395034,3.036666415435908,-1.39887840993946,0.7206526792319794,-1.7724557847002975,-0.41116242680758464,-0.3182003160095665,-0.09323879470060883,1.7022809487383508,-1.0535969981954258,0.3612662110838857,0.4994427542464883,1.906269630915872,-0.4363754994329767,-0.9828819359177818,2.9899368871060745,-1.155127735395356,0.43394284393372995,-0.4156911990986702,0.547303315883042,1.0269799179574084,0.4963975668283071,0.22929565563801196,1.4144936703954818,-1.6584098661615254,-0.18003869942924466,-1.0054856067260012,0.6027422514261568,-0.39915014057011566,-0.5186615065157302,-1.4940380507757256,2.0178269677781975,-1.0327264188738317,-1.1810023118125246,1.515816543738144,0.5212789549550719,-1.6216559917600253,0.28896137282748524,1.2542429597029001,1.5253412206636965,1.0172709719086381,-1.8764863506431886,0.1412818857441938,-0.27832162968786256,-0.9113151330658384,-0.641287327154971,-1.7472903081469673,1.8857151448849985,0.28451119068630126,-1.5587454183336826,-3.9332232615756566;-2.653509116011845,-0.35117279032753523,0.6363018056816788,2.781769720843428,-0.1300701840846007,1.4431313880514347,1.1413748486479292,-0.3042931466907193,-1.575378574801294,1.6694574672534674,-1.686798459196104,-1.4413377571850134,0.6138764115892643,2.5979064133750613,0.1551469226672247,0.15501610856315778;0.35048618679649757,-0.22509568231068033,0.7394941913381107,-1.5744079172581689,-1.1090779714308403,-1.0267033976364757,-1.2347250903933802,0.5318855358062465,-1.391371213172127,0.14617444047918504,-1.551711892316366,0.9926853180554656,1.2627441545725162,1.3656254759606385,1.3456996268725707,-3.375900174689801,-1.536077821701392,0.1331014631626073,-0.5655199730110583,-0.21480759080598855,0.9371923058799314,-0.6493349382708373,-0.325401055822428,-0.9402541324345084,-0.640593251627527,1.0974272055863046,-1.5059907589504895,0.39880829839007925,0.44094667550674016,1.055700530583796,-0.2682753390717874,1.0775849416757952,-0.0655838214852027,-0.3206710287958329,-0.26233830678437076,-0.2504225239164791,1.2420351303459534,0.7394411750590879,0.42603543583682396,-1.2306829425087962,-1.4190261959151336,2.7348330361976783,0.8030302539550535,-0.9456492898922159,0.406121563506602,0.5125920321186979,-1.9691285686556763,1.0077527219216418,0.17616854639005888,0.36177548969421364,-1.1355765673022813,1.839985787712721,-2.9646622569201813,0.8594029779380594,1.1666904805422251,2.9382676984326612,-0.6968223731756462,-1.734093754780726,-0.8809903638224551,-0.8509708587230913,-0.19680034741120125,1.8667515690038106,0.5642898383119329,-1.2154404739627238,-0.6260893215583061,2.022737863823252,-1.0613725488664296,0.8292515622326705,2.935292061734928,-1.3575187421366177,-0.14607862438724217,2.6005960375140074,-0.8465235836855155,-0.8009664141971393,-0.4422243024920226,-1.8916948497911292,-1.7570012373811088,-0.6620258432003772,-0.7360457373463057,-0.6012200208085788,1.013416875945971,-2.4281827617497136,1.7505920871025686,2.5781742539744266,-1.357484087796216,1.257721499856121,1.644750487800623,-2.0354956466692933,1.5232672353654695,-1.216681086349492,-0.11281928779841915,-0.03771617703447175,0.22165337064541066,-0.35581625698613617,-0.21740148294276307,-1.0475184308792789,0.5429060330452248,-0.3300546449166372,-0.8734401641793244,0.1237658000820121,-0.4281953985044137,2.1619792806209475,0.9115326485243349,0.6296732441078092,-1.8630277573874132,-1.3427843348309612,-0.4423398994527179,0.34022582294224285,2.8692895358326123,-0.48610141299424203,-0.2061684258241104,-0.04245080645652244,-1.2117051783792692,0.6541648559526175,-1.4414366950087105,1.5379538545540898,-0.3541249933416247,-1.2806535227250961,-2.303944818461092,1.7457799470641402,-2.5438207798018855,-0.6875069240271162,1.3402018104988214,2.07730507784175,0.12617948793785305,0.02466001075955604,0.5992415022763644,0.6739342452621848,-0.2178959039770671,-0.5564884885438866,0.6650267845590393,-0.42566276638326006,-1.2346490515833188,1.7341475696788446,-1.1306233760728848,-0.8306170550064252,1.36651799515635,-0.2840973124024866,0.9166433138113391,-0.4037677613301271,0.8994083717558341,0.6004130193963343,-0.548954671772721,0.19511021946770207,0.8419206489118252,0.5006246985267556,-1.82062058400674,-1.8797208807041077,-1.7099051043016003,-0.7345404956774725,-2.611452005936059,0.18660655486495856,-0.8275310646164762,-1.088338146482898,0.3277537324169637,-0.4664932637452023,-0.6852982049329579,-2.137327982814558,-1.3343805934951438,0.06269684532910987;-0.36455243101837287,0.3786278108462827,1.73512816275858,0.08110709967962537,-0.1888292644181316,2.2922088908790057,-0.32766662202489505,-0.2960849901795546,-0.6976650588067351,-0.4752104412520356"
3,0.4726126486572236,"0.4391589740940124,-0.7234460317096921,0.7592333711690701,1.1698093798643523,-1.576976810314986,-0.5920450543420728,3.1573535965914323,1.0781118106075716,-1.529054271766732,0.5788832750246239,-0.9710340648384121,-1.2008126789869846,-0.9841942956957042,-1.9772290284326972,-2.1262576391706958,0.733460044520085,-1.060773608589351,2.7751247622155932,-1.2699916136650362,-1.5956407479616568,1.048155832939378,0.38992434652545055,-0.7447130452107297,0.4504643828106799,-0.9507515246513581,-0.4197180287278718,-1.7614179300111787,0.4488360688333547,0.2298646055221062,-0.4648898552123511,-1.5987731936556557,1.3411589218859836,-2.232580999990099,0.6224135738147798,0.6717599037523511,-0.6409658630443414,-0.47503481285561255,-1.9413225896223274,-3.0543887435521038,0.49930918680294184,1.3500144896483808,0.29146887794952114,-0.4634090764818819,0.4896945876395712,-0.9900402834939521,0.5911887636355676,1.5392785265150248,1.257932886862107,0.8691879608293795,-0.5295265769948106,0.7049826164906849,-1.2325004795728776,-0.7816923294448318,0.4961303223962923,-0.04518426807750342,1.0475570114386263,-0.514528556500956,2.2338247786871888,1.5785882408439607,0.11653689111397225,0.14046201188201024,1.2739216631875543,-0.9673671550025226,-0.571331476287998,-0.5347144614962656,-0.03583013312168157,-1.1268646189166753,0.21069569881111497,-0.08177352954946093,-1.1233248734085217,-0.2441516051504887,1.2480547211626831,0.3560372199547283,1.3506206290268006,-2.8403787348698994,-0.37999793593276077,1.9235087560386952,-0.04802875935674644,0.45069747619566997,-3.4279296676312887,0.8272025828084997,0.7063670280653627,4.395212982643889,0.5666006796845354,-1.357736978766006,-1.0571963699030857,1.0519394077570368,1.5122770384109623,-1.308127359850594,1.5808887057364085,0.06831713483895391,0.7680034910272482,-1.2441719884861406,-0.1468148866662543,1.250992837085984,-1.2157436505950039,0.8781857396027459,-0.2904225804081547,-0.4392250863727573,0.697033835004557,-0.8202220528562362,-0.14235806524618533,-0.1028874744381626,-2.1735102375065845,-0.8008502575037533,1.5068307412579605,2.0665883193310335,0.48213094942951007,0.4029040384321184,1.0475937951008372,-0.4916654959019309,-0.2733456953765378,-2.568631847764334,1.6486354288102574,-0.6252898338983456,-0.4830644479481851,0.12840433021773168,-2.142641126439098,-0.6137728256606954,0.5063349423507193,0.5563275940273475,-1.007278002583098,0.5205141823704201,-1.4136582077531274,0.8254137139893107,1.948607423689424,0.6020815216463032,0.25489228305829004,0.38703845002557874,0.45183305496116277,-0.6878852334081247,1.1857534663848093,-2.107225608172398,0.7543269050681198,-3.1702223806164005,2.479658419530941,0.6707277679527976,-1.0256100120520664,-0.2117411793949625,-1.7520024300166035,0.9190315825971407,2.5730307955014253,-2.570330155736683,1.2164997089476532,0.915403049576861,0.002034212457815099,-1.591122859233508,-1.5424009275768136,-0.8894478620664875,0.11890256738161986,0.5631196361965293,-0.0019874319727583994,-2.2892613437931804,0.12307225268287264,-0.5886268075272734,-0.3267658586389366,0.6266486533389609,-0.3055003644162362,-0.8348217924476813,-0.5647825533235676,-0.47709550247506183,0.5566185149201586,2.850186938148025,-1.3484561561500799,1.2888618568864438,0.690725937561055,0.6819768073938934,2.686782958548891,0.4102448053919668,-2.350605372816725,-1.194748501011586,0.1689382727517882,1.019019562224818,0.9268795343165247,-0.6665715031493878,0.7855238546804729,-0.7065369627043836,1.2166380083808075,-1.6380945634507058,1.2238276303872688,0.397147955129813,-1.6832772488595797,0.12139610324648165,3.1675656075990184,1.1200737577614222,1.5516872952437528,1.9727028162752296,1.0877659529748724,0.5101470439625957,-1.4099417255345839,1.5836388368586571,0.27666176212483284,0.9312856086154706,-2.0450393341833335,1.3477623045175378,-0.42162251346498614,-0.6569570459476726,-1.1600812972116157,-0.13127130019526234,-2.6140754046022954,0.7489102835399624,-0.9368777380925384,3.304141706075146,-0.9349204569033287,-0.30556227190675234,-1.7946475193324174,1.279319600930947,0.9189048536893254,-0.927000766329805,3.719868738908825,0.33882916337595353,2.265266919623535,0.4603249321640356,0.8090046314462083,-0.2454422753147299,0.30537098283372166,-1.2891305707034397,0.22845904033085096,1.6265014443701107,-0.40999312938671406,2.171732330532062,-1.2179492278757007,0.3886528997894701,-1.006709739416966,0.12395076161092633,0.3623002285636671,-0.7872682774998677,0.001107536272452192,-1.2216993186973828,0.19388874023170205,-1.387995944760323,0.12303804741876756,-1.1321282591600883,0.2468560795197145,3.2270181873773227,1.8361913843653987,-2.983147496894306,-1.1801160100548285,0.7485976417807183,1.4267843800894975,0.51638936521034,1.1705449484917048,0.6318573113811051,1.7197239975393717,-2.240536281071683,-1.2709582994550122,0.17494170756704308,-0.8583216156242265,2.7711199540406186,2.5797689562856325,-0.5265643517813924,0.9974902134078063,2.677295246595006,0.39732431267176915,-2.035185028106339,1.1356794662146612,0.02542571586426299,-0.29291140441607055,-1.5960893243897663,-0.26421264490579627,-0.1783447919299121,0.20023982194768733,-3.8959826050102975,-0.3500270976382466,0.5755096991756459,-1.610967757262611,1.3516092571160452,0.5730925705736746,-1.7162447904216955,0.3022051321579531,3.2394002908736486,-2.250520327737474,1.3210264816829245,-0.6435196211524402,-0.295607590313964,0.34921908203819435,-0.7123754901180303,-1.3397117524816278,0.2754194926001425,-0.42485664971472714,-1.0108714544850803,1.290450751225042,1.5615121733059856,-3.394759648920471,2.4941348129319785,-0.8044232753299194,-0.35301891429042365,1.3551072802530044,2.1356781928897273,0.579945641426171,-0.46576810280836517,0.12041544531786061,-0.23049129867698143,-0.19270740189323532,-0.9231161632247084,-1.909060304745252,0.9125544051933036,-0.7142361514334121,0.12720139318248852,1.1347002134766766,-3.1359108807344174,0.04007978756396324,1.6972880839582463,0.16275146581585048,-1.5164946008851052,0.1585212112148583,-0.17086168650869712,1.185698555037977,1.9153321996140238,-0.15569729472337102,0.5148101839214823,0.9940072424849221,0.34112338401690057,1.353625455900089,1.62557500668354,0.07735674681826214,0.22237883103252123,-0.7722782863625512,0.4920945288991094,1.9367877703586256,-0.08149914607133857,0.5632720021927389,-2.080925598938975,1.334159203990085,-0.4840003839055617,-1.9438750675242433,-1.5936526940384668,0.8127404979953132,1.208969028867551,0.686742298989668,0.14272168583408623,-0.799141002044274,0.9753288945314347,-1.5793350424496706,1.1217980066985271,0.46620390432822534,0.7758814969260732,-0.9236135179750402,0.726996244306367,0.44891196013916135,-1.2944717619731008,0.18527675168510183,-0.18746874209519665,-0.7828984675895195,0.4648459712090015,-0.16696810144134427,-1.5813755088762556,-2.840268936938311,-0.48017914737503126,-0.8310184302598637,-0.14241993663104557,0.9201210805237369,1.6412848479377573,-0.14593801791279015,0.07665673798927031,0.06438097227900702,-1.714341527256426,0.5452886835185264,1.5549494535587556,-1.0619395749743215,0.8386689864624829,0.9797366327640545,0.23011186288713487,1.6539385987072945,-0.2656319559492996,-0.8559309211041071,-0.8709577022410234,0.5873908094975789,0.6935393341486169,-2.205687233106946,-0.43052170344206386,-0.47290256504881006,0.8299506708087626,0.3631765543434039,4.174891922539073,0.2737397924707442,2.860402391069539,-1.1525778933879203,1.4837155035060998,-0.2873106979988451,-0.55892368478773,-0.5735364347592383,-2.2670956301010006,1.3932413382517388,-1.20259502375204,0.7827417434798011,0.11595757952373431,3.0734398675814862,1.1452212495775769,-1.6035676864788493,-0.05680733054748954,1.138749601333321,-1.0393604716552047,-0.055894892710445676,-0.002854341441095226,0.1650596373307327,-1.2560767972832818,-0.17851283411829122,-0.0701105962086972,0.847292267252521,-1.1775152520368968,0.3910322177476935,-0.5946695286250203,0.0009646593514393009,-1.9332839518421434,-0.40515300617800987,-1.63668827813585,0.5442134395678813,-0.4822271822379375,-0.43530999966649114,-0.18802364939814242,-0.14781039349411207,-0.9901399732243582,-0.37678958554169106,0.3122500953555253,-1.7920913540961947,1.6986031454337978,1.483764180044194,1.8369688771363542,-1.856588564195643,3.320893950447552,2.5510647053305915,0.2101449554185505,0.34337843703922044,0.5499875328413101,0.9663294912552822,-1.8548905188184395,1.0429728452106999,-0.04529802545354633,-0.8957530573381939,-2.914930568870301,-0.5041887233582205,-1.0017837495394426,2.6904983753529153,0.04447205223698769,0.28309768627836535,2.1448187477811267,-1.9846657289547327,-1.6056853184031998,-1.2550886765873803,-1.6575670420680626,1.0472377887365767,-2.632039267341891,0.09067215081307223,-1.5412329942814276,3.056507663362493,1.3434950458312716,-0.5645492021279847,-0.17363707605673906,-2.156123001980219,0.2225141475449397,0.0140472269342575,-0.5416087055083645,-1.502283718232445,0.24910620459100707,-1.3920485725182705,0.7689648304899536,-1.2047624394007772,-1.1132166022291607,-1.1959008418997594,2.4080221728478612,0.4346884679915486,0.3495494930813351,0.3892429948994306,1.1892059899955856,1.2718605656077036,0.7515362284839922,1.0735156749184769,-0.40749750969241105,-0.8179055117105436,-1.6353142950715136,-5.332036364564122,-1.5310637951628592,2.8455967902044295,2.411709690163806,0.38694542215853167,1.131766348442261,0.39299883428838445,1.4087033046231603,0.2315110131384391,-1.005503146940107,-1.258214043172731,-0.6172513967614908,-0.5656225116440483,-2.28900809090237,-0.020402333978077003,-1.5021784382425563,-0.6992266374136791,2.232238371268504,0.16578381004945358,0.8039613517020043,-0.5853219119617615,-0.2638584983006718,-2.0960492184306583,0.005145426375395279,0.6934785602992246,0.024573377336510493,-1.6532990676715857,-0.8852637329824158,-0.9059627946345837,0.47362052718747244,2.30704065559708,-1.3263929219124067,0.3837569087413123,-0.20733439942176735,0.71193876223213,-2.1677846919636066,0.07763065005274083,-3.2054266723942,-2.5390296558814502,1.1967134900834702,1.007793046203341,2.0794931644336634,-0.12316946289740749,-1.3603822931232337,0.44816379666221473,0.05528167197089322,-2.477733324050191,-0.599295363229576,1.2725777855083216,-0.3992451280160896,1.3331792886471008,-0.37228420668266615,1.1520194806029997,-1.8167891436921435,-1.8354980909757446,-2.3825487503117415,0.6955839020655227,-0.13813477130124097,0.5304904569886247,0.08904451477636566,-2.0864577186319666,2.74683762848556,-2.260623496222284,-2.635157745976345,0.3326284328222521,-2.2597142203025995,-0.057594805958362305,0.9493177201853521,-0.41940358452603443,1.1697292772715189,-1.0753718492715136,-0.09773830063911043,1.2489599129538258,-1.7206795281027896,-0.9552393072876604,0.7497373444392015,0.17992817109174553,0.8925560374073387,-0.6302531310777654,1.9470646721329832,1.2828584201927018,1.090563317790695,0.6987004427959473,0.808612015463537,-0.06599534430728232,-1.2248209094056037,-0.016007770361217033,1.0672866227319868,0.8554874684295155,-0.17629274532357805,1.9570278934992813,0.5447791965396799,-0.014974060478689669,0.040482209352929566,-0.8149681567945057,-1.1880190458783846,-1.6688643774818812,-1.7356277306307775,-1.5152372769877311,1.5510372212041517,2.6099949982040633,0.3155208402938302,0.034719739843928565,-0.5264496203718081,-2.7336421702292983,0.002787965623630456,-0.4070822754689762,-1.9414162307275453,1.223282418766157,0.12943060358588254,0.006021441885006418,-0.3599396782201473,2.963815929814913,-1.610610519807654,1.3242812908694837,-0.9034603008217201,-1.425325610937685,1.4887836439972058,0.13672023703435815,-2.0136838975111058,-1.1663495561180204,-0.24767336155832068,-0.8356507867560006,1.1676420908298901,-0.13939250743302178,1.447907706409461,-0.9473946958552182,0.2609360373151704,0.3483656102345684,1.266618984767962,-0.07895919223370185,0.446911226271577,2.288600689357084,0.5225244639545231,0.9372632371135546,-0.8314547491783385,-2.23629100529718,-1.9410401410131564,1.6180453241262618,1.1411079153903834,-0.6836754189258377,0.09364414180542946,-2.5863924642084273,2.4376188535022814,0.005023454080481549,-0.7074337380856996,1.5758474503685733,0.1534508524477267,0.34711915490420603,-1.067637589131166,1.2284689533194664,2.6218269364547946,1.7460441999953833,0.5038176038574191,0.4432933340523423,-1.4811025902829231,-0.9945591172151693,-1.279275015532857,2.419337436898255,-1.3117948126394712,0.8109250368588399,-1.1006485544485902,-0.8849084548455316,-1.6571952850189666,-1.8427033775166364,0.364634171830309,-0.22356455306085343,-0.009265300505625795,-2.0461898824137434,0.3641476698367974,2.131517149547399,-0.05188727010996769,-1.0642251762406845,0.25959131238991523,1.210621023035507,-2.952929119010599,-0.2633159031577099,1.447669919924656,1.2199282812504975,2.9120183123790886,1.4341154712142754,0.4742904611831353,-1.57697353314783,2.0920077641437738,-0.664978183949017,1.1856777522710225,0.2911048933822446,0.15718637525096998,-0.31032960446638735,-1.2755934315374153,-0.5533559958596099,1.0158636510600911,0.8255148252266188,0.25538743012184834,-0.9045077895801634,0.4223092217008004,1.2416113477434385,-3.626270962161418,1.2404168861221163,1.80077622426881,-2.6606515349214064,-0.5712849758767519,-0.9718228186569992,-0.8599146122875766,-1.4811276414287384,-0.17513503154779342,1.5032142889848432,-0.07239284592647582,1.9608546417739623,0.20290435086643696,0.2203244448257262,-2.5924858208918184,2.8361185771321518,0.2586436208765742,-0.07170878724999219,0.9536651209572258,0.6187077547722879,-0.198736204578998,-0.9016368393910499,-0.9617966882870554,1.4305247809232866,-1.2361491786348506,-1.4155940785030503,0.3904942863763551,0.048192194487539475,-0.09579158583885336,-0.5623256185204176,1.4829431969258438,-0.06788954537990322,-0.12396427618095013,0.6482154532192652,-1.567449652303854,-1.6307974427640632,-1.196699725607925,-0.578237211152598,-1.8807809092878234,2.287618387772545,-4.347850318648555,1.9165058739786907,0.16210021077768777,1.0377717770846866,-0.8767573670426697,0.22469268285732513,-1.672232449474801,1.1130601048713817,0.08542405628713173,0.5727448126668986,-0.12250810763243489,-0.2527992410199823,-0.9842392541731155,-1.835139864377784,-0.9115867301697073,1.2392273985610842,0.06017028498953575,-0.1769034616516417,0.3027204732666267,0.14255260451825152,-0.5454429268843165,-0.0033401655188817075,0.03266843875329617,-1.1986223642021399,0.588176777662883,-0.47461793264194996,2.8413574862974533,0.4291747765030249,-0.4040640641518417,0.4471222170118482,0.05926971766867839,2.4453134303210105,-0.0736405867810449,-1.970350273669347,-1.5053367637670358,-0.3978721152829959,0.7384591262927986,-1.7939378736539175,0.1350824289693492,-0.8602132177717513,0.6433909840899109,-0.8513782987637744,-2.4266700154743033,-2.2867367653806947,-0.8332985494071001,2.185017340309807,1.076595709880814,2.9334999161588433,-0.7765902218771151,0.4768850933139447,-0.9904407066066923,1.0522850517481783,-1.8315082788828942,-0.44007899215606333,4.1412188893158435,0.7327163161588602,0.6879588131126596,-1.0977307972962023,-0.16775842504756588,0.11590403550602635,-0.9053032436967161,0.29816738016541633,1.4718229282451585,-0.5798820100662778,-0.29980046419520523,2.5926591649497817,-0.3853838254037926,-2.0529853372580735,0.2155898585224271,-0.43906270854460416,-0.331959410621995,-0.2817701517693888,1.8434036814931212,-1.2504724862972068,0.198511425666819,1.1459480968443885,0.5568282981011144,1.1109461192799026,1.5324619186137616,-0.41388763379440385,0.8305917771661189,-2.173030772052182,1.2720137103371107,-0.16639873840376074,-1.3493477693922085,-1.7534552657326539,-1.8305580711053246,-0.35832999351442896,1.9508930087483758,0.9586279285255191,2.48830769948621,0.7687999796801714,0.5816737151082394,-1.0201389107228684,-0.5786730051357943,0.14240275419868265,0.5379307545800972,-0.5028451132250252,0.7906207969939673,-0.7247444012884672,0.8127036132889556,-1.0212027285343557,1.893366506388596,-1.4987221894085676,2.1863596590561674,0.947558333831634,0.8356930764681045,-0.8155395458533423,0.6767690431972961,0.8821308527682292,1.171005843796165,1.7156646005980256,0.2990209097040767,2.3045460799046165,2.128456116972869,0.3042562490923558,1.9379504122249354,0.7827361015302793,0.9489220974244871,-2.022860741850678,0.038103295364549816,0.7570530015046703,0.10878527485567825,0.09282387380769713,-3.177860609100091,-1.5781658152083269,-0.4659239481942507,-1.920159493900087,0.7191048551648305,-1.0429193455307533,0.6501192352591123,-1.591472106938701,1.4743761983557164,0.6977123591964374,-0.8641848777801258,-0.6538716068334103,0.696836770906905,0.14336785862725743,0.38736650969003683,3.7891249460326772,1.0561939836270007,0.38079691071149613,0.4758422344391712,-0.6219244241482031,-1.1184621027096693,2.176007690326885,3.045415409534336,-0.8804306176755426,-1.8020578753504068,0.7564735895926856,0.8198658593719081,-0.8547134961563319,1.6189681179809174,-1.3682550456277522,0.45143497193254006,2.2464319375925186,-1.5539455067025187,-1.3341466144097844,-0.6594708308288458,0.9983478961348277,-0.500624774100574,2.043208265022956,-0.22050725968898116,-0.03587311132739775,-1.3435080506041126,-0.23584740414254107,0.3138956684189332,1.6326616650635144,-0.38013293331662473,0.5709431172498265,-0.365824975679314,1.6045638549739776,2.842056103444567,-1.7464701841779766,0.4046751517014193,0.6561971695588109,1.4394927470685568,0.12951293185816548,1.9554828301595992,0.7974789211367459,1.813322672944712,1.8778532880461767,0.091789007365847,-0.3032273008341348,1.043997584671391,0.6578787839127366,2.3753284849033234,2.941480274726291,0.08672834797327861,0.37650359804584255,1.4722924797949122,-1.0139864157549268,0.8205977206626869,-0.6297300097306373,-0.9414154919903736,1.4841666204584578,1.103436847860753,-0.460082347961629,-1.9433474384628322,2.379668933907725,1.1238771351376315,0.4548072481061383,0.2572179475851796,0.11226538845712498,0.892153737976808,2.204009893984978,-0.4202229629298714,0.05754765349611091,0.73782195671055,0.9409306253116643,-0.3475735540872225,1.2112342273840508,0.9283216926415727,-0.23513237903026368,0.28301868014226056,-1.0267932248746587,1.6796920000615025,-0.5151204913199972,0.46571358903208737,-0.7437204659378363,0.3076988752566645,-0.010135141228326872,-0.44026683842676073,1.576968858300066,-1.2445146901751953,-3.4731427610572694,0.34268384896252696,0.05962884523930567,-2.201733345428343,1.3340306787588716,0.4496507059896341,-1.9991624391532592,-2.500478594048549,1.7220123759384696,1.057153475423839,-0.276336575524211,2.409953095548434,-1.3669806540909273,-1.3679224637384202,0.6913813403009654,0.05328993517997921,2.1742495597814746,0.061546445096147054,-0.6408733046945727,-1.723662354363845,0.2739918501256039,0.1948709444988994,0.5298646403222398,0.8477787566652148,0.821005888657417,-0.09804859289898685,0.13990656371245935,0.979788620214382,0.7949431139431977,1.9963180612251668,1.4598551608915225,-0.2644456350488739,1.9476700341453401,-0.5195149401003413,1.9755359371937808,0.7271186951727998,-2.446958728474357,0.759285515173663,1.936126191962958,-0.15587062154016984,-1.2506444474089715,0.8342020039137522,-0.7317274063367447,-0.9767763027403371,-1.4991855199672062,-0.8958526427040244,2.3620969853540683,2.1291083977294845,0.6991097856067476,-0.8628984318994768,-1.952040264442942,0.17652553196291787,-1.9635948843532274,2.052615129091575,2.5424118863168075,0.6866129658102187,0.15403281469331764,0.16351637291637783,-3.788149565938572,0.6728685415163522,-0.3485304000160353,-0.030449182639393335,0.00596389144374021,1.8443851925960402,0.5476805851029668,-0.4436864725775416,0.8777816129335028,0.8240397583719867,-0.3610101044255968,1.328845439905036,-1.628880673944556,0.3906910648512268,0.026924916257021536,0.8512817948562784,-0.6527796331433612,0.20191503379110287,-0.9726606157413721,1.6840906150784616,0.7244031587804751,3.1519147596219286,-2.1811670245802657,2.001372922415637,0.43761180355260676,-1.6002748128123194,-0.33986812541715594,0.8351552204976667,1.1693014421479198,0.005111476019287076,0.6696822486188249,-1.6797375872824618,1.8968269942501368,1.1181410060065902,0.5820514027360786,-1.7294160474404523,1.1181451709409844,2.8150820952154447,-3.013668176452223,-1.4569481353321712,-0.8456630403834471,0.10912022910906166,-0.680501790028547,-1.7538889169865044,1.2439613635528883,-0.9546693826204989,-1.13062757962428,1.191149209459918,1.3696065703852898,2.4745845223961385,-0.928598341299312,1.4058220273147255,-0.386788286911687,-0.5069812022098095,-0.20179089934771471,0.2116184336806344,-0.7229796914549881,0.8439100818381631,1.1254694508269472,-2.020218183876766,0.22148887618177104,0.7449869897205755,1.0290097087360666,-0.3546122259100999,-0.7639161220872623,1.9892038483097323,1.3629791211510796,1.74817822055382,0.12743659683154504,1.475980944745472,-3.841619931877749,0.9607808284481001,-1.15697595428803,-1.314525668621748,-0.800176116163037,-2.8239615400078475,2.759291323180678,-0.677339666172471,-0.02276983220604223,2.200207737961888,0.8707896966079923,1.4335727506296057,-1.6588695708421803,-0.32241548120679764,-0.5561550785705505,-0.9796455093083307,0.27811951184372335,0.8895470052280858,0.655008386851397,-2.579983340867132,-1.5765781060680304,1.1316331422533425,0.8386178322282891,0.20316323941741382,0.7162131450203337,1.0991294856531242,-0.6444704998025071,0.38989168146642594,-0.7055279415282989,-0.750538686055422,1.7759700284468651,1.2207466674471008,1.0383408422044331,0.20963515591662607,-0.04176861263075628,-0.5416792283235276,-1.305264265544377,0.651356422853849,-0.9378629239127139,0.6747901139510518,-3.7976134933090737,2.4249311054930507,-1.0778161963708035,1.432354722569218,-2.1056134576033494,-1.6219765385629583,0.44149239068740054,-0.30686167016789145,1.9337596800651746,-1.2857096235697383,-0.21574922079768954,0.5267174997729854,1.072810293964704,-0.34621486434176774,-1.1535312469945496,1.913241823081433,-1.590627745447003,1.394155619593542,-0.05029132149198606,2.0104726684367824,1.535423606560775,0.7811996500016014,0.3621602429971504,1.1879608113197062,-1.9785937749208569,-0.5423677333027762,-0.9554245703300286,-0.6176831275509822,-0.908929512668149,-0.4797744953381269,-1.2812950412469215,0.8516126504083341,-0.9281701216514373,-1.6172105640259886,1.3035946017788136,0.22965039022023753,-1.652251706698186,0.6624131254613155,1.783523688776997,1.3742349496050597,1.1509439828641574,-0.9930704130778037,0.2153340173922445,0.24046340734192223,-0.5040773091356209,-0.7939272423849387,-1.997277869444296,2.500843484307357,0.5311458522819967,-1.2210056638980782,-2.7716745591150076;-1.852505782047027,-0.9512007151480993,1.8879598468245136,2.0869859634869163,-0.7879133113535586,1.5053345706726688,1.6717484717839142,-0.7225924093049045,-1.7207515786376195,1.911437434853148,-1.3732924252081695,-1.8030875681293335,0.14384112251759504,2.8800301621003364,0.09790741305497669,0.06664293635134748;0.07987540329381224,1.041814237271956,0.42479044517304465,-0.8764347342382762,-1.0447000304498684,-1.4041770958862738,-1.3553841179624357,1.307147733867008,-1.0857682662910195,1.405112217915053,-0.4147786142243233,1.435149388726279,1.2774265807867504,1.333008070117667,2.0358521977111996,-3.371822782130697,-1.8570206414639043,0.5648786983566134,0.10720700397673444,-0.013901446725304217,-0.21888976524521497,-1.2025988723425762,-0.7894011416806687,-0.8051011843948613,-1.3516725451045344,0.7127622744600756,-0.9079815219570099,-0.3658251388027337,-0.18230710702240743,0.9009214658556943,0.7479614638180392,1.5755265413757218,1.1400154262745497,-0.33641316167079394,-0.21701211093201878,0.5441256222586818,0.3534728619195135,0.6951061820806026,0.3237381430184952,-1.2860392312944202,-1.116674842981463,3.0776654477017686,-0.4276511820405511,-1.5094446727139492,0.5120261192618789,1.5213576358223053,-2.243474946453027,1.473823653118608,-0.08018940559043958,0.13765347011583715,-2.422531172896947,1.4105527631676997,-2.4878781334195534,0.980264913156242,1.2846476193129535,2.452429066009183,0.41905697247603835,-0.4517223201563305,-0.4221373951777614,0.31998546644562975,0.28267590823002553,3.081085239220842,0.5389749352159773,-0.890705904888559,-0.3617587923047025,2.3739742300036877,-1.395104358935336,1.5964653226933487,2.530964079935837,-0.9346436230299067,-0.22501748019488432,2.596305619671609,-1.7616601745049145,-0.6332129872314223,-2.2280591343480616,-1.2816692845480937,-2.0770887185658835,-1.9907013953419987,0.589864441596848,-0.9693505087296714,1.5856258946652593,-2.349805547474221,1.3976075541469728,1.7511923407807428,-1.9936500848387912,1.2206116291658557,1.36712122320928,-1.739216414746138,2.260340608255923,-0.9566903787077232,0.40777345219573835,-0.4968663757191851,0.45679091998801946,-0.9842360796643925,0.9743212588148272,-0.07818075195866958,0.9603776695946875,-0.8546787498754256,0.05023379931036398,0.6526037008443708,-1.7249032864359266,2.187797765006401,0.21426789152150233,0.9856753875062477,-2.5012013962467687,-1.1072683560875534,0.16786686509927046,-0.08609173904133591,1.7928546763200588,-0.2980314263374783,-1.0488383086148618,0.3067638207059411,-0.21357133825703123,-0.3207830832085563,-0.9930700797273194,1.6036063026039082,-0.25044095074467565,-1.2554904227112202,-1.9358178019508254,1.7893894493858835,-2.106621899332672,-1.5204810092957093,1.107184519240706,2.095526640420431,0.19119346143216853,0.5310564324258947,0.1088418214364947,0.8681592567493677,0.6961990889691316,-0.30748763849103977,-0.21809506791949546,-0.29571487888126846,-0.9437347410155603,1.5786515730857769,-0.572114282609065,-1.379460260815569,0.24456790770815157,-1.013366366472304,0.4657566489942304,-1.2551177585639408,1.8576633446502222,1.8128908438640954,0.1853904507644183,0.8464886621998455,0.7358426653560818,0.21200081267957815,-2.018119013004026,-1.0663435563591506,-3.1324878043843607,-1.164403377097586,-1.4592583197376,0.6043218583791861,-0.9054214774347111,0.38844380177253285,0.19749989816235383,-0.9325730330896699,-0.6454230338099309,-2.199542712858838,-1.425944725095972,0.5288741403524521;-0.1262425833825099,1.6434347384662726,1.8658654139891344,0.19968579425552258,-0.26833856956893665,2.302203804802607,-1.0760908815025931,0.15096660556470665,-0.39021478605255133,-1.5382561280371556"
4,0.3678615543275317,"0.004735141599002145,-0.5594323161163481,1.2077075292293062,0.7336302191497657,-1.325055972594874,-0.04468764956367266,3.2750467681430244,1.6287526668932548,-0.7500892095779598,-0.010161887187224938,-1.1465591527289336,-0.8629516408116937,-0.4217848721331897,-2.2622794564275233,-2.25242543434616,-0.138319927998938,-0.8302370747634249,2.0509378416555633,-0.6107681414007248,-1.0809501873119243,1.3650195889890522,-0.7694235315034694,-0.9026400758915163,-0.30688423929132125,-0.4471296148622959,-1.1613098164932318,-1.7002937617411624,-0.2520193121007812,-1.2333959268191867,-1.4982224308527918,-1.2508882127497656,2.4568413295757248,-2.8473782021562912,-0.4444787896429508,0.40748974298202395,-1.4197676422604986,-1.040498366474911,-2.181916358713681,-1.961430993299877,0.6082218781169211,0.926053788397969,0.11549211072923152,1.173098999207649,-0.24546104471004937,-1.3502718503724944,-0.6032722598276732,1.5213441221103718,0.6891586461789367,1.1062801400222964,-0.5475685814513447,1.3322213582923983,-1.1742691903902154,-2.4006502427682888,0.5707525538646074,0.6200537747678412,0.3362123969870481,0.25695242182603617,0.6541878265843084,1.1727918177251535,-0.29850859895796633,-1.1841535586901417,0.7696969001644962,-1.8432562579152105,-0.9020561103292412,-0.12103142218267202,-0.058636931510659726,-1.1415038365668921,-0.16765494345603382,-0.7322943516353078,-0.5577527005422452,-0.3190121248765768,1.5187870433095871,0.48516973542631325,1.9667477670918596,-2.70818936610079,-0.5790004674893223,0.822188839965597,-0.28824896557413887,-1.0015719083861436,-3.2897093962551818,0.5311982318693474,-0.6645713716923874,4.119928020926336,0.6747094251034915,-0.9227664726091993,-0.42897835411829044,1.069167207379794,1.782932538401188,-1.5282627308267434,1.194572783658845,-0.07977144212696353,0.8974894078827151,-0.9940580104207959,0.2614230286996392,-0.258834521601276,-1.7434413596870366,1.6354953715569498,0.42210793598788277,-1.264919445059724,0.1626666581143823,-0.9307307721341668,-0.6787939240030836,-1.6147361107900982,-2.1961052441417594,0.1893262246838589,1.454983541569587,2.734312671056269,-0.29481820939785497,0.08006117580775338,0.681246647003055,-0.5597774420014584,-0.1163539218091295,-1.8611335174257735,1.0925858004547377,-1.032167593644717,-0.6740148031590512,-0.20839303429535622,-2.540255504634112,0.41841081671798186,-0.7706357721231984,2.0731086366810443,-1.7823134483050609,0.2092163423243411,-1.8596298277147063,1.5087555256060043,2.126933399575416,0.18906823461486358,-0.5577064005238246,0.4303364014737437,-0.36211850001734985,-1.4019666961919868,1.0704948804190446,-2.311683904163835,0.9707836242734266,-2.4555496975786286,1.7779124492475669,0.16636642422485784,-0.14700409848216467,0.7498709174266981,-1.553273242574377,-0.7875197429927205,2.0618814259946063,-2.0155295241316504,0.7602440409743185,0.10263233033042019,1.610092111140791,-0.8420263024614194,-1.5445479507162774,-0.08445236282584873,0.22929981514262343,1.086984877336072,0.4339749908645529,-1.5344054316114342,0.034182454649394206,-1.0470561984504332,-0.21317165896231405,0.9869793815771833,-0.6360238849071305,-1.2288009435436171,0.3138217971732286,1.189685806699797,0.7028679945274989,3.6066215778859205,-1.2186148170580744,0.9324781334080562,-0.21305589898683885,0.5869706193364201,2.281575700671765,0.7488481236020745,-1.3355171201879161,-2.298315828581474,-0.3917957998816009,1.0960600646319723,0.908219024477099,-0.38424723665711796,0.7290212180378544,-1.0217470228115784,1.1993720924767617,-0.24691199994730012,0.3583937871819275,0.998792360122331,-1.5821082047080264,0.6913432335693123,1.9404375517662331,1.6318117382193362,1.5297020056719854,1.8876636565913063,1.1729341583417043,-0.016719436569027357,-1.8252097711372413,1.0163020376714191,0.8915765493953461,1.0198885022031179,-2.035444670614485,1.1713834386573125,-0.8121328879093671,-0.7726841578170072,-2.1564463501735833,-0.21731907640588355,-2.5554444467650868,1.7127605587991375,-0.21444369886109088,2.583116696560693,-0.703700791413155,-0.6035378910493275,-1.7014110050679054,1.3478372619530017,1.5201935071161792,0.2034902907187187,4.090302467592247,1.1325865688489782,2.4390690511236595,0.5210260987563474,0.08191585859675987,0.37757461311910967,0.201232718995774,-1.4608850393171102,0.6951695280255015,1.0873707586855372,-0.7688912972495276,2.479836037742925,-0.5634751017386352,-0.2342657451826295,-0.8410320729890425,0.21296242749136846,1.0976170325306676,-0.25860786872256436,-0.4911308282711321,-0.5663538017273273,0.30314698258275286,-0.6954623116245183,0.38136966830107766,-1.0876792263029997,-0.3356593203785254,3.546913814149213,2.3115595282309056,-4.166665654204101,-0.9687470588796538,-0.4625037829072645,1.6445070350355893,-0.4869870455802201,1.1520872619903013,0.16988369794238856,1.2795240543055872,-3.147758844238402,-1.121472800055185,-0.6361834278563439,-1.3786167195672205,2.3627308896739105,2.348620428152816,-0.3881474448696829,0.38185634737585805,2.4042623792350444,0.016559834064520385,-0.7803818895437331,2.1791324191774515,0.497649107483507,0.7365585625192028,-1.1712540790265344,0.5830754423543021,0.07256490995940013,0.66202346621498,-4.602613136183238,-1.147718714524527,-0.2095062822916057,-1.5540477089493439,0.33865811393382783,-1.0096279629095395,-2.379774980306756,0.42272890824981724,2.40930576440084,-2.498661630132226,1.1493833257190755,-0.6533740524520526,-0.16770685920548878,0.6502077069383421,-1.465315340632173,-0.4015443697982547,1.2836208505048343,-0.27905271913855634,-1.7360866554085777,0.8821816474730209,1.3891077740139632,-2.3943776118095688,2.685716861025384,-0.8343312020083796,-0.42176292438595087,1.045685018885206,1.5600712566784298,0.22002565790843367,-0.9430370150176985,0.4199645354312438,-0.4076738339824929,-0.6597355945411124,-1.8503952577796876,-1.0519103794955897,0.6138024381679303,-0.9347835657733321,-0.9573290254135868,1.5401180338300424,-3.720175812472675,0.9797634302923273,1.9636386632509535,0.572283252448329,-1.0113944222604607,0.4961128742727583,-0.15595399815068015,0.24033170386381214,1.8956903889350005,-0.5498487789992299,-0.2763385755770775,1.1980820556689789,1.6184060871716732,1.7585756918399365,1.8552485528883085,0.17418359677666423,0.2885494475802872,-1.0175419280814826,0.3908495934553288,1.2009439849917873,-0.4328443590027283,-0.43305247847208417,-2.5156850226966165,1.8303337968976532,-0.351784023684343,-1.7196616909300706,-0.03430184009236781,0.7808311372183095,-0.07478319830597702,-0.46010573340175276,0.7217934816569405,-0.4273103056679845,-0.06703952494017601,-1.4158547721977583,2.073782106245819,0.4461499612999911,1.260334612232029,-1.1465955508714987,0.5486922721862776,-1.092391964888591,-1.7554691941812255,0.2570305966505696,-0.09116131522159185,-0.8364958985679976,0.5022152694043392,-0.8729646824696393,-1.5083890051811637,-2.440802387357682,-1.0678511875039771,-0.9794824025599007,1.0148056153839489,0.713636595928378,1.6516430689113357,-0.5955585590720638,0.5658489688679573,-0.01857968743353411,-1.3112444437481228,0.1108316133385201,1.535815349888328,-0.661426766756976,0.2531476849041852,1.2513417929940827,-0.07411734462912845,0.9951125691902039,-0.4966574785610113,-0.3053077532744177,-0.28554542023420965,-0.19907918715540884,-0.10310156217568531,-1.3430413375348023,0.507018236640709,0.06213445877280761,0.5713992757034219,-0.43696896831323795,4.667130693265312,0.12126234267351074,2.6664620391862783,-0.2228549167384941,2.8499789249645575,0.14411624771515325,-1.3500219127867104,-0.7233608258213703,-1.9733591206970194,0.027850883119732384,-1.456623391277074,0.6517871775170695,0.001318458740432099,2.8180754456068944,1.4403571187168063,-1.1061740800650017,1.1490147431834428,1.3519284372299778,-1.1797641092726816,0.6399344125092005,0.3541430219210036,0.49560252693375056,-0.8554897050359805,-0.02599443755950781,-0.5693072463542194,0.9916392639460498,-0.2490591573364671,0.6658005123587996,-1.007005733708314,0.29752517131169826,-1.7253850549072203,0.011555265757075203,-2.0413127819821475,0.4945513578616914,0.03587338814229687,-0.7073782538767283,-1.4562028897558421,0.29116562507649746,-0.8632890375942948,0.21178866615973174,1.819809742465641,-1.4190426312317967,2.6491717282427274,0.7100044618518886,2.0396936900027796,-1.2191682448261691,3.4309592574002767,2.9457953640477674,0.18551617816514837,0.9520151754885549,-0.20660373483257932,0.23542619435071033,-1.4394537857905312,1.7087856632730414,0.3429254885987221,-0.9439961052964702,-1.7691693389438206,-0.8632214449485196,-0.0010975297478496016,2.9365726368535943,0.6502500320605558,-0.09822036687579672,2.002426325409761,-1.425660277495907,-1.1900286720769855,-2.0020946188312423,-0.8884923112453127,0.5932365231343676,-2.900382416490663,0.6087022681529152,-1.4702678128824798,2.777966157972813,0.45589876730554074,-0.8588151381800618,-1.2407034101903633,-0.7492065687759124,0.19969066997101403,0.27014047887353426,-0.8256585007463169,-1.890183900952365,-0.16808053335755224,-2.0203677650813985,1.1139455025858465,-0.8456009850175306,-0.28340227398193074,-1.1121021902841515,1.9412266003450254,0.2815337481085683,-0.4447319486840347,0.35337179918150396,0.9906491009504164,0.9042602595471381,0.642278759846468,0.05681989192369974,-0.40478243049881363,-1.0167961510497854,-0.8670917597998824,-4.464982922031989,-1.8500002520113021,3.516275833168282,1.4335576053014187,0.13161781253606142,0.849240029241169,1.147597131116609,1.1826309102641253,-0.10388215219662716,-0.917402023797788,-0.5247640499640405,1.3479721833987481,-0.5551370460909253,-1.361756777997884,-0.14200789111336376,-0.820843550084339,0.0027128580304600636,1.5512179333510432,0.5874751234462967,0.11144358121990366,0.5458532396969102,0.7603334106157205,-0.8273882609764497,0.6119321477447028,0.76875179551253,0.5946840519003076,-0.5766576580056726,-1.4367854490722753,-1.4147309194286528,0.41602486691490104,2.413464747073942,-1.0805944795295137,1.4366894960305818,0.7265174531635706,1.2909383260261194,-2.269997303678854,-0.7876553358707846,-1.9812105667423734,-1.9452616628649582,0.34658033679312183,0.6587191843190687,2.408041718219225,-0.6502266405960814,-2.0239122584892764,-0.007297856477420303,-0.062106012385550656,-2.3435423321305144,-1.4288421787555965,0.3032009633385466,-0.31122414499202006,1.935923938981493,-0.3467675274785387,1.6253297867941852,-0.6422488247393289,-1.7024111263321637,-2.50228325059394,-0.13449902637023156,0.595345128284616,-0.6978864278334121,0.27448840429627375,-1.8252477164881642,1.0262745606984751,-2.347757305255936,-2.2860580158782735,0.8341708869607638,-1.7973683748743488,-1.56199873680116,0.890313237270553,-0.8782469530709616,0.818955726427198,0.26197830632207775,0.7884819309550777,0.6569646089853534,-1.6306699603007266,0.05912512749809207,1.6143075836429204,0.0657379568122316,0.7808764212536079,-0.8369940836050215,1.7771786339706348,1.0543252878926146,0.8334027557379473,1.15581374777976,-0.07062377331604097,0.3048580830980993,-0.8405054449146634,0.7060177218143108,1.1435080490692568,1.513253301546905,0.051504486222653106,1.7042321895098693,-0.13509719488472072,-0.1302007839973891,1.4586005383166998,-0.9316535945472142,-0.7374334756802844,-1.1601989838573359,-1.0845645387156275,-0.5850932814158628,2.0130587674512,2.206851182649078,-0.55135787529356,0.04501404494892525,-0.3460987166503964,-1.3712260189286907,-0.19929943686157006,-1.260356969889225,-1.727060076160456,1.0053708642416677,0.32921687540051614,0.7484619893223723,0.5920201988796667,3.6516111293215965,-1.2222406792622904,0.45538828017353183,-1.6920701034194683,-0.6518383024841914,1.2472247456490106,0.32399168682611895,-1.4864119912706726,-1.7971227263456504,0.44876561102982165,-0.8939452652792705,2.7506062852448956,-0.9171504791520624,1.0116675113353821,-0.9816278992315305,0.11149956540974491,-0.394433650818118,0.7979710037541987,-0.9284639310308,-0.7584655746322053,1.551359035085273,-0.09445182179063799,0.9858054088361093,-1.077643485990764,-1.4306694682381131,-2.3196612934904612,0.9670208680947412,0.013213536107511303,0.04646747954848594,0.3706869463454644,-2.6357856588405366,2.7607134532881523,-0.4295739313247186,0.19052207070757177,2.223985693464442,0.0704557737277908,0.6542561069314289,-1.2259242753167678,0.6641521355050934,1.7164169400088942,0.8568826069414591,1.6738805602991467,0.6823163540529225,-1.3035011862797252,-0.908122562687869,-0.3470151770430591,1.536695188405166,-0.5787848610105739,-0.13014078487317843,-1.5163924887804137,-0.9499917816822682,-1.545028624474079,-3.0183464509968867,0.4719448763840585,0.613231046960621,-0.7887556362299589,-1.2711769554077645,0.737427655715698,1.964973274522856,-0.5261637484319582,-1.2903316233394027,0.39074350028262295,1.193199541734043,-3.1973425875423422,0.2545303817232527,0.5484778415806291,0.04936722278930217,2.0620770359255713,0.9541651849216037,0.13185005476642703,-0.6210389703197773,1.9911353246879315,-0.699763114069655,2.2120083430634443,0.2995848667545342,0.13582086574423421,-0.15821749228136406,-2.1163834834930055,-1.5224294039941744,-0.43779369342768004,0.6524636226795719,-0.15931513723482255,-0.5118242651010441,0.7227372246663033,1.1111872318214389,-3.6022524379271186,1.0281075304087726,0.9843731320564904,-2.9741672077421666,-0.9160765663769219,-1.2638363879457786,-1.2137363063958815,-0.6856070144728865,-0.21590355156274488,1.1371547083900535,-0.09265402262004718,2.2658603719337327,0.27919671351674646,0.3415809826898968,-2.513095292328898,2.106162896652173,1.2635949927576788,-0.6778820490037505,0.17425057062358074,0.8553874610882092,0.14915364306928985,0.19820543359440138,0.6081533547158249,1.5334317099499752,-1.0909988893240092,-1.6070697635009192,0.2051043001290167,-0.025663904053489284,0.17742366265849002,-1.0810986028858525,1.049887661574973,-0.5814863776511565,-0.43763421015599185,0.39622738640497285,-1.2158645281397895,-1.6885043727086158,-1.1741882631493947,-0.20020284178137743,-1.8225250202590701,2.3096814858378076,-3.3653880361382025,0.9874935345452387,1.0477572315298387,0.64815185388457,0.09773086282241905,-0.45080664110858937,-1.1577145013052528,0.980841891102593,0.1404683881236401,0.7983248394532132,-0.30199499143463937,0.05020129031541869,-1.7496049415061303,-1.5595305076170904,-0.47454470922739117,1.1755234947492084,-0.8097896218413196,0.19948117078846062,0.048199410363218106,0.3499560992222342,-0.05608814475935964,-0.48022412266618375,0.6816726272336786,-1.4619545696225766,1.0050426830158143,0.13301442090663848,1.9781047560084493,-0.904774024434593,0.3040772447945176,2.2981916621647107,1.1800132636654241,2.532729357890496,0.7757940798816836,-2.453954115095644,-1.8189651340091457,0.12851046458062795,1.2082650786763325,-2.603627722012365,-0.6280943895191241,-0.8275896834029136,1.3810071956531238,-0.4018268444297711,-1.7489417138486538,-2.4733504773611816,-1.0214897018159717,1.8797167283930316,-0.1816018540202124,2.7530202348400334,-0.4921316668283929,0.8432916600771181,-1.1486436053687963,1.1598825396991355,-2.590991894895361,0.08675774602200129,3.020683853522576,0.42388845494217964,-0.5206482546671021,-1.165264470227886,-0.9728370813771392,1.1070787077641633,-1.1039956906571118,1.0020125746115756,1.1735599658215339,-0.2245455670072617,1.2189118990900838,1.8702353678162467,-0.5983915161188292,-1.6537560393956865,-0.5001759459672976,0.04992560106825498,-0.30957881002468146,-0.8900601212585629,0.8588933637695264,-1.957360079885555,0.8931493659467948,1.2284835443635185,0.43486802562828863,1.3559780624684115,0.8496436711956201,0.19889459562490674,0.5239655966745429,-2.161177328574143,1.4531313639882812,0.2854267433378584,-0.8112457115339344,-2.1301938312078494,-1.5762325300693822,1.010901096727017,0.9831252861194555,1.1119217184130965,1.9640269679246922,1.0268622891945525,0.7331088892209339,-1.5700060255788741,0.9033056244004577,-0.42295759638494673,1.1476132222250648,-0.20730646962833002,0.0456336212623647,-0.8979311123326813,-0.11813948443521063,-1.433896062735878,1.8327163495514809,-1.0002618657791802,2.6015423064531342,0.8224908703943583,0.9228622522885332,-1.5517955101839036,2.2359098245292612,-0.32903154593686623,1.6319159804183798,1.6141257236869564,-0.7088631254452206,2.75828123051075,1.8949169260658016,1.9458627027383706,1.5381115028577406,0.32204889920208746,0.17687111958868396,-2.2257679127885837,-0.04200025135866642,0.35387798973619417,-1.3785079912573388,0.414979238894194,-3.465302785825918,-1.5836641368197033,-0.6284414196017651,-1.6673156787000867,1.3747309748222847,-1.1482691684792075,0.8825442626050186,-1.4598450150419284,1.1824547433499826,0.842674102497522,-0.36753794348308655,-0.6960866715016703,-0.2950840180025788,-0.21636983823063988,0.6192579074162403,3.1403299405189413,1.6959145052578086,-0.14185462933741344,0.11989560814711206,-0.24757340264903882,-0.7338202352067938,1.0270133966800796,2.5530109557803424,-0.7763073089092232,-0.7748535016608159,0.601801972839936,0.5189959181837144,-0.8324704979675601,2.50800379202423,-1.2688603005762698,0.2727630904927699,2.1769684552645017,-2.5315380641088185,-0.40376796376253293,0.5538713394021818,1.5814463174914362,0.7931528074218127,2.0917326924090074,0.3813949055277459,-0.31931096213964066,-1.168094543682893,0.04520191600713741,0.7617056506392363,2.326966349358524,-1.0243460504149164,0.13515420869557365,0.7417153382856508,0.564369402088786,2.536962539184186,-1.569961035127508,-0.31586374537295187,0.1122783966328732,0.956528104457943,0.3581668336478592,1.4455979451603516,-0.4708754586012944,1.8188588669334118,1.454627236942898,0.522137603694948,0.19858973348232767,1.4835005916278643,0.6904047930322699,0.9898967315936056,3.2741893388161314,1.2938082660341843,0.49134409932332923,0.8068479532167263,-2.383809560993756,0.6485038272804717,-0.6976433090852441,-1.233125369797536,1.669437742307452,0.6505427834745378,-0.5076653315944482,-2.275651785891098,1.6786233699208264,1.0599511669506128,0.31427615610134313,-0.11734844235239257,-0.4625955298764264,0.917598831566239,1.8599664130410611,-0.8676735750324784,-0.4417481352702355,1.239738200408038,0.5526537438208501,-0.6822783621373748,2.081497899952936,1.2473517162089383,-0.29771693130127636,0.10531978030359129,-1.1309367487084645,1.576612326284098,-1.636777423421445,0.41238907508225164,-0.26934216037696307,1.1062776777349093,-0.43257115299534377,-1.0847062536014838,2.3166867486349116,-0.13809606512909883,-3.6072736129403604,0.7754857353522792,-0.9121836426209555,-1.0459888343384565,1.503516993894994,-1.109228306681275,-0.8907162723984466,-1.404341264459779,2.3344926319389296,0.5595233063495684,0.17548658356889538,1.9871155274266599,-1.535607639817285,-2.018775027736649,0.9928496802237466,-0.6064529088261311,2.3457640657953904,-1.4954840277315404,0.059622961210842707,-2.8719594789481495,1.1173278602048624,-0.7908171952573759,1.5592819204407837,0.875028054146133,1.7089654392588054,1.6568876069929361,0.5918758209293156,0.5379483846333097,1.6794033584691999,0.7650718994705898,0.9358334852013636,0.6711877303772609,1.92333368091949,-0.3255703450803218,1.8898314217507413,0.24996965625224643,-1.6214959688453414,0.28712153582024363,0.6105938082010667,1.2329420669312317,-0.8631033317632213,0.7304471452477622,-1.5665918040623565,-1.3340702551819812,-1.2277831093050868,-0.9094263809044597,2.74334200266856,1.2619393324243715,0.8666147046671568,-2.3382293243158503,-2.082037633540634,0.1046132302496755,-2.393605054771325,1.9634610019732073,1.7867228350097486,0.47286602164446406,-0.18593120212109965,-0.8789766411605029,-3.0404083514540967,-0.055380886717934674,0.03874130641943069,-1.3884983227465058,-0.28249073335428293,0.9127570913598297,1.2560301151562956,0.8666274841820161,1.2637013939992212,0.20064714988782245,-0.6134038436894139,1.0561045004085978,-1.5250962066004379,1.0958462935302853,-0.9297956404380324,1.5038949642814163,-0.1500156284318892,0.8175938614755913,-0.1691076431920211,1.859856228777807,0.3936663784156924,3.130071656666268,-1.4374871178528124,1.278980552748197,-0.04110504690966645,-2.6003896753247515,0.2801727159423263,1.317503695620305,1.446790081867392,-1.2968576506531069,0.04333766158028257,-1.157584454634762,2.2378579067263873,0.4829137114255868,0.8647277625710472,-2.1784276816294175,1.0044670068783321,1.4094718412254243,-3.2170495500653686,-0.3936756111911729,-0.7068255411848476,0.7286257653285599,0.2509875820337106,-1.9738955740232966,0.5599864922030088,-1.623772826160954,-2.289659969305017,1.8358225914741295,0.191650497087129,3.6807130133223067,-1.2951772879493182,1.6066350646202632,0.018239118106827157,-0.2438775770830096,0.8302641968372104,-0.06979826974477395,-0.29039903020079916,0.13492518183402158,1.3534804480807994,-2.370576658907493,0.3005539381894544,0.8135783704896593,-0.25065446288888343,-0.46666833381307266,-0.39190096538949337,2.598192823754747,1.182985546714867,2.8262090245176394,0.12757095840204355,2.337996378173706,-3.629204177161067,0.9939889704262174,-0.6278985484678093,-1.1721313948127752,-1.0794988216714887,-2.491253633586844,2.5972917282300747,-0.8715990818591769,-0.455770121648114,1.2925001480693972,0.2975777980084412,1.5629745851002852,-1.4345732139826288,0.21999579041176281,-1.0673087904584677,-1.481277755227962,0.6906816546776143,0.6744600664630629,0.4747683100353718,-1.8409414740976908,-1.9356901420820378,-0.6858864499451133,1.12853388088535,-0.02281756234577237,0.07758202548543902,0.29559648212629774,-0.4270609615054947,-0.34797935957137793,0.0466506761903539,-0.7482425742427801,1.2558412803538086,0.5108522599888233,0.5133973713206446,0.9546763757136596,0.5050786737497514,-0.4799733655420997,-1.6484550441765633,-0.3900056357320613,0.14590757701228385,-0.07634567027386574,-3.7006980978317294,2.9849055187673796,-1.0127859534412127,1.4093945956697131,-2.247019084551155,-0.8104286722978273,0.9130033786088205,0.14713355267368564,1.182811621004886,-2.4978181609762267,-0.32506475180299566,0.9399789327680108,1.4212119203412124,-0.589892265735667,-0.9111317276666242,2.437376512613783,-0.969498301620368,1.907156766955838,0.617066198611429,1.0335563110102146,1.5680365649683803,1.0567948861715868,-0.4864286204990768,0.7771653193109711,-1.7140238638656127,-0.14784731747462548,-0.8411487103572601,-0.3707588161258728,-0.8243166614121479,-0.21949200625281368,-1.034513601482035,1.3704105182895612,0.35699824758051407,-0.5315493172209056,0.7540858078226305,0.21098534090379556,-1.8939878204517602,0.9628174210741505,2.045279891378149,0.7275253755691892,0.7534667273593406,-1.0598028322217075,-0.4840380155058086,-0.391887081950405,-0.4513887179113516,-0.8933172510574172,-2.6380901135415176,2.0973228439690885,-0.23672669996617557,-1.1032995184735606,-3.1752807698481367;-1.5307105500458378,-1.111241432764251,1.5532903569791756,2.37116184954195,-0.6914120770820826,1.6765600322830911,0.9891098309256562,-0.10966423336120354,-1.0282779433459934,2.0531766327994907,-1.3577914120998922,-1.6131718918319304,0.04489840418500511,2.805302230152252,-0.09405315024426336,0.5927115607609095;0.8451935486298033,1.3569664693572387,0.11204764459353522,-1.2256116602483016,-1.3721834761529188,-2.0486487488364187,-1.0200612756374865,1.1906096460044158,-1.6394300570980354,0.7894866498197788,0.39522998797196995,1.0351677230161103,0.879473578698507,1.7321440676133593,1.9215768513255074,-2.9616028546087594,-2.0847552808408727,1.3771056865539517,0.8051442351433581,-0.18007081387175716,0.62329198791464,-0.8765555974061009,-0.959639862663165,-1.6219980794910578,-0.3476600934148747,0.14831047732973857,-1.73835157679508,0.5035771914144346,0.41393136916511664,1.3576751150835915,0.7020448654732592,1.2275242100514412,0.347353372893807,-0.6681704983041535,0.36945958970955206,-0.20525323676619778,0.833024307843677,0.15174458979799899,0.07661702850104796,-2.0892855039940796,-1.4534788839493868,3.168469248664083,-0.3418445684833807,-1.462736580926245,1.035694892905228,0.33584902768046243,-2.0918254506392406,-0.3836960429233278,-0.23248427001215605,1.26784282788484,-0.7400443518065236,2.1819847882183634,-2.509767542623326,1.0344755117052369,1.302248388761933,3.2958980152224906,-0.711482584496738,-1.3257527427086808,-0.04746453856638094,-0.4750975966444281,0.24303766352028866,2.33134718353169,0.7423270714352668,-1.605605043621139,0.0037771662027040187,2.8246572677241493,-1.0691278280365768,0.5451308971909725,2.066675930178681,-0.5195921434837124,0.6717950918282651,2.4601362929051955,-0.2209224855222699,-0.735870786279071,-1.1274095718922652,-1.8547342062597252,-1.561712951649017,-2.4910988057857475,-0.4566301813202718,-1.1864382434833771,0.37465345342023804,-1.9870886039352205,1.8356517034975806,1.6842745134529316,-0.9469272942943981,1.5821390100015489,1.8599760359584472,-2.3718349205356755,2.030148352076767,-0.6403681907640273,0.9930321149161233,0.4460683255283163,-0.6874921127934952,-0.5805053422670637,1.2775720571566664,-1.2141822955290844,0.5452409234362454,0.06659910446175277,-0.5571288299614126,0.656880836050783,-0.6583120279676311,2.7553407455404715,0.17083651988524257,0.03391015832475369,-1.8022816987567731,-1.6612744602846203,0.5074270630721975,0.1081316745946505,2.618067497964376,0.00543552156595041,-0.5062772368619266,0.20689196449667413,0.30432764836988974,-0.1715779974460244,-0.7410205651978441,0.9372561656819303,-0.2140479725500121,-0.9482489361515696,-1.6427836247228933,1.4738113039613825,-1.5363652267423888,-0.7704102958299707,1.6893125331748984,2.3887256162224544,1.296869591209525,1.2914493576852193,-0.046741387439148956,-0.6479442206501873,0.1441847024453584,-0.6629166307433338,0.38248484217233636,-0.6566536312176224,-0.9635723222811419,0.9792107338512496,-0.6571885668378625,-0.0944384581832024,1.0307105071600642,-1.2446392645154125,-0.9833555706437858,-0.8731461233909745,0.9908753782208803,0.7958410280809276,0.23639892296563703,0.04478492426174757,0.6589309438294673,0.025743123915568544,-2.125797157726507,-1.2381635134472067,-2.4828317029695812,-1.4254153855795382,-1.6293874704365179,0.17904170805438563,-0.8376518036861003,0.40161188152546684,0.08379217353090873,-0.4897865065350422,-1.1694928871643604,-1.6521660508399603,-1.9695459700435887,0.5898974509685111;-0.312962854495025,1.4785363141658097,1.0693535757481079,0.8679911417950669,-0.31776864060581167,1.7275737699787257,0.5511982282604421,0.4727562185065284,-0.9215754730694455,-0.30777083680135764"
5,0.35287546674813836,"-0.19863937265769746,-0.16864282346824921,2.0908327529690798,0.22861021447989982,-0.6675229443619861,-0.5750366778881408,2.994762957563135,0.597276747557822,-1.8471201330504006,0.6100182180207745,-1.2854351570860947,-0.7804659769367104,0.01769817544738861,-1.866693456755622,-2.03241164827488,0.7257617814951413,-1.39266292971401,1.8030709621200987,-0.9459142393503484,-1.0999204750052436,1.018979061779616,0.7416311779026443,-2.218397092812334,-0.6508363402806646,-0.7978250822856605,-0.11431337887838233,-1.1615300539923399,0.307731858386757,-0.464189692828171,0.04674015920259833,-1.2361636069980058,1.5711323163105009,-2.39634693388625,-0.4580988943386993,0.27409750624823276,-1.1694898445653712,-0.7906451828223846,-2.5884040540453963,-2.666951794807562,1.2189082463398515,1.7261583009077275,-1.0252090509600933,1.2008581612009435,0.11445675006403577,-1.5697946491324242,-0.7696409947167759,-0.10677398145310424,1.0230055049763076,1.3838365147951799,-1.1466004617585643,1.2053546697859456,-1.3961893746867502,-0.595971100024278,0.8370354835531715,0.904684215150438,0.29409753035911923,-0.07120118782557272,1.0004559685389274,1.060928876297744,0.6103369445130871,0.613550537376858,0.8303219165609317,-1.0983732036182507,-1.4629885646825587,-0.1208376688807879,0.11213520115090268,-0.46127132836768936,-0.9264243397247178,-0.2058893045308054,-0.42021171844296323,-1.2875544567850201,1.9284899157729298,-0.28289765327109173,0.9758378613184348,-2.111684570242071,0.6133818146327967,1.3602007615843625,0.311647056026198,-0.4356460175913297,-3.610298587615332,-0.05270630993877612,0.7858178930635596,3.8840032478276822,0.6670192059886484,-0.7087566818074236,-0.6001447971679741,1.9935938763481404,1.356595790173681,-0.6670790190146949,1.4716782048186061,-0.4137572971538714,-0.13704968124471983,-1.2332928896468718,0.2405204194181242,0.33830202712708335,-2.5656992057581554,0.8240553542603706,-0.45959169353898915,0.4083003375229167,-0.23061537801983684,-0.8746696076893582,-0.23263162157237738,-0.6325101684289409,-2.2356716551358184,-0.3512127841502569,1.2082868898085621,2.1753994603484985,0.09047943034969486,0.2821311928224225,0.3267077487354544,-0.6606185853360158,0.21450256601479967,-2.141877168973551,0.5098065485128269,-1.6661118090835314,0.027343196591179703,0.8757236017005898,-4.017916653223628,-0.15112398643756136,0.17244683841036385,1.3600409780415759,-0.6574176783939886,-0.026543581086899026,-1.6246593014996595,0.9354505398122746,2.5983426702570958,0.8452811297494781,-0.1758004545108396,0.5953858991677389,-0.728912236630445,-0.9203745494117472,1.967351616899041,-1.060394470874844,1.4110755941836677,-2.3757093646791914,1.467591708201865,-0.33410418883150184,-0.7110812791549632,-0.9570014050071687,-1.7577675296987931,1.0283690432053725,2.058864138604429,-1.363262132697685,1.0604306885013968,0.7502892427195409,0.1471279054335306,-1.209743007226055,-2.2324129893990463,0.5345104044819288,-0.3210417587561223,0.865491027261525,-0.1532156557955517,-2.390812245855228,0.2945406398652733,-0.7099945732395322,-1.0134942404015497,0.7469582921398075,-0.7483324569357093,-0.6295478596709029,-1.0001508049865975,0.05588680549482954,1.2910320983008448,3.2616129380783625,-1.6339869621380991,0.6813793217453331,0.0028052212549101174,1.8681200282450012,3.356334143221043,-0.015740244428041394,-2.0771278519435628,-1.111548612138371,-0.7157483070560012,1.7163525955578152,0.3830596022971316,0.4501060484849554,0.6150260555482865,-0.6207081235692371,2.0164170956407306,-1.1612840222386058,0.40093618490291405,-0.0002272249088842715,-0.4402187057249327,0.012097637770279501,1.9803272468277286,1.5177942541886982,1.7161937543860113,1.3796101069030569,1.0599274982504405,0.9515019257467978,-2.016896140438383,1.1627271159837211,1.124563969750782,0.6246215165908064,-2.0251202330766396,1.6659903166636079,-0.9028941663762023,-1.2234628761893604,-2.470176073023187,0.18755136516380316,-3.0414371608285453,0.4606073707566177,-1.3396062447489787,2.2983527247549356,-0.9192946478950146,-0.9151415501125001,-0.9801447615328907,1.4682928895050404,1.417607195638267,-0.18606336379224553,4.316909582957811,-0.4653399401453646,2.988414282009318,1.2766149736449832,0.9562210758296289,-0.17407532858382208,0.6727018479754996,-1.7429375223295267,0.3242993797306234,2.1116090681696824,-0.22762273123420196,2.911476189353089,-0.7980618406284685,0.32347577541538125,-0.04550444166582235,-0.1241758667400299,1.3011586205565497,-0.9123535443060992,-1.0782630909163056,-0.6407809039352226,0.010660411380354617,-1.3377218046934591,0.6649701509649157,-1.689363068279961,0.009165677574822284,3.468329057446482,2.408494122483497,-3.2711045908099354,-1.6257022656142017,0.513848817022091,2.168441513775877,-0.3827232043136598,1.7685513096771377,1.0380103542590842,1.436830778989247,-3.4288339540709245,-1.7786341480424555,-0.562738750772052,-1.5169210297282496,1.8902980616844691,2.340108063229903,-1.0167242408756105,0.27184989898217493,2.866624322236864,-0.3095574317230949,-1.5209766388769037,2.317971469254645,-0.7704783830118005,-0.4655818801728818,-2.3909365840235832,-1.1281903221677947,-0.5049233636363228,0.5228797934405524,-4.092498437979501,-0.9541832730005859,0.14830177776951547,-1.532512603225293,0.9733298346712442,0.1290577286203793,-2.634819292493634,-0.10461437968100681,3.279152175347926,-2.7763074867616604,1.6595419199052974,-1.1735093615915517,-0.6315922625754543,0.6889623905729164,-0.4714687253755755,0.33157627359769176,0.9068764321748612,0.004034975714935968,-1.2085071434660815,0.333182747278828,1.8336022037281268,-2.322826133333753,2.008054735292526,-1.7573697286635848,0.03250545728602246,1.1066266598866574,1.6562849519569367,0.9571131977610504,-0.7728493270109646,1.4780776725928104,-0.3794610057777592,-0.6082863174235819,-1.0269064884826942,-1.7443831800171785,0.2657877219866457,-0.6967957298530965,-0.12205499871393335,-0.5196456730670123,-2.4349878111581367,0.4280889635446371,1.6424165038940752,0.9069334414046353,-1.5420491448764646,1.3748665643217657,-0.034929026541550307,0.5976132045379663,1.5746351118006805,-1.055623700349945,0.06427904277850557,1.4508539939868543,0.6615302709939418,1.2779899228460934,1.2032261247520644,-0.2505701864113529,-0.7266225378026098,-0.37246894754133697,0.9482074515217885,1.6175726984240637,-0.5784577659242836,0.9149409196442576,-1.8798617946596854,0.9139934051194323,-0.4167205560578736,-2.062420762957859,-0.8034098169470636,1.2189516587252767,0.8403409634229453,0.8297401755341568,-0.14826757789814016,-0.24648016822205754,0.4615033092183104,-2.0717704960574865,2.027962392831719,0.3158323999918549,1.122505992745017,-0.47527613024769855,-0.7335097333921106,-0.6281807894308764,-2.5269244485920743,-0.4781890449911249,0.5039200642294117,0.14425933333616503,-0.3329392685643721,-0.18145404198440296,-2.282905321497796,-2.0075026306116976,-0.7315099232571061,-0.5862008824373808,-0.12967351029936403,1.4049620791909143,2.414999985259847,-0.15371110525559523,1.1871142357944124,-0.34777676654385425,-1.3296467832637306,0.8025777889064396,1.0779117573505537,-0.9213434610598001,0.7499126660077535,1.353199932682085,0.5554841662265906,2.4298687274682775,0.9711734660248199,-0.977636418172515,-0.742006659567419,0.0561139008014665,0.07574987538427708,-1.5972735404973883,0.40107319340915126,-0.5955844132986927,0.7135317833242585,0.10504199313993771,4.226226300211396,0.10354287826151468,3.8929693909484406,0.3538405577434444,1.0216814758785588,-0.16417718673980086,-1.1204650724592735,0.09752911120215302,-2.4179034814590827,0.41487661073926024,-0.9181213421712663,1.6889299654463736,-0.9595883073349947,3.0261520753527975,1.7670997289315657,-1.1322518234415335,1.418970878290544,0.7899018867491696,-1.3380496532932558,-0.34167460902544555,0.03927889137285673,0.8582741240109439,-0.1571902611092355,-0.35077932499586834,-1.0977958825042222,1.2130517730565549,-1.1066958062830832,0.39957267131284807,0.35869551787503234,1.8461219704369558,-1.7559959048298672,0.06809194378457101,-1.5616420723132558,0.022132498492076658,-0.2595347206314309,-0.6757162806394498,-0.13052502879478334,0.2908282315815334,-1.5906847486281785,-0.24203061226712325,1.1760209790440685,-1.6013359568588754,2.194798837110515,1.2099136835533946,3.071378326763587,-2.1422474369433626,3.354814385289302,2.59612605354969,-0.4952099939450386,0.8485369907855628,0.17309906509182327,0.5998394025955078,-1.233545881891017,0.8594944318432549,0.47880389908430443,-1.284901230837681,-1.9063493689411706,-0.04841750053436872,-0.6382564940480694,3.690973606619325,0.9732787263110059,0.4779211166709044,2.1771476634384155,-1.4995445708543644,-1.3144237513663586,-1.5652964461598662,-1.6266990993235395,2.422363976136598,-2.3866037203337735,1.7754841230234564,-2.8140765920472157,2.6064096401456838,0.7416497374464315,-1.000765177152974,-1.0956639084211854,-1.7043539470487652,0.12887981517061703,0.5453184433348566,-0.7644774611688525,-1.350157018061973,-0.13497300163680925,-1.4794860070325133,0.3730568746271556,-1.6269887618416339,-1.2015078133045813,-0.1526169028094566,2.346498796415364,0.1876433793911368,0.24588617329103035,0.54088281704062,0.9554296574535208,0.8069132092798077,0.4970783532045855,0.3404357738373275,0.5220389240612477,-0.4664236854904477,-0.4325692157925174,-5.607329125679278,-2.501334200588608,3.564432754029573,2.162018309063368,0.6709183823238694,1.4034727961645068,0.45806074503285227,1.7197693652083976,-0.3758369046390519,-0.30114045109913223,-0.7516186550346127,-0.27364883800092155,-1.1034174326228643,-1.8310417576792046,-0.2464125883539891,-0.18305116525790077,-1.0595571577292007,1.9693700658009643,0.5879451785573367,0.3778346955359292,0.8487962004450043,-0.16363631730623465,-2.2298465919544173,0.8149270407543143,0.282624550767017,0.03129214521018672,-1.7954977371898806,-0.9082416559312267,-1.150380125419292,0.9534634445174957,1.7482457849812005,-0.7019825568292978,0.030663722317914033,0.4008236466307956,0.9544200140617805,-2.4229115919027415,-0.38812130469748024,-1.8231794378491664,-2.3118120848383534,-0.34109536055187617,1.8338747847541899,2.4371129917637027,-0.5512583828800303,-1.3459697566711974,0.5104201247992882,0.28254674256371975,-2.369243565572087,-0.8338944978386553,0.0918902301255532,-0.09394092439971868,1.7726646183864514,1.0227483618809963,0.9339252796631272,-1.6924086197789818,-1.27067658221816,-2.401175691001209,0.5917418815232668,-0.6422891865384208,0.4967264240560079,0.30680928796092033,-2.655362215433323,2.1650020753355346,-3.3507145929316478,-2.497235966229602,0.7786246934257903,-1.8038023302163269,-1.8078653209747144,1.5491879016054493,-0.8697702409720071,0.07343676100278862,-0.9916497082320266,0.5217757688574518,0.7345208129182206,-2.2276163900966934,-0.8611339578774416,-0.25654980509760694,-0.9885727092519905,0.9165132848975095,0.011711371192705655,1.855099627798111,1.7085725785851846,1.0133667566877758,1.5921229358018434,0.26406963667928496,0.6699581094614341,-0.8632788317110351,0.5164703524986339,0.48452474822740155,1.1867975191739861,0.9201481319702294,1.446320002240538,0.044899037046316606,0.1862668536543271,1.4258021239619112,0.2517607750410966,-1.1309796999585204,-0.6882601616628023,-0.5390649376978238,-0.4192399016069297,1.8666399300946583,2.12064783433605,-0.008189686565352489,-0.4607277382990537,-0.613816378038667,-2.4624180861115543,0.04207114017781924,-0.6972613344482559,-1.5031942687308388,1.0250253814089698,-0.13076666134474652,-0.030204683309399294,0.1803577230281454,3.595103058530475,-0.9019334648706097,0.6059642434943733,-1.7832267402534563,-1.9918247836812388,1.3376360714352442,0.09588065696990017,-1.4180852138122637,-1.0394836413646011,-0.02868278866072821,-1.3112257177778972,1.4827160921854559,-0.5581951433824401,0.19381289144456632,-0.8457190856238876,-0.06052697120419687,0.16900202874927456,1.0420435190885353,-0.830165112034595,0.33926458747333943,1.7393211944492206,0.5999152168125365,1.2041535416511873,-0.8122105505210714,-1.873736780174015,-2.9932849436442743,1.3253805116528836,0.3344779075168478,-0.34365017415681237,1.5542826782368557,-2.5515170047821187,1.46268990802362,-0.35332991959937765,-0.8067359080924869,1.440406947813063,-0.1692732016190135,1.353069491748125,-0.9619631052504405,1.9754461320810663,1.4815673056872762,0.9269384906029404,-0.0376475299545449,-0.1095645570457125,-1.6157895176884252,-0.5507664276097319,-1.1501023893072708,2.7413143228598917,-1.200305785196379,0.15555130749912827,-2.1914585976980883,-0.10265985509301445,-2.184070194997871,-3.3244799601154207,0.18140248602492143,1.0022659654349,-1.018445837099065,-1.647583539865496,1.2444008896530274,1.7713811562789348,-0.5869143377979171,-0.5069985905387899,-0.2604559623847897,0.3600835935683546,-3.3102237835350135,0.22718938526312948,-0.33974963826295074,1.035052175323642,2.0880006291047652,0.472489640710409,-0.2833138119398787,-0.6392400635697308,2.6965820074397566,-0.9893967392210307,0.9808599074668827,0.5960350723007367,0.10774867513857343,0.060583863787845416,-0.35029852479996215,-0.7096004144200405,0.3610359766719289,0.8771985559871105,-0.34356342950157176,-0.9466453711276795,1.1534173851580467,1.9404644748542468,-3.5152676042394893,0.8879833059440941,0.6993754773931585,-2.618400150089283,-1.0030303167016252,-0.42727527007788246,-0.8062984233674233,-1.0258535224487049,0.5453594842577983,1.1687484587459538,1.183739227212841,2.2078344200412725,-0.3293017104571603,-0.08879468336137242,-2.3403301982098483,1.5179025852382004,0.5709627088006797,-0.7102082239226226,0.8448001691949811,0.42155481647476445,0.43867864622391417,-0.15864973863798648,-0.6982434633436145,0.9183676194451399,-1.3582796224720683,-1.0139837239505864,1.0224567419886963,-0.28329412766907813,0.2189431940795608,-0.9546570668080042,0.7166420170672383,-0.026753292983107357,-0.5672329482105833,1.2213515989696606,-0.9816932877560186,-1.6800693787539114,-1.660548462685208,-0.09669919770836817,-1.0978962355147623,2.707967111712055,-3.762864112032315,1.6349835848624537,1.2745124474740765,0.791179042202454,-1.1809720009639844,0.12994014566835865,-1.394548818765855,1.3494798789043685,0.150165702371499,0.5116744144828206,-0.404231148662022,-0.32718809987593817,-0.28507824007046767,-2.1795063183766032,-1.115100859012884,0.8357035687455089,-0.11577965558253375,0.9392619222872312,-0.6304307071677203,0.056981139830749095,-0.6055391849849336,0.3317791893844459,0.5040680086189919,-1.6125775097244934,0.07953638289040932,-0.7604607969675717,1.3435970577740632,0.06425565104453512,-0.7434685704151589,1.4898917162827314,1.096893347564144,2.4504650521362668,-0.6462799711778839,-2.163366879389892,-2.0363805612594743,0.24694321250702722,-0.10171272868272496,-2.2472999161863636,-0.2831007491118519,-0.9578826246689528,1.1919538702491626,-1.042202070305497,-1.1358039696391762,-1.484925813999312,-0.3537197901123722,2.513397907974398,-0.3242218792329313,2.9093615766109058,-0.3845149280130772,-0.04663918672357792,-1.2862784702386247,-0.04951603329117327,-1.959051080412026,0.5624494878705493,3.351319962618823,0.5291484606913617,0.13556942060320015,-0.42210811563266826,0.11202444926073679,0.4643403662779638,-0.9586947504919254,1.1860216150519534,0.17316617333255957,-1.3059004044701208,0.6414787080519895,2.4008161164604327,-0.28718375124613876,-1.4121344258990887,0.5928798178288849,0.47520307045741095,-0.29773397462514817,-0.75375200321074,0.5767232107021797,-1.6366429022973255,0.8829117461069403,1.4539664353918291,0.43269104661791047,1.1643017074503392,1.677085424688702,-0.4451517175511109,0.7562866512187265,-1.5911665116552514,0.8373565122832093,-0.38688114137597485,-0.5572869241638917,-3.015099242732405,-1.1918788549710424,-0.2864562816648495,1.7098486773681096,0.6132652516469703,2.478257657754925,0.2191259101508915,-0.32747317149280275,-0.9874885465358865,0.3185616848457672,0.5892588853637697,0.8530541302561978,-0.41035326098290836,-0.23678765944180924,0.21587237423069006,0.2046901998408412,-1.4952567579299743,1.9788165240441096,-0.9825817819409227,1.9316639349384386,1.0030374531519968,0.7968537902475112,-1.481210213416221,1.6434785668395724,1.2220294865744998,1.2335527618492934,1.49613027722393,-0.786683772021107,1.7144894007002622,1.8023444482871371,0.7958428172825527,0.7348495658503282,-0.553099960718181,1.6358017507815599,-1.0950689049030227,0.04729549207087913,-0.34810709821182173,0.5136212550633901,-0.1806871951604976,-3.832733860799469,-1.3521979693217694,-0.8279694462713258,-0.6239908269501722,1.2831729937000929,-0.7070410226474091,-0.287346338844693,-1.0567834899383337,1.212022844107692,0.46710562600871,-0.4384959913452865,0.652804425635497,1.1211590399266358,-0.19219479844269027,0.21053102024140094,2.650039086361651,0.2910506288914092,-0.14845668552574098,-0.40676233167373055,-0.8263806729947853,-1.0047039476313833,1.9636131820420037,2.752768807783712,-0.37695209552616754,-1.125309786262729,0.9576578159973346,1.0554767487470722,-0.8642192840695352,1.0700366637914511,-1.672882285481041,0.5805569289123209,2.535929877290528,-1.9122531677339991,-0.5993906186692447,0.4751554281860015,0.9226548744223204,-0.34230170146563704,2.2151527954235903,0.5643459047763516,-0.7017571530461917,-1.7065659462447786,-0.06517209168177851,-0.6433429686783927,1.981384730650249,-0.5109982939392019,0.1208520152565804,0.08338243631512132,1.0492664532959473,2.7439475956300243,-1.2652173537740337,-0.6713886157140939,0.5530172995046917,1.476872514255557,1.3562511768252816,0.7172304205463136,0.5534675173937541,1.5530759565733476,1.964481244958688,0.4489272759828623,0.37002899947454326,2.4324997503589536,0.5652686350127188,2.695598998434084,1.9274192558004173,0.6275826468619374,-0.6730541836582037,1.544279023826668,-2.508462630331967,-0.14714339999000153,-0.5735660744615627,-1.650641497131582,1.6964395639301042,1.3248813455567754,0.46204818824627986,-2.6035157418920196,1.8198618982821297,1.3118132531581517,1.0263293267354066,0.2507683089711031,-0.6552639520382277,0.059769090134414504,1.6447101910035464,-0.036656255516375524,0.10189429701931463,0.5711052654988819,0.7470234047837947,-0.611879337651927,1.4443423212449729,1.323269331738074,-0.35471872950614153,-0.4574671786810178,-1.0793491924865004,1.8827125322043865,-1.3442057996321808,-1.1101115655079157,-1.0482543519131027,0.6419165122907932,-0.3926290200715818,-1.5657316271433208,2.1472001491439645,-0.9161047621771099,-3.3506009156641934,0.352129759875126,1.134070434422001,-1.0669521864272067,1.6634078470788511,-1.0590018558810004,-1.6706175792236198,-1.7626310389613458,2.362658937911416,1.0556427205554129,-0.3191844085282114,2.636105343656349,-1.1552031236463316,-0.9244068587622721,0.9895200585877877,-0.28086390908323045,2.307140429905679,-0.4066468847629276,0.2125555778683656,-2.216855140594291,1.108147690202419,0.3953691145396651,1.0286009961665608,0.604918648189159,0.5697454257119401,0.11611180460401277,0.03634274295785328,1.0987814513095802,1.7926689662402766,1.1517787126881553,1.3612907137853871,0.8359379994366201,1.6776008694977107,-0.001027448929443453,2.176582368070802,0.02142598105098259,-1.5163963355813017,0.3582475387473835,1.8184309604023714,0.1331634906831161,-1.4100273769422322,0.19297472363259746,-0.44220613904580974,0.18381872669428145,-2.002559283560649,-0.9785608992545717,1.5583951452447045,2.4052642798179273,0.17385627497845801,-0.7117118893528624,-1.6635037014082639,0.7474917214240879,-2.0144962977513616,2.56729559279074,1.9495703336685346,0.7286633076968605,0.3827131546009766,-0.4955222275110983,-2.286625127105966,-0.36141190583379823,-0.7092427719137013,-0.8311056698844332,0.39950188226024397,1.2888081157008988,1.4013007152353063,-0.0670690931643049,1.5647299850774972,1.3143236685631625,-0.5591889997451788,0.8121996752553635,-1.1401233621370939,0.8215318325070071,0.04437495750824405,1.7284007997452226,0.33311338008656494,1.2459533699249956,-0.7343257326529533,1.1687273596219767,1.0684221878509224,2.8863880749651547,-2.202228504296218,1.9112538934333332,-0.4363492582258332,-2.201010610688301,-0.08382630480000859,1.7621006311532565,1.203305705090305,0.03423408178900761,0.27521442017068265,-1.583090762738643,1.3394781803836588,0.7261152145187877,0.406788631122932,-1.8203565800815884,1.460360490065073,2.8646085478912826,-3.427361797363609,0.019576813667809834,-1.087964724362817,0.5681762572819888,-0.23220510679138953,-2.3132604877276823,1.1365319145688262,-0.7950668665852513,-2.093264005740674,1.1069653237066888,0.5759840037262011,2.1811690118273583,-0.5365223009140159,1.8061816339854135,-0.19899113111629305,-0.5527537078401343,-0.3362479692235808,-0.04035707033925049,-1.1566210394296874,1.3824227338224924,1.2428820910417053,-2.4754889960843163,-0.028506422606044884,1.7277130202805613,0.37515698962589816,-0.6845947121308514,-1.135904376721795,1.7938410886634897,2.4682644338337676,2.6856072529811827,-0.7688622158567441,0.6324644295668028,-3.854899771678584,0.4811452519210631,-1.1767784812224187,-1.594270471779996,-0.43132660471385736,-2.1907353182508342,1.6125562942714042,-1.2906639236118624,-1.320577330236754,1.2724701358383461,0.0013274573376887977,0.5241453816246747,-1.7283678424212026,0.13522036113039343,-0.6713075709407692,-1.1453572750205898,0.9632548706017312,1.2684197195300033,0.05833126328646612,-1.2207961206387814,-0.388827311298068,0.6926934690050802,0.048760215153238806,-0.7043258075467377,1.3037625241568438,0.6456873088114412,-0.37744957630753784,0.28636645761054896,-1.1159867092015618,-0.14745541738516718,1.2952835960042033,0.8391565696143194,0.6357682873286434,0.35029802932627596,-0.25861480148433325,0.03862703314369548,-2.4898799278019066,-0.2284015960682526,0.02677581126085435,0.8362325415321021,-3.618225934162422,3.2075770493315683,-0.9335046816606907,0.37649069767188326,-2.784712229210656,-0.9096865700371715,0.4978612960854103,0.04572687828063682,1.9029832824444322,-2.054392031574897,0.028205732278682394,0.5909471593161428,2.0975092529580865,-0.8380461461249255,-0.4857014901398038,1.9724166475517508,-1.6826664076142877,1.205315991112486,0.8917210139959806,0.9879254689500615,1.5432927840635366,2.223040259282441,-0.9774910900393796,0.6683551225588458,-1.2076388713129305,-0.874245195878556,-0.43912879351189354,-0.30959259513451204,-1.0142583448360307,-0.7901638528339083,-2.3093308266578,1.9553379040028522,-1.300890818763509,-0.5383681252401502,0.6120109600365876,0.8539634487191121,-1.5762231266637885,1.3805063240686013,1.150516520587155,1.1548256670370307,0.12495989709225042,-0.8666905819705895,-0.23879099033278395,-0.9484962568709432,-0.4197324654309462,-0.9794214714287075,-1.7846697607388782,2.856732785169619,-0.22984411666421678,-1.1646107501296878,-3.7334691210577193;-2.5176017196235465,-1.592167755650761,1.5623809306339143,2.682221353841737,-0.7997019168063402,1.4426704945233906,1.8415260014602697,-0.6328973263688411,-1.6082689792461735,2.052597247454337,-1.1232896895964422,-1.5108140811515813,0.05653011912978871,1.8498411647180717,0.7287181147592439,0.8473044223793911;0.9498389195149601,0.7719843967113825,0.6391675832399308,-0.6799010333954347,-1.1346814136880814,-2.0587939536559734,-1.619789330337606,1.758040451928234,-1.6763552581151862,0.18876271093002517,-0.39231528072249033,0.4754684126203278,0.13085039384779862,1.1521355645366036,0.9364019297057957,-3.2742866587196238,-2.0140244346823555,1.4429056793418877,-0.3999242073769157,-0.45693072572358695,0.39359488838313406,-0.37383679356527794,-0.1673969077250126,-0.4542193404207891,-1.11237193497738,1.2506122143674085,-1.662449164086114,0.6413712356889574,0.4932931886404647,0.9009802420739763,0.18136634742355937,0.9134696082122604,0.9607312446098061,-1.1199552675255866,-0.36258982804488415,-0.21309571673125194,0.913321039717238,0.5317245082197214,0.06768140980748683,-0.7592110500745934,-1.410355100863403,2.7116379855899853,0.16902133620111295,-1.656333925584471,-0.10307976937598617,0.732445990167505,-2.2302403392786228,1.0116104020770917,-0.958866777083192,0.6700389091705834,-1.0229341953623643,1.9599930166333324,-2.0274088209044834,1.1503860430649366,1.4656132255260133,2.0521366239864838,-1.2636222224868794,-1.6611481742294276,-0.566617775447567,0.3466471114389782,-0.5034315421464446,2.5118212492131273,0.8479655051551117,-1.8536891794726527,-0.42891412478757535,1.6998375900791767,-1.5548491919772263,0.1075426834609644,2.703066525100914,-1.3357138874962395,0.6305011651708021,2.882436223808486,-1.325719369233961,-0.5967482192689488,-1.8658789873640362,-1.5253906654190927,-0.692753823729475,-1.2579247047286368,-1.1162153238684667,-1.8546720725586967,0.6408711887470286,-2.8237681839969766,1.34640874452674,1.482288702796689,-1.3390969151033385,0.5964396422017222,1.8627389854308634,-1.3762616271006856,1.4143733653262616,-1.0450400950118417,-0.5795889246740176,0.16694612050527563,0.8857554706537842,-0.7385881147249744,0.017304307847162692,-1.2802368695902642,-0.5728057292263466,-1.3835550344257521,-1.4770916415129558,1.003149610922899,-1.6657069666330218,2.236415915714243,0.7593855015390935,0.4760765271672296,-1.459493434562787,-0.6535922789216689,0.6675633031329129,-0.46858870626730204,2.7535198962955723,-0.4475726790204518,-0.4179487846130517,-0.32226495121715754,-0.7094683882693688,-0.5085155607142521,-0.6284072565112466,0.7071250860971408,0.017998659186070482,-0.960611889386991,-2.194909494858139,1.492749916680662,-1.930096785585214,-1.6816703434044338,0.5647191158603865,1.3163281492658505,1.2905787066341077,1.4442818642699895,-0.1777690603563656,0.07815980836801982,-0.011868878244687575,-0.16904474228229083,-0.23651110694715172,-1.0177628787378028,-1.0922474298689417,1.908284232249316,0.21631401974979292,-1.1857809554755312,0.9593839818120601,-1.009975818906533,0.7538136882338408,-1.1592213042681645,1.770776214014095,0.1569464226303529,-0.04766591705728829,0.22618953789028062,1.2107680788814101,0.5276745284252946,-1.5151182092965154,-1.5724670128737308,-2.2448793046782036,-1.7590226938350184,-1.9338248932222317,-0.1512573738574232,-1.5243409269767836,0.369751278975013,-0.5501472492033362,0.054543242597028266,-0.5723052934974071,-1.2720493775947317,-0.825956201651128,0.6285140958802569;0.44601076531992234,1.262371627012557,2.0185792446027855,1.2844208559822758,0.7525264483596512,1.9266228858321368,0.37351606064113696,-0.4084217852411951,-0.19852193732624823,-0.35196158496981667"
6,0.31667846830884167,"-0.5907926769521159,-1.2031971458707178,1.6862541929031338,0.9032357102091897,-1.5666380285128971,0.5142686580151674,3.198689530443311,0.6540856128785071,-1.7752855305622341,-0.8144618109865458,-0.40264357584744315,-1.352436713646128,-0.10537056486636603,-1.8760614157067208,-2.142152837573903,0.5828462069981621,-1.44787330268136,2.1298120990331335,-0.3380701214379347,-1.4450044086876024,1.971150092071526,-0.7187496922406268,-1.2313724630520648,-0.3145773459025722,-0.9248677204357849,-1.5998355106333073,-1.6919059602118673,-0.5158510618242702,-0.38611766861081853,-0.7549646947883878,-1.1940774470527635,2.2711164795916714,-2.853609669436107,-0.20460868155111325,1.0504465315234048,-1.2831547868803592,-0.5371666607214499,-2.3387291450415857,-2.3532746546990735,0.36415902171996295,2.4871951878252228,-0.32731714993188743,0.7757790434660718,1.6506910995373076,-0.8916443589685936,-0.3350782049740141,0.8448216261829354,0.3735707662706955,0.7661260061276286,-0.9348802409331618,0.7174566954211243,-1.7383209035068785,-1.4529712063990519,0.7115737183491684,1.4869917632421579,0.21647377050296185,-1.155868656636903,0.4622174085557593,1.591783949978955,0.08119997527732276,0.20317653715565248,1.257828009211655,-1.4623321121179196,-0.8962138858665701,-0.7518283845876674,0.1358748288893737,-1.2197777747358831,0.05852085675742488,-0.6358958428386472,-0.9029921845583421,-0.32382748956597046,1.3188292491066145,-0.648293764415412,1.034627528160316,-2.6365994511530273,0.8657385887283556,1.2595570134258431,-0.2476704835925349,0.4555782506713582,-2.8707994506835397,-0.30343511823912006,0.19522160693984758,3.4901076461506957,0.2318820001055958,-1.2840723624114583,-0.8871012585038325,1.9985337733099815,1.0599372400091291,-1.3399989049090546,1.5531574020480323,-0.7411083077315069,1.4240886391567955,-1.1174623400875567,-0.15223240560101126,-0.37382828298726295,-2.777070347482977,0.17004445986192196,0.410815071098677,-0.04166909326497953,0.4693877506623207,-1.4887500387378165,0.072132970282902,-0.2394392594793554,-2.0541521751951,-0.1129811158089588,0.7408641118570559,2.824129111149689,-1.5731025133051122,-0.24296097448330436,0.18650069193571822,-0.7017063621626648,0.23418638331504155,-1.927883336176239,2.706199585712821,0.3821180971620749,0.28482964180898696,0.744494373316483,-2.412199095968697,0.8876361864263624,-0.3545747034462391,0.31385205124198223,-0.20003509688016918,0.29768163152022054,-1.1018454226116774,0.9254676041918016,1.96283025667729,-0.6321326162270406,-1.1282227179175455,0.6394673332894806,-0.36426334623716133,-2.0582665281751273,0.9921883051137089,-1.6506693788666225,0.7394464834765896,-2.4602976344322087,1.7280331581998962,-0.1979886440818835,-0.5342613706737745,0.049092333694701284,-1.8613132722097578,0.6484776756741715,2.023756139690097,-3.1099275157814166,0.9781216018722255,0.5195484110659567,0.6701834494907963,-0.9995172058264343,-1.8918173342752418,-0.32857849061741173,0.23480847385800352,0.41804970961793636,0.07441675387885949,-2.011816344604877,-0.03498346253128402,-0.7052288957163445,-1.0170551436680697,1.4263036226416035,0.25757573930102157,-0.8843169526419095,-0.6292678590218826,0.01961391171551541,1.2702150238957985,3.3273763369618763,-1.3715635165050895,1.1957496148113624,0.5675985944533617,0.7359975484395864,3.377378639691691,-0.35868901528776315,-2.910129153883239,-1.1152043143732324,-0.46338269591581416,0.8105696421269911,1.423839917225306,0.2430349884619008,0.9715572571856241,-1.0006089217507048,1.5890894242598859,-0.18854907886361083,1.3038210244597739,1.0802700028980103,-2.3320495201655147,0.2801122427838233,2.016056365378468,1.164193671156791,1.5574408196131022,1.378308478114406,0.5077378188179794,0.8191210236829471,-1.471132588422547,1.5406601540393816,1.0653214136695897,0.7278333107533865,-3.1412275412778543,1.485596862048664,-1.5138598517472763,-0.738399816721881,-1.1493940078341596,-0.5594567636788939,-2.115613117399757,1.2999537950561946,-1.2147191423844843,2.687123806038539,-0.6179957094718166,-0.9585421410319532,-0.9545616795790499,1.22455196191141,1.9751900021936233,-0.18001213533036947,4.445832089727597,0.6331376946251857,2.7063236995615068,1.0066428188659273,0.6522055668076027,0.44571190721673304,-0.6696913127040456,-0.6212552650161154,1.4646198246612359,1.1190317901922173,-0.6130021957566921,2.413641767798969,-0.6002449095724025,1.1402020744413925,-1.0789977999411133,-0.25117401718862764,0.8033740357670967,-0.24106033769479782,-0.8213606520288188,-1.1685904570974233,1.086211813177513,-1.3996109197830862,1.0319839598670386,-1.202434957202726,-0.5832310267300247,3.065560425704371,1.7701203857408363,-4.546181889287108,-1.2564563874781913,-0.12836823939303574,2.970118207333477,0.659441043881403,0.9784642843191765,0.3124562411265004,0.8911994533168739,-2.6298222223852203,-1.351294680875573,-0.4088470010219686,-0.4910303630991212,2.7343849615481415,3.0807305389948865,-0.6633604983207191,1.0568189004716138,3.169535408828173,-0.5596068095999639,-1.2604740560136798,1.2138394615882155,-0.43218177086605647,0.14314768351151202,-1.7627077650080607,-1.0489276270235328,-1.0246433788624403,0.38610133531730273,-3.720466827973062,-0.34065357907361404,-0.1588904732692186,-1.4664029823269982,0.8635323009916294,-0.45903563506991757,-1.7436070090488647,0.27668132158328396,2.2608376849590424,-2.4239112560235676,2.084260176936852,-1.3195767028987202,0.41271463115771967,0.0818618592892274,-0.6340348302416329,-0.813288392084464,1.1408330432903,-0.116481916647355,-1.4056278751039737,0.5491907179455058,1.7824051111127084,-3.4050971654372066,1.5944456405047862,-0.5454376734989628,0.1764466333061195,1.465462027624349,1.5770503345532436,0.1971490989867087,-0.7764389758313918,0.4528571172958601,-0.7238876852699485,-0.8165837592069914,-2.103013613908874,-0.865412081224734,1.8543329896031646,-0.7610504792384911,-0.8006673829284703,1.1776980525547198,-2.5568265508598715,0.3967725056789501,1.7973077556514354,0.963757242358782,-0.39028496381384103,0.4876696273877844,-0.03889084982996305,0.2678100159353852,1.6107017646832629,-0.8039029444056649,-0.46892548046521093,1.0177634478699273,1.1236445193401252,1.6022021162454032,2.4331706069212125,-0.5991020987304188,-0.0059076044052936705,-0.34527741870652806,0.16228478798079307,1.8391535838302895,-1.0822872935769594,-0.28188978469419934,-1.7301117553186272,1.6574351642675498,-0.7654237993610585,-0.864754001394941,-1.6099573532151688,0.9730009796634815,1.5333842855878785,1.4329783963631133,0.21358800389877902,-0.37801416659948883,0.35148699486417734,-1.074430405302051,1.1866462950867147,0.6673587984390115,1.555181491411516,0.48592174537569777,0.12628825622421164,0.1286249154518872,-1.677984346087524,-0.8099299850973454,0.21919461320570977,-0.5380164163957363,0.17597537031466864,-0.16297600864330553,-1.9531481911920265,-3.28494769326178,-0.7051540911950088,-1.4569049520476738,1.1416411822386596,1.8039497760633134,1.9669842138728344,-0.18618231501562138,0.2197284649776059,-0.5321864253147895,-1.2486186110074287,0.4163679720881104,1.5170864454504382,-0.9275289672255506,0.1907026994067953,0.5543931190514081,1.362508309477183,1.9252639550261224,-0.5201775032450738,0.27569496401836874,-0.18397120274806805,-0.2506821581697634,0.18901067657071935,-1.6882823562106646,-0.3490971396154615,0.18608645904320686,0.3214515904978608,0.9480988488607885,3.0009164844243,-0.8594071508028995,2.57926390376061,-0.03929380305366256,1.932132937516399,-0.03976540128368136,-0.9124646100756226,-0.17120481715166583,-2.5231108749475943,0.438817351353548,-1.1562367108749345,0.9672280473289175,0.192774683811189,2.838502516502406,0.7658963394135733,-0.9056170394694241,0.09093412437365167,1.4361674367504067,-0.6611224273104938,0.6915183509915733,0.28040849353148,0.24167588863225464,-1.496207666402455,-0.20162361358953232,-0.7730892388307962,0.20133934893584915,-1.033554251310014,0.2132811877077573,-0.9925173340168627,0.2681464973711022,-2.0188748957940184,0.05032347050933301,-1.5649182969739217,0.6294806325429658,-0.32940900479169344,-1.5150446938804722,-0.7915535688230355,0.4896160248384874,-0.8601683314472397,-0.31343361179374946,0.47387268798212256,-1.1274365529888777,1.4537539553876728,1.7047114630305908,2.1621754409386993,-1.0278737377302267,3.7711375332358,2.1962792941524008,-0.48019802337606565,-0.15893844054227224,0.4499765086386621,0.8875406621567998,-1.5170697671843498,1.5097599188189519,-0.0007806625863914229,-1.2437573804245634,-1.8177667455393205,-0.21805907674408018,-0.7660436672620684,3.246407801564826,1.4013204421145802,0.7485997228229015,1.1653964618018153,-1.9319940301105252,-1.1359321235304982,-0.951040612349139,-1.797095678900486,1.9244602350313886,-2.55547287873799,0.8363581038115223,-2.7892655918946416,3.078469879683818,1.5837702438204504,-0.7139293347260197,-0.6119986808968898,-2.23814004607679,0.07069814337683089,0.6893119140913215,-0.9183826064298791,-0.7645582189755804,-1.459140346210305,-2.6687886553551934,0.7129906526297586,-2.674184846712744,-0.7163744386114956,-1.559200737736394,2.409266799119463,1.1328978857707526,-0.2461953098430582,0.434976942353952,0.5975521526220726,1.48337113058226,0.7366920634837864,0.07703849587564199,0.020940471004595288,-0.9417865068897895,0.023382137266327152,-4.234908896937948,-0.9215184930057467,3.443034122454763,1.7969386554343014,0.6799235096975642,0.5770821820611589,1.3130336667948206,0.5850891930945392,-0.08621436242308989,-0.4435604731872506,-0.6258392671473256,-0.25609125209136785,-1.2221458204917242,-1.1610539333127363,-0.8754141790568544,-0.6824821373213839,-0.4794317875728673,1.6058488489221199,0.9273707508330185,-0.23298134371101598,0.6027885910225292,-0.07963662060771085,-1.0142480420191584,0.9651162772121463,-0.02635576417295682,-0.23917505340043071,-1.3128301314663138,-0.6872783890992923,-0.7833849041895782,0.6245128870594661,2.054157771497659,-1.1954017668400718,1.0557802666807483,-0.5069439772832212,1.6616509665481558,-2.2795470244018445,-1.1232297073966864,-2.098315615095569,-1.837261816486945,0.6096856247779447,0.5030253634203588,2.499159753641608,-0.22260329985450117,-1.822943525068269,0.4339722461962208,0.2437078900937844,-2.5318020585639798,-1.3962124831508365,0.47250864202782417,-0.6877088780718125,1.5832830890965988,-0.20607407464729244,1.339654901212523,-0.6606375100122357,-1.7333955898967102,-2.4927658908429753,0.5277912604469568,-0.7169290277781357,0.8163902321137773,0.9452810708635908,-2.907697187312282,1.5254833262426046,-2.3886253824760493,-2.0728659948150043,0.9568882753489486,-2.229297102532245,-1.0366227937227197,1.7285180284938706,0.5851229215134006,0.4830132535732241,-0.23125669265472815,0.3372225290294867,1.1046928694234905,-2.062744089441347,-0.57479404854547,0.8198955506710399,0.07263022123186391,1.0760905500714864,-0.080205006984237,2.0045123002953256,1.3892909520789396,1.168282227866129,0.8896280010459109,1.059930830674332,0.014208930233843398,-0.6650572626235967,0.8094767878014004,0.6345043706622583,1.1718839897909274,-0.3941389616220955,0.8358223373469743,-0.815042836914324,-0.2357065319919416,0.7290298151607287,-0.48125120049517545,-0.8448116852758897,-1.9536563194412446,-1.4256970296235871,-1.957566421631155,2.793349107693828,1.7015660596046884,0.4730501748111975,-0.06090003068407274,-0.4905558168587707,-1.6312049156620356,0.26039097289870344,-0.6328630952862373,-1.9413536397302282,2.5903909778436236,0.2709840889304901,-0.06199841874055628,-0.8937953573954254,2.7661547880992075,-0.971705212320981,0.8961609338402534,-0.6680353622297769,-1.6983691361378248,1.5876755770815827,-0.8057440051323829,-1.581861338531835,-2.1565723582145067,0.08803200023957031,0.17304655335035873,1.7070658621134718,0.16188743977541376,0.10168513158389636,-1.1990365795099376,-0.08364533027733326,-1.3260112686551018,0.37319182707552534,-0.8526639088993695,1.0185241514095504,2.372328240289627,0.7686781113092667,0.5817778389223012,-0.5438018673806861,-2.112880891672455,-2.0856831546104937,1.1153454848965385,-0.014718209054320863,0.06223150688497016,0.9264061239381531,-2.0509702181792995,2.050343150207203,-0.534354521493067,-0.7392647719999837,2.1328025846482066,-0.5362537552294337,0.5620514532088016,-1.1089361489943723,1.24512696478603,1.4340219509468584,0.8735483420211789,1.3126913649360423,0.5352770072283599,-2.1876635808771603,0.24735394712788972,-0.8106869242630047,1.7638821741771724,-1.230646872724423,0.5164070902268167,-0.8204787848215737,-0.5995314085025661,-1.9363942496341815,-2.9169253193698856,1.0735787542422879,1.4120109133137355,-1.0591854258929858,-1.110561449079824,-0.04769892555872579,2.42525280581275,0.286321054361159,-1.4317208957158907,0.08069141888520699,1.3258464078831405,-3.2249115430383877,0.2702069153797666,0.03170542485341357,0.5061889321340881,2.348863032221115,0.9545990053772108,-0.9767613012130929,-0.4484086167315222,3.24952263997799,-0.6531222759893421,0.704788100677707,1.2737091991839917,-0.5252122357020911,-0.5852542085598242,-1.2595903951909335,-0.07170092555006813,1.045641832181135,1.4513856907801173,0.6385174119145891,-0.9409890110849988,0.2435021012130516,1.3044632983181481,-3.747637944499802,0.15253550586535447,1.4334988849039862,-2.838500885677634,-0.2089087553772651,-1.1677117729432005,-1.3648671630445006,-0.6086504709896137,0.2934689999837564,0.34412944389900413,0.4364595106339755,2.2686072462883944,0.13570379435974914,0.024291382082219065,-2.2289205109470624,2.2627590195320275,0.5570506806568085,-0.8981544491426587,0.49449120913220845,0.2996933730658282,-0.5031262042761286,0.7675420020592838,-0.42606193473403153,0.2968994817587002,-0.8351871468575478,-1.9825797175396398,-0.02330066677433479,-0.7098409668254345,-0.39199549406986633,-1.1930312939926486,0.7813153576069463,-1.1844297070256702,-0.2597045514899908,1.2517040920828497,-1.3706710345199251,-1.8966868723012305,-1.5425576920290274,-0.004282276188666195,-0.7003777245995861,1.3948467115260454,-4.277823534475803,1.095392076866557,0.5288322746396849,1.3823928175234848,-0.6203263375896652,0.037322118078764954,-1.4309895349802413,0.9733360008273098,0.06453510519663294,1.4562927613097958,-0.08957056417249869,-0.35160493148871796,-0.6541381736724874,-1.397992405584735,-0.4637287697098206,0.3475370169024264,-0.5321719430128029,0.28611521857625016,-0.11009404210659532,0.2598223520759407,-1.6585866456873324,-0.8279964804569053,1.2040405065325888,-1.1063181674525429,1.3438965996139087,0.18373636896066317,2.5252954724247525,1.088848029946989,0.6453999181117196,0.9138923093835085,0.5973189378371192,2.6207900584612887,0.5291122783439945,-2.0060499092727566,-1.4066087940556244,-0.3122744694223996,-0.01623710317962801,-1.5742945664355772,-0.13782237062933966,-1.3067748116562528,0.7397771702641922,-0.37905055696086376,-2.086047105059275,-1.3765733773483428,-0.9408588882537325,2.025772084695301,0.33869695864741944,2.732018426606429,-0.857860339148588,0.901890336864847,-1.8476909364704195,1.2218136739447458,-1.406519892635875,0.2705466226916626,3.92772441201473,2.101697385207418,-0.04320839324773924,-0.48340033285286443,-0.6132097731823063,-0.5983712366580138,-1.4395722919111589,0.6806757909638099,1.0257074548269713,-0.061643080730020006,0.1498293903482647,1.8828547493767442,-0.7129429927594559,-1.5083652310587896,0.8940422236808361,0.5205458385588937,-0.8834052607954749,-1.3420662567598551,0.46733765671527167,-1.7817915816324847,1.4019892120117992,2.4631074740062098,1.2706606467056667,1.1760330307608289,0.9460169013957694,0.5415193117701049,0.5690833744239496,-1.8106312113624816,1.4335397280531177,0.6616439105104892,-1.1393332510162888,-2.335189500036334,-2.9030113979581857,0.3513208253959271,1.7513181751552749,0.77138699902451,2.6334001429634197,0.48987537528122993,0.21402970581229616,-2.178450293746696,0.46708216640104516,-0.6331757062872614,1.1037391949467033,1.1825760036825324,0.009315635352880214,-0.49517970400555616,0.1257462772737145,-0.16178247407636204,2.068444812352763,-0.5769139523337058,2.35450632923652,1.2714231464389762,1.2140541525221353,-1.50516158991857,1.0675442236594466,0.8714174568067491,1.2384494423546806,1.7798921651130897,-1.3425715260558153,2.6240957950653274,1.6611493454170587,1.188262951840554,1.393277107849923,-0.15604556927770913,0.8106653727474733,-1.4316726313253438,0.03560460550137362,-0.2765830518830502,0.36427391337434567,-0.23126642048488844,-2.8224846170707547,-2.5014972289511697,-0.9837398527634098,-1.1078884962706734,0.502046953675087,-1.2212121279168435,-0.0041940459442742495,-2.2272074310080248,-0.2575156860953758,0.2165268216481193,-0.8597258788641005,0.4945132289726022,1.805971932894273,-0.4190452904366507,0.5945413587031412,2.596937097320179,0.515053767048328,0.03505060447307112,0.5845926165868274,-1.3235258498063662,-1.2135635172308121,2.2300355299015266,2.5439214181102443,-1.053835339569378,-0.9086396268379697,0.2746287687864812,0.1560608804803866,-0.37090255558978047,2.432731589290964,-1.3290379083102704,-0.5756335787598168,1.8753775936914403,-1.1854095738686508,-0.8193611520782861,-0.24681068069993942,0.5709338786463454,0.5688539814794594,2.2688826522567758,-0.09172141503336412,0.36127759623142347,-1.5609187698259666,0.40418180883038946,0.4188878496412269,1.6956939065748453,0.08470471152008141,0.6082366374671627,0.2775456980813288,0.6748057857481723,2.4045323291691862,-0.6571219977600189,-0.2709796337737556,0.012079121775985968,1.8874352723004026,0.5181514025672014,1.3322171694838574,0.2738316377160602,1.6891888604855572,2.4195751834078245,0.6756406142102456,-0.4645827134881957,1.4934901559831348,1.4153196825609915,0.6133881176609143,2.5132721946489744,0.33279138846266565,-0.0952283774410886,1.1966178565124659,-1.9312356838688487,0.6227790295951586,-1.149264183764949,-1.2569047267547726,1.3676258416540952,0.38911849219982625,-0.3279080836720528,-2.049663839674007,0.5926473891179751,1.18220737334927,1.2876895601090736,0.7084320038990596,-0.6854741853927798,0.514352429970364,1.9813203764843064,-0.17189155168237363,0.003548382470847212,0.8461173419007654,0.696691227432601,-0.6097674267078991,1.4556679997020416,0.9678341019204817,-1.4126323924047641,0.09324235563484008,-0.9451697682184843,1.7158047999791473,-1.318258695206574,0.10203209965389215,-0.7259648730297914,0.878972084613641,-0.8994129243987746,-0.4154393282866639,1.571886596606082,-1.1930901834058507,-3.380349059721655,0.2051584030797803,0.6030295932156351,-1.1663270637775929,0.8392330748793928,-1.6252324973588657,-0.9863118422331094,-1.4630786921121737,2.0480430992576437,1.4729436626630372,0.21701535476211897,2.056775252817961,-0.5799922093503321,-1.7747459500237215,0.8477815740877301,-0.6310978212663894,2.1444026629838335,-0.6765785936402127,-0.19081744694280972,-2.0817268875667327,0.7083433269895258,0.05576112077175617,1.7089359048374253,1.9535071615131898,1.5732522068458028,0.720146604575701,-0.2276481935950906,1.3238420611801471,1.8707797188274182,0.8759211010353116,0.17154570551901493,0.3763695728978751,2.6945739835025155,0.06237283451742598,1.5241460113640155,0.6232151584035504,-2.6425538517476443,0.4111251006131854,1.2996903318581086,0.27525670251988027,-0.6787110869115418,0.2269446822392647,-1.0131677404968522,-0.5418817553207824,-2.2835706583232,-1.1202578330968136,2.1895591114708557,1.8019050622860364,0.0664301641126348,-0.984403464414541,-2.4801117434061792,0.32167628453336117,-1.7911558512121266,2.1062604171665424,1.8363365183822662,-0.18011998629989268,0.6447521781157406,-0.3857051119920984,-2.3031061956555026,-0.0767449389381195,-0.5165688482349143,0.06320839304045256,0.6613583346000576,1.6703285346225683,1.79687241239584,0.47085349010951677,0.8326161526836877,0.7000887752590067,-0.002783929739254287,0.9197044771385346,-1.3390080307161276,-0.2565329645616433,0.8561587955874641,0.7212791231086371,0.49041959215750697,1.0595307076965257,-0.58876492779753,0.9403337350568474,0.6833360465090529,2.6077953121755773,-2.1629893228821175,1.3608659261622018,-0.31576130365777716,-1.0463113798439336,0.6278630794381602,0.5623073712659061,1.1137102336202969,-1.0204022288013268,0.049243584993292955,-1.525464652871585,2.1012008175066534,0.4516964616345864,-0.11179336425759001,-2.0085612942434503,2.790988572134139,2.4271219378903686,-2.4500047768700943,-1.7074245763813363,-0.37042946356904854,0.23016286389637458,-0.004140155460030326,-2.1635996429401247,1.1555914524240984,-0.7402135990268892,-1.2503730843201266,1.6391605028654461,0.4924622451599119,2.7833813627671065,-0.844002285680607,0.9464822537927216,0.09708826033615059,-0.7490680237646666,0.5738094446686111,0.3348694348933957,-0.7758660870483329,1.155770312099484,2.0443128169910176,-1.9464270673804251,-0.47604567671365466,0.4115066056558405,0.6281306708031005,0.5774286429526307,-0.9255958717135004,1.3367063677295414,1.728766956009524,2.38040511995332,-0.44832039801675067,0.8823161726413116,-3.8475841463239906,1.3796097698391818,-0.17136166366850913,-1.4578011631597672,0.38844915601447083,-2.335295235643542,2.2800630303537353,-0.36296612919287685,-1.5900399593178052,1.6402672382082646,0.6319572737510641,1.3859948010914898,-0.935035226724926,0.1451924134278157,-0.852455011791252,-0.9237588909716012,1.0054871136595043,0.5181685045082657,0.21627994699851777,-1.2510315509985932,-1.3033293423751973,0.18100798795349454,0.7794087734126023,-1.034628610030783,0.15154265262249178,0.44426733673984253,0.2908924403407252,-0.17036613489799451,-0.7839678667043118,-0.7113261412558296,0.891086069350432,0.45480942278431125,0.6077322805402818,0.7236425666466189,-0.4155996661205121,-0.3571639300753339,-1.1773346090301313,0.3221758132168168,-0.9208603973965848,0.12428550685712708,-2.7168349312850064,3.926662188500549,-0.3586283308571431,1.3181478810872629,-3.0400766009272564,-0.9931364360992707,-0.3884326293688298,0.19473369643537156,2.136690119758557,-2.267051620167445,-1.0371676809679902,0.3421839257698293,0.5263318030659938,-0.3743287437769993,-0.04653576486670774,1.993337879120453,-0.5830663729037904,1.0115257144869119,0.03944404341285779,0.9984024872947016,1.9844756003705437,0.14672358790683737,-0.12792177600725968,0.1840827594416269,-1.2256199369837448,-1.1942178025170584,-0.2603695904230139,-0.26271050714821464,-1.2730640992525175,-0.5454021968904048,-2.0282870069890864,1.1996332936472478,-1.027219224065412,-1.2358503604642705,0.8206503440808316,1.3101216249002678,-2.2148628902757825,0.15104067953181932,1.156931498365196,1.2863496340148861,0.44961925092826166,-0.9745930993556107,-0.5159298344613357,-0.367647090379762,0.10370734157030659,-0.8424360962831121,-1.5187571325360698,2.4047444461093397,-0.5239029891287939,-1.7786076725375863,-3.3203324152723415;-2.3604334763847965,-1.4633416561215973,0.7276493509711865,1.4518258256403174,-0.25055814452746145,2.1360443861016605,1.763875071165886,-0.4506831863520463,-1.6194739776666376,2.0142773005662074,-1.1362569926840134,-1.6240099159811985,-0.2781806159987178,1.5060421844810223,0.9386027659389367,0.8598788011248326;-0.013546201592006035,0.962739317540846,0.4508925740130396,-0.5356242374907366,-1.365812866187386,-1.9276782466724642,-0.5582115478863383,1.1184946947055887,-2.4300585590244888,1.4438376183705595,0.3095616588870158,0.3988944140009122,0.2816146547339358,1.411644081406135,1.9127539756619452,-2.4635709715830174,-1.5594682168463547,1.3553788422940878,0.08470764769880079,0.49688941485937443,0.6922840746891802,-1.0709104713803534,-0.4740602722850861,-0.9475354673908589,-0.8827583405010533,0.26616732600244924,-1.6877148992931428,0.6904624383995097,0.4414945146885689,2.1349487560922364,0.48642878830889197,0.9839608680038706,0.8523028655180135,-0.9846188143507746,-0.5896103990664636,-0.34702245016977673,0.9500396902931658,0.7809434373872038,0.5945734586032664,-1.9359785435604633,-1.069250950614356,2.8053929328077403,-0.4134175627030259,-0.8638908265153931,0.9244898793645767,0.6226323832741045,-2.5875281963067294,1.2860756672612754,0.1348294204261539,0.5420509479946906,-1.359095987726781,2.2334823739657947,-2.382966034216616,1.759697700578494,1.2535293540390529,2.850584938525341,-1.1365240717048908,-0.21490197072543304,-0.9672388975342628,-0.7158113132886152,0.1832623873980731,2.861781820113863,0.25524324807494947,-2.179019533641361,0.17033915752746093,2.4648696153519185,-1.9820434082777254,0.32163538426568616,1.4218497479541874,-1.5513499106629063,0.7286696872590536,2.6155149270581535,-1.7620779717350228,-0.6952970831126758,-0.5052415465044156,-1.3130749070012797,-1.4375063796167775,-1.2012319591193976,-0.05394009210517256,-1.6115616962387171,1.5977047951589494,-2.524846204335292,1.6650623495249168,2.6193933269171907,-1.484427919945452,0.9480542312674272,1.3710813518784732,-1.8499991165107001,2.274658463892365,-1.3630594565657335,0.09395326732656734,-0.45060401739577094,-0.11804240960936507,-0.6260287936429954,0.05410333698757902,-0.6004771724875084,0.9119863720871126,0.32614980309804126,-0.5703568295919019,0.676767488007794,-0.5546494104562684,1.8211894958230275,0.12346478499131741,0.8139901466003123,-1.2710314418871689,-1.0577827911086581,0.07670255234625173,0.27943850572628093,2.416869798771198,0.27596786984470034,-0.7181284608781067,0.44142896983580343,0.11364229548793053,-1.1501119746008504,-0.975322043018425,1.3531636039829775,0.5503097705695389,-1.226552008238602,-2.835590085935227,1.4166630591348004,-1.8598636182658084,-0.6014846677515493,0.8551464280158853,1.7871038722336308,0.4769254628917785,0.8815975017431825,0.06209022193171243,-0.05873810750366276,0.31417595748734384,-0.7508861825428811,0.520785791998139,-0.9529116362935042,-1.2570419884325512,1.6085983436768092,-0.6179610154079651,-1.345038267630871,0.1513931827693884,-0.36903737620985644,0.1478025406555616,-1.7286775941539618,1.9751336205406922,1.3757093777693274,0.344480494993633,0.7914794073606419,1.21802046545469,-0.5678351601257261,-0.9244160378943682,-1.002403066562819,-2.9441363471576953,-1.8906344583178898,-1.4030723950409572,0.7059603241857626,-1.521349813318162,-0.11020061130587618,-0.20573387726308168,0.4485309494355253,-1.7306189983654543,-2.229957544945011,-1.1709968773700967,0.29796398110725947;0.4869428017420347,1.7489235054311294,1.869917617534723,1.1328753018736377,-0.9541018044294252,2.2972014793722,-0.1367435082316809,-0.4980675797948767,-1.5010016593691078,-1.6458294602393506"
7,0.2283193794532286,"-0.258396860578316,-0.07454170025454843,0.8659180733671854,0.543592467326735,-1.5459749860696013,-0.2603791296254305,2.7053539596019003,1.0900326746187698,-1.4835362125172573,-0.06713540815400215,-0.12344154164543464,-1.1348609524273026,-0.6040902932278995,-2.0707574836575673,-2.072891804245819,0.8851240171536938,-1.5905509080615128,2.1654854135413726,-1.3785696535712006,-1.689171854971442,-0.003691480985141604,-0.35744149829817967,-0.3661917756435109,-0.7456263608247787,0.06481032433408418,-0.290218467811281,-1.7146993358339435,-0.43644657900818595,-0.7584434209289291,-0.09421537798836827,-1.2723086729647675,2.755002148678164,-1.7065835629393018,0.24231344589343773,1.0050469083251086,-1.0670967015485195,-0.576085644546487,-2.3558827927841515,-2.639906224044633,1.623593338617704,1.639589554147222,0.5985637117124629,1.2632238291160547,1.4706998721906437,-0.8895341866215813,-0.8805996760094907,1.1560118553093814,1.1942364875235465,0.02409955496520394,-0.9263781706065561,0.8429725541350938,-1.9794019601901545,-1.2344391717048313,0.1670051474924435,0.8343545621417765,1.0307037870619011,-0.5021365110108332,1.0757399165185455,1.53592038903025,0.465874059035596,0.6909459565605968,-0.13863591178925228,-0.8596021487134804,-0.9682070745203459,0.3804394806963758,0.26549781423991053,-1.55449933423409,0.6775596334175173,0.11979651276975073,-0.9760685634796731,-0.18438210251083015,1.563977098695509,-0.2225956193428199,1.0968351498135558,-2.6046620088460397,0.3702028904221357,1.0662813485279807,-0.8335446499409283,-0.4710582250757032,-3.326962613351479,0.4025370911789138,0.409853331739895,4.448029740308736,-0.6104654609926063,-1.4081790004215327,-0.8657184645514959,1.4141304529664402,1.1676896262256231,-0.7679489314247183,1.8903544925336297,-0.6487060852025628,1.0178893879912814,-0.9799781622534814,0.3522268521712173,0.8062563267854845,-2.2975655154942167,1.62335781342919,0.20097349941641146,0.027085746110670605,0.750191114021596,-1.0178014608128763,0.3668574222891492,-1.360708214201792,-1.8774933565853715,-0.4055278093060201,0.8307100796071436,3.5853421578937,-0.30780280979221464,-0.5438842710264511,0.5019449579875823,-0.7534787782941831,0.6177433684176991,-1.708788876023001,1.6910639494020865,-1.2929596609307306,-0.13357459613462477,0.8675648407526944,-2.856835255268291,0.032379056576218423,0.02483345057316018,1.1898091021127954,-1.1032134610212154,-0.4646229466105575,-1.7408254414726008,1.7560350991737188,2.3380842791683683,-0.35510001075350606,-0.6328758576111692,0.8332983844769399,-0.1399860347611121,-1.8125052151746877,1.0187042991742565,-1.8344359053106474,0.9659211538306612,-1.9177959128512645,1.7817373164876078,0.7332358732482498,-0.49746890481284795,0.8754832032456508,-2.050228197108391,0.6951755035139788,1.879370532725858,-1.9080309135471007,0.1854243728126469,0.3058431572149827,0.5704192066074963,-1.2341090587476249,-2.1173396681910512,0.05545860788320042,-0.9912881341905495,1.097910385261097,0.36211713177114085,-1.8540655283742191,0.15927617936584965,-0.22964887620059576,-0.8723313276154189,0.10739149592405561,-0.23148900410128134,-0.3400522607614664,0.2804826447185472,-0.3909871454063349,1.2174641791010865,3.2339307324226025,-1.5164995885052717,1.063276573516098,0.3666611313871999,0.22527798843218405,2.855757508851961,0.8981636075826824,-1.272629140105252,-1.0633386725712812,-0.06586069181876641,0.8354390471287485,0.7461259027616369,0.882309877604271,0.8936944319829194,-0.5669807739967052,1.3794690939306542,-1.4081874592095254,1.6151085044143132,0.4594501286079994,-1.3694471917431403,0.36769326706411654,2.49274882303094,1.235553155874459,1.3077362153100203,1.9832077477340158,1.510001980833618,0.6295820683881284,-1.4219219342671432,1.1618015396436392,1.5270608611707215,1.0115957684468588,-1.5442267220854813,1.344028355346531,-0.8980091548061382,-1.3709573691748054,-1.3476720324591442,-0.6439741515564408,-2.4496315325703564,0.5499454234584268,0.5634330460181054,3.08417658930771,-0.31207225591522125,-1.637026978885991,-1.5853133581725567,1.714503939166882,0.808526977347558,-1.159381795527349,3.2604793130492995,0.251975127106248,2.2259147757419186,0.5205009946240272,0.6080537651273271,-0.10287198689756966,0.10391307594872007,-1.443425562345193,0.7315624852344357,1.2710124459527492,-1.0114339166188084,3.5813875240300965,-1.030621154443254,-0.028299452239023415,-1.037086246772662,-1.0585880040611253,1.1299030239006969,1.0617212289233087,-0.6346753239861415,-0.8789568936361624,1.4884091234389234,-0.700697149554577,0.5183409892497123,-1.1201846835280596,0.017510198333049603,2.6353316605406234,1.3289004994397513,-3.367741132446296,-1.1653167021533253,0.16793644737156155,2.029500533675282,-1.1817032169336992,1.458807429728814,0.31585146070880354,1.0103081856146854,-2.8331929003053244,-0.8477587801639033,-0.16377246746927238,-0.23990127862553823,2.303295335165237,2.731400198400053,-1.0283157897503523,-0.15775612411015727,3.0822172673938897,-0.39749056910639674,-0.9945493600630133,0.9179695374463808,0.47755110687904884,0.08101150952329865,-2.564404143815931,-0.9302169790248211,-0.03534715166136981,0.5427367267130678,-3.8529921491362766,-0.9630917626292329,0.08504041884402588,-2.268751936818824,2.200318948377988,0.16424336336552114,-1.6000746133161097,0.23521331855493638,1.5207090618455685,-2.7480623914912,1.8782875486511499,-0.2980310600860914,-0.5447466972543995,0.04182449694437529,-0.18448525155325524,-1.6127253149081155,-0.6775799244359628,-0.6554642840237693,-0.7268117682948951,0.9534412966813236,1.5970809309267051,-3.2847239346821024,3.0024785870058075,-1.4329703228021038,-0.02060627049875835,1.6458339603754835,1.3663124591545184,0.1848491853369566,-1.4221535366835216,-0.15309394160160383,-0.8514698891089507,0.017819018589043112,-1.8211516797914573,-1.3788537816480337,-0.09362643944574534,-0.37617280611386583,-0.5626791110651345,1.1309722866536296,-3.3621791524559983,0.25783378069712193,1.6643948676252098,1.4549095000700754,-1.3964979897879812,0.32274995882663815,0.5235420043195188,1.014630499261485,2.307551152881042,-1.6590583828595147,0.3556343171338094,1.5865223887913067,0.42518370725321225,1.7465049741203034,2.0976295112207253,0.12203858339251152,0.2734827562168033,-1.032634865567637,-0.01956606142774897,0.9655483138013858,-0.90475497456959,0.26243842327410033,-1.6132878912874067,1.7627302101447986,-1.1763124833202965,-2.0775880855076316,-2.1077290821504997,2.362742281363836,1.5174207026627715,-0.8036636649594723,0.6117204528275431,-0.007159322780521782,0.7137561533368239,-1.8421062212891635,1.765476830036151,0.7586367677644754,0.5444971872488978,-0.8352600886652211,0.7486405334446525,-0.05748653302809659,-1.4950188049844275,-0.5115328363661987,0.6994565030868465,-0.7187737052105607,-0.5154331435501303,-0.30594636758182464,-0.9465657503695792,-3.2727169331681756,-1.0258530287915397,-1.0129522685063967,1.6546349214088176,0.9235163849700841,1.6647327493426936,-1.0827129497055574,1.114273972365584,-0.45810531181141195,-2.0966504522229976,0.20476642388374394,1.5401367117730258,-0.14013665590243518,0.013512990182322882,0.7970468387799666,0.754193378256193,1.4971253753378506,-0.5485128370320032,-0.28900609723985304,-0.2081839340463108,0.4341370791518568,-0.5995301867975185,-2.8660859113974295,0.024484923868419717,-0.042032359545830816,1.495794247442347,0.9279773524717677,3.863985597545653,0.34368087714160167,2.9864342986934624,-1.0844478783646008,2.4240093783852075,-0.6915661423463663,-1.2142125841073104,-1.129546294213167,-2.7699892926214322,1.083285962565836,-1.6141678965109294,1.1539886898839171,-0.22679475597253596,2.8900834792156576,1.1934757707501529,-1.147425329601886,0.6657020669672696,0.6339489060014022,-0.9736982663607234,0.08830472927362903,0.477020249936587,-0.5622867948115648,-0.20159352753781346,-1.3865114277343626,-0.54164887521304,1.0494913429333999,-0.8320241103831404,0.17042652048870055,-0.043706244475945566,0.03732797692145151,-2.2000572372127687,-0.5873852411784906,-1.686444936535083,0.9131217495923543,0.43641951897863784,-1.149955684421303,-1.1359884695933087,0.03158681188029967,-1.084560306133181,0.18571246409806597,1.4576715332231533,-0.20173321989647408,2.2757559460802965,0.8697945027175852,2.698871180877537,-1.0392078606426616,2.9624513121436897,2.9026538434164624,-0.13633937707433857,0.1655482215495549,1.0229345864034134,0.6651580223987262,-1.5126471449856818,1.0090868571446605,0.5052589858701966,-1.2382686221797603,-1.6352823226226523,-0.15425624275494765,-0.050195714354295595,2.944222705603775,0.38888646809188626,0.472031942816151,1.4235388813936338,-1.3092919493463235,-1.5179785411807027,-1.3971288672934863,-1.5560605522039326,1.8572323881435941,-3.0699933740222836,0.879530613504359,-2.5600115531974073,3.239577020202703,0.16802669116128865,-1.8509125708551748,-2.1088313263948075,-1.1478696597023499,-1.1912563582527473,0.8875329252460528,-0.639197577504815,-1.7702222394274212,-0.502213578993432,-1.8301130723873524,1.331705144555781,-1.9488229086284592,-0.2709210277365809,-1.1968114924295041,2.202833214360307,0.6894597111187576,-0.9832142431319049,-0.3482728179670994,1.385803919594534,0.7871782923318007,0.0716295727031892,0.32774603099244826,0.291887748086723,0.4625457035207069,0.13377198905256799,-4.479435857004356,-2.1071616897137986,2.857020870210529,1.4895814863079657,1.0079862071018961,0.8451541502048955,0.9699349263845767,0.7962858333728061,-1.196422150517884,-0.8820948168611391,-1.3103270993214882,-0.2732211534638066,-0.6363913362739144,-1.11927096394043,-0.6574273778716361,-1.4922490020356554,-0.08563696457008235,2.7612032919006992,0.7383848842853264,0.6241269838444322,0.3481327540606091,0.5844719914117705,-1.721017490433006,0.6205797689799607,0.22645751519807045,0.28006090624308,-1.59922096432035,-0.8981536953390836,-1.172041694212666,0.0831334773830566,1.7779370618437416,-0.6189687587662414,0.33790179075703186,0.400912634179941,1.1521354291506962,-1.2391771034316215,-1.471800524530573,-2.7855377300458026,-2.1596601261374726,-0.6087580483150955,1.1653790925056517,1.8867873318671116,-0.5964539296660877,-0.5756768206446694,-0.7317700523712044,0.7618214570219135,-1.7856772611352771,-0.6340715496588999,0.769531778554526,-1.2687040050089695,2.462946187059758,-0.9652067625722243,1.765867943302878,-1.4968386176148,-1.7140381372731341,-2.0583057418691713,-0.04443163788150156,-0.02866145012326532,0.3171537960086461,1.0410510827327994,-2.4078037451485677,1.3643068845162694,-1.271653103773075,-3.1327896539046147,1.8827119774954402,-1.118919449826365,-0.7975435193065988,0.6997939370967581,-0.15292802529524496,0.36343921414157937,-0.8812981479301696,0.6227087185813189,0.9476871081292653,-1.5745082306311788,0.1493352926089182,0.7804613540741739,-0.5050274408010991,0.02243377753813819,-0.14803868883856036,2.036674615457547,1.5576827341749824,1.0062166183423624,1.9047513974271753,0.05683378273516071,-0.5540589993853015,0.11445622235449271,-0.6549608800509021,0.7468899062364439,0.9858614242715266,0.09268196763095493,0.708411723639773,0.12528969119833094,0.42323566638037297,1.2985558759053604,-0.5182248050189493,-1.5260475154405808,-1.9776912474882105,-1.4743122947290768,-1.9528249537135955,1.9946310607993534,1.9338901506075954,-0.035521430208234894,0.2684692913390432,0.281026234431434,-2.370991427281683,-0.034875047755322436,-1.178330202903172,-2.6300979132735156,1.7761567098080981,0.22838520642198293,1.2091190066400355,-0.6144679001687909,2.6560326273493695,-1.6474647996768368,1.6956991147748974,-2.02020181141544,-2.0054110307734727,0.5795073129425276,-0.4824847415976557,-1.2727288462217923,-1.3432995363651654,-0.5232066169387086,-0.2919865699994859,1.6355472319049364,-1.4899620312758204,0.9534567405735754,-0.7717151256356273,-0.4462673050250867,-0.949929423253745,1.7274749629382615,-1.091176857902161,0.44101784695538027,1.6913178717488249,-0.08515257394262815,0.8571117800855901,-1.0061314590744639,-1.4472624568362458,-2.789317477304317,0.6969762247306759,1.0826454465437507,-0.004390032814288514,1.1564941291130657,-2.397216257875158,2.694475345771528,-0.7620904992797567,-0.10387291964511702,0.3149062883137128,-0.027328897854107276,1.0052119073583645,-0.7535294310381118,0.6110416779663135,1.836032149980574,0.8208800329303152,0.914933917875949,-0.041291799368877447,-1.7662327858096103,-0.5647793097627491,-1.4643875034559208,1.5690682261448634,-0.7613738237814942,0.1335947063643544,-1.965611897088892,-0.7566213709729512,-1.3654666461047484,-2.7333556015392064,0.7045411800417144,0.4291422570167438,-0.6646287615324595,-1.815509024465356,-0.13321209590144345,2.335429696113946,-0.9364297673442208,-1.3715415776332838,0.23834663023006336,0.2403891286179063,-2.4888384276773756,-0.1629467017598628,0.5493853847913738,-0.01210047674337733,2.572400526268575,0.93789619077939,-0.319604109660166,-1.7027016245120767,2.3476838184720017,-1.6805690878993045,1.3277091757114388,0.5514799435248894,-0.43857836413235063,-0.37202289623713103,-1.2364474030515507,-0.5995475454786142,0.632760900225419,0.9507390577074095,-0.08437448767780546,-0.41151549263178544,0.9631825468125457,2.5113166328652525,-3.99604545995654,-0.31052187898719685,0.8834364990308453,-2.9950938279061945,-1.079108612341696,-0.4159919197595293,-0.7335879976096864,-1.0705640544269075,1.106507065065896,1.5281292243118758,0.014164038871678442,2.1431190820820576,-0.5475462314652176,-0.39838440446586365,-2.2458576942177286,2.710183467149866,0.3858872268105674,-0.35786601793824485,0.6772214618762621,-0.16805955926510274,0.8941431367608257,0.5772025243221821,-1.117400404026433,0.6611571299906442,-0.9055260167941492,-1.0425335671986242,0.006420323796079985,-1.214223162116522,-0.4507055738658007,-1.1601560620736642,0.2220053959633923,0.1012476723074176,0.4248532840853771,-0.004259274588572448,-0.3898257890290553,-1.8059993966209076,-1.9424312599261728,-0.5964807920971548,-0.8100144740950692,1.6807460181817624,-4.0074877020983966,1.8278846584610795,0.7770731961993406,0.43450849368338834,-0.9761665249695255,0.058395354586038506,-1.9211888748098436,0.771518132744656,1.053964184810869,0.10266155941337543,0.032996462149891936,-0.21409786277769727,-0.5458777785560236,-2.1114411175099423,-0.2117878439176748,0.9575710783085587,-1.4139178082541777,-0.146568562842364,0.603958960543158,0.3572411158522634,0.020322021547592328,0.7175754091755693,0.6887550952599085,-0.505658967533899,-0.5752840599962337,0.1069960057157722,2.6623466342793334,0.1338827189026747,-0.41857577107934996,1.6314080683619105,0.6534915918557169,2.411168444577045,0.6893772240613987,-1.915253829228102,-1.9443968258298507,0.8014117536525676,-0.0656194068237752,-1.578604994725,-0.08210063452080694,-1.2802779913499132,1.9155616514854776,-1.474269750016358,-1.6026000272874596,-1.4465484426696467,-0.25480666216764003,2.0288783370165473,0.3996735652481254,2.4236849334837567,-0.47033338762294163,1.0056507472036034,-0.7973690163954895,0.9748663832860636,-2.520789317540642,-0.059055798825980416,3.721216718150639,0.7801492673573251,-0.3919107253394202,-1.6624456838361747,-0.6823193147661657,1.4108793900477137,-1.6876646669109963,1.636415974991527,0.6779443823405774,-0.6819832181216566,0.5478902600403988,2.0970028771193787,-0.21129357524304634,-2.1363468034582853,0.27826388193922313,0.0542576147573622,-1.0880869740216885,-0.537771806588635,1.0569243166025915,-1.8367388832561602,0.8849035639734772,1.2941504326485644,0.6023657958555184,1.0521812980140488,1.9766195761159615,-0.59876000118451,-0.14531085034873908,-1.9552045888532958,0.8423554333815393,-0.004785188063983328,0.22663261320157946,-2.4714226772138734,-1.308853253308045,-0.6432553232526474,1.367391244382193,1.488807314241396,2.147929679524662,1.2711262185226084,0.4933153458184261,-2.144106770516386,-0.04263199174262966,-0.47825931882829836,0.8868598639924884,0.5807801536982237,0.2509093257660402,0.4833705442267129,0.296200480787389,-0.6640001856745509,1.8729364716178984,-1.3714671101576803,2.842219735642427,1.3291861203897906,1.2551305063827778,-0.7713823025729579,0.6059628686172797,0.6532488529195494,1.4304999096869673,1.3389766199096444,-0.006820919385783331,2.858858750753493,1.131571789799366,1.5004245803253242,1.0492313918540948,0.35520169169993054,0.9065346301692925,-0.6718234699892734,-0.7449572959569186,0.08370507690717266,0.10955838313938442,-0.2522391265440365,-2.9204175538317845,-2.0986707143317505,-1.1985506516578472,-1.0749538267781817,1.4815767390105345,-0.9197594496848341,1.2451021090805272,-1.2293280008742966,0.9626241391099924,-1.0049407405475346,-1.153020348946907,-1.0950749052928277,1.2857588314759631,-0.6499425142882862,-0.5888550466606723,3.0870514147578603,0.9263958487913773,-0.4864032518878836,0.4118919062011168,-1.9239936120340089,-0.6831038202967009,2.674130986658746,3.2346141167261213,-0.6460979062231881,-0.8352512984086075,0.5936008692875712,0.8674417228481491,-0.9301425598013116,1.910761491082811,-1.4746252028456999,1.133017763711176,1.7860412454811954,-1.1432176012113096,-1.112971817689592,0.00011768936534424165,0.839293572412041,0.39086517874004617,2.3551181732812227,-0.07565383922374974,-0.8088954588039505,-0.8132149897771751,-1.1159212508077807,-0.5496274366098215,1.8890977699228872,-0.7653007904749801,0.5020073203912693,0.593853227325892,1.4145971233748866,1.977690253773054,-1.3680408932117956,-0.640455028369449,-0.3458678385779934,1.4778692759991425,0.8254425251329262,1.7908995045216671,0.7689370222159184,1.3119519894589415,1.616087318772955,0.623461605916257,0.8666072874204482,2.0629835490491297,0.8389861139888817,1.4844241465669412,2.3980039990015816,-0.37796291351001465,-0.3140361876669685,2.2949260344003823,-1.6605416321492898,-0.030920830270864397,-0.9233574266429563,-0.8360209999986934,1.8160978220728792,0.36178021915224506,-0.3443951518774678,-2.282386493485054,0.6761315849367718,1.0378451798782007,0.7615202535519323,0.7343987112074337,-1.0349508441860373,0.17310593110505976,2.4030061976512735,-0.4004809438723827,-0.4597888787162422,1.5235825372305278,1.3755654327493334,-1.112217129071587,1.4388150409561382,0.6551888572762924,-0.4496002579119036,0.21353311433994562,-1.9446250997138248,1.5318669170865291,-1.766365262332712,0.5081561206238139,-0.7654530507563233,0.7326997443168191,-0.26068312063896293,-1.2776004255016278,1.9692706441117687,-0.7755555178075187,-2.490069223659315,0.024425092020558405,0.4788233942757889,-0.7997550250479202,1.5838916991280456,-0.7858800972612661,-1.4935362998425665,-2.438679367854927,1.9483231147260434,0.8401612737064386,-0.0219793479578842,2.254921754736883,-1.601187970507535,-1.7274533558308065,0.7566391767884711,-0.689759895287459,2.6950328905537213,0.4283899678451838,-0.10872548625113776,-1.7927914496791981,1.3691878908077864,-0.0010733934215709402,2.1530329651931286,0.31562114585804996,1.277250663081275,-0.3253287369811461,-0.5804470253381276,0.8610651230109347,1.4894446100731358,0.7345044586770954,1.3982346633067038,0.49603442981980544,1.4397715129915731,-1.0622100388496358,1.7227341991573728,0.6020093957862869,-1.8405618537489656,0.8394298411044208,1.520151044784153,0.0320514762297775,-0.1413449040702125,0.7301748507618926,-1.2297351955841875,-0.5220831131213952,-1.595167488104651,-1.4632890980888942,2.1864251566917936,1.5776283887992504,1.8318945886912295,-1.6624771559974754,-1.5369734289352806,0.3268726167367014,-2.3170675373935326,2.2814542920304266,1.6131235269636166,0.06889004757295625,0.9666982808047524,-0.2009280313222457,-2.653132793825445,-0.049821547147232886,-0.38866983365915514,-1.179434636228843,0.29793352873125273,1.6061948596408127,1.4996077376855763,0.5844656743642358,1.2965495543783865,1.0718261403527682,-1.035716095043908,1.752983466139817,-1.247933258950957,-0.3459893433288834,-0.2463954385033415,0.7382394944963652,-0.2072093996780524,1.140067986418354,-1.0184301903975925,2.016760790819327,0.744211720681444,2.18500727038635,-1.0489229511914169,1.4094690398649767,0.9645308420001145,-1.981054623371347,0.38578699367392183,-0.0908934926791336,0.021880546206531015,-0.46492292652358636,-0.20735338694185115,-1.060706228997554,1.767380654232085,0.6412350870589679,1.1870900135926816,-2.251106364047901,0.7693360991747276,2.5992296299413447,-2.477028461225933,-1.0448257606853757,-0.7766007926981512,0.13815182903948076,-0.8070198542265172,-2.212130270346887,1.1618676727133637,-0.445114245671636,-2.4528775780447174,1.2563629229942215,0.8782924426278861,2.259351397085751,-0.4493810224475908,1.1941012189048674,0.1709500326237619,-1.8577858755623429,-0.6015161221588512,-0.310038393002827,-1.7361579075943117,1.0313680512669787,1.7091249474290797,-2.5795451732448695,-0.06584953603385515,0.889397978107062,1.0734258805600243,0.30584412717103526,-0.5720858668976517,1.1858213347373634,1.805460634261034,2.3688940717482234,-0.16204033314143954,1.1772573516191396,-3.111641864708165,0.9275281660631681,-1.1956330388543135,-1.2983724278765505,-0.4661853634687708,-2.5977648174829406,2.94704244385933,-1.008860491266905,-0.28920489646142744,1.6143283080981665,0.3030113998051261,1.4114819020213827,-1.3508344759409783,-0.6581690150845119,-0.680141755713788,-0.5664543757077993,0.6775027028269095,1.3286188329718753,0.4075159095044463,-1.8101427474584613,-0.8443767184702681,0.09932425584186677,1.7227580036467687,-0.5346215113836914,0.7890117715382249,1.0485262448282022,0.5256159817970985,-0.27009059099689947,-0.8713670498937107,-0.5663959221009296,1.155425564552592,1.2287242722586464,-0.07714281981361942,1.2771387073362126,-0.5332848758960896,0.34116572936238926,-2.079373533698212,-0.5740494531896146,0.25100381394994364,0.634313020223386,-1.5164569739033968,3.273293780789831,-1.0210443645846092,-0.25177182717357127,-1.7805378075745941,-0.005862420372119037,0.554236834638946,-0.2162754291981186,1.6950903020368253,-2.109294460786309,-1.0300334585734021,-0.5017225262107231,1.7199674382084666,-1.4218970899144816,-0.3130576749391941,2.1365718210216933,-1.2904612904893489,0.878607219543545,0.9098793697605216,1.236525199498769,2.250099152402539,1.383385255531488,-0.0762214194826829,1.260931067605013,-2.1747102985130993,-0.3384533607926039,-0.7476049398945497,-0.07918565774176245,-0.7627717480885969,-0.6043618004741564,-2.16932080474243,1.4231239833457257,-0.04137465117397099,-0.08386953318183155,0.9383402191491079,1.4103835707940444,-1.2239157827531666,1.082309887607237,1.5185570819143999,1.6533772763836414,1.585053229294136,-1.4233671152247662,-0.08097196084909693,-0.513359541937422,-0.4778889124272346,-1.1285320382528645,-1.1841399420226444,1.5130720810884588,0.10886315390794912,-1.7375511927811635,-2.803432109098896;-2.774023895813086,-1.3052883450142554,1.4332015699604044,2.282960007896286,-0.5494897533342523,1.7136882542939966,2.4197290577029653,-0.3938658582751978,-2.182984117369455,1.7028308624318815,-0.8256532106546555,-1.208558201094582,-0.5419179661560998,2.567882024357704,0.7437220141204182,-0.13684916526253932;-0.13672132156085737,0.1918576516067494,1.0382849014810949,-0.9660636978405941,-1.961268913584858,-1.41357510212991,-1.1809162251404468,1.8065234170605695,-1.815781282772587,1.2413535047829418,1.251746897555313,1.2916631738406585,1.4996466697403907,1.213730343999171,0.20988168753332515,-3.0669032602890725,-1.1595505094363072,2.050893371824017,-0.19500156172778416,-0.6346618631781549,0.648126597932983,-0.6137051875292027,-0.12584508493494506,-0.41857303204697494,-0.48605862255536453,0.944602148409897,-0.8464783003025621,0.43868442069605856,-0.1835612592900721,1.4180220840161166,1.5540413327836136,1.1826711867944624,-0.6674867762115592,-0.4144298630911891,-0.4689598785226864,-0.4410119472091998,0.7302798141830137,-0.18195228616085435,-0.3846526697085426,-0.588831454478415,-0.3861086396441544,2.060286009300184,-0.18610856680714016,-2.220636887988369,0.6163946959637226,0.8030932732153491,-2.246619277732043,1.1449332853797618,-0.3155962649310332,-0.7856383621448704,-1.8248174588791826,2.063112674493852,-1.9314590219171626,1.6653555510087787,1.3583177616205726,2.396177771558352,-1.199342367637533,-0.8691885617280012,-0.05720599261929482,-0.3829720071603149,-0.9653637518779591,2.3601371494421852,0.9567222464277979,-1.3054794456727228,-0.44685670224916413,1.8239904041642685,-0.6060637977607105,0.4124848079517466,1.9678137593246074,-1.5127559428490245,0.7539380171155897,2.167353467580342,-1.1237465898205834,-0.5657599666291961,-0.796996352436776,-0.5911206393840454,-1.5714075130401046,-1.7017240599937216,-0.0202338624376385,-1.009748987838325,0.709931069164828,-1.8801710277344361,2.1760483968583033,2.62521864933838,-1.4215741869890304,0.7598916003401667,1.4893471127937128,-2.089749786598207,1.5028879949664864,-0.4056955777274254,-0.10517696604754703,-0.3366687785775754,-0.61298156116524,-0.011572555314870892,0.38432277683619914,0.04734342716699713,0.4479617865264144,-0.21097431295965607,-0.7954931907186669,0.7241131664949253,-1.5968256548548,3.063429698295706,0.6289280845129182,-0.12588147299621855,-1.0540385700205184,-0.9668011270169374,-0.782799697518158,0.3557312746558747,3.3779939123005525,0.8620613530555392,0.908787235637142,-0.36034869363198946,-0.8884122231846051,-0.40017466285413894,-1.2233149023638288,0.9791582600547917,-0.37928769010120544,-1.7617984286232646,-1.914572178793284,0.9794116522664251,-2.2447663485348928,-1.3304751053594648,1.661826081131608,2.5106433352166846,-0.051561946436343375,0.8248625048699149,0.35266137405453973,0.4238790663172726,-0.11383480223825704,-1.493597907396186,0.0746010663003943,-0.2604655560366961,-1.7752302523245613,1.2047035219420965,-0.3281926467202485,-0.4145474183662253,0.9480880378328316,-0.6784105392920444,-0.4083318509543965,-0.8437249427160043,1.0065911555488398,0.880442556684188,0.6318686595128613,0.4355037913197394,1.4217780234049604,0.367776455173677,-1.7014763298726951,-2.6394851899909755,-2.340657735939679,-1.7141097195596486,-1.4736493204940306,0.6033094557095294,-0.556143844478316,-0.7500839467340485,-0.5330383490164511,-0.43376932657232514,-1.3542462048335335,-2.4944377432242204,-1.0973066694783622,-0.1278965116691696;0.10533628258366994,0.5351394986344643,1.7239387946122202,1.56598436687973,-0.30341537667567053,1.9955961595938205,-0.06749233392244888,-0.2077881873202645,-0.050764191736032416,-1.2781999388979872"
8,0.14117901090440088,"0.5155918472628338,0.3069705833356022,1.6770538582369219,0.30362274376548515,-0.46144928429266485,0.15028351074252366,2.981448552286487,0.48405435892683,-1.012453660372594,0.782412963348371,-1.3929596848309902,-2.1523797213058646,-0.6231613619928373,-2.2893702911162785,-2.233586625828605,0.8227007045616946,-1.0827619663933756,1.6926347761951037,-0.24400748196718502,-1.7880437475719837,1.9560055150133184,-0.5494012890705705,-1.0243964725089534,-0.17091170318815585,-0.946410218940736,-1.3585260184582928,-2.3152962880334043,0.28550941188823054,-0.9065286878817863,-0.06422842564178005,-0.8428285461208473,2.5285200084733903,-1.9112736191280368,0.12812578827161147,-0.2922103822178195,-0.7671480016319021,-1.1634417575445923,-1.9477849312731275,-1.4648657447949933,0.11891799580936124,1.4495327651360395,0.12660271982543334,0.14317738927749668,0.6730863163118329,-1.0671056727754449,-1.1046632761672697,0.5673283265616609,0.09455875461584151,0.7115235983143715,-0.17246614385307302,1.5233286983331404,-1.402268441835202,-1.2991352478065736,1.2073516941782079,0.6234685126237655,1.2901440640996318,-1.0006275475855735,2.0615627979338873,1.6999918521191437,0.6338662356376052,-0.9263680379407325,0.669631490606694,-1.3118590697396222,-0.5600691689283384,-0.29293109857651595,0.08685269295346326,-0.33820229137857905,-0.43924477904172116,0.20976672125659718,-0.9800291076183434,-0.407892602215218,1.4810590152265515,-0.13153274847584948,0.9110195642113308,-3.3670265485268818,0.1931085934185088,0.636140975518963,-0.7312049770578034,-0.8555596031131524,-3.9814300801854055,1.1622849892816913,0.4864550065431403,3.9328332483876984,0.627167377173963,-0.6393330750922686,-0.8318759671935491,1.435377656329851,0.47990343961342363,-1.4640413584024108,1.2033769762533244,-0.2515793662182613,0.7866143656250014,-0.2880082333664429,1.3773560465274763,0.8476750373268271,-2.3826291063919616,1.6227920144906556,0.2833886143956015,-0.8689727946824333,0.02096986931185041,-1.586981396019264,-0.9816620097718015,-1.0612967534935485,-1.8308855719813732,0.15398063843657722,1.4367322587783966,2.526164601692243,-0.46481788529634793,0.1542852353270258,0.11412635852133768,-1.128766629717484,-0.14272779580145695,-2.0572928273992055,1.2563397811747175,-0.5688334953269159,0.18485405131172522,1.036115350818257,-3.468072852021818,0.5044557316826677,0.4832696654342814,0.10870758043420847,-0.7422868746631103,1.1523299425762934,-1.30280563697244,1.5780531786765468,2.6686275673116455,-0.26005954686770105,-0.2598884800042285,0.8259664322131404,-0.8577871146466522,-1.0429315260542076,1.5517805534196454,-1.4676080694970408,0.9169181336660378,-3.2835570488081465,2.06421943567791,-0.06219495783724358,-0.8091225975097731,-0.08526029707219795,-1.3613191242856408,0.7112270753139186,2.3988343513386106,-1.9901822139338843,0.45331620820436286,-0.05727192345984111,1.0207396701935618,-1.2557310293124568,-2.049568697124658,-0.05877073206162402,-0.5566762069448175,0.8799178950849417,-0.8525969769757064,-2.072645735474786,0.24556995332794856,-1.3996210473497044,-0.872700358532541,0.5384022596851339,0.10746937848560661,-1.1257361657308413,-0.24130457598606922,-0.09629483325454752,1.3349455585808458,3.6446778502134745,-0.9474899046008339,0.8172623582126033,0.6068594706570686,0.5283766106947076,2.416769956220891,0.174159847017053,-1.7921799147918702,-1.3829197131783106,-1.2116839949628022,0.9920128639344795,1.1416508300252495,1.0280090704726201,1.0839844760227089,-0.7219189744323171,0.6621936111113149,-0.683423831309758,1.0833140517887072,0.5008768136716488,-1.3720776317831658,0.004522043425301159,1.970697225040177,1.054420373750001,0.7415430720875978,0.27034091147426575,0.8951375398623844,1.241757147696755,-2.092802496593636,1.195971397431636,0.09595370011780102,0.799856251689823,-2.4782628554590396,0.7221889389414097,-0.7443379013214879,-0.18110268465976437,-1.3593693476022977,-1.2506366649208054,-1.7998547691768527,1.0261235515712723,-1.1290396196899373,1.5775776666513903,-0.9735217477812508,-0.5163994774924845,-1.7182476612598174,1.1804859587102507,1.716402594136516,-0.7913265998614665,4.441093728862069,-0.1939124450992198,2.1384717678019425,0.8843893698127174,1.0453337262576103,0.3708177522826206,0.21651445400426286,-1.2549006699412535,-0.17301084502917363,1.541927699740946,-1.0069865041552601,2.715700217907113,-0.46181734657151396,0.39802523303200055,-1.2026337202633361,-0.05654491827382441,1.0559834414783873,0.40971201502639787,-0.4773034381027804,-1.055374800158761,-0.5288412289082878,-1.008327467783868,0.5033265368971213,-1.3833240395365036,0.6788005776788634,3.0667797814501703,2.0896994952830625,-2.8514915559901395,-0.9658842473595801,-1.2250239195764143,1.400665277966021,-0.29680809102417083,1.8901071137230008,0.7505271331722603,1.404213307435516,-2.0009927792184685,-0.7895370537606976,-0.29827016624681546,-0.9576794353184317,2.7001011363520626,2.5089794269209036,-1.124991315987402,1.2032303606359274,3.322781565839674,0.9854633522672853,-1.7203014407169146,1.0926306611405705,-0.5389934431774209,-0.3188754982036843,-2.640105594905033,-0.33672732045114867,-0.7624007982050239,0.4445123528525308,-3.620680485519598,-0.9026596410926757,-0.7374939793543004,-1.9115007676240805,0.6726945047191304,0.1382739831865613,-1.8841907447854414,0.13797948085866746,3.5919884739587977,-2.634752040997865,1.6960004430171718,-0.38316063075564505,-0.9791267772324392,-0.1468715593779648,-1.2232828356114425,0.24848850963814423,0.4426680992893992,-0.17030567887420106,-2.0875122319621804,0.06821450869822154,2.2633338615722103,-2.7606709106741656,2.187381924421701,-1.0694562970470705,0.410613302952744,1.8743618642109874,1.3405270579730868,-0.35078756401466094,-1.0961646391658313,0.570890426162038,0.24236011713033612,-1.0195564582486216,-1.6391562873701853,-1.676676305943532,0.9896065378514154,-1.17554665223415,-0.2835049200825518,1.098407314320836,-3.3010147481914616,0.2931671013331587,1.401822682498641,0.3404366998001471,-0.4437288355471507,1.294479675787461,0.04600882520599239,0.38623187537319137,1.406764447638,0.1308971087777162,0.22732710197355196,1.6972896929282077,0.6566801298826119,1.375292073185902,1.3188639025556252,-0.25523911707508995,-1.0627682073113989,-0.5487686302479884,0.3536871324404977,1.5099686354409216,-0.33606145980815216,0.26686582354671046,-1.9373391332039454,1.3884706736222585,-1.1756127138080856,-1.589790617020425,-1.6933586847823627,1.0508497735749731,1.9773981928367492,0.3049083093895181,1.183581947934511,-0.038435248150225254,0.6824951957006975,-2.124470474842655,1.45406396115964,0.8308707760362402,1.2754844167129626,-0.4801569749745094,0.5986208058514056,-0.16841374435011858,-1.6971111534872487,0.5487445110431394,-0.2228689275354524,-0.36227313338215156,-0.46347507603222005,-1.2313393947269784,-1.1993889801565287,-2.736605847849633,-0.2201172581673938,-1.178822461741693,0.7130648052853816,1.1428835835075,2.5338244094042572,0.03057078726849305,0.45979458450130856,-0.7876591754250755,-1.7998574151105633,0.5487707648402527,1.085397720019654,-0.8830991335085372,0.43688819586840166,1.4990393797052326,0.6110273448252379,2.117603419942098,-0.46316304228394023,0.47042453982190763,-0.32595561321511307,0.006118794623963919,0.4869470300581282,-1.9687561316038513,1.1282458746594437,0.7922586397979996,0.23318705489559804,-0.1892963858109517,3.0332399478432404,-0.021084905963007633,1.79011404002525,0.06245300409223001,1.0461264747992978,-0.10135798327677736,-1.09476102421059,-0.07744948382670125,-2.77174386364537,0.6609310086882499,-1.370477238999592,0.5673042808430218,-0.5232278530511714,2.7391309488016558,0.397000356433702,-1.0003258625046525,0.5188183951194236,1.312247250616276,-1.0750971601547925,0.7312070232871712,0.03655595448111351,1.012552631537173,-1.2328167085777169,-0.9681403492222601,-0.016707010417604917,1.1056874280691242,-0.37496417715943253,-0.25865904302353687,0.7386045967644572,1.1797733122216876,-1.4600551681969507,0.5513968906317317,-1.2874538038942283,0.6792404378598604,-0.12096656358075727,-0.9931775288916325,-1.0235980725275724,-0.20640658618820296,-1.108171995236276,-0.5482791426928557,1.193648940405858,-0.19390864955255316,1.3255829052246475,1.1718151137918495,2.333729429018312,-1.1630486182514512,3.0819359852746544,2.9710710060683656,0.23045227051899025,0.11110600431569673,0.356336262912921,1.489909617206529,-1.0020867189084133,0.9301322043256847,0.5929367038564815,-1.9290576756305362,-2.096785557383917,-0.10360822571565659,-1.0382067731865545,2.657033890685983,0.9234467913217752,0.9319213046043983,2.7102676424329672,-1.0359859947174543,-2.088740781107571,-1.8024247522350734,-1.515194611466896,1.652641835265797,-2.314885900838369,0.29756152434100375,-1.8741057429303334,2.0565428052427706,0.3821212821008079,-1.4138203349358647,-0.8769512703023499,-1.8698853441005758,0.300583370383547,0.25760403877632554,-1.566596168116558,-1.63990008603686,-1.2913401199097283,-1.826818367687313,0.4070575154203194,-1.3855935017750454,-0.5712740931527993,-1.7038519904253893,2.372796778839899,0.9754069225962992,-0.5041659053109417,0.42486947937533,1.459480620999897,1.291329446603215,0.40266426971533315,0.4311512068408473,-0.5208301789476762,-0.8363351867602671,-0.2141656036572715,-4.889818343152904,-1.5301206631048219,3.3764161154065726,1.2285397639361881,0.8755895952609767,1.1831033305103542,1.1351092260303164,1.6163658262243656,-0.24289081170972043,0.16784101341317648,-1.6584349013597612,0.5866608989231559,-0.5188656354231486,-1.8630456617682487,0.02546440640608305,-0.8691331439824012,-1.2193791443867332,3.3385645381609708,0.44507903317663366,1.3824120299847853,0.8109570483088249,0.21934684214869438,0.20471635698828705,1.0842421355063643,-0.1411952612153693,-0.00047959054590424044,-1.1346504305765466,0.229897934021708,-0.7396091460797931,0.49034817894552896,2.4502394578378976,-0.9063166100955372,1.4213325806544395,0.9375227874440023,1.0111890402595205,-2.182105889762361,-0.034776985672762106,-1.2336137669775116,-1.6490963878587386,-0.2108718612152818,0.7830019651294586,2.1098465024641957,-0.4968194394801332,-0.8391928328644742,1.3629165432890362,0.37447421470836545,-1.2840198826931726,-0.8470060272759367,1.3933522006328398,-1.0648210367176116,2.148765224718666,-0.5986284374104851,0.6994914669156675,-0.9449362245506187,-1.2201466703139492,-1.8907688526458093,0.7519942432213798,0.2528402119645864,0.5068582690022236,0.2731099429952273,-2.751097727981846,1.3760648112047882,-2.6594597833755973,-1.7688156518118812,0.15862557720096804,-1.3026800073499234,-1.9994765704101174,1.6813959930980378,-0.7140126881707465,0.7366711845342226,-0.3236861876849949,0.5764706784785804,1.2908376797489434,-2.0646137329521457,-0.020315190604518585,1.5494947364687444,-0.734955824973578,0.8150646074904803,-0.2920760166234938,1.5224845935934601,0.7463177909146856,1.2091093978718412,1.323040363861346,0.29960763396019574,0.7405404799406715,-0.06891313340606958,0.07784852502066174,1.2938260192890225,1.236798111426061,0.03695933197632513,1.1808331946921973,-0.8339313031798742,0.18801113680451315,0.6841967975180697,-0.7752364417722515,-1.9241455577496391,-1.9722749957015455,-1.3114183036945155,-0.7551779801926302,1.855799438959861,2.7869041964685013,0.8433837875623772,-0.5955978658401397,-0.1500231921895273,-2.4462864244398945,0.21554168383687256,-0.0108815112984324,-1.4159840052773511,1.2948364932300322,0.07898271286863577,0.5165257653797701,-0.17278199367327374,3.295968865921588,-0.9052102714866953,0.9402780512934512,-2.0873650995808863,-0.8922254651209673,1.635338552360853,0.31777859468373665,-0.30195846666815274,-1.2373036769632988,0.24856631643047883,0.01530325994753201,2.158793686997458,-0.7343657518885512,1.4446540439026112,-1.0368534185794023,0.41290745573982046,-0.21610795722182063,1.6399762774690874,-1.4524827530590967,-0.10388627890098082,1.5957383633933209,0.5709490321270798,0.7172668794270842,-1.2636265703266065,-2.1593332666319185,-2.2233605321261796,1.1874553278775617,0.6926124251457823,-0.24759308317035972,0.7620088317581364,-1.875261268366891,2.5096896518497536,-0.4051227833961089,-0.9049449382637421,2.1722148306971185,-0.8844850192460506,0.13795031041683625,-0.9856823266024206,1.6091637359937425,2.6791848084690884,1.004106479957599,1.1009581047187398,0.3501875395654101,-1.5741670117546178,-0.1364952856144349,-0.34900256018190956,2.2001151833380717,-0.7812798680067795,0.3217727757528096,-2.028706296806427,-0.9646683436092356,-2.022926341970604,-2.4893817578064303,0.7672530149474017,0.22867696519007197,-0.17941499442472253,-1.8011589980927916,0.8635758130617845,1.6169980878434806,-0.5693064759804637,-0.8379510708190907,0.13204945119844963,1.8253841111324336,-3.3649646090920102,-0.07164284333112841,0.2884925440739422,0.7487445181283503,2.3852073252187864,0.04855278830099641,-1.00493052004443,-1.1335847977494637,2.4854841979864877,-1.0532330175277735,1.1759917698166256,-0.4739483821694148,-0.0191304272594724,-0.9895668369497133,-1.0991594270337715,-0.37295071103003397,0.8998517004774287,1.4366351790573595,-0.2674341411188537,-1.1013816000992709,0.09851312622575992,1.8628193088596325,-3.7463684416441105,1.4578033499785172,0.9602035963195363,-2.6981807815329812,-0.6825923054534897,-1.2759974413581525,-0.4617104896888199,-0.0495404930078851,0.4741247938469699,1.0114521150635536,-0.6474063331690413,2.128096671204824,-0.22459383024210347,-0.5007318804533107,-2.4731933271953768,2.8375964811559,0.07243844651861453,-0.3388607059055221,-0.61294439368301,0.1114363225561526,0.15385132513325642,-0.053756025231344984,-1.1543701537559683,1.1980124624489645,-1.3844439362965852,-0.9360290444977439,-0.34685180111286074,-0.5002067203723246,-1.5261335948833306,-1.84777863191467,1.1688174031071783,-0.9116118632372594,-0.12150045001768003,1.075835482362177,-0.4470658977175126,-1.2437449299242531,-1.7156590704268957,-0.5515892423797519,-1.667763872686134,2.2531512776214964,-4.715957475483154,1.0107519699893792,1.2342635037102225,0.18347544563466783,-0.1091713109371848,-0.9924054035343259,-0.8831797054822421,1.73567293325693,0.3382436322367049,0.2781144239021361,-0.30984738363947417,0.08776740928523125,-0.8518927020708479,-0.8609444039146684,-1.336780566244674,1.2396936413816335,-0.05658083724625501,1.1372364568259936,-0.5972883788062661,-0.12524694564861283,-0.060333398380041814,-0.12547202032784477,0.43823694615110986,-1.5017976152782413,0.12360153349537398,0.01382534094058585,1.9209283483690447,0.9038622168953945,0.47026980989600037,1.0998816430968283,0.9204072578208382,2.2431178804678096,0.8316936142924198,-2.343470608180171,-1.9140142913126623,-0.562328150328476,1.3667698532660895,-2.1562435757383667,-0.2603179188633772,-1.450098207566617,0.6348269895202501,-0.737443423364005,-1.5021478451335137,-2.527726651997404,0.24443484135516425,3.0907437861912763,0.6629359246344819,2.993068102904478,-0.7601342600484029,1.420125826780322,-2.187435585799488,1.3909568929426317,-1.9009217625955148,0.3184241764453782,4.197237743255779,0.41661019149322687,0.30211050370687953,-1.351097558454465,-1.2440451652180353,0.5764341713561829,0.20937530478030986,1.098006548956583,1.1846907835753944,-1.07761009954124,-0.021250531116212612,1.8659005091214986,-0.48372003720139456,-1.7169870356173176,0.6986897241387484,0.20775094607922476,-0.1022856467342459,-1.2475166226101264,0.6471798702275491,-2.240453237069336,0.5706029900326617,1.1349878241238944,0.7653944311296095,1.1548852975477248,2.0566076520159693,-0.30858974784267623,0.004087160670911971,-2.4395774055275146,1.5937750862119011,-0.3167295294075607,-1.1614377294509861,-1.9328812811962643,-1.6175647927589183,0.31066828153660564,1.464801373063759,0.9079540416674605,1.6314321229859128,0.26197528950614635,0.40250896948490034,-0.9297450830533347,0.5640515398775904,-0.5868081738975797,0.0734866916406473,0.15179740886352655,0.7616823482038179,-0.6056910616701026,-0.40564874810867707,-0.9834063669643379,1.4225572056276046,-0.35387122330762866,2.422029066541861,2.8496742561445343,0.5000036295634557,-2.002998820799327,1.0315818344629708,1.145400917891769,0.978002981445115,1.6993625058251542,-0.41962643010638134,3.3028450448049096,1.5114251124370077,0.6611349481596249,1.2963176693949363,0.3171795806572115,1.3678902965078654,-1.5033477820786747,-0.7578409464284561,-0.6267972883984431,-0.6629716962953144,-0.2891691627737241,-2.7428219106957967,-2.114940925670604,-0.9711223644451527,-1.0273551959674327,0.7023597463909161,-2.0062173022613226,0.309017394336694,-2.1740012593774654,0.7809983085399725,-0.2656082671250424,-1.348028746965431,-0.32606975119729503,0.3225209901978049,-0.962376098948017,0.1474334639194205,2.873334418576598,-0.2801619688514084,0.4074698534730373,-0.24184666571952346,-1.2587130973745493,-0.6306893303779664,3.1170416915534185,2.469479715311232,-0.7792096490930382,-1.3567596986485497,0.16273656086977367,0.6532705122050275,-0.723720522281978,1.6877869713236484,-1.3292984959444571,1.0339148971397694,1.345045127906594,-1.7041789472915654,-0.13098158755856337,0.7639154319697374,0.8365241133436275,-0.12158302675680212,3.1133270085181373,0.05742927244124618,-1.0304658954447152,-1.387501784550844,-0.32099146327978256,0.02031074606941835,2.8633768050584254,-0.3539519149446721,0.0413167599717118,0.2674580994391613,1.1458668360804727,2.205667806475499,-1.4989212142083426,-0.8455041726830612,0.43326472684211953,1.3309789539105796,0.9038433123630412,0.8304714911748458,-0.05572873513102394,2.4960925907094924,2.8524700027517484,0.2570687211070023,0.7268187632524876,1.6737475996068145,1.8068669539472273,1.660406092589465,2.507889887468458,0.137457401766536,-0.08818568232341029,1.957067238136576,-1.6282343182099266,0.5085452735242095,-0.7220304368702433,-1.4322878228843092,1.9911039941354631,-0.40178537757111743,0.9085081064247695,-1.4399505289659809,1.33179681060837,0.33779120492650405,0.9217877738996858,-0.26135864079905785,0.00600644007272047,0.6072278981146784,2.227961008178126,0.043519393956618135,0.19600856086229743,1.1304202728493853,1.4191369336313335,0.5198841831635093,0.6689287898760561,1.8212965964225951,-0.4988104376126971,0.5148103094547176,-1.080367656778631,1.6656856805824776,-1.5744438990641638,-0.8305520944100302,-0.054684332793195956,1.8960525540132203,-0.1883934521213116,-0.9782658844011185,1.6554067442877198,-0.5452280835188327,-3.075637604843324,0.44900606503299745,0.5660408530906682,-2.0973403328608446,0.4637603999168304,-0.01367929840656601,-1.1466271167104853,-1.8638237524303882,1.613699647125606,1.0463001806962897,0.1620750725507476,2.6451059622220745,-1.1247482879312287,-1.7671894550513678,1.2173965018446506,-0.018161923855757156,3.05701245583955,-0.39900804224988407,0.6336604343454169,-2.217585717334243,1.2017897442644623,0.7221825988753622,1.5259773352328976,0.2509588455454504,1.574714854522356,-0.11540897559612429,-0.5914580896885582,0.7107760071108216,1.9541017284333708,1.4169315471605843,-0.03081205830952849,0.8681251356530986,1.6274751408519779,-0.8551828323144508,0.8660267676320683,1.618958673611417,-1.7465761949900147,0.9567787260564826,1.6750223500318018,-0.20794089492093282,-1.6115849351964595,-0.08165030911484888,-1.1534700714393828,-1.2159805747201657,-1.999530993062153,-1.3772850682423756,2.560978983844957,2.508983932772153,0.5964776576860369,-1.2326362761175127,-2.412224353660158,0.13985055915790823,-1.987329408436158,2.336519815688897,1.648483025346179,1.099010075312436,-0.9831635963690266,-0.8780911626595924,-2.8058183690884433,-0.07339534186915822,-0.3562676281762023,-0.11424561488940022,0.02334395312794052,1.0426332761099384,0.7592534281175365,0.15576377672643893,1.2089510520504216,0.7964788041680314,0.01686156508643244,0.7560065422591333,-1.958271345549301,-0.08345001103500671,0.6427956872782284,1.0364036137815469,-0.32623993803855517,0.8152300453957537,-0.9993257563125477,1.3913734625097032,0.4015127282808919,2.1275325974435018,-1.5365219667618266,1.6611408941113155,0.35949670796067323,-1.9646925351471634,-0.1631175402973174,0.795590385511374,1.249252523770633,-0.5096777855593637,-0.22904794029247458,-1.2227470934092188,2.4810509258123163,0.9205580945857361,0.5089247283142341,-2.3937836858490025,0.7073568220536786,2.741617164827539,-2.3491364282787686,-0.6694876147573117,-0.9482208494961719,0.1952342606493641,0.490391833490121,-1.2723569093967155,1.2500953487737674,-1.4649763175570594,-1.8537424612472404,1.8438514052074484,1.4526839911504053,2.0989087102852806,-0.8490836166960929,1.285053071726539,-0.3898934967707742,-0.09204359757326941,-1.1940516886964134,-0.6761610204771256,-0.9296739683254187,1.7389423571443294,1.505953433016927,-1.7374943519859694,-0.4055019153815385,0.2852136872771897,-0.15141901426807441,-0.5823810971734938,-0.30683199526688876,1.6261354439872855,1.7493389840731386,2.272400281928016,-0.2420400491118694,0.2732659213823222,-3.6941471900968956,1.0234463761744774,-0.33243252903079823,-1.8021468976939334,0.5398617857925726,-1.7715542469952574,2.343189929341406,-1.0460861143203843,-0.8692749088230524,1.8930382520868654,0.9797250973979514,1.4757466196255022,-1.0153153425498935,0.12625273415167104,-0.3300253875179653,-1.81081575217277,1.4874149375772217,2.3447197922067176,0.3172440164506995,-1.5709350474792436,-0.2561811553272251,0.3399571343230582,1.3897297145368759,-0.9719957700679014,0.5585059736902513,0.9787367072642704,-0.018199513862322013,0.07506520658539084,-0.5204531675685723,-1.8090348904335911,1.3241945083772049,0.4007056702839218,0.17331550961841227,0.20802873340704253,0.30801346323921713,-0.27817556493160034,-1.942100453903143,0.12534741232066632,-0.16256820217010523,0.7999890868205717,-3.7131430739951754,2.796380898540058,-1.1655402830349992,0.8856343136539723,-1.7263159057841535,-0.15497108887537503,0.8907173858447577,-0.20159174208234287,2.06044923899885,-1.4978018163505695,-0.3700138373610482,-0.13567744539201118,1.6929106617532377,-0.6879673334556692,-0.920963384487958,2.5687683956798657,-1.3763998907216881,0.7875551526044013,0.14927771490278574,1.092400689299708,1.4033296432513933,0.7518332098342728,0.10271355540967059,1.5959238895343506,-2.044536886680021,-0.46268979850897496,-0.34544737843615325,-0.2623756611769998,-0.2645354870858671,-0.20199771395889715,-1.3674622966697423,1.7889017736002144,-0.9716742011404453,-1.7187811472509265,0.36790104493045095,0.8422268818673213,-1.4735725302618077,0.586100801376493,1.6867422645705559,0.8153187731624066,1.1608822531843483,-1.771473610485438,0.32916721154277434,-0.5196323082143778,-0.3643886818391684,-1.0690268166307093,-1.6982835678271115,3.030876273609083,0.48582324254091325,-0.15777615426986946,-2.876049984119586;-2.256401512021023,-0.9398501666028748,1.9988586967153146,2.813129287679884,-0.5136436316866823,1.4826090257110374,1.1769820300068905,-0.5734711365921523,-0.931260711711668,2.1469982529506964,-0.4139297363947119,-1.2898605919208161,-0.2824045517737803,2.442564368670386,0.3219220166843268,0.21483797173065136;0.8397040171634478,1.0725689918201333,0.9016346030667021,-0.5915510600524887,-1.5554529812171378,-1.0921800304817668,-1.7624120231767404,1.433540661127568,-1.7733887353476685,1.3194734422266277,0.003941058205204573,1.5098508199661211,1.293977523541133,1.7645740882980405,1.9133936385284434,-3.41600730624434,-2.1334489769984386,2.3128451074894962,-0.534171515766734,-0.6261032957766806,0.1304809254324557,-0.9391666151405902,-0.5239564209612012,-0.7630230317655785,-0.582292905598996,0.3754436973093495,-1.340732275730957,0.41842403456270894,0.13313314032848977,0.7781850157968822,-0.11327797083438201,2.0840794598488457,1.01466701565698,-0.10341997141155984,-0.010261690634716436,0.7208305905958086,0.5463706394140975,-0.3619326525214852,-0.0036181542876528236,-1.8104926665387597,-0.706488579904235,2.7163412140350687,-0.5389465601295768,-0.7645320626663478,1.0047125002231088,1.621015758338556,-2.5099575255255786,-0.15797281372999628,0.4784387541622562,-0.11053476261566932,-1.7474811963478878,2.0906465429437517,-2.373824718816599,1.6708227077698576,0.879623622443652,2.314943648683046,0.4202797679029233,-1.6928804275813851,-0.7181305214848978,-0.33300168929755425,0.15452274967983815,2.964351980751275,0.2718766010698872,-2.3009327537591644,-0.3869006334461741,2.218124670342059,-1.194336035327515,0.7759394371712683,2.1837858422570364,-1.0609317425914861,0.4873954624720007,2.9160140919879045,-1.373526646364612,0.1512772872936241,-0.8805520096282939,-2.428164653070037,-1.6716654866296436,-2.171299136377283,0.07906316355342,-1.5010386790163754,0.5390253026359715,-2.2093686596328577,1.2068968610233983,2.436045264386029,-1.6329656314313845,1.0046922321202414,0.6666199314295359,-1.510705409541617,1.6307396283145823,-0.2305433493716651,0.16564500253009684,0.5449171642078346,-0.04327526282668992,-0.36307180711344855,1.1036266618349255,-0.4410656991454561,0.30306516791968596,0.035270724424292244,-1.66968902727575,0.3571729950939624,-2.0035698028288387,2.719775038576534,0.5176036556455833,0.9282482344657633,-2.1490040160567054,-0.3649834286618464,0.1746541485401558,0.03117791523181907,2.832748557795643,0.6057198407688914,0.04349434480701647,0.7533274461865413,-0.8804123095330599,0.044830664983894875,-0.7593581766526896,1.1720017761714536,-0.22412237256605097,-2.2621553813392454,-2.1895859269090634,0.7959000890902553,-1.9219514091218959,-1.4192636399940135,0.5297140116972527,2.324421885948417,-0.14649696956995906,0.6403877681624579,-0.1423134309773801,0.08367599531803725,1.0483358549028952,-0.6216879972986444,-0.38193624040680174,-0.28157912443601796,-0.715184340590087,1.4592298407212962,0.001922937138670311,-0.33105194684401695,1.2371148405376333,-1.169761639905824,0.39653791402479266,-1.2008000369831222,0.872211365332759,0.5677937155443685,-0.24290180997999733,0.6078868186985051,1.143164304901722,0.015080536431330227,-0.831337774972304,-2.2231381232271756,-2.3163307608854833,-0.9466162855254285,-1.6335326452433236,-0.1578163186767735,-1.5427307887333968,-0.9727624758634419,-0.7241579776797306,-0.3285149407236678,-0.3275355489924172,-2.113155924208438,-1.8995047058234182,0.7563880284819852;1.0191293189534958,0.7405573721148238,1.455077913521947,1.063764660173536,-0.37782588292228153,1.8555289443129948,-0.6040021763810713,0.21349796120822656,-0.31529236097088476,-1.1399337064146353"
9,0.11767444889051887,"0.1747829246374527,0.4208190296370927,-0.08162882849848274,0.7630340040156797,-0.6975149589090982,-0.008061769298856325,3.1447764196214782,0.4492409634059747,-1.3533184120242243,1.318663003072876,-0.04286538173159682,-1.2563739830085554,-0.42807221479043905,-1.6776738018407116,-2.201040477352117,0.43357505002696517,-1.3887006882588138,2.0442294995797985,-0.6144013977598539,-0.9021002037900837,1.057722856542379,-0.4072606713201254,-0.31613512029796986,0.01304040062028533,-0.5916062024061879,-1.2751557049315918,-0.7933821818545427,0.2968032496676094,-0.699304646816469,-0.7034955322569882,-1.3336617373253903,2.06984380634387,-1.344438334178058,-1.1046722848712798,1.219469516933227,-1.7517995386032506,-0.6110160609194076,-2.7060131472576767,-2.5910210217139804,1.505496484009882,2.403800110651691,-0.6934888696491409,1.8304390625242721,0.6460434312849969,-1.2233277500784907,-0.5439243793802873,1.028916567637084,0.991039473103945,0.23193894915834834,-0.4124139081301607,-0.17617156364849884,-1.0719957139612093,-1.06374919996864,-0.08875388835677978,0.9217415613216672,0.5624307523101127,-0.33959349122400406,2.0966718757752574,1.8273890607951984,0.8193580357421508,-0.49624518963086584,0.9748612426900676,-1.5296926124738683,-0.5265697946452816,0.16136974792640574,0.4712804181883171,-0.3799355631506084,0.2883316995668608,-0.961551013895924,-0.5961748161333468,-1.0585040479153895,1.3811480630148336,0.410417626962179,1.5480737301462586,-2.7585823023082647,-1.4052372895605552,0.6348492821980678,-0.45908583167627415,-0.6433164278561642,-3.4464682407140526,0.9163769991769339,0.7587921967166226,4.028323571444155,0.9407165318606578,-0.48800450704400894,-0.8102875989155988,1.0848876324297683,1.0218502996072014,-1.709079929950836,2.0511164936477826,0.0945367394443456,1.3291093131734686,-0.9228310666533037,-0.13268425711320886,-0.7488619375315344,-1.941150015886118,1.3565014746395776,0.6148400308837794,-0.9485893957203866,0.06687153217698863,-0.29950266715345375,-1.009292231540343,-0.35439964632532245,-1.686019346999974,-0.009387287642243572,1.4867552502310928,2.79175148004189,-1.2812857624111613,-0.36724466274654255,-0.21461844429563603,-0.7532633839924413,-0.6461755061288641,-2.5004280729840835,2.250480078213878,-0.5677862661243468,0.43896453611806335,0.3753101476860514,-2.5363890208517446,0.4887069841631534,-0.255640871846123,0.37352263775360517,-0.6349773288183608,-0.20205702328350958,-2.217893644981684,2.0656299283291384,2.446586063793637,0.47717188107098074,-0.5589629258792642,0.7331445583232319,-0.689505986712408,-1.3959246170699449,1.160551851853656,-1.7501467964180932,1.1312660337908438,-2.9466118509521975,2.404405484973612,-0.5449639136492486,-0.2775695168086093,-0.24469024355588787,-2.00399760978907,0.3677469459924551,2.653051333124572,-1.6389321559074728,0.5286591386787314,0.4750433169767346,0.9724854188558664,-0.9441016706707519,-1.5449888237831668,-0.11971757008242355,0.3571202079477601,1.0217169920139653,0.6544926518877969,-1.5672315647410193,0.2124196816249422,0.12179233910440068,-0.7850841810433562,1.2127654631958578,-0.5074561676201695,-0.15869343143574577,-0.6117857395725119,0.8523635917645476,1.121064567100809,3.0841203981234067,-2.0174271585318797,0.3134032908924542,0.8283619339020672,0.688485928729509,2.3773516172146003,-0.2873324273268633,-2.154189512487462,-1.868741374306287,-0.3856356026870571,1.1172526293474272,1.1597081582707394,-0.13260888455695746,0.241994620805982,-1.8953733121833711,1.5243566331142246,-0.09808343448994056,1.3057016001348276,0.7965408175874331,-0.6121537694443747,0.4229097971324938,1.9549143422215236,0.6342057592527132,2.4454323499483737,0.9541332797056841,1.8046555850972728,0.7195463256111181,-1.411591517508466,1.0767387119965877,0.3583735366616855,1.0699542539826055,-2.0098601277756405,1.7030157044949137,-0.5514094659417436,-0.48968832209369406,-1.4831479441602289,0.027864720812323718,-3.186091386177768,1.4955305383493043,-1.0107333107722876,2.696285553289951,-0.5646602377918947,-1.093244244328413,-1.074813468529745,1.120727976806919,1.0559199061862599,0.325950108178491,3.6024062854327363,1.0937586450156405,1.9498556688377182,0.9455405454345249,0.26911403744447654,0.13953941317953752,0.8749438918707875,-1.6263825341910547,0.2792377119346847,2.014403428259258,0.01088974398073761,3.388128233709278,-0.5890697671288632,0.7453153496756849,-1.2126793805767861,0.09086872831810294,0.04429672731689771,-0.37852067984834603,-1.1189262370414292,-1.6153282916523373,-0.27018761755954535,-1.7155502759763386,1.3222989611439213,-0.8822640336788314,0.03723121280220899,3.0388036059307058,2.8364730016688906,-2.7768559356148437,-0.9558906941510059,0.7856875312373011,1.001033458038991,0.2922728022349739,1.6528771954756503,0.46871581848784594,1.5439415223094168,-2.7068231847768813,-1.3237796900413796,-0.8050040553099915,-1.174099095381263,2.8960862497873703,1.6597304000765418,-1.1710517176246331,1.0634397830483926,2.3634445683891934,0.7736583580172455,-0.6761258619984696,1.450141107259982,-0.2371548398585985,0.6704539377996638,-2.3541852831250205,-0.07256531081433121,-1.175260390627034,0.2211400869907683,-4.194088942003633,-0.2665047212953945,0.5920974641578995,-1.6130205464558742,0.3705119128328447,0.5617333999582684,-1.5442334223210747,0.223741008006551,2.349491050558493,-2.2418609964177714,2.01458879522102,-0.3579568292233808,-1.2625346112317204,0.47950126858746767,-0.0955737756989089,-0.48868134959552495,0.5260788831995231,-0.5012792458710095,-0.7225559627457026,1.2967213575025371,1.3348172334019879,-2.5253500328649165,1.9417719782397382,-1.8902146341878252,0.02916408309022142,1.5503060449956785,2.2541881340171934,0.6656196273408334,0.3511984944756331,0.8942885891288921,0.5700259556512259,-0.9336369895495374,-1.161974438281156,-1.764624494721517,0.9156628552346869,-0.587756536314698,-0.8703075037526891,-0.0020910422164093223,-2.5669698101272047,0.6497371334811357,1.414893339210236,1.183800750571351,-0.696676678468932,0.8669275037118587,0.9236110079733617,-0.02581296970897795,1.160696245012553,-1.633805800772282,-0.292152432317707,0.9603469057400456,1.3003096291325802,2.351233180691155,1.9125751395786152,-0.09669982607452707,0.04987605731351277,-0.24406600191443667,0.09390271368422026,1.2427863531005379,-1.474693991887535,0.17875578551924295,-1.8121492759657627,1.6717255985934396,-0.09205094421995175,-1.572783364585336,-2.2182063692386484,0.3075786063867544,1.378432407786231,0.18565548504778442,-0.04293231348473375,-0.9422640887804973,0.5320022075451668,-1.7457359943563517,1.938750648587346,0.2577115724879645,2.196314728964099,-0.20362813014958753,0.16433489958891556,0.2490214082157572,-2.11417731655343,-0.4872336245192901,0.18769559093652216,-1.1565880895110303,0.181916476533516,-1.0969922446477665,-1.1283029735660168,-3.7875076247142014,-0.8392797473934581,-1.2088193771619444,0.3634566923067132,1.3342013198367468,1.090122269104981,-0.14367483183434498,0.5076015058195633,-0.19083491558383545,-1.8755985055879796,0.6800404864643808,0.7127192523672167,-1.5875861008358876,0.5535593140756225,0.9331651956719182,0.03860430584845753,1.8557932545203164,0.12515869749017944,-1.229102802851408,0.08641694468621536,0.22145769931937995,0.777285811861259,-1.2642312295003073,0.44445546005663783,0.4974367622629052,0.81861185282773,-0.29442058691098943,3.654642381580624,0.6063299632246003,2.3703294071431666,-0.3016507825434621,1.6453877318648495,0.047269320655234426,-1.5501797363639238,-0.18732259978505522,-1.733877086279288,-0.47618379560162105,-0.9855275034017825,0.46500005839573777,-0.7751015411466391,2.34687801458557,0.9443364726644268,-1.8864948642652273,1.0976563006313234,0.7112799622193726,-1.182236113817982,1.1573444420875791,0.26315316863615845,0.5836025864048379,-0.6579896026317442,-1.2578531195393219,-0.06148286824903537,1.3280316453633783,-0.5242572701730981,-0.22722400283495703,-0.17350191108382715,0.3137485879252586,-2.2488952157852307,-0.023404015007723728,-1.0264143982425278,0.31224746866587455,0.38567388714138917,-1.0496292477151994,-0.9966223206196676,0.17232377641928298,-1.448136213484803,-0.48645687092921347,1.156819983752551,-0.4813625693779905,2.494352587346953,1.2687703080420878,2.8173429417495752,-0.3074779548108426,3.7343629826778457,2.632744125222871,-0.12937735630020736,0.8226933423514214,1.6789103926123243,0.8745317128237076,-1.3387877966175907,0.8882057036067128,-0.08260915174264316,-1.1367884260191983,-1.4509175595673252,-0.5493689321647601,-0.9944161593954163,3.099613940510176,1.9424467971264099,1.0046127346456168,2.024239762907357,-1.3407773586628808,-1.6389016613853886,-1.423483766744329,-2.035157339953665,1.3536474529236064,-2.6493042907104076,1.6811454438459594,-1.4888480612309565,2.9167892101852315,0.7260741821165746,-1.8605208373246103,-0.8888799413275573,-1.2809584653160262,-0.37239581625766627,-0.18527846539564213,-1.5122689592890914,-1.6096763068817872,-1.2722059989468493,-2.1268492310328058,0.7544788162255354,-1.4268762267236568,-1.0627782185230679,-1.5121435934685918,2.932288245787791,0.12731816062754603,-0.002488491574116347,0.5753637797418301,1.986397660256395,1.176547758580837,0.42620242910250333,0.3721130656394937,-0.37002252591393914,-0.4903819161658978,0.5633708139189508,-4.891149157772755,-1.878811457300353,3.6280598209320267,1.762233698224759,1.515386264847992,1.159149801403032,0.1620264817020759,1.475184068944942,0.12411123877175133,-1.012664186111917,-1.816069718368231,-0.4702719043310519,-0.4484838872716373,-1.7786980318732277,-0.6794167229883836,-1.4899079454681643,-0.24146927129848492,2.216196538086078,1.1758652688050628,0.057957007288184426,0.539102771149437,0.5316569039523752,-1.7117065150607402,0.6799212833605025,0.34337261873114633,-0.13822920108646108,-1.3921655106728326,-1.4814994021513954,-1.4801366136870908,0.2618156138104355,1.2313192961197823,-0.3364369172215288,0.6500446672999691,0.032277211318628825,1.0103938786905877,-1.4244790628870287,-0.6553660167556485,-1.7556206686192313,-1.8865118445567148,0.23609086075657343,0.7968250325329438,2.5543784601910597,-1.0262896684621212,-2.027477489978652,0.018579709587308563,0.5216046802754603,-2.2512899200676575,-0.9969236945057689,1.8311487886746054,-0.7716016254734814,1.7137590607303932,-0.2456308771209857,1.6327238924759078,-1.4617560508214105,-1.4849709819929855,-1.5602902723242695,0.36674538493659015,-0.617495453901214,1.0731610573301356,0.7753241334389692,-1.4034434827821647,1.8337294365086585,-2.7605369071057653,-2.719632177350749,1.2587143307970903,-1.7766194406177263,0.3240113224161586,0.3537676065537224,-0.6596398640652845,1.2814680826759839,-0.5185332397699997,-0.6505548358969608,1.2344563336098928,-1.5253361445318254,-0.013992498400220321,1.154649506131633,-0.5547325275042931,0.21059311862003166,0.6768989330592277,1.559402981905801,1.8758352641277587,1.1417108924714758,1.4251398938010542,0.8957195545137164,0.5988191477119957,-0.3059344739896148,0.5113913161387404,0.684158546612049,1.0295528035625365,1.1087026865957443,1.0199712586179954,0.3487040021358886,-0.24441030441026618,1.6595997711708987,-0.3914407769866174,-1.3450107138525944,-2.0669991982077414,-1.3186376567886289,-1.4927376362553602,2.2370656322569458,2.551415426480808,-0.6771606006877972,-0.6024276575339694,-0.2811541381021026,-2.099423550062821,1.095382035174006,-0.46288385968759066,-1.9708384743818161,2.185758423429898,-0.24051870292333757,-0.4833762680650423,0.024698049731402466,3.2076674502438474,-0.9071271326613468,1.056713718378315,-1.2954332890443392,-1.663444116390322,1.2281723861970977,-0.8287810612346072,-1.2951854527130275,-2.0202572780068926,-0.34897359203407285,-0.8727661289115334,1.5697620075166938,-1.070373662048861,0.20548725544194457,-1.2286024543320755,0.48163902541905484,-0.5201558954399844,0.8369366114971992,-1.3291144136649469,-0.5412052072942777,2.7912732030778584,0.025726204918498974,0.9745736874057884,-1.0302819243193384,-2.0453175394193566,-2.4140933542090584,1.3164124657483383,0.9754735052724494,-0.45068343533205213,1.5005292615431824,-2.1894469135256323,2.398842219314394,-0.9950586921069333,-1.2768777536941929,0.629648855523381,-0.5864737516422401,0.9681823546630851,-0.5206401537470162,0.6956914075310796,2.255037536044252,1.1116404221891436,1.4132721671326227,0.6839859285791902,-2.075413435894599,-1.2702599210856418,0.43269025897270386,1.8867208256543058,-1.7094214407314778,1.2067390833175633,-1.1667177125095547,-0.7964386099662296,-1.3769254914179445,-2.609061555247271,0.08331085632130936,0.8855987817142126,-0.4926742554118593,-1.204619449343426,0.6843560315159173,1.4925258189002495,-0.1137491364877854,-1.0305374489906438,-0.3418435004005557,1.2811682568385863,-2.669708937873801,-0.9781768058610579,-0.1957612546853718,1.260542822372486,2.889975998992597,-0.23888906143191868,0.6360403769201946,-1.0228296396754015,2.064948663855779,-0.6420380414620326,1.667383714671331,0.6172683561212715,0.4653239043709371,-0.7025774918551452,-1.8793919155014915,-0.4845523464111212,1.4924921521433223,0.6922979796333819,-0.5097530676553569,-0.2679027294039078,0.05021008752874967,1.7955109914430725,-2.9169446070631744,0.9928147171140618,1.598460503549385,-2.70980496615828,-0.3639670329450796,-1.8412122883581152,-1.4284698913094318,-0.5578020640039298,1.2169655745676207,1.4923360271949937,0.21050217289811635,2.2947917052248923,0.050219895203097636,-0.1421952273781567,-2.989035257487529,2.748801170077201,0.2969769048839098,-0.49597033765109744,1.2328469113711649,1.0628742117207817,1.001113403772444,0.18579692253841174,-0.3850328174717462,1.0172281157591863,-1.6729009731917373,-1.5359424386806717,0.6066279172561205,-0.1717519491329696,-0.5801493758528872,-1.795747590531051,1.0984955590713368,-1.3528096847156992,-0.3848191183545364,0.602696735379885,-0.7090476519622757,-1.4227538814242078,-0.5737291996139797,-0.7442472779570581,-1.6891275170870126,2.5929934812802955,-3.5096398086103893,1.1437845236549533,1.3968795934584568,0.932995202155255,-0.9998146234125898,0.8468611932029937,-1.4894499113874344,0.7821417835591098,0.8646318468313681,1.0461986957361067,0.042748479433628805,0.03848057501977349,-1.4853326057442149,-1.7067634608621098,-0.30796346971478494,1.415039265749897,-0.14087738433538183,0.557375306546476,-0.5501772032123909,0.28918983427084954,-1.1171140578288663,-0.05271259014150105,1.1209339778311895,-0.8169855035509159,0.2380871010877862,-0.5807864136945329,2.0461404116316784,0.08362588549464067,-0.5957644117449796,1.518333429996619,1.1520189616641807,3.3007592388050195,0.6552430471550814,-1.8321258396663782,-1.8945741983565108,0.17073399924831262,0.38366159905006963,-2.2034176598002944,-0.55323940561859,-1.3592336660681337,0.03167641784455433,-0.8627551568941312,-1.494197265845636,-1.932417129236284,-0.8677385001104237,2.803619040765992,0.4270181387454962,3.4011765619748213,-0.48481939985701455,0.3828765567998168,-1.2335903272943347,1.2170384685602393,-2.1904970435121944,0.9090220701803768,4.238485127478281,1.4059601511380209,-0.5166080785401782,-1.2344340269072605,-0.16403315594092033,0.7437111767291243,-1.3330731048238227,1.4930698996703002,0.6161325668694824,-1.2064352049584353,0.15957022774691235,2.011527401127652,0.26843310071339843,-1.8635393688848556,0.8160325364211147,0.3780986158738814,0.011310713227295238,-0.63683013295716,0.27649519520908533,-1.796466235926798,0.12791272685248078,1.2301550483851655,1.0580559121594546,1.6106454053385242,0.2775181533948041,-0.13794401514967627,0.913388115560307,-2.4124451054726737,0.7818284701714249,-0.21055502533880716,-0.33690320834758214,-2.0379131049372905,-1.7312898271193329,0.10366724867522056,2.0359061635053557,0.9857805137884036,1.9960903796791232,0.09344549135427244,0.25651553769160784,-0.014471240768055837,0.6717805016046108,0.3125525975045336,1.0336968363489634,-0.04242319030954117,-0.14338318511735929,-0.09029254926327931,0.08772208486598075,-1.1562057624202602,2.6249084044413182,-1.6743631905515808,3.015959899044274,0.2367900008638415,1.298078452472369,-2.1853486075043747,1.2867873893647777,0.6889446963077257,1.6043141688545126,2.403549329066065,0.17191851548666115,2.274845392049357,2.24367818075092,0.7522001061331081,0.5921866365906094,0.467561534773738,1.211364172610549,-1.113259894707038,-0.3755114683633425,0.04396251778723548,0.3403510828050726,0.13591294907986307,-2.8735179529613433,-1.223366541668177,-1.2125495008849354,-1.0440551662277238,1.49431992605287,-0.8457757761399465,0.6639114631339783,-2.4166826953820664,0.765286235953932,0.21777143329293844,-1.2162596267193886,0.26585991056469127,1.2491653804659104,-0.9951847918536217,0.7363606877029176,3.220506996226464,0.691347907772263,-0.7342934576823354,1.010709026499808,-0.36725692868813964,-0.40052699142259174,2.4614027672716627,3.2509317048323654,0.2626903242435883,-1.2984418880641764,0.6098249468997808,0.14492746119927455,-1.3074835055607856,1.8383625587196502,-1.6335543908804058,0.9501450856456364,2.0432997419578656,-1.4213316535481342,-1.0631515825001545,-0.2929750180759768,0.5703690835187337,-0.2690081827656272,1.6715632924078914,0.789715563213832,-0.27747077305747225,-1.539452657428128,0.02746803460767322,0.03225539116958169,2.281736434761381,-0.5268889021112866,0.2516226440444138,-0.3723560380689961,0.8041201427853992,2.7432824608125568,-0.8682163622646766,-0.9114805388199003,0.17711401053523643,1.460262421187743,0.705703783372085,0.9758499251857047,0.5561894591823384,2.065983626028866,1.9924287912503285,0.31722054906712605,-0.8294169902154852,1.4351516588646467,1.6649141789379343,1.414577960306836,1.4583189109093628,0.3204666679795017,-0.6386554597400207,2.074777557828629,-2.8655478992600814,-0.10998065408690988,-0.7376175695606693,-1.1495619723997546,2.0402509137403007,0.49041542379272673,0.27348398084507913,-1.1636053607393861,1.898723526448958,1.3961006571758006,1.5390110269152197,0.6557968813997618,-1.1316441821374432,-0.21509271234310534,2.0203709492213084,-0.7799401621634705,0.198550507451533,2.0042326334646727,0.705855313238499,-0.10882195992754268,1.6829025484349993,1.345764981404008,-0.5191198212716158,0.7470677930006461,-2.044615373381466,0.9085730926882541,-0.8809645164939398,-0.058154675094849326,-0.22421924262002435,0.9852239726521281,-0.1273742484757667,-0.6710698298796065,0.796959920221603,-1.2304931236258314,-3.0368298587730083,-0.6465777921021014,-0.13422756224872245,-0.7650998182114492,1.6758392724284823,-1.3451158277858961,-0.42855669342648184,-1.625356048538961,2.011220109347743,0.6937797578208027,0.025703661794460528,2.192507844174162,-0.4962043468741144,-2.8602644867898066,-0.5813029507683655,-1.3498800001835143,2.6309717088581728,0.15729446610734776,0.07976893792393153,-1.7785830976069414,0.3505435212566853,-0.01677815618129471,1.838497566243767,0.414929951428759,1.145517047554228,0.13987345681536545,-0.5384792007067318,0.7071235923575816,1.3957777210952975,1.1746578314862448,0.14633279753982753,0.5256503635406528,1.803205725999602,-0.3070069691444527,2.490383089259666,0.7993675608033676,-2.294220872600883,1.2087651643724389,1.8599990274307083,0.07705599422168175,-0.7635466675442486,0.04452094662050504,-1.5728260036261956,0.6115969957616647,-2.2048231047071583,-1.5921249057840856,2.0429029294271643,1.4678024646184673,0.9052568140813289,-0.8831946379932045,-1.6389720954425566,0.9887697527731221,-2.7080580709249666,2.9601647158106137,1.3530392528630244,0.6684615030646515,0.20844981373538218,-2.0338701329758093,-3.3471962372400035,-0.6566141517130133,0.2295785224068364,-0.2608835320163322,0.7767909918688725,1.9826504292245755,1.1923693879885073,0.017767390956091582,1.9192768108904041,0.6420488392993964,-0.17095365284430797,0.6577209111305514,-0.38617551445124876,0.21429356126301502,0.004677786100995507,1.3184026481409856,-0.791444455530108,0.5197784417234035,-0.7946201774661186,0.8112972781957074,0.8110843952469853,2.6906762528217985,-0.9390355219134657,1.437419202402757,-0.10582431077503757,-1.1490402437950382,0.3690373656892429,1.4762801998750035,0.23904987751111706,-0.24769343378617475,-0.06249749137624183,-0.21529738776045348,1.7821425130449404,0.7351701975510092,0.11319170345250104,-1.30304787556276,1.503855607431504,2.21537948534788,-2.9199652747154747,-1.5893698864339108,-0.4462575589418452,0.17072034870937783,-1.1138358631302234,-1.5018266716140425,0.3044888439017377,-1.1761836479354577,-1.4281766829716591,1.6960441724928144,0.5020828738885703,2.9515403596306284,-0.37261811292248237,1.8065661882260193,0.4140277311553129,-0.5355259905923142,0.4435247027382452,-0.5029176458855251,-0.5136144601468664,1.910214722494989,1.4574930153676007,-1.726624368303124,-0.37025194697572594,0.8210685087336941,0.2101556868014121,-0.7193131219795973,-0.5523716556595994,1.3939411511589377,1.5612010095612756,1.8941956618929872,0.39832313611573755,1.08101649183794,-3.360932423266161,0.8308483488465527,-1.0617490216881371,-0.8016390379818451,-0.021556328669138536,-2.4185307217770604,2.2794651750890433,-0.9220586512926134,-0.47438649536840427,1.804698026551376,1.3678921888979216,1.4355960515256347,-1.0388675534635365,0.11114265137420772,-0.1533355839874958,-1.1356382928974091,1.1472823594562378,0.7605965389936673,0.4381789184995627,-1.245080046529308,-0.912421608358748,0.9163912133126065,0.9869576721387312,-0.28821037066255517,0.7871620047996002,1.5881268243290532,0.24140548115088784,-0.8445472574848658,-1.1597443581573843,-0.6438165649017304,1.3308881852461605,1.2032257584834536,0.6221988696367701,1.0333441241972792,0.5582212890850049,-0.6598875440444048,-1.43808290206045,0.6135391447702401,-0.4400330145288807,0.5406653842440715,-4.337262211929024,2.657571921314078,-1.4255332076830296,1.2274893630438997,-1.4293937277854514,-0.8934027786810788,1.2184012439519822,-0.49971993158963723,1.795154771974524,-1.9700693496093105,-1.1716031564560163,0.8700674466874431,1.773008503303315,-0.3952812585602156,-0.6329426805229394,2.516640667425727,-1.3844349394041577,1.7871260508747036,-0.21341068632220445,0.43278389070338474,2.5569420490025863,1.372925956688553,-0.5811594841412591,0.43217721994643077,-1.8257801545249908,-0.3026121842577082,-0.693764763364915,-0.10286722639272139,0.14860006137392945,-0.7704230633117481,-1.478053735504108,1.316811951097008,-0.3838352445749127,-1.2522196103178,1.7294639442895667,0.05437586165076769,-2.0041221953357495,0.35879581231602353,1.1084217854295004,1.4234348312923015,0.4660892398799909,-0.9834833980535761,-0.5623919413985046,0.1983651460757016,0.6378056347420831,-1.1308359172690856,-0.7411654401240435,2.8232359096749815,0.014069470853667554,-1.2523736521992168,-2.9231317138322144;-1.6925473924838443,-1.279647977244405,0.8161977869544068,2.8019544922245725,-0.74786237236548,0.4817214450845846,0.8890022806530186,0.1886005310553358,-1.7255826608742628,2.072556913027268,-1.2120367739837345,-1.6682904281630755,1.057000925377321,3.1922404603114103,0.6845017597116337,0.06881905360796749;0.5207442808090236,1.4691906912598176,1.1701334354406998,-0.9411137679120777,-1.274653147306946,-1.1656040003030934,-1.6588058953060731,1.0699600041593202,-1.4961810864680634,-0.19413400286544413,0.5447035345256619,0.9253425805904765,0.5408053277083661,1.7242268365304718,1.612203772703465,-3.5668320986445314,-2.170432751779269,1.0235100935560184,-0.0364232728687017,-1.1719736553790647,0.9580122431933293,-0.11933861216311448,-1.3180611172516428,-0.4227464411316407,-0.8085842346809881,0.4127065391838236,-0.8817606130360534,0.6625030432317647,-0.3968228220924941,1.9122718997314392,0.4207416078199435,1.0097996892015901,0.8676247139147243,-1.2789622381226624,0.9683860411834411,-0.8349458258030155,1.2104490276454016,0.6907388269479525,-0.4776021686070184,-0.7955433670951242,-1.1648825462914938,2.6294092373557474,0.23608866703180711,-0.7837079272723158,0.3746220526351567,1.4947414452538976,-1.520240650371829,1.2077242982682037,-0.304873144671933,-0.21821764563154178,-1.5453864357182825,2.1439374153544644,-2.6815680761726486,0.6090055856483954,1.0590422313661265,2.8129744316387684,-0.4239290756596446,-1.1080026748000216,-0.5805975490331072,-0.6099432997732158,-0.015864477121405818,1.8403614221140088,1.1207122687706788,-1.5115060799418947,0.17231934794078813,2.2623712092664348,-0.9814371165581278,1.3851603548991482,2.495585242746322,-1.2705445472381627,0.7968497121301295,2.7870056247090655,-1.0000613671410177,-0.0333116900425765,-1.5255686594696918,-1.468085674683814,-2.4225119769028813,-2.06749291663547,-0.25425348785718527,-1.0704970508996796,0.7076780364818012,-1.937825365591073,1.1733418067391717,2.515168570772872,-2.1476447831174648,0.6833551834477307,0.26319891260496764,-1.3449962256840762,0.9867678887473356,-1.2691578488812933,-0.5495924456201202,0.08560134437260077,0.4259982745096633,0.40694034685229896,0.5312712178680882,-1.1158082012439734,0.6844982969401384,-0.08247401616970382,-0.26310411713575516,0.13745008990434843,-0.9193699537122839,1.0106557823068878,0.7884923281888652,0.3459620238915222,-1.5987714644814077,-0.9055601901751177,-0.40701741681807935,0.3187878708125753,2.6881976371998735,-0.3813036656069498,-0.19961901410632402,-0.06786198743081356,-0.18230486473330276,0.42323865652103454,-1.641569816445091,1.5678918163156084,0.34151822108672825,-1.2102954859499795,-2.686061744999663,1.7073528595926966,-1.893760712545774,-1.8847890893568182,1.450702539389011,1.7956447190841451,0.3279118859989418,0.8555476165954533,0.20780258535260648,-0.2877380376696815,0.41971231323029745,0.48354779434386463,0.5151893889474228,-0.3250724212831826,-0.5671112465548223,1.9512861322731554,-0.5368456234744994,-0.7414447687391769,0.03715911310312758,-1.5363249466110243,-0.5066531091922383,-0.7323435836536778,1.7407354842095635,0.5741200030248408,0.041182404814987736,0.6444933167192999,1.1253105446875775,0.645804811384484,-1.0780861825068468,-1.7172493967778637,-2.972434030346732,-0.9674516030246079,-0.6562063785835915,0.38125740569409117,-1.851371552181196,-0.3243407681944407,0.5739679899919585,0.35472733917139354,-0.689335073451937,-2.372946318480156,-1.4787407983388106,0.2545160190228712;0.5066395683885493,1.98346398124683,2.4546454403221056,0.5078919120053753,-0.7033706632656431,1.9245167317536955,-0.23496431826862124,-0.1411341600115773,-0.44729874203086784,-1.3344734226055248"
10,0.11441035335072386,"0.09385786182899061,-0.4605410870966675,1.1646411990342898,0.8882101987922311,-1.4707577836162937,-0.47844886558727057,3.744143879472256,-0.023549159464858582,-0.7454552178833511,0.18061891831023694,-1.2499705229089582,-1.421386517183561,-0.26143584180272744,-2.2872463755194095,-2.555520520574463,0.4201929049246599,-0.7073633411320465,1.6496584668075545,-0.9609188390353003,-1.96069811792954,1.1870045703370529,-0.20936824636825496,-0.6328925500064018,-0.48290894511033006,-1.1428764740877235,0.027663897798338666,-2.0564344714922744,-0.6745206443566673,-1.030856444385762,0.3490769987017495,-1.4467468043446703,3.0268350503559343,-2.8632490287845256,-1.2494348724669055,1.008422334445695,-1.6955006609828858,-0.9950360177969466,-2.608796643487511,-2.500770299495248,1.1725397135621363,1.2436668384342449,0.24288452192888127,0.5190473402456687,0.6859161759702285,-0.8248655834753053,-0.47176502930315006,0.9557445274187286,0.6891916082150811,1.5143442641834564,-0.9631055288957409,1.7169748556633742,-1.827698264357332,-1.251893539155906,0.7409797760724851,0.28499440719734964,0.9727784105054773,-0.7821501983334297,1.9467767381064771,1.624402782821246,0.6562145112844459,0.051662865441456235,0.7185084021726789,-1.3877835780924834,-1.6211885883815351,-0.49920341781661737,0.34381422618430124,-1.1359162442385824,0.07307286458745277,-1.343325471585001,-0.733735447111463,-0.9042582040700535,1.1498208999812043,-0.0017376459327845331,1.5804146542426598,-3.487607758128145,-0.4599511281858518,0.6545679987081534,-0.7767593313677631,-0.5757406575556132,-4.024635192349629,0.7195926369079445,0.675967877633157,4.262652012950687,0.5450974681769357,-0.8646258697355913,-0.8309180073350018,1.5591788999201488,2.3076134768186707,-1.2610958209051042,1.3658437019986864,-0.44425235281359293,-0.01159537090903262,-1.3989456513486633,0.7339446081495806,0.04782117654728665,-1.623686427230732,1.5251710033986214,-0.43462622797109984,-0.8504398105839742,-0.03897277766401236,-2.230545555653445,0.5201036063502116,-0.9927401406390854,-1.5037307769780777,0.6691628267106506,0.8571990223993717,3.1341100601451815,-0.33002040607955313,-0.35503136013357817,0.15952633548321832,-0.7311885698925965,0.5175939521448225,-1.9466493781248104,0.5553775275029338,-0.06308985449771487,-0.019548853274694203,1.0651254130445527,-2.268327023603941,0.5321511367003102,-0.23276867086901892,1.4313063241465227,-0.6923176915683258,0.12193916290409294,-1.5167031565793356,1.2691517509910384,2.1625038789983275,-0.2695848080688258,-0.4153606457526141,0.6534942785590883,0.19219141970328069,-1.3014882272112984,0.4690156501252093,-1.1847911553772468,0.4304316667351137,-3.1846222622603033,2.185569602538167,1.056869055244516,-0.40705225534639833,-0.27070309941557524,-1.6287784370233314,0.17024202367470406,2.0679573297985905,-2.3794691645204824,0.46613771671216403,0.14476740651736436,0.27692095046020015,-1.6603894219025181,-2.1773791874445703,-0.0001022993503991404,-0.943507236699465,0.4023091254235307,-1.6422205770014093,-2.718569946378567,0.6485773228037731,-0.14186547254538195,0.10833459603443774,0.8015644341926441,0.1968385376761878,0.22515751553853314,0.10278072971487451,0.24484241242182164,1.158321774086175,2.900882347800166,-1.4300596313612814,0.2321948765824654,-0.18411751312470004,1.4656816635476875,3.3992201853376787,0.5874067019729197,-0.6511984305483998,-2.0364772012826617,-1.3776103082219078,1.2812544460671846,0.7584716200114426,0.5959247537152842,0.34757202795921877,-1.2441420601900397,1.470606796060201,0.19056565443346163,1.301093467585926,0.2845107062681282,-1.8021084536441183,0.738202347317681,1.8520758976965623,1.837058784120384,1.6624824026577278,1.4696327493382406,0.4384274458995133,-0.15202358331630567,-2.137549942947454,0.5641666695183472,0.859165582772206,2.0046128929189098,-2.3474580859897105,2.122066293027941,0.32409388303589726,0.02477774901510188,-1.1492116743288494,-0.19039400022259623,-2.238632897298604,1.0726824594270656,-0.7966411862354998,3.801328375415135,-0.3556464222430366,-0.28070989302206606,-1.500814702301631,1.730155717921864,1.1838406724171822,-1.1817392981426176,3.856800741241619,-0.1233773751228675,2.7379366277858077,1.4383540745206864,1.1977041383263989,-0.8487134842372813,0.14317775879550187,-0.6140231013861955,0.5585163858782136,1.198458111343358,-0.8504613125296314,1.9033679234969232,-1.169428853911309,-0.4950270700702964,-1.9740434502869966,0.07192395303503801,1.198894623126755,-0.5335837009509281,-0.48995037069129155,-1.3469042077808102,1.3047027929979576,-1.3324175941588632,0.7726188207118642,-1.3246985785041907,0.27644003030258624,2.450229680719842,2.213555688042421,-3.484241920150918,-1.8808376515225746,-0.153024914299688,2.013483785641073,0.2531978138686467,1.6768276141535698,1.0397110414708008,0.6077808135013173,-2.4509480624911344,-0.44678802065089485,-1.3110095163055298,-1.6231248016530075,3.310429731967529,2.7875978475294887,-0.4438341972944748,0.8747465610670453,2.865951434724863,-0.46209026405572806,-1.6630064570983933,1.4282913046972723,-0.1666907346362661,-0.33787379905104725,-1.8904862300595893,-1.110175213111359,-0.3808336639255672,-0.686465391003495,-3.385708290425309,-0.9335119686433877,-0.7311443346385083,-1.4740795151652346,1.7972486606481657,-0.020269559737775986,-1.2751188453445526,-0.08053852835091332,3.4767814411201217,-2.216880131735944,2.6956397352378723,-0.6430874521838296,0.24206720749643407,0.8694894632085838,-0.6837825086097774,-0.6213727902462605,-0.24256063050411186,-0.47252980124368815,-1.2573094964528548,0.7120147732966169,1.8534586965993505,-3.0705633201333664,2.7941984391449726,-0.6382298003590227,-0.44271453364913216,1.112208142145498,1.3105829499863997,0.6033665763490214,-1.1878825471196726,0.4604258176558744,0.15763031023767393,-1.5369817577684164,-1.2939218446109324,-1.27478749166943,1.2344879587472466,-0.9962560352019975,-0.20897785081218817,0.8548078158534376,-3.162170261095464,0.5170256309325104,2.302149054568434,0.33219372126750907,-1.8027916275428,0.6346094484462115,0.28037645146608325,0.19417499102912725,1.9748850783915382,-0.9722835755898074,-0.21222756503105283,1.346573555009003,1.3969631582102529,1.2313021319651591,1.4633583160408972,-0.07912591017609674,-0.49229583425916634,-0.14827871928740888,0.5704659793877624,1.4455761466604968,-0.17461538938407795,0.030361140089327235,-2.9906933949709105,1.7149970246436712,-0.9437140483171873,-1.7723101347730679,-1.1300657333141506,0.6506243613478695,1.3378983363252566,0.9854708933147593,0.8166794338937505,-0.5670321957436639,-0.7182139936158163,-2.163369203735457,1.5105884475439066,0.3387271359807152,1.9761521189516076,-0.15101951708629963,-0.2676375733688739,-0.20556563626499713,-3.1742866877231513,-0.6913796712559811,0.6948522242092398,-0.21140699042508,-1.2889162249192674,-0.5261860060866849,-0.7384402036845163,-3.6738830315642916,-0.3141721199267965,-1.4171272123297447,0.8338429107795385,0.848422137018899,2.0618175485438264,-0.48291245404342514,1.0375025286616513,-0.2848054381087849,-1.816229125566463,0.2965316457202616,1.1584112441100272,-0.3806884712767886,0.13038731973627596,0.5656621869960503,0.6218837825577727,1.7666302352579415,0.026855713337068945,-0.7244460257745149,0.10707443606182768,-0.17788718759303812,-0.3643678889377535,-1.5332314037785089,0.5935014427424635,0.17561592496762035,0.37813559854212325,0.24253610878677417,4.411073787108052,0.2570854970496179,1.7992446151164545,-1.1890764840510495,1.1147804437077182,-0.417512259320921,-2.165747472998561,-0.32568297229453336,-2.7282841615376334,0.8516312309429237,-1.2367868096181427,0.9167405005470585,0.14289049775994467,3.744205241909037,0.8520103356163831,-0.9064561354050749,0.15451970177898278,0.9887021918572467,-1.1947471831118133,0.7609644390094926,0.41165522796018506,0.3258162128040957,-0.4216785021268587,-0.7391981999794013,-1.3019756749299325,0.27592633959038326,-0.15412108839104588,-0.30488299501424276,-0.2987738471917268,0.8671722191095239,-1.3465970863419454,-0.4887787831848634,-1.2834254001207066,0.3370605194913631,-0.41647177533981194,-1.7550071716210143,-0.7112888302721929,-0.7956314492774472,-0.6790322057550346,0.05737673991538672,0.6026541175702618,-1.247858632145695,2.2376438462466304,1.0808422016012125,3.165951879325938,-0.9659897562751288,3.3938003099709415,2.1121759694218083,-0.4442537298787813,0.41061749624448757,0.877222864063889,0.8194190419172374,-1.122854061128386,1.3472757242768427,0.13625915750441844,-0.7336863981396523,-0.9450316657741501,-0.3075958491283396,-0.5829847726837645,3.2020856565801186,0.12321798353734892,0.23872490282979536,1.5684384124195554,-0.9725573550417452,-2.1278618332164974,-2.213559162153628,-1.5441441722275635,2.174766862758209,-3.309308520190764,0.9260400112315607,-2.545838780346373,2.242926438347954,0.9428305204531596,-1.5266003432342459,0.14540658374374438,-1.5829256349048395,-0.05961152940971581,0.8120119521013265,-1.1459757605053176,-1.4828784009935354,-0.2020997568159506,-1.3330050948921985,0.3743809966804805,-2.751965820203458,0.020993072637828125,-0.9959591047984535,2.954436563814227,0.2760218786105993,0.24051940189467969,-0.13934352532402672,1.892355505053462,1.0267767591772747,-0.5143026974802581,-0.48327755427562685,-0.0020774276075004802,-0.6809230231892989,-0.5336887364087601,-4.65211818049391,-1.609157382819194,4.082987774986836,2.1458367198576624,0.7171562063371612,1.0116967053226442,0.9273259059593838,1.4893561885981859,0.18944771878162106,-1.0135321982819927,-0.12312702256792796,-0.8973772950938257,-1.14602598892116,-1.997499410324295,-1.2028112348052413,-0.6028243157148013,0.372000068235281,2.472613955825044,1.3278669235124805,-0.5747225175553894,-0.008809749997278293,0.462632675311763,-0.7452753616060852,-0.3980337468338627,0.4433756493529347,0.2487099823041414,-0.3705712498492091,-0.987409001296153,-0.8348211926033584,0.5428526595878537,1.890401757402848,-1.4076017041987063,1.0717614584243296,-0.5433349111755752,0.890778124855895,-1.9229101065476648,-1.2425254921198272,-0.9296819208019907,-1.642528762408793,0.9229678319458934,1.092257982326332,2.9081406833280137,-1.7975271543359548,-1.623775922903531,0.5456416201952284,0.7953670702924881,-2.666617943160074,-1.0650380430347397,1.1899229341765893,-0.5857904331285619,1.4571350149701123,0.1224101212918699,1.5375020665321808,-1.059414536678683,-0.5757447499412037,-2.359520938584201,-0.24445017443066172,-0.6319501338714754,1.5233819160077,1.5061935208659754,-1.2972176858385494,1.7811854765374653,-2.142751673385565,-1.5933852427201858,0.9515724273976874,-1.5915841714152008,-0.2916271482252619,1.028345017479044,-0.24021671093793495,-0.03684048159465869,-0.5258921322800325,-0.5719778611305191,1.3592589142638296,-1.8963156826062517,-0.9967634027389877,0.6379181134941257,-0.448315439724358,0.25978112606505627,-0.22707563188082952,2.581449947978002,0.772023951883539,1.4390846081389281,1.1210839464810631,0.6623456808492907,1.1582046515789712,0.49124683823820375,-0.1406238520932495,0.02371376688063853,1.0260545032728394,-0.0595217034520267,1.5952376638108066,-0.1625135880228203,-0.14621797890845917,1.257763027113401,-0.8815756184713116,-0.5431447536812324,-1.7242547499261196,-1.6582254094964621,-1.5782933029402793,2.5565856802262727,2.636123150357273,0.5350289314896456,0.6612452847555839,-0.8470811139932037,-2.094900284820076,-0.021951359542322718,-0.20408149590265356,-1.3309958808716542,1.9991600575116628,0.6795371238198809,1.2199098721145674,0.25857436148440566,2.8065473398890943,-1.6579337790678697,0.9680450972715049,-1.5718409192866036,-1.4227150258542227,1.1539163155549412,-1.0272996545238964,-1.803850894576004,-1.2553069388145661,-0.5328358425201719,-0.979178097093272,1.4028930945817715,-0.9079279508866449,0.14004853365638575,-1.552355708049113,0.21720303414641148,-0.05645388155818398,1.9642571432438993,-1.5341522274612627,0.2620411699540992,1.7638418151729052,1.111350051464552,0.7302572114578026,-0.46180577098690534,-1.9105621681324438,-2.6185280199694607,1.433430325534118,0.706265259180189,-0.3122761962647268,1.999944986612407,-2.1700431884904163,3.3465191355680344,-0.5542504273584796,-0.3366911638810079,1.0536616290440541,-0.19904386635848062,0.7707814063727628,-1.4992787729869748,1.3291813768592151,1.291348609462967,0.3999591335324847,2.3632511904051903,-0.20171151130979453,-1.8113335554306114,-0.4464606195116675,-0.33111000881243974,2.057839255533074,-1.8753265166695212,0.3529511712060095,-1.4676765813706203,-0.38495215677793476,-1.493107209206357,-1.7524113245047404,1.2454522272958803,0.04664339721572508,-1.3218107662719558,-1.5396986312346213,0.37949182227745454,1.8699581809782402,-0.4035845290447183,-0.895341465704633,0.39515688512197217,0.6764622450844143,-2.954049254844003,-0.3282392634804742,0.3181480230795507,1.2697262258431943,2.8605026144836665,1.2415485454014978,-0.2544096760371275,-0.46352475155542183,2.615064619735069,-1.053568106190594,1.8298768014156075,0.17327327618189042,0.08672763244452085,-0.9906694469398557,-0.7275296894844383,-1.166986666437805,0.5427393876839048,1.0239514134166452,0.14069276100383715,-0.35090728675885996,0.6630987594230265,2.3013357026409493,-3.7251843834834,0.8180009206752954,1.9170915127298742,-2.1678175074365167,-0.30848104762679635,-0.8059764781504786,-0.4819640524928763,-0.13730359672006903,0.5528738543494991,1.5272700136579158,0.4783066060160206,1.555956673416967,0.23708144433076114,0.1281595762945121,-2.379765401403515,2.485376497697686,-0.35453677774044096,-0.39186001328614783,1.1812431523173144,0.424107842545813,0.18954396362003262,1.1344345425776075,-0.5511348598309019,0.17468864491799874,-0.42092088732273947,-1.0207961072062768,0.01887471837359056,0.39639717881773684,0.041750148261026854,-2.0659935168987484,0.4712265057220889,-0.9220605995041175,0.021043428433577413,1.2347518416169807,-0.9624223072382033,-2.4904942675637147,-0.8603333255514841,0.17383452511729727,-1.3563884817493448,1.9503259380284415,-3.7431526667058788,1.5102843523037461,1.6084447256607461,0.6185644593219288,-1.1004696135217564,0.7171665765558854,-1.4235969831548771,1.3361517530542568,0.7789007709593216,0.5158228984120384,0.12034793935239665,-0.09480226901481155,-0.9061585545454861,-1.2980954191228073,-0.1386544619968767,1.1311118260592057,-0.7514177095956439,0.5910420709811686,0.43799799400584816,-0.5703314316559606,-1.0336279444941339,-0.5429359452172626,0.7818567002574248,-1.1451105601357878,0.22021694007966922,-0.8705786820947982,2.698448152207586,0.4074053712002283,0.5734909055035085,0.6982895517741889,0.7290844461463601,2.195549414408104,0.5000127382877408,-2.4349060426805393,-1.8889743710150875,0.04888343355839411,0.45120987528448775,-1.9796120069018284,0.11643243932033437,-0.49793119829378096,1.6487979337746377,-1.196415173453562,-2.175106012159913,-1.4023715978832563,0.09309755114200835,2.810603142417363,0.0753997182214966,2.8355971622172813,-0.4882242495107323,0.3905642057237686,-1.343206405353829,0.5143977211563351,-2.265599295220978,-0.5359922032039075,3.5139621497053133,1.1212235408253672,-0.452234976953379,-0.3279562437491199,-0.4110333122627736,0.7295619934478849,-0.33039618286356487,0.06046438702887691,0.4509505536444919,-0.6064690030162665,0.04311726914235692,2.2866993173470247,-0.31938409931026523,-1.3639928473661886,0.2607349934486136,0.536424126302575,-0.035560795814609455,-0.5769048603046183,0.8638776879603843,-0.9816788045829699,0.7982685650016933,2.235756793310509,1.0459817527290118,2.009734839248903,1.7084317646270664,-0.8661598846131044,0.8390030706566798,-1.9188369082260315,1.6370631134965463,-0.22427046167840714,-0.12247291677704397,-2.426774881023342,-1.7704470414123747,0.7489725880341223,1.41722349220399,0.8122224217894869,2.0088585193856687,0.5999046801638693,1.0520111030537167,-1.19151388988194,0.15373833442883675,0.4935495214160229,0.8818730416211431,-0.37399733640314226,-0.1652057926713827,-0.6795206076182796,0.08069554547001519,-0.5567080121214605,1.5433412775026634,-0.3075511121700022,3.809221582730733,1.6853921817927264,0.8786423327093795,-1.6386877827707649,1.0173763009021504,0.9607456186999903,0.967046680629279,1.1869833840893795,-0.7559515905137889,1.882760055101219,1.6698163227759109,1.4204076333255167,0.7950174359746989,1.216474572012339,1.1245897942886594,-1.099582344116134,-0.8170581846007878,1.0291320781361675,-0.24151718923749155,-0.07191763037939441,-2.5060117275023988,-1.6509738431396752,-0.6418456631975942,-1.0433263639533183,1.2313377063040134,-1.4460543621670385,0.21008617611378766,-1.83364238501688,0.9219369249848044,0.2981453823067144,-1.1491695538349813,0.18826407840159037,0.6910266550607125,-1.0854322190758428,0.14777786349130206,2.9947576884588503,0.5244927648715365,0.14643339870341918,0.6909731986688904,-1.2055832710274639,0.28912361098325035,2.086983454314259,2.52623979211922,-0.7823421791978172,-2.134990219988528,0.46823176906575187,0.6667935170058017,-0.8524343762999316,1.6666204620693237,-1.8935290101333873,0.9668117077401444,2.0433777468279515,-1.6914404819032782,-0.7401997333566944,1.0167281766578087,0.7927398858295736,-0.6610299720336791,2.3774539760329185,0.1568734244747304,0.02937954835581269,-0.8395594919656381,-0.4807224137522444,0.12569239900002618,2.7691427488976266,-1.148826103089951,0.01640788795415038,0.6685807582694897,0.352867099376155,2.829704911008203,-1.7760651670787948,-0.9267466334347314,0.2646941970813933,1.6367702844310008,0.23213312190531527,1.6007015134771376,0.8039524870785952,2.3615409624578843,1.6661668677531418,0.8171116267785162,-0.3848024345646914,2.494306596173139,1.2710593842967934,1.5676399895302597,1.804986787750991,0.593849929063825,0.32292824549508126,1.3673103845156218,-2.5256272138781846,-0.22795161028946792,-0.43293559597446996,-1.7500995300447904,1.5567029994499937,1.4721094124977492,-0.8350918900707798,-1.48867862818662,1.924408714406563,0.9719894276883038,0.4833515675140205,-0.029747996380545427,0.21859578545698888,0.9717290671185843,3.138321119002896,-0.37711137904461767,-0.14760935557367752,0.6897168268290959,0.530145654210495,-0.934992271476159,1.8820104920149185,1.176158649189478,-0.4439171019089947,-0.23891024825231755,-2.2232532201794193,2.045709346807592,-1.8524394789111867,-0.5748286253858448,-0.44880922054248185,0.6399887396577926,-0.6021225277739365,-1.8543165601115803,2.681813609402639,-0.5314631166901291,-3.52143135339053,-0.9117464855684098,0.661800768568471,-1.7100821117685658,1.0580059707092477,-0.6941932337400832,-1.3812961883733934,-2.334159144288952,1.2680401912525718,1.1907722670989143,0.11580013761469442,2.2821245176125045,-1.0882421070325332,-1.2124365960928494,0.8896266141218634,0.2680820857459344,2.2684322006033026,0.30973294350215574,-0.7968436782703927,-2.365166604058707,0.8749194801584128,-0.311811609997775,1.8099882905474158,-0.10282381984482303,0.8019080573095916,0.4977835513699124,-0.3810062389348511,0.9770743605050826,1.797053523291943,1.3325724396757903,0.6879765967383603,0.43131231763746103,1.1870558982240809,-0.6024713604170006,2.3841117889508148,1.0916397173797827,-1.9321209355391837,0.5699263579107595,1.7436176751517136,-0.38739565326558434,-1.022281493138855,0.5215910761365972,-1.3978703397111165,-0.9877201378981958,-2.3749694246145863,-1.1897367429218113,1.9255408138340622,1.818428140929872,-0.09700135242576113,-1.705548254540005,-1.0733284383946453,0.5857938413832044,-2.6169611708548066,2.377066800573016,2.4134152812126723,-0.29285133152340725,0.2753427630540045,-0.3106570075395224,-3.087746180180613,0.34873767141921014,0.03362162011276981,-1.3130345492562734,0.3460035221897575,1.4732890731746953,2.2370392302219875,-1.260783820244078,1.378702384503061,0.4509226595084404,-0.17443129372379496,0.9897045759634144,-1.2023668142457153,0.0648230878190495,0.4557609902057129,0.280729248302398,-0.2743850355432668,1.8042324432953174,-1.1093733765916953,2.173852582649134,0.38887390979342895,2.877797704538792,-1.0826670603924813,2.1446550501599217,0.14990369716750215,-1.6482608440459927,-0.253113389484652,1.003166417962345,1.0542080166478358,-0.1934846571684829,0.5719376631430422,-0.8355145311944787,2.139925949468926,0.4423739678800877,1.03545688302068,-2.227219412702666,0.7786149469483985,2.0580222726098496,-2.861083624186995,-1.0862278462632775,-0.676952572540239,0.7213261292395265,0.06718606222770573,-2.6528704601262154,0.35581707485331304,-1.2008935627055437,-1.8694234420655689,1.109220376194351,1.1907075756007532,2.428082000228734,-1.2205279466108667,1.2967443671281333,0.06509474993674913,-0.8451145182418469,-0.35408347176965055,-0.4193252853271323,-0.6816630906188805,1.5441590699483907,2.039003619886929,-2.503103000995893,-0.21585409351881235,0.8390496848683581,0.9842977760104985,-0.831674933871426,-0.44264121494238595,1.4060679966656402,1.9313190383337775,1.897171489163363,-0.6669996953221506,0.8155199203950759,-3.644103583049051,1.0768665624466225,-1.4127731466858569,-2.2130865420440924,0.5768886097625318,-1.8874374392542081,1.7463506194110285,-1.2762431661034177,-1.3797546621338093,1.187930676761939,1.9450087488526702,1.3066857109237118,-1.1237295421888558,0.45224281285777024,-0.27131665435787,-2.0350745038101707,0.9193948889697708,0.7529171772261574,0.3210866533415878,-1.242946803160588,-1.1754086625557534,-0.25318837724647214,0.965913876019761,0.03769759781587784,0.8701153365684856,0.17168191004157352,0.4497020600325492,0.01774452802002642,-0.24129291136305564,-0.18174366584789298,1.590744569075043,0.08775444706018365,-0.10570043945385882,2.1185269930481136,0.6118126358475511,0.16087976616781863,-1.9422538515322372,-0.006851363591368065,0.011355879829909238,1.1158051880792748,-3.1147869818485083,2.4084647030392485,-0.6131185544896609,0.19580108355784787,-2.7495246231055672,-0.9358181313875109,0.5879928372563908,-0.5596794849984336,2.3453991495040762,-1.5145734337681958,-0.8496849850174566,0.19365784406636224,1.7103797249555646,-0.4162053824013947,-0.7587220598665108,1.9659610589364669,-1.549306668134573,0.9950699112698564,0.21320059618247403,1.7870370469021561,2.0172275426710238,0.39228210439561373,-0.18119542620613668,1.5994811757551552,-1.407008184693648,-0.4358294507261158,-0.5032149615011711,0.1579106094171946,-0.04289584951222952,-0.680131118807904,-1.4149467534469784,1.688607369779716,-0.48043496663808344,-2.2470147556421587,0.7640459693010355,0.9753925356573026,-1.7223520729066732,0.8913476202639911,1.5833000323744668,1.0610979936249414,0.8932559117478952,-1.5780316791994067,-0.8878956894957555,0.8080156935465157,-0.14461425816149182,-1.133368032288973,-2.0431436454411775,1.750574963737521,0.37856278451372405,-2.3400918417746817,-3.965581249866564;-2.3247113759671367,-1.4102774119021875,0.6712983252945176,2.553022781666076,-0.7009818159947576,1.688365364456479,2.1850595619133997,0.6255565461314608,-1.9515297099479092,2.5190437331973063,-0.8672177767645629,-1.5472296613921372,-0.21555544840570362,2.5664173237591723,-0.3548601983952551,-0.4540763607923247;0.08309404680857876,1.29036609914208,0.4377431793558809,-0.8191239965384799,-1.3898025402616954,-0.8730071416831449,-0.7739665309117242,1.580505467718882,-1.450912019298606,0.6000104805648305,0.20138703760317708,1.7299366234232,0.8530526744502958,0.8608469355745004,1.670877330352971,-2.333925563513704,-2.0581496534870514,1.2603020266316771,0.3962040885677766,-0.33268878673347013,0.9435952071377014,-1.1680879227340055,-1.0172483880627277,-0.8669077381378923,-0.3489113833186951,1.1570991952270904,-0.7683202186150513,0.1555880000775748,-0.5086136242657009,1.774917237055156,0.5962488256765273,1.0212406435079677,1.028299518193915,-0.6494774600591025,-0.08007326295039241,0.5440846462814274,0.19165645207726045,0.2629960036350886,0.503364335739221,-1.4670868442140803,-0.4222493768783303,2.323407450892877,-0.3485916048471054,-1.1290178881687056,0.969254018966202,1.141904329899959,-2.9785992923430253,0.7626235368361637,0.06578918280493287,-0.2473212480944582,-0.6762555533677571,1.7306046684922345,-2.2379714049750876,0.8237081469571945,0.7074727682957331,1.9985293344276014,-0.19331713827369534,-0.6277044205155983,-0.682215381750883,-0.06133921812623466,0.742355695683241,2.1633602624594865,-0.3323906446186321,-1.8734031765218742,-1.5735323279068996,2.2896697934678714,-1.7049344273856604,1.1905138000549613,2.7168370102424175,-1.4975982113560944,0.05660644734537812,2.5925749857036475,-0.3188627652961241,-0.7495144387943864,-0.5757519363806913,-1.4580479929520973,-1.1547108319685908,-2.049994568643253,-0.8522333134894505,-1.333945290767605,0.9227381634218479,-1.912655639672928,2.2854588521864683,2.0092413163674983,-0.8492786685563075,0.7957754000376349,1.0717089609808397,-1.3839395357372368,0.8405917887495092,-0.2792820348768412,-0.4685822593781638,-0.5454585644474,1.1324754421196883,0.21965545040238477,0.6161888108589234,-0.92101364776727,1.1767800167188684,-0.09181087290723769,-0.943823610573728,0.30729063215376085,-1.3949182080681335,2.604785500048337,0.32123470377363605,0.2419597871060145,-1.0516342305881943,-2.1727398720221114,-0.034758943853265334,0.3347441128616948,1.661954007077214,0.7848559470214419,-1.2451361484394647,-0.1467228892381084,-0.7979449830656488,0.008949292475753129,-1.0042214063103547,0.9667938086429452,0.2093666244399091,-1.5773526504107027,-2.650741351911042,1.2664025401679504,-1.545743328631419,-1.8135683242697698,1.3004373444576909,1.1855790860430284,1.0393034932322247,1.5655051188274776,0.04509834750603167,0.2477363585279447,-0.47159636884877437,-0.778838025806001,0.20145901021168233,-0.1520289893818527,-0.5459324984856715,1.2912354557105488,-0.811746568892068,-0.9064507402211366,1.3362223614670956,-0.466930247534348,0.665624002409603,-1.0442952164088923,1.9792395060684074,0.6846009295855365,0.5035860732055301,0.22410846821046881,1.1539611338051394,0.6879563664549411,-0.25273065800667727,-1.6709456130225635,-3.5060455401327433,-1.4162458831865041,-1.8823868664724592,-0.33243638353431215,-1.2716147212349305,0.007629197281490918,-0.13236085814647416,-0.2621679740676416,-0.5488548086788863,-1.6235662519275749,-1.7162809401729446,0.21108052851475748;-0.00686781836926828,0.852179344204185,1.4860539836090736,0.2395395909602504,0.048824797631326855,1.2512948629595564,0.10978822578408834,-0.4844287730949779,-0.1014470030825893,-0.8690612274767712"
11,0.0330713924349772,"-0.11257401925160748,-1.0433891869356349,1.3384152154719473,0.1302314894183833,-1.0550054440066106,0.1665192148525816,2.441215116350617,1.09312496855996,-0.9080463283172457,-0.09869759734449673,-0.8454465644900129,-0.8985086714367533,-0.34756165091524627,-1.795848613439489,-2.8203777736432523,0.5870615789383714,-1.7846040435391464,1.5731960594361487,-0.9122211523813583,-1.5110654296432633,1.0943423085689306,0.008966591051254302,-0.9630087898627131,-0.9938499977723488,-0.9727366181941801,0.09387090362864914,-2.33794176675768,-1.1295136157570682,-1.2244439342971951,-0.03191756563612469,-1.0022895592658962,3.021763715698434,-2.1817976095488123,-0.16405361491940768,0.6644307542318966,-1.1440016070298176,-0.3658026986622066,-3.3596949621930987,-1.7071746877926715,0.5712896764057269,2.360970949936991,0.9238126828394722,1.7762104142574584,0.5359604860289076,-0.3053136521995552,-0.7498528368651222,0.6151251923853392,0.41972168805006527,0.794661515377995,-1.367732581506062,1.2502581105131243,-1.6987886157931749,-0.467223845180479,0.7589018676106818,1.6517845275178658,0.4785327744426849,0.13538832471176898,1.3187625908648113,0.6942361439577324,-0.33039218597092257,0.04239708064653254,1.112837568317797,-0.918399113425387,-1.1939087333844216,0.27165853701010423,-0.504346830130079,-1.4179902542170124,-1.0274095868888324,-0.06361411760578917,-0.864956487899848,-0.4102721393580028,1.811951462839162,0.3745047758020327,1.7606260652293741,-2.578926079567756,-0.007924106345012963,1.0148148692231829,0.15600693401109297,0.2350480517031298,-2.805584441867313,0.6172097546334991,0.5780891358415527,3.849507367298576,0.7722723713493775,-1.0546364277144096,-0.18731600774388615,0.892002370400711,1.4084269488849412,-1.561097354297687,1.4028889468771424,0.6461701541069795,0.11510779795275061,-1.6197943805636599,-0.2329905610183517,0.36378602239200397,-2.05281779268935,0.9162738235120823,-0.1365060424412715,-0.3676444796812836,0.30046319789220277,-0.388322798872732,-0.17736183838973035,-0.9329426908665495,-1.9445328279761112,-0.28314716810481344,0.7922275601099072,2.3013337452616867,0.253732083662379,0.1802452299587616,0.17017635127098563,-0.5846831300210267,-0.3896380075403713,-1.5572445390171812,1.7479483281217782,-0.4464843533538268,0.709185363564095,-0.1521421276994463,-2.8608336156387235,0.22445017831247135,-0.1955172866210108,0.7037346063757695,-1.2568831767660886,0.25218669874676863,-2.195781647853205,1.441117563493645,2.1228485769747305,0.31958215806345336,-0.8257324709198431,0.6482158825785429,-0.3891139753192824,-1.2885851809569213,1.6112002804005983,-2.2092227387851278,0.22517809719850612,-2.4994049803932894,2.0946745298884992,-0.08102898031094918,-0.7200180538120957,0.29902506027218095,-1.9366500993551945,0.6709086338489377,3.0902234895646403,-2.217366430473886,0.7780817564562088,1.124657667614477,0.495418417252356,-1.3327440614461947,-2.8025180107198784,0.20534108803387274,-0.7868883156737929,-0.09585114897093172,-0.27262939398753977,-2.325497448446689,0.41981064794251377,-0.4346080964602039,-0.9114869957850757,0.6497516435535982,-0.28084110973984905,-0.47890483249511123,-0.29526762511647764,0.29534572050714536,1.1418470096088538,2.3533104278404453,-1.7029720067273544,1.4327553032167946,0.9979777242294887,0.8805636239362351,2.1422523348149296,0.47367793817178916,-1.357633816770264,-2.1183542696526168,0.03294277986245786,1.1415163826602648,0.45803081890977637,0.0934070546650026,0.33093942360486106,-0.2884180503640177,1.328224552557111,-1.5341185413545244,1.529845851981468,0.17646774311538244,-1.6598977969383262,0.19008387178684927,1.8273216472897533,1.8687393629264268,1.5732499941323432,1.0568912855055852,0.9016180743387487,-0.3066831312608939,-1.590381655267678,0.9835747837320998,0.5901950071897015,1.0673466110927796,-2.6498969680636755,1.3080625999782594,-0.25808972541522884,-0.031024239393871833,-0.9997836055848854,-0.5799987653568783,-1.9202822614403574,1.2245696526626886,-1.0413564536131086,3.1543132530377767,-1.071910486343404,-1.1486306572803853,-1.0395890115656328,0.9690271562956718,1.4559944359174,-0.7635257705245263,3.849622572726643,0.6285632472892465,2.8473052082168744,0.7615506203001223,0.659983442389362,-0.49046804753564455,0.4115324191278884,-1.3872471004759026,0.7084512856527116,1.3972087416530221,-0.49686604685247127,2.1922529846471512,-0.8721790258718713,-0.29029037983405,-0.9834271688114894,0.011844246653426566,0.3910799502543809,-0.24046169519574298,-0.4756448099802719,-1.0560399422362987,0.2019248100907119,-1.410693583159652,-0.13052877970489907,-1.3199386573045593,-0.04986138889171847,2.7697616658831627,2.7305915219100116,-2.9915462974967277,-0.9740463647150059,-0.13482889790242708,3.13946706952237,0.32647354876502743,1.7335955540883212,1.3646961797140027,1.5424458064343654,-2.4934475981095603,-1.7216520780355902,-0.20920644935482918,-0.5583869471383478,2.2261108888907026,2.835431051611574,-0.47099949051883416,2.303023883461603,2.899544935568624,0.9996818509663596,-1.757970556983695,1.7404441352548494,0.5028601383322006,-0.5139122563198435,-1.352764473514819,-0.5679337832545045,-0.3835674576850031,0.8146389449614397,-4.271804588869613,-0.844433149497931,-0.008973795705393195,-1.8723833101792442,0.4476279682616766,0.01501656180083557,-2.1851569745748756,-0.16003848640704565,2.096070645476996,-1.0613379776359764,2.1142890323264165,-0.36763357202400554,-0.08972836517189386,0.6572054497754942,-0.8349720379383102,-0.6540576759237465,0.7281633203198409,0.08056423984641772,-1.4960711984847264,0.5282829458770455,0.8851931218038267,-2.247127402626258,2.254641619562807,-1.3198191802891834,-0.15255913518894443,1.2926836171550669,2.050617053780155,0.11848833007490236,-1.1789959357049424,-0.27031079132192226,-0.4440302600366755,-1.2277976055722415,-1.3701168266612092,-1.0978675217734237,0.7565628403114995,-0.2888620522120229,-0.20958717374855657,1.153564424443858,-1.6082410809564336,1.0853345662635459,1.3912292558049955,0.6689217392854839,-1.142651956366262,0.13109629049606442,-0.06294801365365366,0.22829995856231397,1.6373190328573626,-0.24869569551301096,0.2848455849605306,2.032925674774635,0.3141578003631369,1.4566402357418171,1.926226427113472,0.3205400709034361,0.5476642543811218,-0.42571021263585124,-0.13039661312919149,1.5148438738666794,-0.6680093120929271,0.45372819858341074,-1.7339517166643066,1.870140786518251,-0.6854299959299498,-1.6685977299608628,-1.2750863292552526,0.7441088146401569,1.1549779317194329,0.5185330137025773,-0.014001493640233731,-0.3577838128158218,0.5139352628088055,-1.8612622022365528,0.568030375162303,0.09917789729901888,2.061053481508816,-0.30581695572874495,-0.6407814909407226,-0.056863376014512135,-1.7811888629500945,-0.26242873438780834,-0.14421790343081756,-0.7592449141525439,0.06382480705846694,-0.5492928521056719,-1.280492575063024,-2.7289784825275913,-0.9366069672038292,-1.5924987809430196,-0.10324529427069129,1.291700100802745,1.5562172913883383,-0.15442979301767246,0.6925026192241757,0.18535897251464117,-1.273798283333719,0.2854728504991971,1.6605742834932415,-1.2875332770991488,0.32754985883663346,0.7350639835222126,-0.014321029618668768,2.7023295169242765,-0.1490202130241461,-1.3288992181676984,0.05375005131710942,-0.2041983748765948,0.15638764302088481,-2.085758652006638,-0.29866652277894346,-0.6831459982161148,0.6829325002987691,-0.6527434130607304,2.933148211612847,-0.7678140340940328,1.8749691538139877,0.012550733525450011,2.0558108096081646,0.32636844095965917,-0.7299898963970304,-0.5422856387248453,-2.8175776105927586,0.5706086353404376,-1.5887105355962252,0.6631074010605107,-0.525165893080707,2.6167960159932115,1.0756811597205749,-0.7577239638711004,0.687684240723074,1.4006096477257572,-1.0187796332717896,1.3640859909402865,0.21090600627679018,-0.23352238420843485,-0.11955674228223356,-0.5369729366616507,-0.4565051284082772,0.8088256604284063,-0.6617734170263361,0.3464321630544246,-0.070475837935571,0.7896286830284223,-1.8150910596688767,-0.5641460707491883,-0.9453959661443009,1.0626031166682741,0.05266965811797323,-0.7921545161339751,-0.44505524720032014,0.21938926326035074,-0.7589143438601829,-0.08141931314681852,1.248702670259657,-0.9624375466281337,1.904792093008246,0.8347137490773419,2.8872974311010515,-1.8706552289157021,2.8500025709800894,3.372011163018615,-1.0638203260170505,0.3863390478503527,0.8982414560955961,1.2586331967039976,-1.8581026120765873,0.6366506440074589,-0.1554630037000942,-0.9916099456556048,-1.9791702066009287,0.09956489430840448,-0.52213512116571,3.0358458337686933,-0.4753099380344066,-0.21950342001994005,2.7268225259599195,-1.4300191844903551,-2.237123839928887,-1.390045328512661,-2.0209568897518784,1.831419573326025,-2.7986370513428347,0.008955992614029018,-2.473166114065398,2.499512824741232,0.667836625039288,-0.789421241740375,-0.8092771684032832,-1.4975517543920485,-0.6245425563041587,0.17380762681142609,-1.3362199612152788,-0.45093095597844257,-0.28529525805599554,-2.352575948021565,1.3764321220406894,-2.180251117280032,-0.7999849671168635,-1.213174515393252,2.3224593283544066,-0.33616321884859746,-0.329038555282897,-0.5520932734642706,0.6061237941214316,-0.21371918613630247,0.2689636704166984,0.7075272947618182,0.7905737369003272,-0.6665009143706043,0.386661961050973,-5.060401197115887,-2.4546222510413696,2.746951702902648,1.669451312550443,0.4347801834343291,1.3119244729048887,0.6349749177798194,1.5264148644296158,0.08307156571933982,-0.5309067238355883,-1.4078049296111113,-0.38624880137952156,-1.6666903802437887,-2.0860406666151343,-0.5373460489356751,-1.6037105229061832,-0.3934221370181825,2.251995137452267,1.3286860232914968,-0.2501994587425773,0.3458509896823946,0.4274046488890858,-0.43203100139944806,0.5154121635231353,0.29201709854359087,-0.15562535219014928,-1.512539987003452,-1.3399677548219886,-1.0603186791148669,0.5352987290449132,1.5248660309618842,-0.907466332187441,0.8186300531620813,0.4722072845607805,1.9052430753385603,-2.091738362676392,-0.5019816062141259,-2.2575108816937735,-2.4107238976075203,0.01968189385674618,0.793282976908384,2.479828603622827,-0.1077513850002006,-2.09626633420917,-0.5473036764339871,0.5246766220614599,-2.074591241715644,-0.48272937933559656,1.5078353889371197,-0.37020383374384824,1.523864396887209,-0.3083061773599862,0.8606853097408524,-1.7311608608177895,-1.754624168069332,-2.693124133515315,0.4040020713415933,-0.7706839391943567,1.5433786617233238,1.7227681847738472,-1.5554207067761907,1.7533164643205998,-2.306846660301272,-1.9787813275975565,0.3630768930932614,-2.1761501114031994,-1.2867567038362395,0.18537329761723909,-0.941599547072179,0.7542265463805082,-1.2637185870938805,0.6171375981465226,1.6336881488573625,-1.037424198298873,-0.3733371050733005,0.46970733527337627,-1.1155006816287705,0.23810515145571726,-0.4608071245473836,2.0718548645388,1.5536661385402677,0.35555195690403363,0.6245728624723819,0.8167364961260332,1.1758516757685507,-0.7223165064044095,0.17343877215981063,0.6848346553858,0.7437760092701617,-0.3227357081649167,1.6750238432182225,-0.03980037318287577,-0.04795791382536896,0.4547823327983972,0.34488096596685547,-1.5155026664047264,-1.68863682409836,-0.8194890368578169,-1.3502030947197237,2.0843243013496267,2.987384125775961,0.17500820786099833,-0.10693134897420675,-0.16978323966476863,-2.684985118304829,0.7748285606441504,-0.626299910309271,-1.5575638934295453,2.6215319519074827,0.31341562738252016,-0.5695552767702795,0.34702397583777195,2.2763199793689113,-1.1288053916946597,0.4323119311857764,-1.7322433163742967,-1.1451388078822564,1.63832339279218,-0.25698602783263047,-0.41531767466465463,-0.7866538217710691,-0.6913125998083138,-0.9686062497982497,1.6902890537290378,-0.6473292106298987,0.9649925190101247,-0.6707683293147593,0.2952523082109489,-0.3191487120592513,1.9592546832071356,-0.9838297708716334,0.1968305004920381,2.046366549959651,0.4751541945704296,0.07449893679952468,-1.0906811536796897,-1.5973181379803156,-2.8293365306235145,0.33744472002673565,-0.22690904227053754,-0.6330663730100332,0.7576333742909465,-2.443626290719446,3.0539938571632934,-0.18109114487512923,-0.7335360928365743,1.2062672380119466,-0.4102446686464414,1.0921740276891003,-0.9733287503337961,0.8922097464402267,2.2490192742091235,0.8827487613597982,1.6531917009165011,0.2393771766155489,-1.6271750996978822,-0.3899844069220236,-0.6912722429051918,2.3941917987070207,-0.9283559719999568,0.44431587388594435,-1.1947073281055496,-0.6690612478316422,-2.3194410831627,-2.65126553784836,-0.3072077260656217,0.8650907786217776,-1.6478146133278426,-2.419573812099109,0.7674282418621674,2.1156731200036263,-0.5616850898275281,-1.3223121426278164,-0.5591700436771353,0.5553570710216793,-3.4086926854934916,-0.37229568021012094,-0.00018588397159352565,1.1986656745558684,3.0985457915154258,0.6059748152851302,-0.19326501788979997,-1.298815350653026,2.4842577083365875,-1.475157420421037,1.2836345937574691,0.6416114693312955,-0.8993938780025994,-0.23755155222164004,-0.639603186034012,-0.4037895509296363,1.1284135570981213,1.0483379055653064,-0.332926479996651,-1.8175579840055516,0.8631667721022975,0.49597434464470713,-2.6064511694401578,1.3234758131392672,1.6585790590090768,-2.6630609957614872,-0.289854894172235,-0.08500915897332162,-0.6748149746706621,-1.016907266898499,0.5322502583200365,1.3180044102711355,0.16168784224520738,2.079438357879834,0.16259547729975235,0.44014646899103477,-1.6941540124311216,2.2291824953501016,-0.10266708349014236,-0.32717161218763025,0.5454968824711908,0.3119861398078905,0.7699270469420079,1.2651376931695175,0.24039676059908827,1.071573144119693,-1.3496269052612926,-0.9058177208465858,0.2243880673341948,0.28799201920853745,0.1949163015706411,-1.9396061566918688,1.3868066412735134,-1.57987563020384,0.17930896909224575,0.7746789112025675,-0.1640423149696706,-2.164492774477071,-1.115778244964212,0.21096899809300704,-0.25378782316508675,2.664210791352365,-4.494433943064703,-0.03824356407380236,1.2407829313361378,0.45581767523167444,-0.8771962552933633,0.7935142048876962,-1.5234923826293985,0.39299860874518955,0.3084378110532596,0.24570917030684797,-0.0034274451469191725,-0.6276802702489296,-0.3106058019619389,-2.086118811022203,-0.23284325047169052,1.4088466647152742,0.04715123477097444,0.419836415575765,-0.9832818988574951,0.4762877115281938,-0.9616316699964103,-0.26410351146282346,0.1726986458650711,-0.2210757644855358,-0.04084171467494613,-0.09334100766616285,1.6269606750913643,-0.09210629022781941,0.23501252595364458,2.0694945723370632,0.8886175324084918,2.526928146094057,0.015034772933589152,-2.2851175346675476,-1.6707783756576504,-1.3046156611636772,1.066617177007579,-2.346146491988156,-0.6078590737006326,-0.6464460728735356,0.9158287583132719,-0.7356681276634932,-2.0411504137969967,-3.1057925298564486,-0.1878540381904208,2.961737325110385,0.6235436156526397,3.1310236904345765,0.2359891463467959,1.0020900266512736,-2.204020189771408,1.564490310902945,-2.172958110139851,1.1265745179610185,3.3994904919097153,1.2220116933963152,-0.41511264183630436,-0.5197787171387345,-0.9668939078999796,0.9038500637234079,-0.4723856251879903,0.8263955851563127,-0.24366436882894404,-0.3336261434143405,0.03980560603690608,2.4391169798537096,-0.31166411586736886,-1.8421631819651212,-0.2601360516439704,0.9656988861087232,-0.9057869478203616,-0.25918814146157276,0.23105106618068771,-2.3568092812151638,1.0050528220643387,1.5848006841007825,0.8582068001902112,2.1356473961713083,1.4285167945747372,-0.7189106095859757,0.19075704990902195,-2.129774498489422,0.7922057018100694,0.029843124240622614,-0.8072715670187631,-2.2568624324327597,-1.6275000442264458,0.5185448409227351,1.4559687237131747,0.5295888149075828,1.2512075295461618,0.35226152546547695,0.7940317623373057,-0.8180872930027231,-0.24446962101644465,0.5373464546679317,0.8892769939518216,0.325515601710089,0.17884672459389808,-0.019757141534737205,0.3618207826162505,-1.6216042324718467,1.4339771647345818,-1.2130733560010296,2.5940677891699537,0.3331958604869608,1.4609237418527228,-1.4322584357749668,1.2982343042170004,1.287256734641152,1.2977394079694844,1.4281982412539098,-0.7847228866967624,2.4417613542860046,1.7339110600359686,1.568014147804706,1.4308599863145426,-0.5563220708782196,1.4952703425876752,-1.3539167596100916,0.20391473335217147,-0.2095724217080037,0.8716181694436576,0.0444479606950568,-2.2138482695111237,-1.4854679864283344,-1.4931989248344457,-0.949709890889142,0.8138869408328411,-1.1685447852783324,0.17274856963653457,-2.49928319358722,1.9905053843944622,0.498687945795955,-1.218682638673034,-0.8084370557760199,0.7961714016776483,-0.17454941457363837,1.221283156119583,2.5079826302566066,1.2058119458916252,-0.2001409855555996,-0.24132996437667126,-1.314949190092153,-0.966700337614028,2.760762337862009,3.3019193079274403,0.42560988404582,-1.6177237679492456,0.48425579658750667,0.41763926704358234,-0.6636359966371482,1.748036307199312,-1.4019997396867712,1.1916939263563475,1.8092499296199227,-1.8775439314323856,-0.5073963381266011,-0.2803795983623211,0.9077955915304452,0.02037621786584204,2.157182249652363,1.15590703319989,-0.704557432998417,-1.0357582346329735,-0.6528264242165644,0.5057894084364734,2.771554254406727,-1.1595765005476952,0.4578189437710293,0.08385447301851426,1.184497021182168,2.662156696436628,-1.9254905298545701,-0.5154157750121737,0.2680841819503754,1.0715031723279276,0.7219945000989365,1.5380947348184109,0.6998257657420337,1.7209240179019487,1.8408162961949854,0.9650372305281438,-0.37375774201101974,1.7906581960983226,1.022463115845583,1.5392205964049317,2.435102925722434,0.5546679480705187,0.049919449125388676,2.0428269606740095,-1.2916573053358622,0.9817468876772943,-1.1169381083226715,-1.009397214371369,1.6226419863488428,0.9978084033637145,0.06638617931372598,-1.5548782396093506,2.2758146791269436,0.20784549816623965,0.4040930546123576,0.09506293841530081,-0.03204167847658395,0.3759489575475107,2.581227940921906,-1.2303639578191548,0.4540352279390479,1.1836202851407265,1.334599584341622,-1.0323941739091307,0.7875874326659318,0.4124390705572666,-1.2181112332177872,0.29531931265476374,-1.3447135980445848,1.417492078094198,-1.1790713134794362,-0.3869210896610833,-0.6763649964405802,1.4027639177597466,-0.31748089099113547,-1.070001748514745,1.4049378675686808,-0.1696446447030741,-3.2410453184454786,-0.7578369442340798,0.002306331605668288,-1.7279285705523026,0.6753908761138916,-0.28129999758951973,-1.6525576003614066,-2.2592049983237827,2.075545755712561,1.38593733693622,0.7825068063361893,1.9467893140743713,-1.07045187949059,-1.105808453173025,0.34667585608864687,0.08845839898513347,2.7211676253237798,0.055771843366304544,-0.3818694665593329,-2.2243563773904906,0.5204596767840688,0.011741391202292461,2.0751396069416335,1.0404335510195046,1.451617020791763,0.791873998165564,0.7805186050709113,1.0763483332002244,1.427612441707186,1.9272966796721032,1.2938771102862154,0.11112375922452428,2.3706746183467353,-0.7664773117463846,1.2480708410802648,0.72151994575683,-0.9420029900396847,0.1794536823097866,1.947928292911519,0.1452600772960982,-1.105348629191656,0.36794146218338475,-1.0334217329322082,-0.4785954338266233,-1.561738641743218,-1.1183655635538696,2.330037318413909,2.1079010661118445,1.2711909549739717,-1.2382577404281256,-1.4871524720912281,-0.008219397212975599,-2.2249634455259555,2.440679490337432,1.6625225103029102,0.8269035620960047,0.7316915153386154,0.2775445875433629,-2.6472339183380025,-1.1050379901656513,0.3160672574022239,-0.9756555929865928,0.6079829691574522,1.6894127994004842,1.4768178079351586,0.19834573577832298,0.8453086549196163,0.3073848419061564,0.16986368647720618,1.046863336201392,-1.5138907177997236,0.2666525407864046,-0.6398824934012743,1.2963664913279633,-0.807624263038838,0.9996460960930524,-1.1042334790269492,1.3828423739646853,0.7313532520967045,2.9546565536586447,-2.0214565230248334,1.7327523682495252,-0.11005603825603558,-2.156694506448173,0.5698607348379696,0.6794396149181893,1.2679429301014276,-0.5233984280444599,-0.7486808768246141,-1.018561918014091,2.0476703255515263,0.7016014004199489,-0.11907840680416637,-1.7205626489351786,1.3322783379679686,2.9125331040662936,-3.5889029037101183,-0.6693241437559446,-0.4798470427206661,0.9523847287592003,-0.46828867591885126,-1.911213289266415,0.7821670618719616,-1.144924465803292,-1.2091186905636975,1.699298324039925,0.5812725927986335,2.2400157235608416,-0.6232303097204976,1.8320572472606047,-0.5711943519279443,-0.3976903650690843,0.351257643361362,0.24699084364259885,-0.9696281258071926,1.5685951345556899,2.1137906304443606,-2.2123085703867917,0.3103049590396971,0.39164299523663937,0.34063554122327927,-0.5001229622414054,-1.14048498223038,1.4963851797708263,2.065635253557814,2.4235106997690865,-1.0643387904434922,0.92041277590727,-3.0770430425782886,1.9104386498534112,-1.9330756390620012,-2.2089137573597215,0.22244884244616805,-1.1710940182008134,2.41636035431355,-1.1210302503536607,-0.6978673670551172,2.0236862229204515,0.9796437953128361,1.3284909815989598,-1.3692484395870739,0.5328910730878051,-0.8140872744971035,-2.4238965436211277,0.23527511719585803,0.28262385084869535,-0.4084036875511746,-2.7536503629272024,-0.19503193039952982,-0.3249503777966669,0.8250242786124377,-0.8308761315931266,1.5529162449964384,0.7387283302336224,-0.1457613434208882,-0.17171604463652418,0.27710301964597905,-0.3074074635132504,1.1831700543821015,1.165843693241754,-0.253198208290386,1.7855237285165524,0.017069432322019115,-0.7709783556573571,-1.2641810393373225,-0.48808966264179604,-0.1350434544140941,0.8544909513598875,-3.6119219221163243,2.463946149188515,-0.5711720295697293,1.2301839095824245,-1.8305654490047727,-1.420003932669969,0.361684678666506,-0.23172941604591774,0.9439411643766079,-1.5127924573019136,-0.40961652549576216,-0.13294536773713048,1.4910918315623,-0.5189898373420916,-1.0379850807863544,2.6205730016010826,-1.674975923697541,1.3442141964735503,1.542338098364059,0.3827583229738786,2.2327792506006587,1.6495499215018867,-0.957550797396282,1.1115357887108899,-2.4277899606347617,-0.20757833664112219,-0.26000306118889405,0.17544719576302625,-0.1859344958196938,-0.5641540698515906,-1.9460827640226468,1.923847600740237,-0.7509257823363107,-1.2886770518570219,0.9282062137420346,1.035397853557623,-1.4533655621547872,1.905914938320285,0.7166057730369274,1.0699616170249,0.02241697454259972,-1.5210941234734392,0.14592258753398557,0.2734214621050932,-1.1530718571784264,-1.075605593140144,-1.9613654408917405,1.8985568100914287,0.8650554712821847,-1.253601798961044,-3.586949135291604;-2.5636673402274908,-1.935740266681377,1.156644648355135,2.688345003667457,-0.8947988212237024,2.1706764609364053,1.588688716381417,-0.26368370339601255,-1.2937339929902631,2.4014628062387695,-0.796914081653278,-1.8239936806365704,-0.052186879288575516,2.6081851857013354,-0.20358972991080365,0.009860962610816426;-0.19619039032056013,0.8193513505556402,1.2643213359311343,-1.2494460347276104,-1.4675245290466887,-1.4710457177903673,-1.077717762424696,1.6531259489258234,-1.288121248666411,0.7079282111057051,-1.435371333154865,1.5399775681483308,0.6639933651630452,1.5029666418649548,2.3300216264728753,-2.353195767299334,-1.3796185725371193,1.6259838279638834,-0.14668917836446949,-0.29925422009904107,0.14678671817852784,-0.20218395812554002,-0.17062951360705003,0.18931241050188086,-1.5220252960944467,0.8840926386058883,-1.3787663322742663,0.616442312650609,0.107270273993786,1.3082117622498695,0.378186442204705,1.7553493324780884,0.9534466679293622,-0.39698540283613193,-0.024581846050276246,-0.3772364786124577,0.36186950235017384,0.2983446165755521,0.4247309190103753,-1.1794155420709829,-1.6742619125728906,2.651897677780248,-0.30768040688417664,-0.5120863247222499,-0.03181582437548025,1.0287163634181904,-1.8935632647566076,1.0249087495981837,-0.3716608345784886,-1.1172345737498877,-1.1917444996445463,1.9553847026396698,-1.8658536588630987,0.44477381237803887,0.6694778721440695,2.249309174900491,-0.35739830098951203,-1.28089518153069,-0.7616479819731102,-0.2624736244710344,-0.9394674994165779,2.6580603605548347,0.008553033849608815,-1.6345589366375664,-0.6683898601135136,2.3421653477517315,-1.1448341304711327,1.5059059666038905,1.9332888464578288,-1.162635599197817,-0.07442295614654304,2.8858663354737484,-1.0839691469073256,-0.12856698586373988,-1.6053936013188015,-2.692272082773965,-1.7670672017635791,-0.8979189377661031,0.09377828042354883,-1.664859070906452,1.059381804269796,-1.9657413295649089,1.1888906457738448,2.1679589437530424,-1.4355453556961817,1.0069111644842017,2.235530063447813,-1.6076639873834075,2.1806805192835994,-0.4628958272125496,0.10906524540337709,0.2411236363709937,-0.5567905734034253,-0.3780815084622597,0.4477059692275101,-0.14080142504745097,1.3053854165047714,-0.6982355161049929,-0.16006268946371882,0.2672719757375889,-0.3272080722728359,2.798868875415899,0.6468139583934327,0.5521832667973119,-1.9334991678232045,-1.3779041611330831,0.24801391524634853,0.013181884959073357,2.6044481891249696,0.09743902329432175,-0.35718774417461163,0.2605210880287339,-0.2405119991400225,-0.8609089185649036,-1.3243458904117147,1.228303583635405,0.10550113517309465,-1.613129599579539,-1.970552712703153,0.9306518496236011,-2.0511280064988493,-2.1178054535891357,1.5434036761834253,2.27724790607195,0.49806719579220804,0.6495165913982432,-0.47796713814829134,0.3459783703057422,0.792091985043776,-0.7334472443535123,-0.40489693174192054,-0.8308533509297749,-0.20681534661650358,1.3760654629603115,-0.16729287164221301,-0.9622298212867092,0.7442436397789227,-0.6269766685414464,0.5482707526584895,-0.6378726272494768,0.7585297309644029,0.8490682027057108,0.5740606215925604,0.5963775408127363,1.100544930460643,0.45000316966855586,-1.4010237996201196,-1.2277014506637869,-2.48423897064358,-1.2732431039401528,-1.1705502354345112,-0.08435810915533323,-1.9144037008822785,-1.1361184053339193,0.1600138629704186,-0.06637804148414264,-0.7268728733152463,-1.0651500878571805,-1.6381469348805804,0.2474201094228173;0.25784262098319843,0.7044962364620959,1.3849204374709085,0.4686175479617424,0.38833104069559504,1.8933817361654075,0.04810620238961124,-0.048378941780214,-0.845141643590262,-0.3107909019652928"
12,-0.009110296587402589,"-0.18274382857044327,-0.010643737196547626,0.2712774964698099,0.15612468512334698,-1.1195853525342052,-0.4990717889158019,2.921760400185167,0.9928975925994924,-1.3309982026389902,-0.41598451031453026,-0.40605080311535846,-0.547951332308645,-0.7848466720053423,-1.7729645241608014,-2.514550990514489,0.8820974358065985,-1.0878960862045277,1.9995603899325936,-1.3701409670312077,-1.244412579198737,1.9840025301203628,-0.6772947904778128,-0.27317102074911903,-0.40324290022657233,-1.077284568096024,-0.9280318044955598,-0.8740680861363247,0.5549292818565654,-1.1875367082661892,-0.9635341687240853,-1.1816555135012916,1.8592313350258363,-2.725102807713701,0.03639661897761037,0.7689750777818591,-0.9604346975109208,-0.015214831247286398,-3.216006196252208,-1.0120232248789645,0.3537445891233486,1.9520898076635271,0.04362536909448096,1.1619796018628945,0.9157516290303791,-0.9145767051941164,-0.44367642106680016,0.8964567455122011,1.3804940246595998,1.056709429885926,-0.8321032653677671,1.2457625517889812,-2.052454926351332,-1.140908362256243,0.8391098144615514,0.5228573610917264,0.0035263852972411414,-0.8601651688618409,0.6338967206763766,1.3327960286407934,0.8061171575463213,-0.0466921228730227,0.5577972094841451,-1.0268755482358487,-0.41889688112516,-0.7913242655284451,0.2828434239501068,-1.7983021003727568,0.22305634936296576,-0.12691813174353195,-0.33751795260882506,-1.2521798007515217,1.4072360096136838,-0.431323345277725,2.3169586953752797,-2.0669557381627652,0.45337018753664104,0.7348935138610828,-0.5526377777357079,0.6459412459635356,-3.132715189785259,0.2981433412296357,0.8168141625147459,4.488066384090712,-0.08182616745757465,-0.7879031192690784,-0.2790024287913999,0.48566888858971013,0.5202015299384951,-1.082302643396332,1.8856047713672761,0.27888847057197674,1.1789538302618578,-1.1677026864636686,0.3271536052472319,0.6637247288616084,-2.021882014135783,2.045688903973198,0.21435096895302036,-0.8629015995618216,-0.15350484345149035,-1.1376441726339583,-0.5929349949458871,-0.4692478173389207,-2.3259982515260837,0.14623545733116022,0.24615815226280513,2.4379434707736225,-0.9934007858491913,-0.5903707617956404,0.6866990356696903,-0.23577318965262595,-0.09133421126696449,-2.0620649013439745,1.6088680699267255,-0.8683800100848793,-0.015143596946512905,0.7213929402981261,-3.101114467749962,-0.4078328513968143,0.4335545439105528,0.3366803382927537,-0.8924817750604093,0.5670753982977832,-1.8429133564454987,1.3052749750165225,2.4037156217835345,-0.6586545183029495,-1.4715745792665085,1.2138438468502768,-0.7299651545727766,-1.9394880312795109,0.35532871387086884,-2.1110942742267333,1.2704424782028538,-2.476832127854177,1.7556355886153079,-0.456063021880617,0.1022792159314162,-0.14606407196251464,-1.6543604188280905,0.029084120026712346,2.024338187120912,-2.2231942818023396,1.1412490124981245,-0.14412886529293512,1.5690376957064864,-1.0977027067524634,-1.5022916201911312,0.2029088444419616,-0.3504875134154095,1.0007056726020682,0.32445566068222087,-1.4318631772982031,0.09324010934172508,-0.00015004205341107024,-0.16256819169395698,0.7961002416087053,-0.6395496103670165,-0.6646479271306621,-1.4915176277227529,0.09855325348744338,1.2178248690717322,3.387642438061068,-1.7629401166677665,0.678963444210905,1.0183121363395342,-0.25508513880728667,3.191862483503757,0.27256883372663343,-1.2629634787304185,-2.1284453193090034,-0.3823977877852516,1.3836236872876826,-0.17981710629135794,-0.39299925791548845,0.5117504731385054,-1.4177701011276198,1.8882134428759139,0.0587089878212298,0.7652371514951457,0.3434210274433068,-1.003809386893714,0.1422957804413586,1.0714733929376135,1.4903177975117892,2.286626375625886,1.0903312409774837,1.4542514001733147,0.3075300802564264,-2.2711461452649035,1.0018626070231866,0.23167484916077874,0.6875846591229327,-2.6962836874762286,1.6625045204671978,-0.35007921071998505,0.11054328192706703,-2.1127882852036697,0.24977877037147955,-2.109361731246146,0.9911055124521243,-0.13454661116624644,2.690514673855964,-0.6839208445052551,-1.0716854910859401,-1.697851579675918,0.4167311183612281,1.5475536434673993,-1.4426363581106854,3.6013576287829947,-0.10648124378332036,2.2860322382440086,1.2769283227589971,1.0410412789767918,-0.3901627924556995,-0.10124466577084926,-1.5399403517340862,1.3341458989944401,1.7792136989150078,-1.2133979185019697,3.155718527068364,-1.3096374132802344,0.43907659589227366,-1.1692045035897611,-0.5686315552435802,0.9713427852082173,-0.35671562557190506,-0.40491715011330265,-1.5606250624154852,0.6599683176118529,-1.074045778116647,0.38153811105523305,-1.8716661364600122,-0.4537201703663012,2.561890133654807,2.028926604782026,-2.217129962112702,-0.9764579085662975,1.0934602582619866,1.1220487862816078,-0.0333935422220116,1.979392021127279,0.3986752207958856,0.5002737511068804,-2.6937255874313886,-1.1443377455279682,-0.7487700794866414,-1.4110158706677762,2.4224219385897365,1.694349692275051,-0.6108921816810018,1.029953913738168,2.6275989397242236,-0.11219784485332006,-2.126942050540566,1.6003322957255794,0.5188743011270116,0.9246223134375728,-2.418254519559607,-0.4878284455519731,-0.9178069029313908,-0.26775377980211407,-3.337552625114645,-0.08738164661384068,0.6753130559525734,-1.5492074040298403,1.2824867004237608,0.40409536662491485,-1.8071031518676683,0.17171952221291287,3.4035253450817313,-2.201829493614851,2.343057969918605,-0.5650509490076342,0.06813421522988372,0.8031136070938234,-0.405187581990451,0.30584731106399604,0.3568623124694009,-0.5977984579596938,-0.3950344781708198,-0.08021806220003647,1.7129403387368918,-3.0447139695785133,2.3595664055461842,-0.8015853112889705,0.32285886842307865,0.9980271918365528,1.5905203377089219,0.30287782173346844,-0.6449360966083105,-0.09843995080622109,-0.27026550822814877,-0.5263180227764472,-1.0256406660292348,-2.081645042124311,0.8672780234082249,-0.5416847189279986,-0.7157504006764575,0.8956203265532355,-3.126437261227813,0.7522780844704665,2.483783056440725,0.9573802219372212,-1.6305445026707066,0.9103438732760839,0.005548643148076099,0.5665865690271465,2.4247550115453755,-1.043015366983543,0.3992328420447569,1.396504856893256,1.4888670007394662,0.9670029365860953,0.5956148572509106,-0.6483529714055886,-0.7349091155034283,-1.3611143649979978,0.5607655492658488,1.441572533395272,-1.560391484649466,0.008444066494128419,-1.014390143964034,0.6772495754602043,-0.5754316655345165,-1.485099014508957,-0.9648058521178757,1.191973911972169,0.2772899866747546,0.6333272947801264,0.6298992208432853,-0.41220738025601855,0.182427295067063,-2.3087408045673143,1.5890504004988673,-0.0452724105312155,0.8420967463595324,0.1319795316822998,0.625521641372732,-0.5449643108220639,-2.2671600315458655,0.6294402161863526,0.9300020114906301,-0.17205446573415673,-0.8070983145631664,0.04227884048240382,-1.5808018451058983,-3.120234317081258,-0.7533531273996558,-1.380990687424896,0.4407862733318152,1.111660500574697,1.461274456232206,-0.7800487634600385,0.889027545730866,-0.10361375826187906,-1.9355878702665208,0.6349101949749902,0.9983467054110313,-1.6822726905146266,0.7342180916825541,1.8837828202592466,1.3586255085741685,1.934703198266307,-0.3851897232874443,-0.8047268027664946,-0.13808612041917745,-0.33892965376293477,0.01480441855527552,-1.807718617324957,0.34975941818166134,-0.19024966465477244,0.961260727652798,-0.43548451450601827,3.319791418247945,-0.29407442237749837,2.6702367161427745,-0.3818722442575815,1.1280990220843325,-1.1180105604178805,-1.1116075383987563,0.12649320431632177,-2.402168733018596,-0.5695027169570146,-1.1958707614900093,0.8840244545510876,0.20124699013284814,3.4016609764224244,1.7420777475101012,-1.361478070947798,0.1993453101798996,0.9742384360605805,-0.8710220779105111,0.23885552597622828,0.2679052314613318,0.9334559012621804,-1.2874564857429542,-1.022260568046678,-0.4981940289950211,1.846011427144531,-0.8175752069769957,-0.0767034969458576,0.18362827766080309,0.9792320557666523,-1.8959735304097571,0.49335866971349107,-1.8130325892034136,-0.27123701559820296,0.37746913923004133,-0.7340692154405835,-0.654194971506614,-1.012210878982614,-0.3756268417159625,-0.10540349736131366,1.3739010194004604,-1.0930929397157352,2.205872354547429,0.4167194409711169,2.0729049572441904,-1.6302956257677903,3.387237395611658,2.1017117168597954,-0.25812571098167625,0.8719561085542411,0.5914174022951565,0.7659435268062446,-1.7531683550407862,0.8608389317638101,0.8558014084922767,-1.221206985190058,-1.6448624686370705,-0.26340676407005403,-0.6416206694000297,3.4227153363394835,1.6400313448484023,0.31074885157704324,1.7924199350583718,-0.3861614415033442,-1.2789105074665224,-1.2530389089058624,-1.626037907836799,1.4538620370205406,-2.892300711623765,0.463875187570005,-1.405635654713293,3.3143263460815047,0.3708268482955518,-1.617043875701266,-1.1829709450753891,-2.0881455484925504,-1.135361046648852,0.30208890438575,-0.3092365767785249,-0.9924524519391202,-0.9685292444226704,-1.4496578591429155,0.4622429828192847,-2.148328520753514,-1.0776475603000526,-1.5221022986235455,1.5706867577692323,0.27949843280780456,-0.19926170680528074,0.6195178218132534,0.7780601712027684,0.6128041952293168,-0.5590367122710385,-0.5464764851371782,-0.12349693175904652,-0.7459804083852947,-0.3004352377082594,-4.002973876749815,-1.3650121329206542,3.8073408470829406,2.459955142588512,0.8269777415156665,0.8076249344637134,0.13403907177239327,0.9075610237228418,0.3522032634106431,-0.5647087990845654,-0.3747918239556224,-0.5561962900381088,-0.8209736603949345,-1.7033672994231064,-0.3543494598324123,-0.6064255214460805,-0.3124587239994047,1.2087858537147116,0.5302386903854579,0.2482713889307168,0.7400975307803515,-0.6367446203476835,-0.9681452434410507,0.901475808555037,0.40037986860975205,0.016118227173770705,-1.481277535938873,-0.6761202800968316,-1.2276055439886777,0.7928681952845733,2.172221672028505,-1.6888790848966617,0.15531940433160196,0.18734816642758967,0.6369132882821971,-2.085714306437909,0.24085663119566236,-1.154646127174289,-2.703157622368788,-0.051792009431016806,0.48716193906250677,2.636665206177179,-0.18187577171456049,-2.6662850211334126,-0.12266431605295001,0.00073453944356075,-2.65307734458869,-0.9211207067262879,1.2037778155219359,-1.149219234942323,1.1187024256648443,-0.5219696892915043,2.039198187187382,-0.12471248529430379,-1.1303453462825621,-2.8150552242850706,0.19837545170597348,-0.2010387274872774,-0.35121689555166724,1.2020491788317056,-1.8785845101036012,1.585623359429367,-1.600021021056512,-1.2046462709978283,0.9508563674915528,-0.830816815358289,-0.68010633300568,1.5116766991215163,-0.6376614414064001,0.045516021377508875,-1.7745048377597894,0.04899641492057816,0.6023138775566187,-1.4297227658638483,-1.2828957458468633,0.5331317720288908,0.21576295158923986,0.2942073503808653,0.543057435942041,2.2043118153200707,0.6417059576649221,1.364652127326938,1.1295378289797653,0.20223006393298848,0.5946970892039314,-0.39695928189647356,0.31556278998473586,0.7210844693618537,1.3856366385194825,0.34071991629779125,0.5093305526785126,-1.0816231012277604,-0.2928608711701571,0.41416060079716244,-0.741921491305776,-2.266661946961465,-1.4946176179674593,-1.2619037898913241,-0.37106372931306497,1.7020086154206946,1.9708711111003054,0.15505382062606485,-0.1273388326578011,-0.542385903510711,-2.374122476070898,0.40708119177667856,-1.655796894287818,-1.6757547317388732,1.645762678020132,0.7892111366561625,-0.25366346493768044,0.2866617577386943,2.110802756882459,-0.4736307569794095,0.6800220736503495,-0.2743619050720496,-1.4290825896969188,1.0345385315245597,-0.27588610127334817,-1.66507389980281,-1.5076572345077994,-0.9952458140430309,-1.0511829558385657,0.47558808227491434,-0.5197701206915758,0.41853113718582463,-0.667090902170556,0.4458620011583358,-0.5030314809079791,2.3061475041201747,-1.643558108322013,-0.09412114322655035,2.006279881090259,0.5864549107316125,1.6904348281572954,-0.2663025415506398,-2.6856814163753233,-2.5602685640388216,-0.1250306106621184,0.014681319809729088,0.8778631270312861,1.5991981687113062,-3.0324320326441856,2.406999350050567,-1.408218565367839,-1.2787657314764027,0.8435091228326441,-0.07930273889109231,0.8274411964806648,-0.22446828549967734,0.44389330327497734,2.2769452771399408,1.0272458003716478,2.67740247454606,0.21864835838113317,-1.666864187100133,-1.3065924398675588,-1.3780852625429483,2.226380555903793,-1.1553932859434994,0.6109309026187626,-1.0519623018168485,-0.35721246147280666,-0.8902210815695895,-2.754646475819665,0.7933363186202093,0.5380225012161303,-1.6252923179969208,-1.4437260756476218,1.1335014432969832,1.816319010916351,0.02985115611399841,-1.1547316027053016,-0.3416007150624076,0.8443232235249386,-2.511812259434651,-0.7613458957232044,0.5670251271627325,0.8792291571686252,2.6452934088533913,1.5954078630835937,-0.9556443988965311,-1.2709643519150582,2.0249695849719607,-1.1735050979509087,1.1485327394088243,0.795350906555468,1.1280649898096247,-0.7175775019408657,-0.9613101838616849,0.025621367929241412,0.5027528917932923,0.7952077576377303,-0.44402211080167375,-1.8182223181793415,1.238905252344818,2.101761294718765,-3.3458268640217295,0.6849550927967334,2.156152333937326,-2.0014005515744175,-0.49998718789433055,-0.22620895072284042,-0.7854779082155454,0.13373235333731015,0.11468076366780805,0.8702286941720865,0.8027646664062427,2.6456952899571973,-0.2409482447007565,-0.13639922040223357,-2.576813217994118,2.188000623865976,-0.05619588607495524,-0.6509957355594569,0.6280863700870941,0.8381114213976284,0.19619343391369942,0.049900639240011146,-1.3165489997771695,0.1894980273919864,-1.352609551133047,-1.1808077090158764,0.2906783321274482,-0.42446221740760376,0.4672997462368138,-1.120281966942091,1.5876775064158402,-0.9457028562538181,0.08730288368788688,0.3717231062227021,0.1091217446177688,-1.1284080447466378,-1.205580857262067,-0.29763291200473135,-1.3589145571407686,2.2743432426493118,-4.672568839072951,2.1362042991763484,0.7485848149401679,1.0806232770765178,-1.5641630184080748,-0.13873905765810657,-1.3897977932519834,1.1783564301715743,-0.2748909268302483,-0.03609841774356387,-0.20562675678507392,0.0033180326817293937,-1.0998446003236564,-1.2559164158295435,-1.6101108844723715,0.5832073017994399,0.39659366155900416,0.16271691697904883,0.3882875186337648,-0.09409600918738656,-1.3086373879766757,0.27970952521772563,-0.18893844359964296,-0.8219487867109874,0.4834001648201246,-0.24932238872389823,1.681423589331081,0.12683278060109332,0.41405885726885844,0.3695146554938731,0.6749042024425542,2.889951327782627,0.5956053423131097,-2.9096921518836245,-1.3661166016134523,-0.3421398165767388,0.6178193491408854,-2.8063009041800404,0.5291897877977163,-0.9545894954398301,0.9793518059531634,-1.7980165637077912,-1.6704516090689998,-1.9171647225007096,-1.3663483787222086,3.2267914120752224,-0.22077635057591588,2.992508000918998,-0.06434886234585863,0.5121654611288193,-2.2081385780820852,1.6853469067418065,-2.9658103708551,0.3643132153115254,2.976004123541271,0.960148570307181,0.10153775762762285,-0.6251517075810809,0.1257228262609154,0.6023867443611923,-1.4582325179849132,0.6503386209139048,0.39639106180729855,-1.037232880450816,-0.09806562200906693,2.4532871002740433,-1.1587262625742945,-1.3108263950158134,0.18583680863816138,-0.12448312429989239,0.30989591981496645,-0.8485200895848011,1.5798289379247221,-2.1940888301911734,0.9820095602088377,1.9869066434079257,0.7945973974291504,1.7376560681358708,1.7186094637748772,0.3231302690891075,-0.5134947186199987,-2.001743615965335,0.9148133840224217,0.31420796989738015,-0.4249616069703108,-2.222568382628462,-1.4217718642817476,-0.04900298888233169,1.9409922209709138,1.6645880644352002,3.0366554698478647,0.4421473023099601,0.7544154368554928,-0.6940289141472169,-0.11161365003337947,-0.016450563307006227,1.3118242233769837,-0.09635553163500746,-0.03534442242626475,-0.37550386796962554,0.49891456322656225,-1.042774372013273,1.2314480038211375,-1.1625855881679619,2.484769271766005,1.0318386754550852,0.7120119856905529,-1.5278720423022873,1.4971746780788442,1.2972687828705127,0.6402422487286078,1.8881815395440449,0.08774806395350576,2.7547870343924163,1.4425548642040464,1.1929961614251405,0.5580791258760297,-0.3511007881577116,1.3885584898739873,-0.630323933554549,-0.30911092114105737,-0.26891529520355995,0.24508799630194322,0.1463706231927065,-3.00278605286518,-2.3974015920912226,-1.143235292911015,-1.8884909334546165,0.2006611046879112,-0.7385031910778719,0.6435255822258881,-2.0319687021373283,0.36810286070109577,-1.2088399123696483,-1.411449783541126,-0.41933466283466864,0.5873800540454253,-0.3366549427992409,0.3255105067118752,1.9942356513508677,0.29994058854807804,0.5864948257113244,-0.2380247971389543,-1.2628998028527174,-0.39328995111991194,1.8600169572115477,2.119201765166605,-1.258709232676832,-1.384097511773552,0.7790837616964928,0.24629185413481178,-0.3596322419055072,1.5876262764423632,-1.4875532862014405,0.12284708962254481,1.3739699316056275,-2.567478116359961,-0.9765193596258238,0.2367374522295127,1.6869091087395813,-0.14837777694971466,2.7410882588122147,0.5193650856164916,0.16477511729746164,-1.3349612727586753,0.24112779192630074,0.45022407663241015,2.485230262125576,-0.49115590248799357,0.10456514023127988,-0.024506859271179432,0.5394915210030029,2.659809444897048,-0.7837378534112601,-1.0107590898514032,-0.41918717384739723,1.7837357614556868,0.7657400298624257,1.2688547054935517,1.0172550409425631,1.1941498669284938,1.382666427429541,0.41391116534807615,0.14749525469435093,1.877879120632251,1.69000187922065,1.4568402995660719,2.6142228271916643,-0.37299600301399194,-0.031416985036983064,1.8101676932041426,-2.029346299061853,0.4593379117310234,-0.922277402772129,-0.9358646514358424,0.2908544721586568,0.4153073827466379,0.5611697584446638,-1.6615484589907696,2.263616451619574,1.350029141621134,1.1722779196731181,0.3156772596299603,-0.7063579949404668,0.991536657908835,2.058792542780634,-0.947230332604317,0.6046295524506241,1.5764815045840321,0.7209593174171051,-1.2860667409520787,1.2992651497248493,1.7241757583275266,-0.7879838908086989,-0.5309283550516162,-1.6527542244995996,2.147541846745924,-0.3822147472362024,-0.010157480477442957,-2.134092724575263,0.5185690921083735,-0.385448666189724,-0.8672787504746539,1.1998063192096968,-0.6684831739835947,-2.9680219591987287,-0.258441028536129,0.40890291255273625,-2.2799696389903685,1.4256717925452231,-1.02643351450385,-1.2933200566289171,-2.396781443596384,1.859028503226252,1.0232461314348362,0.7277690759968667,2.2446897783779223,-0.9722750666455544,-1.5067786555409195,0.32462466067198603,0.2590886470396645,2.198468872747375,0.4826149073004841,-0.3551203879822936,-1.8486677681325279,0.4024597328113558,0.9547710071212493,1.3105746270636538,0.6052167318244626,1.744047772838534,-0.18780637144342907,-0.03552838107218867,1.1292168283962927,1.7078641989564338,2.0717241689125308,0.9120211962092623,-0.27760789034546496,1.7553419306826292,0.037503317971428085,1.826502449219156,1.3208109099251615,-1.6086427209440295,0.04130708942856942,1.1897679740277123,1.0183371318630452,-0.9590381623081549,-0.21534292534765315,-1.7707061096655035,-0.4076967353780866,-1.1831851502500859,0.13528473229422666,1.0365670492597023,1.5972905828389214,1.3284912454653888,-1.3946013612214683,-1.7041924389719794,0.407297047748882,-3.3661684115353347,1.5673964449633673,1.930780346700423,-0.07485082867718384,0.5608924627483219,0.05766021934327187,-2.794559992675215,-0.9142033074577838,0.05264843343390821,-0.7280486110156055,0.0974578584876733,0.06121475387076725,1.7948373353752238,-0.023654190173942505,1.0691355496109818,1.0876076414678189,0.13896855641124684,1.3239624602071127,-0.8316428648757153,-0.4485357588845522,-0.24803293408386,1.5071732110682574,0.02036986994140315,1.392802049765866,-1.1079081036293632,1.2142883998125562,0.3238617802223846,1.7690762135541265,-1.855672932660915,2.2581061225454286,0.6032501134772549,-1.0884639389547708,-0.09445776102270396,1.380828734291902,1.0414822689479974,-0.03858959691061489,0.06906235157688932,-1.4389915947163667,2.18929486077766,0.9744326553179495,0.9847097053819628,-1.5997275443126355,0.8630179422159747,2.090637883504999,-3.5718596730775416,-0.2839568019093611,-0.7783067857834048,0.3731143729624284,0.05288679001326768,-1.897681653149055,0.7677912345671041,-0.2497601661068799,-1.1104495502714251,1.3878559239021708,1.2966793405543724,1.8906975570339917,-0.6706236812877587,1.006029279452317,-0.06955365127792139,-0.6401775662743944,0.020018945897242818,0.6600443790588866,-0.9284852156598891,1.4206235446629591,1.8957376824402754,-2.071133839832063,-0.27238585798337783,1.0063105221647315,-0.49294861013846397,0.0303986969262888,-0.8391373479232543,1.0980425038726052,1.7127851561977168,1.8120467560797708,0.65628869226153,0.9999163440838219,-3.238088219144201,0.9366007259856096,-0.10647506786205829,-0.9727184454546376,-0.24789630214127292,-2.8818191512379494,2.0833974063683827,-1.5103857300071857,-0.3625811875253459,1.2478761795004867,0.6059908867674766,1.2324974025206399,-1.300748217017028,-0.3152257109503832,-0.4059208327878586,-0.9960965032306703,0.31328847317559777,1.2131608226320043,0.7489642287806304,-1.481132994147583,-1.1684589876027034,0.8717635967328231,1.66480504159433,-0.22824929269593164,-0.2609802981206476,0.22140416733600066,0.7294558853298908,0.03337263743354543,-1.2022001039249208,-0.19606887268125622,1.6097232592493005,1.68072435693702,-0.36429600586806543,1.788033938032372,-0.13017804096701213,-0.24359838216127988,-2.3816100008891006,0.1302230459279346,-0.31953656062755875,0.23689888814021898,-3.11131162719542,2.9221939086447275,-1.1979638670378059,0.5912444087061922,-1.6249735161436327,-0.1932083715494053,0.09609424441945552,-0.9375668751543245,1.3991431242660184,-2.205104932906851,-0.6041259166843612,-0.14991175059921427,1.1329779089841407,-0.9917401241482199,-0.8765798535404069,2.305871686492433,-1.8928760395384243,1.2930558215985417,0.28491795448790574,1.0768629014865105,1.8069497195771655,1.122667418334431,-1.0319924153673379,1.0075285672846115,-1.2394456040183757,-0.7803746308466949,-0.39033502683328114,-0.13227376841357513,0.4218174304797514,0.350687575732443,-2.06159588051376,1.5557974954312646,-0.2839114276720692,-1.1687722267687013,1.7420561843858418,0.5940140112084191,-2.5343554588395065,0.5335017374191217,1.6608155594583445,1.1164817966827452,0.4484559565851426,-1.3117863370058493,-0.9125243864336139,-0.6260722702900885,-0.951997608706227,-1.1950375085663776,-0.8353582065637579,2.4080131450225997,-0.4130705997656487,-1.006959846857809,-3.7261719747409154;-2.1035623428676984,-1.4656453718696623,1.206452115279651,2.5637450663680035,-0.9615233018355018,1.5882833403083245,2.88256149043272,0.4587987344325717,-1.5832556340700343,1.9338163541003157,-0.7899399694843225,-2.15100921187337,0.5574051442760994,2.3158136127821716,0.062189841787734595,-0.739612960549031;0.7266760609819046,1.6117617095551942,0.583906512160786,-1.5489158246161596,-1.1972176457288464,-1.7421132100055021,-1.2828844282583647,1.5842957031317795,-2.0504325867924638,1.0245917872526855,-0.5112576774240359,1.207348169311579,0.45346878482595737,2.2080502469888392,1.9125512233600555,-2.8413845909268254,-1.8454734096070455,1.1158445164223467,-0.1545012076096607,-0.46170801973114994,0.2840698925892323,-1.063129933440082,-0.22016839665186505,-0.6684258007660652,-0.2491324364468227,0.7224628024122156,-1.1363661027603316,0.7125038571038713,0.4543734995790379,1.7025686875348243,0.7974003211761513,0.3692245345562445,1.6274703817558156,-0.7805513688041044,-0.2739443222487992,-0.6888667892907524,0.4252826706227376,0.04231244716277843,-0.08225250114770194,-0.7958854048764716,-0.3658545770840247,2.4421440606063656,-0.054309504378117504,-0.18063975469954074,1.4843314639040899,2.1318956481086277,-1.8150368408902342,0.9727052469995056,-0.02576739220421441,-0.05739437791051631,-1.6156509206256815,1.8654098457673849,-2.822589074732853,0.8269107616509562,1.076159029098976,2.2239799162390463,-0.3655174980055661,-0.4169405866951854,-0.5582060147317591,0.0002479087180386752,-1.2542621417512048,2.655961615375067,1.0614972076470304,-0.8824057438165532,0.27731509516150227,2.476586882439305,-1.427675203747617,1.4062234364260737,1.8298094119098407,-1.1656830736583963,0.41227775282531254,1.5841531741030082,-0.8524560908668726,-0.7333868035089037,0.09951127679781568,-1.6667310694464648,-1.4883499139775642,-1.659648069319358,0.14042932125383842,-0.7796053923552192,1.5736751591930762,-2.2757013753019644,1.9801255423829454,2.54234532506446,-2.028015279685225,1.0137570499056692,1.5185051543503314,-1.4436293503443598,1.4778416451175702,-0.6051256956836638,-0.6548895194469999,-0.6406304187637378,-0.3403602278676151,-0.45831400690850216,0.8966417505665832,-0.046259205277687565,1.099652318619123,-0.9968743547123129,-0.7773082127898239,1.0941235269208764,-1.2396410224819379,1.8932016502397415,0.35565514453691827,0.2287300553719509,-0.9909664714710436,-1.8049748272475616,-0.07594245085424431,-0.15850083542064555,3.364073742112826,-0.35579289784157364,-0.16115856116875032,0.08029044162829035,0.058795499961278475,-0.2561040657505673,-0.5021834986043416,1.9793387850061919,0.47090288059759344,-1.6806926008816219,-3.66757072778836,1.2402361125628678,-1.2408104056205689,-1.3554967261727362,1.443152161734458,2.6842336968411438,0.3662673462406089,1.4605420195443917,0.25164428192673083,0.03204765222935102,1.0718685424370813,-0.6895129386922395,0.3972443952059912,-0.36991493116994467,-0.9649608448993972,1.4425210183502277,-0.6853779817421183,-1.4501714588199626,0.2181640054909324,-0.9713590048418456,0.0031822657523775666,-0.9821919918171512,0.8069863329645943,1.570333937589628,-0.36600037771389066,0.08590133176791145,0.9562292928515531,1.1544993612118724,-1.6027992273586351,-1.7311937455576816,-3.1111754238921865,-1.1801768676379307,-1.8371765983873156,0.20740592790143117,-1.4488831316617339,-0.4475764549527789,-0.4481929586088744,-0.24730048027362123,-0.499731353958687,-1.886577928997497,-2.311608804053306,0.18384378715947874;-0.026020452675544148,1.3616923867435482,2.3975291436957855,0.7586676328575356,-0.027690507298326894,1.8529160534004394,-0.5330371913167408,0.3655942380337251,-0.3781518569769634,-1.280218586488435"
13,-0.06327642854996884,"0.3138901676176843,0.10337431997049601,0.5819435695705332,-0.011985293085011617,-0.9285260517551202,-0.7443633003657983,3.0660624406581563,0.564709584812955,-0.6838327518988221,0.6031754892497041,-0.4779737506419671,-1.4464932862727347,-1.3187767000760773,-1.464932041451342,-2.6132158469535876,0.7373866235978365,-1.8174863710277473,2.8569464186238673,-1.3092270053820125,-0.9474198786773077,0.5457743447814346,-0.46724620531307337,-0.5907513185746475,-1.0262166805579724,-1.2249608901358482,-0.8108477726290524,-0.6973802222496515,-0.3956763684962702,-0.33192170542960564,0.007202125582039587,-0.8880593944514813,1.7269828788228399,-1.9717589333009624,-0.5169246061597906,1.0352736673145881,-0.45930686687909295,-0.9764157280426538,-2.7691230540529825,-1.637587147972108,0.2669604347720709,2.5663779758496776,0.7463184920846879,0.6565615579645967,0.1637462308467082,-0.0758658514582039,-0.9288736907928243,1.1720408870432097,1.3319314974507566,0.43796212390117084,-1.1634196635186798,0.9293697908155771,-1.6999963133947165,-0.4718691180633813,0.5760993517124975,1.0138301479552911,1.0335476424539385,-1.1478723439094656,1.5357834483240498,1.430201293144292,0.9124530391963365,-0.03306971681220735,1.26897223269558,-1.0397493933510487,-0.34442209923424294,0.08718274873906645,0.7498565485088199,-1.5056689477164187,0.042024701742830475,-0.4981412914724119,-0.8685158906041004,-1.0213119948553468,1.9647019908474372,0.7027298146408135,1.221659375667819,-2.9003958348970214,0.2404906953680527,0.8734776448587438,-0.7668877639900425,-0.3695692574465787,-2.243912942868624,0.6115524830280947,0.764507377538724,3.9859221533633757,-0.23969065919013,-0.5981049819279566,-0.1322120325442679,1.0410013771345747,2.266181188579272,-1.6377655031024894,1.363527525960054,-0.29017603852102675,0.48363451544433095,-0.8722602276812113,-0.09846540537937315,0.6731791158685045,-1.9162109862417571,0.8186698429546183,0.42377279022734227,-1.0592988093584346,-0.01289660336421311,-1.1423938814087946,-0.5985832874755398,0.06001023809551975,-2.1009907156441936,-0.5174324893125448,1.409989930131323,1.6568435268582475,-1.3218773411431821,0.20254199736214665,1.0107145290053163,-0.8202320966318791,0.1624220680991335,-1.6045266334152943,1.5557860468654487,-0.6380439019207329,1.1438694301068555,0.402090949886768,-1.9179350988599695,0.26806190671621627,-0.5576519463107102,1.2821531388551441,-0.3489159067911166,-0.475798518643885,-0.7041699010604694,0.4472785389826842,2.515429216179684,0.32884115832459804,-0.8276075641062578,1.145733047741685,-0.42423338030215973,-1.409647251640748,0.8094182791542944,-1.3242992402656042,1.5159488795214249,-2.1641326640652676,1.3886255860255325,-0.7110287630043215,-0.8010944454025382,0.7532404913264023,-2.1304638966274623,0.11265458134038198,2.0491456042948712,-2.2323622157864067,0.5989775471174739,0.0046832972610394985,0.470336785153071,-1.6176674057307392,-2.3716417579694618,0.04918543773764106,-0.8331628471313316,0.5116232577431417,-0.07161827500524111,-2.2349474443503494,0.4333798543078409,-0.5154201753382367,-0.9797681082456957,1.1528182915798277,-0.7373433078798545,0.11242748040350936,0.015046474516543201,0.05512474199227646,1.7506586703192415,3.045661962689513,-1.0864549888941448,0.6592776886815825,0.9112482919550569,1.269288833667264,2.7443051551078996,0.46296635540709374,-1.6197486983413014,-2.0664122378040997,-1.3647498386147658,1.4182589240279677,0.7812511281583168,-0.0023949105687075256,1.1551944809713814,-0.08856609170081775,1.8639876038939924,-0.966911179582199,1.2980292076588844,0.6146454885257533,-2.182981251687351,-0.14224498331121932,1.7765177217385737,0.5339479188580724,2.064353867227368,1.2781686962808543,0.8023357559728621,0.5336753460551363,-1.6318246882645937,0.8178821332222751,0.9634140970773513,1.2596252453407966,-2.182353527194305,0.6487366026512632,-0.7717797208090411,-0.6716188809589321,-2.0821535445171993,0.18131389220962002,-2.520091136833365,0.9034378824555078,-0.6746488984804525,2.361320281053043,-0.6060538536422964,-0.5746778863082536,-0.9650325946166081,1.5227558520897875,1.3121183614580179,-0.28412770606843124,4.490403403010114,0.6882199075190787,3.0487223863419857,0.606544454770737,0.8330228099834429,0.4695739620837726,-0.16157386029385176,-2.2465022130843777,1.4441951099093928,0.5887207209511981,-1.1324457460837056,2.4352078763428517,-0.7182972009601135,0.12613269201598531,-1.670359281690672,-0.22959700732712854,0.5083552566678607,-0.31930978488199374,-0.9276040836339072,-0.7635598701881761,0.6926568977586515,-1.0739726760080925,0.7198760469831725,-0.03717917156374573,-0.13440625829488248,2.998812558980676,2.5026973795790703,-3.711067347119616,-1.3328519300881243,0.7329059370459441,2.256873487175684,0.4331097276768832,1.6439346666178067,0.06065556347944567,1.0212218134729054,-3.0908284887603372,-1.367050954083245,0.6053939775277036,-0.431746174379813,2.820726176165795,2.65806438418894,-0.44622737403827173,0.9513894295475012,1.6118028117863954,0.29835478887229483,-1.585664666575909,1.4294603058169846,-0.4265352739156211,-0.312785512438377,-2.7688764216373616,-0.07917654666975892,-0.6688316107575523,0.6652765126912425,-4.395916688807425,-0.23081082220683555,0.6241403659782327,-1.294909595053511,1.0948488224630322,0.016064802974164447,-2.0902165180855574,0.5035856436373507,2.3180584567898634,-2.7490051568383778,1.4855475131826252,-0.15811832889220334,-0.43719620739567033,0.5982450183999461,-0.40378044783559053,-0.12420945641814429,1.445663288540142,-0.3075185874214437,-1.0582048279615721,1.0938626680399082,1.8425365631572665,-2.890011793321112,2.699829867703822,-1.3479269990202583,0.3600560106941335,1.255940231567878,2.01601951069628,-0.1192432835098435,-0.4947787642945841,0.15231604880430927,-0.2835190107555211,-0.7033498640360337,-1.4054872256579547,-2.0567802421468597,0.7521047023573397,-0.43782900815027737,-0.11870371080326966,1.4117764924864802,-3.347315877409851,0.5189512868939944,1.759845409678685,0.5961832910790993,-0.7550545149790872,1.2498227255272483,-0.5243196819657943,1.2959725774387754,1.3162374855256744,-1.2340806148242482,0.15631482637941305,0.918509443449524,0.9993586635492938,1.6361317959347286,1.1913858930316183,0.26820449018199805,-0.7342485000704156,-0.34152433585972886,0.20555053406835933,1.8317318677170082,-1.3811131616638976,0.07270602034945248,-2.3262995787895013,1.963103915462673,-1.143448993895504,-1.1135017733177142,-1.4147509667361562,0.7951363140058071,1.2250404311731593,-0.2196799595136152,0.22339849029565328,-1.386435553583028,0.0355006902283313,-1.5088305727181852,1.9776204466020628,0.38609314882387114,1.6012212363638691,-0.33775101027316073,0.13418512422756057,0.6508811247679122,-1.5629339313993718,0.2470704515168785,-0.0828221981968649,-0.8352868749460649,-0.804117312095138,0.19708019778269603,-1.7065408254525427,-3.6495303970304516,-0.4805952844883909,-0.6832466214733863,0.5986812153502996,1.1852297088508756,1.0518907708821303,-0.7376110529878643,1.6744602439640381,-0.4059351929931334,-1.9449603226745906,0.6830388167415448,1.6175696184368744,-1.04819948942348,-0.46281782750830514,1.0431740100000007,-0.015110947092730087,1.5307934566078454,0.37875308644921735,0.30678286690240136,-0.3142206712968964,0.7913886005221906,0.04669291888141164,-2.2515102980942303,0.5199911817026163,0.6575606040139454,0.8175149927629197,0.47958925115376605,3.81605476754513,-1.024443780043183,2.9277716921937427,0.12559126844847016,1.639561454403908,0.38486080145239426,-1.142095629485087,-1.2635441488052215,-2.507954708550969,1.0060277051034001,-0.6247598658790725,0.6110573875901361,-0.9176314610559873,2.9563307616562753,1.8894014626523685,-1.4127300925009327,0.691017234375987,1.3470756836746378,-1.2900356684799024,1.1157206838234663,0.12934324864117858,-0.06339057983224738,-0.6340403303607336,-0.23640614131192267,-0.8270719691723369,0.838463231987639,-0.5667666602469996,0.5095352640707442,-0.21141374944730526,0.7696153122168652,-1.7853536088182855,0.4464356357173394,-1.59216291138841,0.2262877649884524,-0.8209453090001928,0.13370754075995628,-0.6479257876204317,0.13943031813211332,-1.3725237203235405,0.048854443227475175,1.7174484396039855,-0.9095280491115072,2.1691809776812745,1.3414923904662583,3.1297855195756648,-1.1205511961987042,3.644341054043204,2.50356538993797,-0.628364130213513,0.01769563421764886,0.47499060434444185,0.9182794041592297,-2.0625384799172064,1.5635771028417715,0.14944306134107027,-1.443936980756528,-2.510974631745603,0.012259732730508843,-0.7120701298714118,3.2350145767385854,0.8355867795799112,0.47979688285625205,2.5862141901169737,-1.1889151108280374,-1.1491038019629478,-1.941831580020707,-1.7379725512185584,2.664819112176226,-2.955239721651001,0.308111312798,-1.534472481082234,2.597890326082905,0.8076030100502753,-1.8529995875953835,-1.6182520969663836,-1.509755199522303,-0.4452701656749642,-0.4193567614011112,-0.7272063749515161,-2.0649557991995238,-0.878993891723089,-2.4087220338852084,1.3429110816511507,-1.9347323096158024,-0.33616719435927755,-2.003880012005485,2.813015325669256,-0.016810457500503473,-0.49749570886003097,-0.14435715270341098,0.6023181021168079,1.7420361436410416,0.985810846698765,-0.30231611001698017,0.8647059134190942,-0.3466294723449044,-0.18344909240428486,-3.864668949259728,-1.7689954311727145,4.022314933449097,2.072960092427434,1.8971117608620554,1.0350384951045852,0.659687087634648,1.0170383631527562,0.47735299033965367,-0.8502001387813496,-1.097369514591678,0.7131171861173319,-1.1618113431454093,-2.0124618409949,-0.9647954711134774,-1.4247542783821199,0.6315225653315419,1.8030526949525973,0.14693606404511017,-0.2527669854944674,0.9826628939682414,-0.475521746015066,-0.4898678764364165,1.2993502540051542,0.6655014687380683,0.3801040827640861,-1.391014616885712,-1.0070795199321672,-1.5294620762540203,0.3909499800049913,2.6352013006451225,-0.36550198063490114,0.43080632065531366,0.546473937886617,1.5674817350032053,-1.725353719134762,-1.2701144633292865,-2.5390353072508223,-1.5507977993311477,0.3749170940687113,0.8029826105766661,2.5835801940532246,-0.5753258939887259,-1.2872933522966832,0.15014253215773854,0.7202095976472027,-2.189859574996824,-1.0398418209490847,0.3487275903288194,-0.8980567689799348,1.4173139011523384,-0.39684231051904817,1.1607466837578202,-1.0709557949582262,-1.5557335678295667,-2.5738114665986336,0.15110292717878565,-0.11028664778473687,0.9158346145734372,1.0658033141765162,-2.524204162682491,0.5387020747317777,-2.1598530122009296,-2.66299238520847,1.302944865207493,-1.3232701045639974,-1.741957296588397,0.6791204699547903,-1.2924209239002677,0.1591827382278717,-0.9478557243659821,-0.17332406110586146,0.9857919695854608,-1.954528148955688,-0.7298197805083354,0.6759364128676828,-1.328866910176052,1.1063996444016608,0.25012397716022666,1.9849321820186738,1.14630841673837,1.4739319409443987,0.9377293894343202,0.6020843665130035,0.5114858315821849,-0.8206434883963718,-0.27625373390039204,1.3884762105330517,1.2232009818389722,-0.045700360610538615,0.9758190521550172,-0.2187758995881786,-0.6228978808762562,0.8869348713101254,-0.499517917789732,-0.9455279580179846,-1.6156670715541048,-1.2420855540638995,-0.9996407992888053,1.4219465662627053,1.7240659810234615,0.9018418308146933,0.6737662939511841,0.1908917259976421,-2.0208198724286404,0.639287209920444,-0.4927519859757728,-1.7966316341931432,1.9561563584591832,-0.0487963196047259,-0.049156208162674575,0.2346173853042799,2.653296000955169,-1.642843168865451,0.5695753382901263,-1.8725268692107422,-1.2857049181295972,1.0930483391469836,-0.9499813426850279,-1.1352548177382507,-0.4005977009346555,-0.7419487213227279,-0.5109420536952585,2.3754857121730617,-0.7764894674898088,0.6733722424549611,-1.214659731961348,-0.1890973442916703,-0.7912507947380296,2.074934039979469,-0.5775797315453284,-0.5633401386945478,2.4968225223807945,0.6412410484820286,1.2102333995320171,-0.8008285763634513,-1.3659440788487291,-2.8801928233336467,1.8729996734357026,0.7435796275698466,0.153298137883504,0.36685418112841117,-2.93878433448066,2.20971414221075,-0.5732029214264792,-0.6990139345850752,0.942561114711659,-0.32223431060481245,1.3792714961983468,-1.3967115989547896,0.6979164116676733,1.8744361706853077,0.7444426893759835,1.2858836983555804,0.05194335446507467,-1.4836548355144048,-0.19673206851250757,-0.21424474266270588,1.6958168849350792,-1.5213141401119843,0.32691519361827875,-1.5849292127929653,-0.5074364138538827,-0.9981254361600677,-2.907138856296703,0.7479370542851811,1.6549392262559772,-1.0877218175604286,-1.7352868637630399,0.5317324683511001,2.0203189074845054,-0.8894341398497306,-0.6711870818309071,0.8082130639455201,0.24009295838875233,-3.2774497323096363,-0.3881891871642186,0.37022046906490835,0.46687811638744,3.049856329694631,0.8923380181118983,-0.8456290628636312,-0.6448439199625589,2.7805866377103086,-0.8142570366774159,0.7582813553814032,0.4741656536450318,0.014174249429557197,-0.35863118837466823,-1.09486139604814,-0.9274913827563633,0.7995718379603924,1.0730068234776242,-0.2030548741395491,-1.0934874707038573,0.5630228502228359,0.9734651774245029,-3.279627689994025,0.7092957275936097,1.5827359239156733,-2.6565962325503487,-1.1570052599935807,-1.1817787667473187,-1.2786990522796267,-0.627886083099211,1.2386641807676968,1.029685472645076,0.6645238044420556,1.7881802973981344,0.003723682631436742,-0.27635344326835276,-2.382543761708231,1.3701852037739175,0.5911832480422512,-0.7845162213447554,0.8556605503207635,0.5258876003535091,0.5109566718267613,0.4176406260736752,-0.7025857604938793,1.6962550747921523,-1.2669026147860227,-0.7697984336789089,1.1794198334417116,0.071755123927147,-1.1050393858602374,-1.1957476255327453,1.2748444111711166,-1.0156939158378964,0.18755285462033855,0.5875713863771207,-1.2278408970225678,-1.6168055993919472,-1.094969573364886,-0.3734876793385292,-0.6594866592355465,3.0392955220448847,-4.4522081699877525,1.1026288566690008,0.8362290835071934,1.0477379939326283,-0.9544144364238974,-0.36672743886500037,-0.47346911785340473,1.1015908197807345,1.186869418660831,0.09849034397051398,-0.17672334586500305,-0.07339528173724666,-0.6967649849321085,-0.9498632846014579,-0.6902211311399843,1.0465256575297959,-0.1499886570645555,0.25270335207842876,-0.2772650247249247,0.1380948937551404,-1.1016780219707238,0.35102926684799524,0.8235147460785284,-0.7777922014707076,-0.17433998008548685,-0.10802088808052986,2.258462229628511,0.5745397657683117,-0.18019872140987886,1.5024410195750697,1.7523924665243538,2.3281326241150406,0.6090312655192697,-2.6578333182292324,-1.5990679364119464,0.797080932502941,0.11770481122045084,-1.8668322085961468,-0.28192265740933437,-0.5400728088634157,0.794324520750659,-1.4718180669311645,-2.933475641561574,-2.116381432688815,-0.9430306412872306,3.1267854239325046,0.48362017170373783,3.5740738566444215,-1.4504140702692392,0.8844308050598201,-0.6199769060152426,1.2951426191209363,-2.2974572045734214,-0.3713471112538059,4.4436865766921905,0.8032421692720723,-0.14397365777762156,-0.5748816692404904,0.10124960492663654,1.7397410414315635,-0.8421481280844276,1.7014836550397547,0.7070983146176791,-0.9982656169603974,1.7326803727735145,2.837755737972449,-0.5186073163826231,-1.6331748202231453,0.030744526692330076,0.5516931033041726,-0.3369910213245646,0.10450776025838193,0.6516499844868223,-1.7943742581242381,0.884756467708329,0.9931264034615594,0.47082121660029636,1.6701226056040395,1.2567402812109234,0.23590967556005293,0.07120104338711652,-2.5337367018801755,1.5078881220319698,0.2741938269792911,-0.3617075818832963,-2.129384961055648,-1.2485747509457126,-0.14142507329244502,1.6606492078320538,1.232516763848265,2.561449817215395,0.04042137952764824,0.7723035195817259,-1.5586086420352618,0.3130882466799085,-0.13882637586693836,0.09186657679838267,0.4047054719498918,0.5746755258616372,-0.5028305026353435,-0.04386113614898711,-1.0048073806185362,1.7631611948062371,-1.1642331930273357,2.65625523329715,1.452240335392029,1.3415090155529648,-1.6533764503640882,0.9624580809802394,0.934232316648031,1.4647171162942976,1.2266869445822828,-0.24340327512289914,2.54129061087993,1.4431433183815137,1.0320929063718092,1.3716816419379791,0.8504310096927735,1.4010230022080776,-2.336468138516339,-0.672625768866215,0.491509975273257,-0.3024990163093397,-0.7901428087820412,-4.381251041004713,-1.6200313772758552,-0.4398513763040899,-1.2154644139419126,0.7043439429264108,-1.3699705883687523,1.2733713372171975,-3.009657474776188,1.1509798491722496,-0.08259164564645932,-0.19810302130971758,0.28363478800607755,1.091055889923075,-1.2986574834663114,0.694512117199185,3.674903912618916,1.4654847321719973,-0.20878272952236251,0.7343063468101866,-1.0903763197245537,-1.6775617598810797,2.3405830405776338,3.608869624717826,-1.0586303967624173,-1.4394795329719559,0.6800623780836539,0.2518636216408533,-0.6055710983692794,1.835942734507775,-1.3796357873936707,-0.021971770594309104,2.055691969438293,-1.6853295294793875,-1.2802146109645578,-0.2936904137382444,0.4415963090457552,0.7230196789161082,2.7363988530985868,0.9597450411782156,-0.11230461548919203,-0.6092133905370861,-0.6493226828054223,-0.04690347163498959,1.7190409296449127,-1.1641696629730212,-0.07266443258621819,0.1797053308293003,1.6925233463568254,2.2975885781934853,-0.9748957459875981,-0.30568783873684324,0.7522139347739334,0.6312106120442547,0.4875783072582979,1.9243017340663926,1.0549708425727842,1.6731648740658682,2.2373092514470034,0.5550899227822609,0.08317350288763448,1.7434529057219508,1.358632962191602,1.9369304282760735,2.7967202256216845,0.6142623783398197,0.37471858054813967,1.191065705889539,-1.4449530897649563,0.2068048271333543,-0.78907903342264,-2.4743403536141146,1.0726249184634447,0.8528462515816514,0.4501099224768781,-1.6966224653802242,1.387770546031212,1.1213811661632769,0.7818229003382606,-0.5692778909001807,0.3384518893689228,0.6912401627913862,2.3568176603606474,-0.8649888144795131,-0.5531783158930631,0.751966001961182,0.6391086599015205,-1.2799137058109284,1.5207829470938803,0.920118067091084,-0.9113768028388816,0.1816143831408097,-1.5354140332719148,2.148806943358313,-1.6778540392083785,-0.09219862015798118,-0.02260048948472615,0.687861257885299,0.28675417593835456,-1.0409819775387148,1.0578073962885002,-0.530831312208239,-3.3294600448088283,1.2644366828976072,-0.04949579681102467,-1.4263351127535504,1.3532722927681378,-1.0240860580199096,-1.162099354458423,-2.683970638675448,1.8357739313693215,1.0669133755680558,0.17958243870567475,2.0092082007969365,-2.0167225454544653,-0.9275394846858791,1.0168921947642393,-1.2325320994167657,2.3649012882479608,0.009486379929748127,-0.8143935706744665,-1.7627015922108369,0.9473878354310641,-0.32932738539908724,1.5148284617943288,0.8029471397092469,1.2199625506814467,0.07369499332044646,-0.14612207602331873,0.22294709914777455,1.711240958564259,2.161628506910027,0.854874241516876,0.7584246595337107,2.5969659962522162,-0.05245672453763234,1.3486225193247101,1.0398196661068049,-2.3572671181802174,1.2081333802606986,0.9414014633080126,0.44388029385462885,-1.1521300858877188,0.46978285018020255,-1.1810574345735751,-0.25372813990649384,-2.8764538494195464,-1.9302743888822422,2.4962001879885203,2.3264766565423214,0.08595841952471495,-1.8961965432580496,-1.915270419896514,0.377051808431875,-2.3020398221554963,2.223002775920045,2.1435812316866127,0.3089181137627776,1.0252955581634962,0.024121820316619302,-2.35264046665352,-0.5273388011043185,-0.24005803086608413,-0.5048720850910312,0.5477318923018639,1.8862010284402015,1.9193992774490864,-0.24407617152390798,0.599886470406017,1.2945940142197254,-0.9821750787049793,0.7988152585557556,-0.9539826998284602,1.2569190096241567,-0.6176120920125162,0.21301979913132052,-0.1607694656679735,0.7950350812965483,-0.7461266365102793,0.8061281506611327,0.8091087028894901,2.7781228778966858,-2.120714437205496,1.2858346969364784,-0.5236159289456384,-0.9840780434437758,0.24048677819620634,1.764414099919533,0.9090620887740931,-0.37106426605759335,0.47415642984402373,-1.5306498869008092,2.577746100668285,0.7323693164273952,0.8265926495717186,-1.908417316219157,0.8442341050400086,2.7032094086316127,-2.6667510273060153,-1.2694249963478037,-0.8043974491476699,-0.5788256065795371,-0.4679061069259971,-1.7290004924659925,1.4208892206943393,-1.1066648034506286,-1.920119092274826,1.1679493528484826,1.4657293648063545,2.523007142277663,-0.6975586938463972,1.8567494948781351,0.26808409711788944,-1.2747103537984503,0.2149839697743498,0.4571421400794634,-0.8718623926267028,1.5212327308974392,1.4040551314848664,-3.091302850936347,-0.5271516333345212,0.8308654720592542,0.33452935994354516,-0.17814708875472654,-0.7185007670703805,1.7040982841162398,1.5288784058626788,2.586155949530455,-0.14699796924712902,2.343665283358153,-4.027768997552442,0.8138842618921664,-0.2301859946775296,-1.6543745385726412,-0.3347792272319401,-1.8367735223193609,1.7604833995684472,-1.1232934107910924,-0.7694147684788472,1.67965186969513,0.21877520220212843,1.7876776937460435,-2.067685610880522,0.17355081006026996,-0.18559032782927348,-1.074604255566736,0.8561944233270274,1.6029321629684223,0.22651593442497275,-1.1501934334315882,-0.6271554231508896,-0.16954739281026518,0.8420712771063213,-0.34883332338071793,0.7162519379038287,0.46983099540478745,1.222199506074877,0.6599995855382278,-0.803499047704088,-0.0692010695457165,1.076037637215682,1.4002899824749546,0.9700856472404794,1.8171964287058304,-0.1013289150118694,-0.7428320225263574,-1.402501347504155,0.4150685376560814,0.1513720242896454,0.08645463164674261,-3.6940893054584825,2.3825051566735307,-1.101703991561181,0.4672496476128996,-1.8130114154086165,-0.9105492495187798,1.457416820011507,0.009066547130786085,2.6025528620419767,-2.2566180757186265,-0.11147662549234472,0.0636868466049278,1.2144194462906062,-1.1097894607742962,-0.5277842458611384,2.356778251667258,-0.3609278908416522,1.6334687985867324,0.3930469238701609,1.5146001245722673,1.6627559623117105,1.626852165129009,-0.1476409962996944,1.5214854515270877,-2.1367034575792867,-0.592048497637588,-0.6307606389664047,-0.08222040945661963,-0.5800946912281566,-0.8269868796129773,-1.2528853171079104,0.8857608747924625,-0.7832176163430604,-1.2309602899007734,1.0332605673153052,0.9894169902909824,-2.1166828057829594,1.1978731434001213,0.6396422073275576,0.8369180036943076,1.2790851391877704,-1.6583401508689004,0.8043095097605375,0.11807459463009096,0.025853288220989867,-0.307395446292293,-0.9832664045390391,1.3787366756328066,0.20178155960766153,-1.093803268552748,-3.488974722096267;-2.098554973569006,-0.49552701609935657,1.8088102129737338,1.8420295767743249,-0.42096559374639597,2.621486389624878,1.4701503275849477,0.03026863031552124,-0.7168139588596548,2.3737892130434743,0.42749325117102577,-1.472358788560824,0.017390634911884917,2.6214729512489034,-0.43436088884832885,0.5145906130398467;0.8679024489490736,0.20120212882998956,0.7659659755029915,-0.635161622503672,-1.3241160458650052,-1.86197318863901,-2.219509524029837,2.0287721600985447,-2.4650993668150645,-0.3144618861809453,-0.16405089268504328,1.3255975496445673,1.255318237812881,0.8854660797191625,1.9521168547657448,-2.827919710695459,-1.7775237226366116,1.2141496896268793,-0.6712766521088989,-0.3922824842246079,1.558993503794431,-1.1036807463480316,-0.9415454389139039,-0.6151087367542388,-1.0284876155443676,0.3416381523030018,-0.9744641989570639,0.9166193755405325,0.5548901021677527,1.25115279806071,0.6332964605820274,0.5738897985592382,-0.5731370325726172,-0.667683181241474,-0.5910873450568193,-0.3784468798550006,0.8916096995463836,0.7021367701871006,0.4667395820467394,-0.39000991686951114,-0.62456001431209,0.8974705445081184,-0.13423532925670367,-0.45186462666459687,0.18051147040611248,1.1428391176210235,-2.574722431133799,0.3890724592515711,-0.006260019311539251,-0.5100931129183569,-1.62399385169118,2.0624690962006325,-2.8886979389603242,0.4784413399736299,0.9893470333260741,2.272497030152571,-0.009078303119955833,-1.0109863213455117,-0.7562426696082281,-0.7721466648139672,-1.5758732814159018,2.483101617029198,-0.8965583697455625,-1.1363550703106065,-0.12038553705938387,1.94560886326688,-0.5966688695196128,0.9959721768389784,2.255967385363654,-1.0621222013941845,0.0034833543351039387,2.006605074128613,-0.695111173599559,0.30735322877742977,-1.0835652346385543,-1.5968992361337995,-1.4715531892399003,-1.1468890106755998,-0.4993305856925597,-1.1669170710826358,1.0297816398732302,-2.159105854245438,0.5404786422368223,2.5078646277705072,-2.0194113031903953,0.32308605723891803,0.6527173409138332,-0.9486815489105448,1.9747953430743768,-0.12302853074041009,-0.4802525582704026,-0.6531461402511411,0.29378515521689125,-0.5368144929724273,-0.14171963775307117,-1.0187735044416004,0.9887899154638993,0.1384323480024542,-0.8600734131132811,0.44639307954722324,-1.459569562302377,1.0760906684671776,1.2375063778886901,-0.5296188683557261,-0.8063873713735639,-0.9614795685363764,0.4245822150744035,-0.1759595058396454,3.1398787839971063,0.14532909372030983,-0.45582568385702726,-0.7425374279978472,-1.1196225565239366,0.5301837704793239,-1.0029788760385514,1.4426069534304888,-1.2674667385421672,-1.503542220676115,-3.3170469891194765,0.54062341950398,-1.8658327578868557,-1.201835215209548,1.4518281609252215,2.918654420192484,1.681679452256697,1.0616720774738129,0.12867531963615098,0.8910061597183838,-0.059116292507152474,-0.09989091892202062,0.4759656047230188,0.06815446645118983,-1.3153321372304285,1.221601682980489,-0.7113340138425253,-0.46545540580416067,1.0203778351843422,-0.5620152020184161,0.31871612536478433,-0.37557957221450283,1.420817025695051,-0.3700603257419287,-0.9183703745657685,-0.5124710560693555,1.7174335728792938,0.8097301052876745,-1.3919155303654167,-1.6320824163559813,-2.136089597443557,-1.0447415711482182,-1.032097402569251,0.3780635312049059,-1.0724855013245875,-0.18847159222820825,-0.3576922502320855,0.37632085729507736,-0.6121612324527227,-1.7133915835755413,-1.0611656413191,0.2326457059255598;1.0141475695737816,1.2069085813838627,1.3916022011704894,1.1136152640929953,-0.33106747599318365,1.593538304126,0.026476263254341423,0.14203978746846596,-0.023511551820989518,-1.9032362822654973"
14,-0.06642557694414158,"-0.2515588440671327,-0.39155605825314127,1.8460679177885009,0.8165488699194938,-1.4770491863481547,-1.3347844372309732,3.0896398483583782,0.6665912248511492,-0.6477057226901837,0.7259281468121154,-1.2012402421607395,-1.183004220888066,-0.35074729752964867,-1.8948484649182251,-2.8631836542998323,0.5097819173315116,-2.019665178347786,0.8979592855362615,-0.5788925375119327,-1.4074384182230548,0.9487822816746617,-0.8276886465549662,-0.5195009505698536,-1.1182924100514877,-0.40293122412398713,-0.8546069284563542,-1.406645851496269,-0.4314400651743625,-1.327503670336206,-0.1790985247285058,-1.1344077045485095,2.0109942387857793,-2.8689265951337433,0.23764479282920026,0.9140532352426515,-0.6587702046442528,-0.013207805010812979,-2.318341636271406,-2.4922309227313306,0.43515805501080673,2.0323396060937293,-0.4174584027190518,0.6899573282177558,0.21089670606744493,-0.6466124367466594,0.365335573785158,1.5155418128410414,0.9758945945003427,-0.20946053586824886,-0.3583974024087396,2.0589746206080095,-1.3249072490271934,-1.7950710941082004,0.4438830894707176,1.5305167305310574,-0.33533880113315595,-1.14545268263416,1.2914795473594973,1.2037184617334034,-0.5014054145576268,0.1529247632832343,0.29137663283286047,-1.528817612200077,-0.7345593729029797,0.290352924503268,-0.14386548714641215,-0.9435222951482103,0.6127838361254658,-0.6432469818154956,-0.4541833748468595,-0.04198014275504269,1.5642330111667735,0.19877651297285692,2.2817873630527954,-2.5476619343014146,0.39369088120905527,1.0807635600264247,-0.5083138746133905,-0.3888958604217078,-3.4099220713463207,0.8443841283350512,-0.30474347611336994,4.501104512746879,1.057759399559682,-0.13899140391204667,-0.1722304134612724,1.1796482299746383,1.5986017671585029,-0.8051553713136523,1.3921575980060463,0.1316896526091107,0.07705327818498647,-1.010545866441109,0.8085670263455779,0.8249716756551988,-1.9113985599656576,0.9933710405587411,-1.0224115065273969,-0.5393096977564436,0.6214621422022404,-0.9969273707877155,-0.9172673280981599,-1.2850429989866339,-1.9141627091543907,-0.22478094281721556,1.1486825864672032,2.1565759035327923,0.8332671277202958,0.24338958338575653,0.48536335446324796,-0.6063320966278265,-0.09202183944471114,-1.6040202307324896,1.9531558809513583,-0.5933005570149389,-0.3823614617071928,1.2656257396368784,-2.7891085927772616,0.2603944717306283,-0.35193464914179107,0.5522427981998641,-0.4764422440809687,0.6421266564001141,-1.7721651516318637,0.7799690878884975,2.8267181340412715,-0.004910747684906229,-0.1460984923082908,2.33091255481935,-0.9306927783782185,-0.7251955938771949,1.421565551568129,-1.6560321653365864,0.7246533435027352,-2.8427698396129735,1.1503867024672862,-0.062000305775006724,0.13875030534932348,0.8940375510568093,-2.713395505201013,0.39035737437660933,2.5402263082591947,-1.5303024633493818,0.8244994140725603,0.9989730297922451,0.9706004548251173,-1.6073060664334984,-1.4014002476695655,0.04841026703194137,-1.2705378446984639,-0.47190901283601683,-0.10776179042658436,-1.4114515424686935,0.5209239175887855,-0.49953051335332416,-0.011322590715014291,0.2954159538643283,-0.3171091574648863,-2.165845387055809,-0.5985075512106908,-0.513365515083447,1.6009439527152736,2.84898643198883,-1.1560948060093301,1.2969624915212319,-0.01687376188862244,1.0151901213521999,2.8714797509064485,0.5084412611481329,-1.4881980906579715,-1.6517769816729555,-0.26475688110433027,1.0809357739021253,0.49302086327577843,0.005674037861417389,0.5960272887985544,-1.4875464921426462,0.9426270748250767,-0.3675841317417651,0.9670505786720027,0.5668362271068521,-1.850374072764402,-0.059595721489622666,2.107984645847346,1.1485888775243702,1.5613429861133457,0.8594789138807954,1.6611687583800334,0.3447614150547273,-1.755456252056113,1.838961709340512,0.3219133583741333,1.6038144056215626,-2.163833218526055,1.4254807883612748,-0.4507927633958711,-1.0588882095285679,-1.470384482609999,0.16293030089160004,-1.9305376904429847,0.4888505523810568,-0.9510093891249431,2.2708036548202806,-0.08314990629245944,-0.9800745496587833,-1.5076528739508366,1.77126519080289,1.2574352152047537,-0.488665617846074,4.370693426473217,0.23796607329586908,2.4892852992282104,0.3820742611166267,0.33854783339983874,0.186344070046344,0.21776589130960788,-1.68891866039176,1.025907392669306,1.1410045731295797,-0.6612826098137778,2.555389022203391,-0.9530645407407511,0.40047315814376505,-1.7730204502007791,0.04811050026231284,0.23775363896791513,0.30757501260605946,-1.3324599942186424,-1.1774457688922757,0.4511961106664115,-0.996509989312347,0.8858946432218968,-1.9570195876388365,-0.8834020435718045,2.4883089429057637,2.2805332557990905,-3.666234182082582,-0.33271441395835577,-0.44493532874247577,2.514994685471958,0.5197492343170067,2.3537945559672013,-0.41434257799274943,0.35150546592125553,-3.7798914195260833,-1.083137843410451,-0.24556113377100064,-0.967557686582843,2.2168412044296857,2.6152183738421177,-1.0120578656561232,0.922054558380599,2.8011058808254816,-0.11066100722539908,-1.2676356898184984,0.9432569996967176,-0.15910527086014442,0.27349673986064454,-2.1141933878390273,-0.29954853410525123,-0.4232908860358763,0.6665504273977388,-3.6303981280496136,0.14611278095825297,0.7999543106404632,-1.5964059619995365,1.381061197467391,-0.4654152392614627,-1.2444362486133198,0.43392688256328044,2.4356535096970893,-2.4131058232672165,2.3549338336699845,-1.2409165074154216,-0.3880873332704413,0.015821776664775966,-1.3013519205316246,-0.6657260568468893,1.1025372954972663,-0.4690223490725115,-1.7932588879849016,1.518923013955098,0.9770403000785401,-3.3394638529186658,2.533403014413983,-0.9861512370965563,0.7639267003103551,0.6835371361318692,1.5536609510535195,0.174990801179374,-0.764250473069842,0.44129114007969233,-0.4758003332412305,-0.048005843571667706,-0.6642086810537662,-1.5201763544279292,0.5575375575601134,-0.5914215788992623,-0.7688542930403762,0.5407260489596974,-3.7773481397702975,-0.1551466644820056,1.530578443134239,1.1752364142105043,-1.652577042201939,1.105870651907675,-0.39764121642387695,0.3059622113115666,1.6187033576784284,-1.4767482514316965,-0.14873622836967532,2.4315024729496004,0.5821665351890766,2.035620034859876,1.780450501857902,-0.2510251488858295,-0.44281960729682657,0.32915142809497355,0.2785031590928291,1.6173738025940942,-0.5634836062620621,-0.39006405387618504,-1.5255721164670741,2.226696106509784,-0.07523027857124942,-2.310891764277771,-1.266234208663278,0.6837397469594899,0.35308156600925755,0.2833010879190996,0.44208284242316864,-0.9997007508690399,0.4924574717852122,-1.419105552232221,1.494280043763602,0.4280502614433448,0.9960988723856153,-0.4930213850677612,-0.2148038425491195,-0.45808600032805163,-1.5839376609580178,-0.5875562952534816,0.20718786288775953,-0.8804531330030785,-0.5717627893794925,-0.7215878983373185,-1.2721332763644198,-2.540339263709326,-1.188316317818012,-0.7595266754519829,1.1384004671751105,0.8484506521445447,1.5230434917854725,-1.434877239293659,0.413728887031552,-0.3506666702674608,-2.1435976010130453,-0.001757247017665109,1.4077835730046075,-0.3248638048607645,0.39405033237153464,2.042600253923185,0.5848650252529709,1.5267327135122413,-0.6431952702076578,-0.5957448473818069,0.16330355241626549,-0.2453866299577963,0.022161229183409084,-2.1623686567353326,0.4741632884180226,-0.312275406478148,1.198003807999775,-0.26891854592853065,3.7979159022871145,0.8766644787711179,1.965030851861156,-0.1042229457058014,2.1666287405089806,-0.16076715118989515,-1.7442861584614389,0.11454693709463815,-3.491333907549423,0.14093781195270727,-0.6657544412551059,0.9171917440296286,-0.37986497651974954,2.453132485124833,0.9853542290701642,-1.34160088939795,0.43823845590069765,1.9060098306282875,-0.6520251872138948,0.9339927704204448,0.29863174198898856,0.31479562406495554,-0.562872084463512,-0.29167096816998833,-0.19230208655279524,0.9821603518936731,-1.0287213809052667,0.5241193325043718,-0.2638509716365852,1.474891471775918,-2.421045648347574,0.610575254958857,-0.8581394573969572,0.702981841439337,-0.9327275639412042,-0.6115132380110684,-1.3643238606634869,-0.16368901733207086,-0.23067135562044527,-0.7852771618026531,1.347940002520121,-0.8686323641785538,1.578480082658191,1.3569810871212877,2.7861357001410365,-0.6244207397837473,3.3098571389053535,2.2770673808169013,-0.22877692166524327,0.2974726689138656,0.07511805261897408,1.0929667506884995,-1.903245653397033,1.360513581525288,1.9522325149906687,-1.2440125521422634,-1.379049174662234,0.4070063148384912,-1.7243142749449802,3.431107757154669,0.1197487217217762,0.4671229008822854,1.9463832157440453,-1.7187118837806703,-1.2706458061910553,-1.1677240822929926,-1.6251141099052742,1.2455971896391291,-2.6923274140463542,-0.20992543405343156,-2.3172436481594914,2.5558820063918635,0.6947384066637154,-1.3249584325883454,-1.0084892356204027,-1.2591991810676657,-1.233437437630618,0.6119485074209766,-1.8617654868640476,-1.732217501403458,-0.9303822779894761,-1.7317033210226438,0.8170459809318155,-1.6840069195575371,-0.9004874237967037,-1.0810348783364552,2.2358737825579094,0.2018743760006828,-0.6263798651333998,0.5415858986356495,1.3919632734467866,1.2693115543707902,0.407889823135746,0.9552008203369222,-0.054993537645115186,-0.14092710141118414,-0.4554728209955588,-4.060192245365846,-2.2444242904042047,2.8694066133848968,2.0843074771117056,1.3112435636576176,0.8270595356446928,-0.0016734604058848968,1.6079522003231093,1.4420389791686197,-1.041672365752567,-0.8785732383518086,-0.8089496524149141,-0.9232043238057238,-1.1990188502658108,-0.12843912467333896,-2.143562144484025,-0.2856878468127043,2.182234789927098,1.8613667410887484,-0.5506503897593349,0.48802915606476915,-0.11581868593999164,-1.1151880485436316,1.1559732163034098,-0.037737023960769,-0.7142848443813157,-1.5120046182824616,-0.5924858604871318,-1.1745171791315783,0.8631913573612193,1.6565702710397439,-0.7468481765403276,0.5342002039201434,0.5531616567360963,0.6997705444409283,-1.3507201197720557,-0.9817855992789672,-1.8682917172397107,-1.96318430198424,-0.8452876905177479,1.0191061693112897,2.2864830501449487,-0.8531829352330582,-1.4314216959370178,-0.2652679730646153,-0.44756298096621894,-1.8422475522573836,-0.4127906232807192,0.894833090443959,-0.9812910250641221,1.5862272541652886,-0.6835310277876454,0.9081321479388145,-1.2001524789646407,-0.5756914672676542,-3.009861838531031,0.0025256602620026547,-0.7671862093231967,0.23921108172047723,1.0799791863018158,-2.1575597409835363,1.7907456976064033,-1.7324043055950957,-1.887962679008797,0.8448665763295685,-1.8278414262634635,-1.3869677796434252,1.2680384137266403,0.09160764959861811,0.487597262894042,-0.45651213099589655,0.937488541784038,0.5072287290230957,-1.9362080009554326,-0.22364209188517337,0.9747407048027342,-0.059774528467658294,0.4285684381616603,-0.2870872187830528,1.2452649940112366,0.9691644946778204,0.19334874264880264,0.5714841352622986,-0.46370495066870243,0.3060369987502629,0.09660955462653892,0.14122124068086458,1.0443742977969945,2.166298189149584,0.08949295158231481,0.7067126956121753,-0.23557250860901152,-0.3226789743513103,1.128519889747029,0.16645532876678226,-1.1629080353968138,-0.7482298045398598,-1.404903487528804,-1.243639040115218,1.5982163681933572,2.38637280346638,-0.20232340450576577,-0.8071693208733806,-0.402035844830549,-2.183389939347118,1.0757330932261258,-1.0461803967909535,-1.6531890013251807,1.6194022415724763,0.16821383705573437,0.16198021958008935,-1.3583096840296778,2.8669084094819923,-0.837251414576588,0.289096732815571,-1.1735950537384807,-1.1247521575392994,1.1475432841986386,-0.4251659747757556,-0.9791628204532747,-0.9513762321459144,-1.053990251692777,0.06346532134762123,2.3253535667170007,-0.2928885649757371,1.401840422531365,-1.1599995169647996,-1.2364232298041922,-0.8247125846165633,0.9361166185449604,-0.9373521148320538,-0.34264519959310846,1.5051998461172515,0.8093529964714512,0.04654019264259002,-0.5656912187151951,-1.0241602242298153,-1.6240613660074352,0.4192491974055038,0.12800853973563792,-0.33837446083701844,0.0514419608108605,-2.934557095757579,2.562206896368048,-0.5651158189435095,-0.34135173206986985,1.718538155009319,-0.36735573808976674,0.9117934792643976,-0.005380893785053242,0.9935956802712548,1.5515939933753449,1.4645928333717972,1.5459936862745316,-0.03512318778652651,-0.639918632034691,-1.155322829481844,-1.250532520480713,1.7592322526448239,-1.240243465440029,-0.5377388742515778,-1.675325031808997,-0.35627360493750315,-0.994666380825979,-2.4300736980877184,1.1408681958749056,0.6789625246285597,-0.8467371681509955,-1.6277709530872875,0.6268720668888148,1.923410981146893,-1.007122880524069,-0.8133802175227427,-0.6417612489175062,0.35040816391339846,-3.0719882447854143,-0.6272934585540676,-0.4039235037859769,0.23974120091877138,3.5611629508591327,1.718840830539499,0.46051618206267647,-1.9766612959395466,2.2874144030569776,-0.6781641556372602,1.4645293238413424,0.2033980237937229,-0.3829158048463895,-0.7460530387731945,-1.4786150030760674,-0.28084934548433765,0.9981634115447847,1.1753631098412107,0.0006762448310835695,-1.613846870834843,0.1727291076900327,2.2906713558834664,-3.676813697561728,0.7124356783471916,1.11087840709428,-2.601849491572779,-0.3861357650705355,-1.1365554214212596,-1.4278818688999202,-0.26174175651796616,0.5205084318464478,1.56284202227067,0.6603608559667646,1.8801504048994135,-0.686011932946663,0.31037235937785806,-3.35787941954373,2.4944714985432386,0.47251676185348057,0.5398812922498701,1.0668532223214247,1.0796974360582292,0.7430823660588699,0.5410886282572255,-0.8419674529888744,1.7001365295624749,-1.677639323477265,-1.180323143234316,-0.13499985293706251,-0.6816967709121651,-0.5728583944213013,-1.253794920763489,1.2509544422479524,-1.017420456217859,0.8242358218114378,0.986633857103744,-1.7017964284766687,-1.4674235979722208,-1.773058928203214,0.13161687966218608,-0.8382264651738833,1.8537019754819455,-3.7584735358569383,1.6705847145656627,1.1399212954591234,0.2654180595277041,-0.9511789565119523,0.16926605671588785,-0.8904829338413137,1.2113457394856177,0.44035059471550186,0.613792860512083,-0.43621372017867655,-0.019870413974633502,-0.8326520941073989,-1.4893330468228447,-0.8492196080661477,1.0605110221425282,-0.19824100567031405,0.5569181780659301,0.03906984675317743,-0.12987739471205076,-0.42246363189865976,-0.39060450822546877,0.2748448857248287,-0.729439114895283,0.9654308285390998,0.248624345833013,2.48434867180178,0.29979865801030015,0.28960064912260297,0.6555101801685372,1.1824620407994748,2.1783190679898734,0.00548861209050272,-2.367258383694361,-1.9313622373828114,-0.26561570725140604,0.6624081117145941,-2.2263395352413617,0.019343619757545588,-1.1400927997735046,0.32771851924431694,-1.1745674005150273,-2.6785483947519237,-2.6989702986221187,-0.6717760601899515,2.873940802144198,-0.3162491112640405,3.348337942445178,-0.9714577997195049,0.6466847766219923,-1.0953292168145592,0.8176422970948263,-2.624170688440427,-0.663174281221588,4.350751344224173,0.32377488723457004,0.23805103839446703,-0.8955285758057483,-1.0850180557253237,1.3129559498022971,-0.9796565939531405,0.515917836369779,0.5045939171213976,-0.9911924991099261,0.7849239543340543,1.824723760292179,-0.42956782654800574,-2.4968790165095243,0.6943599301640331,0.4201731070828437,-0.377835280401711,-1.477249585418019,1.0212128553911874,-1.7917983117936116,1.1608478790927443,1.4918233857823373,0.029288306948961562,1.3246036294433263,0.6797423285762817,-0.11391031242734026,-0.2500729581857853,-2.197737150120366,0.6220352678725871,-0.42098606744361616,-0.6324562705074508,-2.401106985960872,-2.3543496371451913,-0.2717886587494138,1.8730647705256172,0.8286594979985159,2.7043900054916823,1.1316314168297532,0.25028830586847506,-0.8808876771512741,-0.25219249454101245,-0.7023008812825129,0.28281821784205785,0.794402193386225,-0.08104344331008821,-0.11819616472700013,-0.14513715871671704,-0.8886837413295072,3.3621751927650303,0.01709447300908873,2.2286046949272587,1.342504895536162,1.029472314322489,-2.1705192910951006,0.6542505505816384,1.3615670306923673,0.9269130820262353,2.1234176884000515,-0.6545178134240436,1.886405840949594,1.6237432930892286,0.7503172956794594,0.07375249873814371,0.5079801683255907,1.9025849627015359,-1.232539166933654,-0.4824013307850525,0.5463228578171426,-0.04675516935150756,0.11224125215632758,-3.391745675636103,-1.4201465480500963,-1.02771778813654,-1.2832168364295784,0.8681947033094921,-1.5387683592329782,0.5009996976993448,-1.8639710907858236,1.2117878811117913,0.8880083403672188,-1.379510105114324,-0.01151348633943719,1.356495818506656,-0.4962393366452248,0.8657736083481746,2.7848363491014263,0.1386003537583863,-0.22914285490194075,0.36509931961486675,-0.4610951566394115,-0.3366056758669263,2.8484683793438013,2.4960756828281845,-0.4525895110994148,-0.8890982323936224,0.32686801078565925,0.6826854247996735,-0.4087583791072309,2.93147536681904,-2.3326300417999284,1.1917470296687422,0.9813550557111487,-2.5372542731138923,-0.3856289337387679,0.03652522910335102,2.4345106205207276,0.3070480982311754,1.5496977263664928,1.2100515529407716,0.2910271827287562,-0.6829728753027823,-0.6430543927219435,0.07841401828110581,1.6383059968216869,-0.5147136934092769,0.14539792446704447,1.743077597798058,1.1621432426044513,2.650222680905123,-0.9111779939396176,-0.9589215218434256,0.4792343414646387,1.5256032927132894,0.40712796100830495,1.95124251306396,0.5696567254965,2.847426177107929,1.9399322305727167,0.3673786659762357,-0.18694086501419688,1.8829346944269516,0.806994167965803,1.2057932213685743,2.1541116180004503,0.3748768942584682,-0.6331510625062268,1.1000432093866976,-2.097693918770927,1.54423612717499,-1.1714536457954212,-1.3214271087337166,1.6367150178807015,0.25991813242505324,0.3042218206681578,-1.4120156962077839,1.617104292953836,1.0249072001822426,0.12790562892779755,0.2427009608839591,0.9652093467689145,0.349510458810872,2.9370069926365554,0.27920107168030434,0.3376823797743314,1.1244163209942035,0.7722205930225923,-0.23547384943600064,1.3599282720740928,1.606585772778834,-0.7599017330574089,-0.3551066431235961,-2.098124304675688,1.9054757777938263,-1.017145191408554,0.43094601382553777,-0.544544504261174,0.5778944127203884,-0.9153947103492678,-0.5460248617441673,0.9200040580570896,-0.044721529052270115,-2.298383568948316,0.6284578665620562,0.21817953257913153,-1.464293087147992,1.8036810558553216,-0.724291521347531,-1.0409896510780323,-1.9784548301480487,1.6264451415542163,1.1343072811566854,0.75999971503376,2.704638555637186,-0.8756686198286021,-1.7307636753216602,0.9166605990335167,-0.3201933399541648,1.5640270207290223,-0.08303215170850323,-0.5870292080513244,-0.8210060506859669,0.5767803769733209,0.17411782607294354,1.7661112165672244,-0.020703199883355894,0.5093504400902196,-0.4814796147751343,-0.24117281133522123,0.7525649685308973,1.357762232273493,1.1776119497644184,0.899887885684524,0.45268372766521403,1.4547871861257828,0.004346692358222881,1.9869524836624173,1.7496243889169745,-1.6829533722590566,0.37344538940387056,1.5350180360085348,-0.21446545033701836,-1.073530715205392,0.26544971306999876,-0.6147534769402241,-0.4418974445958223,-1.7407164239748796,-0.8919990328317325,2.1424096299992903,2.1317722446730176,1.4172009135395869,-0.8111388584912748,-1.4224291172565948,0.6811682224803998,-1.9152808733219553,2.5906976156709094,1.3350857836800194,0.42802653222500636,0.35901464673902533,-0.08324622207834559,-1.9819161213484806,-0.3652682363100511,-0.19532112211074043,-0.5643445930116611,1.1485968126567483,1.2782208988671044,1.065574501469748,-0.2947415139953047,0.9137059558282844,0.6838447388403366,-0.9176459738815719,0.7792699555734868,-0.8560544909874077,-0.24185685253072564,-0.6436883578294607,1.4025333966237952,-0.852839903520851,1.4488526190946318,-1.7428048594121293,1.6499793745863078,0.22706381553635552,2.050453735098609,-1.8393699853706797,0.821037306340523,-0.06557169898219842,-1.4711950675783452,-0.3195129726441556,1.4369274045062592,0.9918277605746465,-0.741137474390362,0.5892239310247045,-1.4387325215807303,2.507037813153967,0.6553131200202923,0.6076786626936885,-2.1949888692090123,0.5325181318085561,2.2910090784517756,-2.4473576864291444,-1.4769735992862372,-0.6013760546613276,0.8681974057099242,-0.11487756823950557,-2.284595805508282,1.430954289130335,-1.0561863491752075,-2.393752748268206,1.8258774267603104,1.1970794897611206,3.2012634068325037,-0.4526091843323061,-0.051723708412608094,1.4171939925952661,-0.8641625861006695,0.7517614255657996,-0.22395083014665468,-1.108277183753926,1.4638169234369267,0.9000198645507315,-2.0704048991649704,-0.4706687005014135,0.4220855516832548,0.050973222813105956,-0.023632631762237566,-0.5305691498666734,1.0522775460331195,1.8998050295458384,1.9931872758235085,-0.258270917577502,1.5772642219202566,-3.6231474794121032,0.11789220591652783,-1.0144984613809225,-2.176698221074597,-0.06397783623214962,-2.4948549582787587,1.6417717121966116,-1.2648451592825074,-0.7130803038089892,0.9625263813255146,0.4032426196449945,2.1607536807091785,-1.2245504278962536,-0.44430959677434556,-1.0805149423075826,-0.9526443687486668,0.4194659385881757,1.2207604998034913,0.7093634199437695,-1.342190106759127,-0.8594009246401473,0.4118359839909631,0.6301667490598084,0.21296883758993518,0.45836757484399565,1.2672886949639417,-0.04196254154383355,-0.21760215764908925,0.4427612768018778,-0.5171498654557096,1.726821954283414,0.48902575837782936,1.2180878134195265,0.9661927833401451,0.28740561742646564,-0.2755609975810086,-2.948907671562278,0.638779115130767,-0.1263468745774326,0.35223867969688705,-3.326533680256167,2.939913582344726,-1.272396296168811,0.8071192510085677,-2.3373006937074687,-0.5833848159927151,0.260083307264126,-0.6629525736205262,1.4336533180290953,-2.0661802812668033,0.8070844341097185,-0.014363653510920976,1.3372523456392567,-0.643186984232916,-1.35228899999495,2.5584524574309153,-0.8551367772428167,0.9470383033056599,0.3830195319900798,1.3947331953829978,2.0138033678928133,0.8613455365827527,-0.312510564194656,1.317228348244597,-2.0983292827026165,-1.0961568974066354,-0.7258659305773132,-0.33399508851535353,-1.2710192986297397,-1.0817912961386038,-0.7189210987873604,0.756195649208,-0.2453841399787607,-1.4728057571828825,1.3186662294319251,0.5232245522249216,-1.121905528133415,0.2465450194865998,0.503139526891183,0.8672276286750169,0.5925372139060625,-0.9154051462297741,-0.08130847075040207,-0.013205259189606272,-0.5897383159316759,-1.7839313260896992,-1.4495744143078853,1.7632993084178525,0.7445623693459489,-1.5206878775575783,-3.3363530741163494;-2.9560633697278362,-0.8090594129745056,1.127068315725976,2.6354753160181335,-0.269535605093625,2.1049687284509857,1.2372027974464779,0.357517268580492,-1.8944515372866184,1.0397465564590977,-0.46240305297678813,-2.339561491519123,0.8666239431061298,2.048081746523856,0.32262229358502204,0.26323653308665323;0.015041060529043304,1.506318557245308,1.7800170736022176,-0.263156318075065,-0.8023792763547171,-2.597756444200011,-0.9223263422115591,1.2803304894062626,-1.8493299643957888,1.0818722335781046,-0.45097646735382835,2.2438050252511426,0.5602372764945286,0.8864035782941158,1.4166039350408473,-2.838951787416125,-1.5731157620730178,0.7769420045577381,0.30164747324480895,0.7772200457641386,0.5374259697161736,-0.8299934209406916,-0.38337523579585275,-1.526098023707263,-0.5704828242288655,1.0474629860299285,-1.3907139944451192,0.6576144018856256,0.5225308840538175,1.9254585854483925,0.053269506293410485,1.0172234866589416,1.1935206106053213,-0.021023928794696556,-0.7341431397691329,0.29342660035748125,1.4477340549285593,0.1594247868011549,0.6280254724945492,-1.4542254075691223,-1.16838442088849,1.923946528759274,0.40230358941482536,-1.5234696201336386,0.23614651992962415,1.018391443009524,-2.6333616413681202,0.37339826441023716,0.12211163936174103,0.5950986967668157,-1.9248017169436311,1.7289857444523344,-1.666499009831831,0.37719821702318196,1.098963944959896,2.4663978315221184,-0.6846992568123647,-1.4383824730436219,-1.0786656840252005,-1.0042065240596427,-0.10380585148487603,2.080511367175163,0.18772255141699767,-1.8658012933829022,-0.49985466153592484,2.369019663878123,-1.210466758031909,0.500763851485516,2.7057927571890037,-1.347670083228508,0.35637907281831227,1.773764250373472,-0.7461576569944288,-0.2820372794768197,-2.2337978268299743,-1.9319077350455338,-1.1326073564842414,-1.487644944949421,-0.553353484342003,-1.1210468208337492,0.622689324468938,-2.1543823167135727,2.423952169615956,2.0757417870506667,-1.3090277210900478,0.5049768692303742,0.9885737210255781,-0.7753264739867924,1.354403937973093,-1.1433364259106353,-0.6702192400379923,-1.0855829718105576,0.24810854376724653,-0.1830715935456615,-0.010336332425433747,-0.8941142708557204,0.0489261819618495,-0.23095297905351675,-0.5659736876235845,0.7400939973541913,-1.129121501281188,2.1137419336950343,-0.38112336258449314,0.30832333492345987,-1.9940410968348403,-0.585103778364347,0.1741493615531975,-0.3948419186616627,3.3679283094897134,-0.32923166948164706,-0.49947554441786896,-0.6373684383109117,-0.8342472999704202,0.6651396315015498,-1.3805203502123724,1.754081929933397,0.010774609013385249,-1.3358072811034396,-2.5053743567547024,1.5752095089377343,-1.6470409131541017,-1.2444423816914083,0.3677893984358209,2.440846617141383,0.9313009940075995,0.3645179479965692,0.1555071264261427,-0.3286716046592663,-0.5144976725329025,-1.1537755035641768,0.3470416708780032,-0.3989896420903595,-0.6090356157080413,1.9390321096129037,-1.5026743642584015,-0.9066649671183674,0.007995839379160263,-0.5550937491780128,0.6971672980094348,-1.547633442832995,1.6572595951806264,0.7946299236162604,0.5077932038976182,0.6106580007146899,1.6316611767923623,1.3755292149631455,-2.1768901931390414,-1.645531798648826,-1.576364810814779,-1.913287755897505,-2.0174851418546322,-0.7053208427249376,-1.446600748446084,0.3193219648852738,-0.18286397406098082,1.5025910875749584,-1.3859074834195324,-1.0714450691779938,-2.113629764705747,-0.4167288484698096;0.1628607143195543,1.7594568865343119,1.7502137344656017,0.5698964492515666,-0.6642844868520148,2.243080115732112,-0.37465808879003726,0.859392602769113,-0.7725516913897789,-0.819054754184955"
15,-0.08235880377250349,"0.27223994751846514,-0.05814040892663097,1.6244466635304033,0.36193861012509304,-0.9723890397288927,-0.5704419859805852,2.5079948420796634,0.683025269870887,-1.4543460166857174,-0.6887594355439679,-1.6764404061192804,-1.2081357957870733,-0.36819792352919267,-1.6340792771441872,-2.5373519097684984,0.8631960284580487,-1.7967712541352794,2.635333843902381,-0.2991427914548981,-1.3811483024722409,1.189028850396293,-0.07842919983304716,-0.9175096057464052,-0.28009899397123145,-0.7894751926642677,0.18476158144914645,-1.4033065718631232,0.2193362462161792,-0.8059474444120327,-0.08854826979916108,-1.1014210940746592,1.8261080587447545,-3.234280937871466,-0.48026991637187266,0.5686090079506462,-1.4104768824022327,-0.03340618956409358,-2.6880684822478993,-2.4035763716744154,1.1162702438971182,2.273667288172202,-0.2568255335311458,1.0392744672632612,0.46383228911422514,-0.8736960354581924,-0.44799127295459723,0.6754724792190464,0.9454421457389459,0.48703180975942506,-0.4278621665715044,1.104077460994542,-1.844347135664645,-1.1989663185466657,0.7720060415080876,0.6016931392637211,1.0312170282323514,-1.0521736900627077,2.259154161580524,2.1265076072511864,0.47953557711836203,-0.44014220217493627,0.9103809166292757,-0.9963113747345864,-1.1152538200269408,-0.4106135902099213,0.9208059105281187,-1.3102384006917829,-0.23790509375429642,-0.5549628670310425,-0.22604754046491798,-0.34214267581492697,1.0059381350802616,0.8518255029953938,0.6653976518358657,-1.9155208538885669,0.13875399174287692,1.2090315006872572,-0.4886683892196878,-0.6285193500113173,-3.2837667216843522,0.2779099749203439,0.860897365064015,3.44599208150005,0.7683777490625788,-0.06359330405348307,-0.6756928146379699,1.975423176869501,1.3759408453392847,-1.108657985363682,1.4700170785112374,0.6232195986515875,0.9455345272515037,-2.018320800101068,0.09969418705349231,-0.0591415637693824,-1.5356121017861968,0.6555512818005501,0.07911972381196483,-0.624583239950265,0.12030487582065341,-0.5724013014839637,-0.6420866593748268,-0.14949732115962455,-2.1863211858791876,0.4180867354473234,-0.4939930726063009,3.488748767159887,0.363811342061665,-0.548832927856939,0.2047164120640217,-1.0375517217847743,0.42092062852656087,-2.390096133250946,1.7652994169640979,-1.3633314127215952,-0.23482315849171945,1.3141377713765483,-2.824899985468579,0.06875408016492057,-0.6106743396427841,0.7533987817104474,-1.0123725767229665,0.5214208489591972,-1.2259858103010122,0.954048538472219,2.6480203558486277,0.06589914138657216,-1.035416413983935,0.8403838516252685,-0.7537730048490905,-1.453110371114667,1.4856456312449378,-2.0471629079791436,-0.10125909374156383,-2.7353632600506206,1.9833423690104472,1.1274814635245045,-0.7660562771395409,0.13840897082702364,-2.174801293283067,0.2256746590954548,1.3017204690270874,-1.6616287697813488,0.7544022843130338,0.18542630777865454,0.05704435927803808,-1.1960273325364184,-2.383197741766735,0.15625830140980115,0.02724640615420415,1.2690991548602122,0.8099163723617055,-2.2913304083118464,0.07420984323785065,-0.6132755835920851,-1.0196036702113913,0.6265708638797386,-0.9458074558552771,-0.19070624881904785,0.5745749053427845,-0.18833162075804122,1.3193731326228844,2.4953373053851227,-1.4691394846511712,1.1655380052870248,0.6413547135054094,1.0448277760742197,2.094603124240133,0.7254983264238632,-1.2971463708487594,-1.3135913119511988,-0.23694168390357334,1.1418723308991212,1.543868962239932,0.1813634811009595,0.15831849725206304,-1.5089413589854428,0.9457842251150606,-0.6968815492352216,1.2487456053450723,0.8578357180236664,-2.270607284513048,0.9074343820070871,3.2974474057231333,1.7090280773977127,0.8242546732665432,1.741628486925664,0.9185353447727798,-0.4101073244273699,-2.211046837637654,1.8254948601216103,1.0406064937248143,0.6729271803579646,-2.614161784804846,1.5974352945536998,-0.08045435948084617,-0.47380681470723096,-1.1172381011701173,0.6403580214177155,-2.8846542400465855,0.887344857493484,-0.003439175037302511,1.6445485465738503,-0.9955272286971446,-0.9759719984158396,-1.2787624880630704,1.3704175951347382,1.7515653896249135,-0.23555216137889928,3.836911632262382,1.633818185169893,2.491224513288919,0.9851632672777315,0.24586875065801966,0.4195045969461034,0.6767518399254494,-0.3949203395276779,0.15937875654133937,1.1179094052906318,-1.3171369554269836,1.8354251627972005,0.3355850040132231,0.1079155766629504,-1.2454981597938681,-0.03600476459098706,0.2547040578988492,0.4871154996598318,-1.046319038296173,-0.3159381266244258,0.3657651567177942,-1.3480762266176676,0.68566615662641,-1.827389474322405,0.18444286895348208,3.1714168078121534,2.3736967670819697,-3.511637491064459,-0.7480909490448636,-0.1319909450665334,1.4379539144491735,-0.5674262078051737,1.3445887049839125,-0.7553064120241272,1.5897280921781471,-2.3732693568463183,-0.9334755286021983,-0.3319600661960138,-1.0536536861779686,3.1824499830732433,2.4173269098126586,-0.2848562396552443,0.7255283253262814,2.7158360799409786,-0.5269997344468478,-1.954389700023001,2.2500973762942333,0.3572170323257647,-0.5826506692887256,-1.7865212296792836,-0.4698807242751417,-1.2533201617661118,0.2377380762094191,-3.2657140616898346,-0.33284496302384464,0.39379059788976606,-0.8097436093902921,1.8488851015313454,-0.24741812527131052,-0.9798718953207486,0.5557578392176062,2.147549108461814,-2.676235457844731,2.050262262192186,-1.2138607547138611,0.07669735513687392,-0.0038464672217328744,-0.5966994817631066,-0.9441293385155353,1.212131606933524,-0.25304144309265103,-0.3956915072980838,0.5025670273980867,1.4638873944982338,-2.4860818493566694,2.361910116906876,-0.7838279155394816,0.07713100317014956,1.0590367015357471,0.8811886762376875,0.3602643315784687,-0.5857195465637891,0.35903079972819896,-0.37109569917686325,-1.0833595296536926,-1.253878902739219,-1.3613977682055467,0.5881842000915739,-0.8012265934703106,-0.8048067832100547,0.9840001519793258,-3.662522831036431,0.3098646303227416,2.5770052445982703,-0.1873551651263281,-1.9551898815178168,0.10717218363560788,-0.5814899461476085,0.34970370296538567,1.7955521206750746,-0.3331320751118182,-0.534563581151023,0.9117385316670543,0.22943172089108732,1.0137696837816155,1.1460530034191676,0.14577253618530167,-0.5675076266976189,-1.2613355966908326,0.1406814529657832,1.171477967458787,-1.2121494594767919,0.3907049972078167,-1.748587921784156,1.9507094737750739,-0.7802664247206568,-2.445054197173823,-1.7021060785057354,1.793784321159364,0.2506941284816633,-0.17046679659524294,-0.19076120902892924,0.05999140538514269,0.35240985954714676,-2.2966530534761196,1.9842261294772003,1.721404374183202,1.3205280544648428,-0.7979010883571263,-0.21850391711325984,-0.8434158018783598,-1.4116715183796016,-0.18481252012064642,0.29173520645941997,-0.03891923228468941,-0.36388422455017133,-1.0246982364786414,-1.1650124599366993,-3.4275366370930573,-0.8072979510809728,-0.7389256349639421,0.47740340655876023,-0.22556079839620735,1.7329983476284587,-0.9085024602612728,0.9501784437491083,-0.2444897538270883,-0.5147281847805942,-0.2184023851615416,1.3618304638918772,-1.1736209285167933,-0.6840173402039382,0.9368438885745336,-0.0035601074414438605,2.000232080040632,0.2602329317223562,-0.2378377687700187,-0.3881980106435862,0.7540707216556772,0.3876059803141617,-1.326684482887653,-0.010900614955371146,-0.49922977598934887,0.5502212013349255,-0.19948677293790124,2.6026397030742077,0.9302989895075437,2.75520930248626,0.39985148966188694,2.570568497959059,-0.4477490497401996,-2.4057015151400147,-0.4082643283914683,-2.9675265440159517,-0.2599273632171699,-1.0453447020608357,0.6873903512830829,-0.40294526013695886,2.4960280301078406,1.1154657517204303,-1.1933683513233708,0.640604326957627,0.6390764728912245,-0.9459479893339906,0.6039897357055566,-0.14133071741879188,0.4278871426289398,-1.5183803137186833,-0.43939954805816905,-0.0042408374192806075,0.933157081921326,-1.2046712487300755,0.060764637822221995,-0.5477448993914522,1.4001026843481525,-1.9875187891070951,0.036091307423160954,-1.2213026942484848,0.4597011722692806,-1.1991270297572951,-0.37931039914679704,-0.6834087289149906,-0.31444754462101854,-1.3917949974535893,-0.5592346199346557,0.862569785192415,-1.0897104680026959,2.369402568499139,1.4654049529129356,2.7080614158416645,-1.0754489504441718,2.4791154571074276,2.9538895810401162,-0.41019905236274345,0.5121509627107314,1.3303502809387793,1.1452146732607833,-1.2839778299704967,1.1477200368940956,-0.4420441345875906,-0.7516626387030693,-1.4362211732859795,-0.9707490178325742,-0.6460103777131309,4.227350590234613,0.7311549972916809,1.1113625255401756,1.66795858086485,-1.9037389782210803,-1.7010078394672106,-1.8378838762455931,-1.0912081250872208,1.6239340356218261,-2.7818914950664615,0.46258977945465807,-2.2360602578349598,2.4787540406693074,0.31473495400321244,-1.8224068391543684,-1.2229163335957463,-1.0725685754289171,-0.6894101297528178,-0.31411307400280053,-0.8865647259899095,-1.0881295560386064,-1.2871215157574118,-1.2577740747321926,0.6597278083021673,-2.4803577458946178,-1.1699424671134222,-1.6649199683968223,1.767926629363256,0.6847249589197775,-0.8659834879435964,0.5705411162904133,1.4176542328252484,0.969635901224943,0.29936838565381074,-0.2584652209724411,0.6547792972352124,-0.3885661927540859,-0.50525456338949,-4.132614400382741,-1.806688759888317,3.49273101103776,2.0619133248405843,1.3055252779339337,0.6667762510014708,1.0069377728637914,0.5045891547779092,-0.015533616441438969,-1.5163107424328983,-1.0163600587472688,-0.32724064544980386,-0.34025029648454663,-0.9997702857641527,-1.053054158466473,-1.6624863106798076,-0.16860016492320185,2.443209680046482,0.6004071416463982,1.3055105980326638,1.1301232792538523,0.4867784449055031,-1.8815593853412085,0.5583818811547862,0.40257411944970994,0.6479425032323138,-2.137971116750779,-1.4412743202089682,-0.31990979519533447,1.0107820328411399,2.2090755591126543,-0.6271956694111266,0.7033769332594129,-0.45681689721996843,1.5747770839355606,-2.8104897316863173,-0.5457010463428154,-1.669219947383598,-2.3375745594534276,1.1532589666318702,1.0633817666077932,2.558078192577264,-0.20886715505987774,-1.1344513284090634,-0.21733081198868082,0.4417771959151991,-2.3858328053361806,0.272303039510028,0.9742456828277779,-0.855647975302806,1.213450166163693,-0.5928277783414675,1.0672004400797095,-1.0127832476572682,-1.301248599206696,-2.4211086446050354,0.36809525838000146,-0.3630310675892166,0.03531787587380586,0.7488571005795867,-2.5065395272911766,1.1913462092011495,-2.09178866277757,-1.7515944468499431,-0.20319197307441328,-1.7821069966853826,-0.3818853099476123,1.4051988324385953,-0.7516878441473602,1.2863730002690832,-0.9194300854440479,-0.20828108958569247,0.9372167016140875,-2.091204376248827,-1.326761027810809,1.1910238966844617,-0.5197128168748526,-0.4540673887128009,0.1574668513130355,2.2584764369481047,1.4730432924729813,0.9358102993561974,0.7018221780401356,0.929590943813106,0.5176129157178069,-0.8284752756318297,-0.4294513143611596,1.1834070443576081,0.8262247732474416,0.034472770455939286,0.5854730878830758,-0.8662286736423119,-1.2420014529988619,0.9019030364130523,0.07642156624204222,-1.3442995339204982,-2.038463898860445,-0.34963517666333754,-1.3097372945383066,1.4866715138894007,3.103456864840216,-0.321469213464041,0.09487017749551907,-0.8481065671729482,-2.4656698926910203,1.0545280426600987,-0.8584984667665716,-1.5411484372364193,1.919626950776971,0.07777278140140097,-0.4015982502274582,-1.005950205177995,3.1369964935829926,-1.5951472324210085,0.7096106863593836,-0.6992562505306384,-1.3748307729483826,1.4849454835761793,-0.8651065706057232,-1.4427151505854492,-2.2466759413388093,-1.3261827781133004,-0.46652025345509673,1.5658232024675733,-1.0405449619652374,-0.04916866815219467,-0.5006633102272837,0.39096266247698286,-0.397744071864106,1.4929684596891075,-0.5952879237647157,-0.5948827826316301,1.271133647016664,0.8871494919067906,1.0908212277925535,-0.9004947290199921,-2.211803179782372,-2.7326684894552407,0.7990330397033177,0.037562419683261294,-0.025034383565004266,1.893747508516884,-2.870532724623578,2.3728950594481772,-0.1919037905116895,-0.0020021704941959317,1.8389970637563944,-0.31775072531742693,0.98250958360163,-0.35449129504085275,0.5922404127157722,2.857795732651259,1.1680141485965778,1.7690049695794772,0.584075842354773,-2.064085584652944,-1.8256267683860163,-0.961170239693606,2.5886591222046333,-1.0177364834570708,1.1242203245532323,-2.2976315705672787,-0.9117806906360383,-1.6993161858755146,-2.261607685629248,0.4417478513497194,0.9369992739313495,-0.8258293434246664,-1.3705564328132072,0.7506371476598278,1.8915747293978156,-1.194324307511606,-1.0155991085063605,-0.05703019466645805,1.1872605721590155,-2.8657941920704033,-0.6316741162523357,0.1574406168669169,0.6335469534883715,2.613321606385467,0.6843931043818903,-0.3791432290464518,-1.4074124678798006,1.7940065806366878,-1.9911941230789998,1.6190947181588622,0.9959979134446408,-0.06569322153831547,-0.3848515266323048,-1.1196408658339556,-0.5093471598383947,0.41463461714855077,1.0789987952888183,0.5944760503841051,-1.5390188679127546,1.1916598966929035,2.1966263434365993,-3.119740462701197,0.28277391683436437,2.162596336115792,-2.7951787146668594,-0.4578914326138436,-0.7847274792865931,-0.8472503394974743,-0.10467741531573471,0.29110457672801004,1.3440688720166327,0.02268811295544862,1.6592254421170745,0.007228355222892516,-0.29393720803854556,-2.5844258971294223,3.3752726590103634,-0.3339916745103974,-0.5068207115342982,0.953896251184769,0.6129255490806231,0.43209715310557467,0.6854300002783043,-0.3749130679100918,1.319496564856756,-0.8272737997598973,-1.4676428132019517,0.35656237777034444,0.05406924356449894,-0.13761147907951476,-1.533968203318754,0.82211150021352,-0.8877545916772733,-0.5358074627797571,0.7800080205616999,-2.0003388065765924,-0.7818380379701375,-1.9715581253469852,-1.1966073525321093,-1.1340992837018693,2.3323358066292856,-3.3493919763375595,0.7227458358289595,1.0307697035085703,1.4767637491722074,-1.3813403757019689,-0.40399819216770166,-1.1827486516770276,0.9472498280140987,-0.6146931291592517,0.24727208260987885,0.40411161762699555,-0.6421888822873871,-1.2240238409999542,-1.714346750315206,-0.27517845204395064,1.524618367280667,-0.5873358324328248,0.13218729571099355,-0.15929234421221616,-0.11083099795046858,-0.18842254955447812,-0.29703260382802876,0.5457739392763361,-1.4739983645249242,0.352238079648668,-0.18636987890331874,2.1183296330216552,0.8096391026885107,-0.514605303778139,1.0979985316395209,1.9736949239413617,2.589670489794524,0.9097716167161797,-2.828902285195877,-2.1482905011169358,0.8380827443982625,0.48161371768501027,-1.9347213649884134,0.6488307276090861,-0.2542023487673889,1.164641130225518,-1.1185319335304238,-1.7275702910828883,-1.3327587497969962,-1.1689375389332772,3.0360322477356485,-0.3794393545704334,3.326205904787898,-0.5526375543824761,0.798884209861872,-1.0719694424418897,1.8976891786663805,-2.337833275565784,-0.5568676170292046,3.4329618831322493,0.6728079845194376,0.8439923194368647,-0.6720560654998523,-0.5800364313684251,1.3823562892582315,-1.328745675089545,1.1835732152246456,0.39890840474062833,0.31683475459578425,0.747424652967213,2.6966406051085245,-1.210213393919532,-2.2062115859461495,-0.2583776704920924,0.17970987130514063,0.49125532982981035,-1.259144384630717,0.506045054839365,-2.399221247489649,0.8999013399413589,1.3835051690430946,1.016262120214519,1.45705415600525,1.144929954513352,-0.10231159536104792,0.19297081651074255,-1.179237331535495,1.4393614986845011,-0.5850917989164084,-1.1282824472143866,-2.884906618319573,-2.6388387937011037,0.15773239543926137,1.5492817746588894,1.3262871177991447,2.4831161404637254,0.06615242496775153,0.4967074508381869,-1.9867687254772712,0.9457309343588699,-0.41587961795424083,0.4493644072914488,-0.36930036209462724,0.5058040546696193,0.0507567273019785,-0.5158212886169812,-0.804013661310198,1.9501459860364845,-1.1525546587253852,2.3073537976987826,1.4732214835769921,0.431217910060646,-1.5325794517699187,1.1675203833931174,0.7383212544468546,0.7305698709643629,0.9263331771065322,-0.4085781282091073,2.3943804301981113,2.1092180618307808,0.6818314729399702,0.5306214779171071,0.6142256124040799,1.761674071615853,-0.7018098675716035,-1.1657763910813919,-0.29654616994307603,-0.4130190589522262,-0.24511309012342763,-3.9653080621924337,-2.6132505775630315,0.3933549139190039,-1.0876278824876682,1.3269196603729279,-0.23497216765671236,0.6022719976560749,-1.9462847335220546,0.9610574266490748,0.13240592329689047,-1.824500292462515,-0.6882883953165199,1.0316915582503456,-0.514778126711713,0.16664203818705287,3.3815430935585873,0.5850611936795252,0.4481391525448496,-0.07096462179174229,-0.6623713026144918,-0.8385656280249546,1.9396762327657247,1.8263299547820346,-0.7689627715541101,-1.6120000770969432,0.9089753078471433,0.9426672165294179,-0.33535992039266016,2.7970403882607293,-2.371465290430631,0.877049799848868,2.56650813124506,-2.7131986711484366,-0.3176711383396137,0.07792237546938262,0.6783177205834546,0.11563111094849274,1.7070420637001793,0.2118749492428076,-0.5108280623602943,-0.7291982353910007,-0.05482637487951514,-0.13822385500689516,1.9141205350469468,-0.8033986340786023,-0.0665009809476142,-0.8998640246870248,1.6939047494402995,2.616988873249319,-0.46579020448436015,-0.5996039038246761,0.8550107960783662,1.7874053134759955,0.42263727221786185,1.4476789375872927,-0.17515572009806102,1.2963610532701235,0.8971015098067371,1.5875122594101165,-0.20762860666172836,1.6609204488182199,1.8397123304803227,1.6617846529778908,3.5820126101695102,0.6601720853894957,-0.7027253738893808,1.8209404244580378,-1.8367600429092654,0.7915234172728307,-1.9019332175409214,-1.3657413253708568,1.7523126553805861,0.45855774509114333,0.28272720225234693,-1.5151871073447611,0.3421305042340881,0.8612498255597321,0.7309788646626645,0.48443014257092365,-0.038449676309092636,-0.15142858282631666,1.8994529245931377,0.563642847511377,-0.2788663319006482,1.1139105697017886,0.9018101018434643,-0.35986737606165636,1.145119328979221,0.5395423455643005,-1.0589138063266295,0.4071133364604026,-1.3023823192834376,1.3780916575534916,-1.4288970420486882,-0.5626100150083534,-0.5032506038957518,1.0600348436785674,-0.1994025638681708,-1.3420119086388593,1.9591122522553808,-0.791138441669358,-3.867448888684833,0.008225438890807436,0.37576574312237754,-1.543194392268351,0.9649332727984592,-0.5540286085026525,-1.4926145305482734,-2.030120163414711,2.3836537278508843,1.291346349577241,-0.02040270492336252,2.3498760996635086,-2.122665699108812,-2.0220434319234366,0.6896252436120388,-0.281203398923658,1.825817794119318,0.5749115502781982,0.5407403594994067,-2.005226071188488,0.7202315696938584,0.4654156682874075,1.969830392686743,0.6491581942510509,1.2924266834911475,0.6086889515409193,0.3120529787879813,0.8284634573252494,1.635982299561326,0.9657965835731125,-0.20254129901568496,-0.2033412935687784,3.147510424935005,-0.21619065447576535,1.9820213892276275,0.9020961207081137,-1.3205355773519567,0.5284414198693616,2.2971917615034476,0.3876345321226033,-1.595204709267147,-0.08792114451405286,-1.280199122113604,-0.3982632261991058,-1.9572694374809865,-0.1999021384464008,1.606515924930069,2.510185270405156,0.39647872381235394,-0.8731088441321344,-1.6630376000895561,0.3150666377597574,-2.0328080704878615,1.7746589644592663,1.4543448401316064,0.6487916774655624,-0.02499041474662672,-0.11554271772433683,-1.9788236707449522,0.4923418284622439,0.7724888006743365,-1.0414624372190877,0.18340364819919838,1.3024522010224715,1.745609850056538,0.22301974300194377,1.030467339301806,0.04386715025378907,-0.3789521970171075,0.964583078691235,-1.523428329387924,-0.014723830022246143,-0.0036462844874399214,0.9461580871822262,0.2242798088106967,0.7430522299739255,-0.4847320185923407,2.231854335953763,0.12066722462968471,1.945058439904232,-1.7968767219586046,1.511928804650537,0.6812825567264775,-2.050819637948024,-0.9329375698151676,1.0923338248136885,0.19560952434599166,-0.7392395158404856,0.2704270266930724,-0.516746761939108,1.865507957350652,0.45226454816656897,0.7679118103139433,-3.1110910710401134,0.7876121717246312,2.036098394903486,-3.005676960384961,-1.7266696409464442,-1.0449223624750998,0.5578144552058486,0.003163055076739696,-2.813823916039856,1.5708153289163984,-1.10835532324576,-1.7498465587533745,1.9971432072310673,0.6789171516841042,2.6396551921844447,-0.12997726693611183,1.4084642305891282,0.5660012730558925,-1.319632679837443,0.21835868312308374,0.3466690218544055,-0.09498347145356478,1.3535084445327668,1.0792163296206216,-2.6811611324327176,0.2583003553481411,0.7815973770784019,1.4899648842151445,-0.9881908439264012,-1.1197891721920359,1.0195584534872406,1.2162633964513594,2.945519397733729,-0.3857174125223402,2.035868085535242,-3.1990148582491753,1.4796486766732848,-0.20597735609945572,-1.3657587063870475,-0.3811277328463494,-2.4166184961105754,2.3053060405820056,-0.9013929215032133,-0.4954066015373708,1.3103087589493307,0.015591778057288397,1.0486144889928803,-1.5340259008188055,0.37652228937711885,-0.12355966731692991,-1.292688284011547,0.7479256840332769,1.4376827062326203,0.43392569812684784,-2.2402276191923782,-0.6673886151057756,-0.18318173165229454,0.3048418637822595,-0.25820638887636865,1.31681871252186,0.29937316018267823,-0.5501166186158414,0.16775853363296528,-0.4074362827499936,-0.24875275008716582,1.820769966400811,0.07063315041277807,-0.36894280986521166,1.8424864125933875,0.48192943300528357,-0.6516604040944076,-2.8203587083695743,-0.42097337055472983,-0.5863174646604772,0.5823734355175413,-2.776719823205646,2.2031891393775958,-0.6931420911826083,0.01897685449141895,-1.8843330402110077,-0.1646564861209775,0.5797112368946269,-0.1778516664591875,1.819167380713398,-2.54596256175362,-0.5652340040269577,-0.2426935241130164,2.4703110295621653,-1.0311318223492323,-0.2560093466870425,2.4742778793575484,-1.3565117182718758,1.003549790525414,0.2133733381542492,1.3202305111242507,1.4751408028579616,1.1062497146942123,-0.6048480112898942,1.2267585725250145,-2.494362745537352,-1.6332534685298583,-0.5080508121356886,-0.6752946021133386,-0.30134931011365007,-0.9283501086101683,-2.0284905836205263,1.8227219791244447,-0.29233667645452677,0.007793753164361705,2.0656032811162053,0.5954407576492712,-1.5718178848241728,0.9520632874287839,0.5526093963781957,1.8486868496799218,1.050079729501097,-1.8699441725255976,0.04464782413155591,-0.49966100122071666,-0.8853106489061434,-0.5532974813090406,-2.0746674146393076,2.1564279816118157,-0.02479568028059198,-1.4104238044644275,-3.2315234922757776;-1.9249280382549572,-1.9217546099599503,1.7747986007127412,2.6784866175350017,-1.0267665344463492,2.164028171445436,1.3793852931853663,-0.23045640964879177,-1.793980092002379,1.1254433316485801,-1.0172384933039804,-2.367539719352131,0.08022679148569109,2.411787858294585,0.4900858827925661,0.24764482947554964;0.6881887315787862,0.9867525431216609,0.6700060224607882,-1.1163452938898684,-1.328843114147368,-1.001357437470473,-1.3434444482021415,2.252835291590383,-2.14394915309989,0.5604881152496274,-0.37286492395063664,0.6803895393386152,0.5875104333249808,1.4733460731457768,1.5009526101231343,-2.5529193436452884,-1.7392676753799652,0.44024473386293894,0.29745537339049466,-0.08750924018965894,-0.19052287932718803,-0.7100031220550841,0.26158650425835683,-0.7755278105792397,-1.3832248283062736,0.6023544153084309,-0.9609221433294822,0.1647854971764646,0.1422296022660319,1.0201672534762927,0.4823912187628154,1.4953905339581468,0.5360754586523007,-0.6609486710571998,0.39245418531332255,-0.7778843326057918,1.0029392274204436,-0.02665079666906517,0.062470041297385266,-0.9745264104120602,-1.2561342293823388,1.5660760355956103,0.06079297320810659,-1.28590848804567,1.4409090599006036,0.7148820262692941,-2.983964896883453,0.7901973383861052,0.47429699638472805,-0.26169621366054807,-0.6073143187680813,2.0205673280682683,-2.2560456815952374,-0.14337889042151586,1.5600152421847875,1.8040567581811193,-0.31629878960550073,-1.8446695554046575,-0.665493063113198,-0.38624127511816764,-0.9201760853033252,2.635700634288366,0.7847671490043586,-2.131859170908233,-0.581056690762815,3.1256924742413292,-0.8605737053326682,0.6293594449038113,1.8806965749292146,-1.835737743415395,0.7526959034977521,2.197544172097991,-1.1592758784536408,0.26973017231545715,-0.9481574957911892,-1.8477520676338317,-2.054719712597953,-1.8589493638699217,-0.043479344717128915,-1.320041904945009,0.6995514109438343,-1.417997441145591,1.033889726201684,2.826487279525833,-2.0779342296770897,0.7525910902567531,1.313554036920661,-1.8917131102538955,1.4198438450423727,-0.8604297108752469,-1.2101439867814499,0.43336079928244375,0.1373873428201574,-0.7250627529679565,-0.16158710999703363,-0.8406202908895488,0.21515123177521184,-0.9870147239501033,-0.6981919956808156,-0.49697962141579044,-1.1203591191405748,1.9370581331993997,0.3692332041216169,0.34565669493499085,-1.4994347886795734,-1.3760300741803226,0.9611637873099151,0.498229779575029,2.255030989443745,0.032109411175153105,-0.361221750627753,0.06377958914895476,-0.17223910435091538,-0.763560604223536,-0.7586576829235192,1.3130992989528851,0.3028554404032966,-1.3580905970277037,-2.3657105904048112,1.666271789507439,-1.9608714282236204,-1.7986170200713931,1.6305340161245154,1.6594742830630214,-0.009992162451098796,0.3855771798880442,-0.21145664515719495,0.727271248561759,-0.8080422660566988,-1.1477244490762697,-0.5265679714904996,-0.8572207316465674,-0.5201390194178613,1.9721906141435759,-1.5341354127523559,-1.3514870552420104,1.7564606170145782,-0.686472394115226,-0.1123913429293241,-0.6784378053314878,1.3189755737759292,0.37239643862251703,-0.13035450499308426,0.4174272376318926,0.46998105884491503,1.1695136828819819,-1.3364032286158773,-1.7137437770396076,-2.6924950979010225,-0.6196359377206802,-1.5945182032155276,0.010982340609113739,-1.632613056438172,0.2934478945649208,-0.0041315100790861176,0.14753609481911112,-1.6703823036752263,-3.1357064123278975,-1.90354719062314,0.6216754642532744;-0.2280385987674321,1.2536356786408653,1.762066528439943,0.3560099188917307,-0.11590436223888428,2.125806626608341,-0.8284509401902238,0.12277905787846058,-0.9244317173915011,-1.368045575933621"
16,-0.08745014061858608,"0.0808426142045193,0.07132021924864834,0.4717630065403505,0.15989007929261112,-1.3615288103848382,-0.4651382014480919,2.8907979265136374,0.658667267175638,-0.4977799446844515,0.19302350037723223,-1.6760151108063117,-1.6087689269946304,-0.311784048837919,-2.7773222588817994,-1.864267677945572,0.7488683063299694,-1.0000718144288236,1.8866161097260297,-1.816708326617194,-0.5635071311513953,1.190522425299947,-0.8417601442038554,-1.462778774537062,-0.018381389571132167,0.3299557161352251,-0.7134072995867988,-2.3850756974358016,0.41138066664238937,-0.8511004570166062,-0.000787122346767255,-1.2552516188886513,2.7605317921317547,-1.7407666543795672,0.5669847923286533,0.8535951444767094,-1.71293326123778,-0.7814796034259062,-2.031231752800188,-2.3794201062850036,0.2437549886617278,2.1579281230026335,-0.19988939452588772,1.040365942277699,1.0162790345367259,-0.2803427329148838,-1.5676716874776333,1.251284390467534,1.4848716516232474,1.1507169153943573,-1.4761942843707951,1.8432650540495181,-1.770329935108352,-1.711728751265519,0.14145928841755195,-0.14329094378493,0.6299096455146604,-0.4613149226061154,1.4370866688327362,1.2510848950576483,0.8438100253387204,0.8715663821496448,0.6010159029212956,-1.1992958457312544,-0.8307404832274489,-0.5740482735797416,-0.06974458760369674,-0.4185434610647114,-0.42928107539233645,-0.3764833591077569,-0.4053260727367058,-0.4461511114708084,1.7308079208443572,0.02969279470368824,1.0861567428904602,-3.5784526380372097,-0.19385200683674272,1.16098715546402,0.14710760005869414,-0.7645432279625399,-3.270297664453575,0.4171420167047647,1.255455566267607,3.7057540104937674,0.7883551715896511,-0.5974414473909055,0.2370220857759111,2.136553046903734,1.0090637348054252,-1.107295504764696,1.2159111834542677,-0.37957640954628447,0.3146657666806417,-0.9403062400471924,-0.6783374521080702,0.7264386636767506,-2.0429873815731336,0.8833926421682281,0.11409141159355682,-0.643554888180715,0.2590705042631602,-0.8577654536730632,-0.46473624503935024,-0.9177632548066925,-3.145493179263219,-0.7995108018643591,0.9265567081445008,3.191809291744987,-0.5205279761546201,-0.3699493598589363,1.0508443795243627,-0.4994217813378569,0.07684018646230703,-1.9072117952158727,1.8082458010516598,-0.6561158474883796,0.004716044281488696,0.7418821724648454,-2.8838909362455376,0.3921640687186276,0.7488764758192437,0.20376375125599533,-1.1584988889320693,0.6187747272711848,-1.1069405623822834,1.2373464337380315,2.687582934695268,-0.1138707552552943,-1.1608723545024477,0.21465589066511592,0.10411585577496707,-1.6621309604863013,1.3764636096624052,-1.6312923652926041,0.7041932986591704,-2.344214379818115,0.704452542673137,0.15026711167451262,0.3709322680708294,-0.8620815956112771,-1.3956771108479882,0.5374054654081364,2.7033695313236965,-2.0538708977059708,1.1578560496727994,1.55924175906289,1.0377742179829965,-0.5682248715529227,-1.6455139051041154,-0.1078365637967014,-0.8234617762948113,0.3590534008481132,-0.3646145872257683,-1.6758873780455676,-0.1132767619113961,-1.2976814171535325,-0.729797986324483,1.3062690826277004,-0.12497494697886563,-1.0120381502406965,-0.27351160982950606,0.2269098799256981,0.8789929698179952,2.4118241318987144,-1.2845552700618108,1.2203631695375927,0.4465352348891081,0.7923488138571316,2.7320564597108974,0.37944192085053147,-1.8883819299836127,-1.5152519326291327,-0.6413651170873095,0.7762767461229623,1.1485821266535263,0.2676932811884016,0.6297520965158908,-1.4189436750623636,1.6415570541287867,-0.44182680170878763,1.116407376766034,1.1376412781466212,-1.3184459673858593,0.7703673642355705,2.2214044577293244,1.0683383678496323,1.6389298006812965,1.2506971748721911,1.047052404922508,0.061897419630537964,-1.8672529334504349,1.3505897994026574,0.10650600157997464,0.15686450718440814,-2.1930060197486054,1.9668214520359721,-0.5106891859793679,-0.02448626020550876,-1.375613388628267,-0.7069365911185028,-2.4387029740408686,1.0533109967592569,-0.7093157121437462,1.9464794750571932,-1.1212819739582676,-0.9985780443014142,-2.300459721037253,0.7590690987951558,1.4016622491369306,-0.7451117937189977,4.598687276956354,-0.37678701358865474,2.477585656049506,0.860143181985598,1.1779167943851776,-0.14997280640932215,-0.09660615118300678,-1.5267757665825097,1.263630321760925,0.623642447854939,-1.1772906230060678,3.0612694521587427,-0.9976356859457728,0.44058446145056246,-1.1701622829190979,-0.31527469037632144,0.5716219368179123,-0.07066206759684829,-0.8448417267841872,-0.9042211632475496,0.16644416988405009,-1.5927217663045434,1.1318805622254375,-1.4153449352801495,1.103662996423754,2.770399036983522,2.88921051229386,-2.758663031657041,-1.80129560283331,0.9192777298502015,2.3557499319099184,-0.05133804164920405,1.649919243855806,0.007920416812121522,0.5146808051520719,-1.7014697917074137,-1.8113446429994393,-0.3141193886812486,-1.15214996054292,1.9733029780832745,2.6585326818270874,-1.1772489786165616,0.5842884244415448,2.4153032510153105,0.3955197011001276,-2.518134689695147,1.436807955573069,-0.5498612893839575,-0.19141596699220229,-1.5593171794369156,0.1238741435502394,-0.5010947049184251,0.6661937631095878,-3.7411864234858054,-0.5421554855798757,0.8872194275773135,-1.7026819813186744,0.7267289661214982,-0.6037806452130766,-1.7727920786574265,0.5574056402959937,2.912257560744612,-1.5375290138988011,2.6883523591250134,-0.7584931131415336,-0.5670434704679586,0.30341370943117435,-0.5927073313400677,0.490173407627891,0.9705410285844576,-0.023087062551861687,-1.0250710533577196,0.8085014441179456,1.8048237016275437,-3.209196636079095,2.6126963315128964,-1.011653394949962,0.057180409871777194,1.317143143267911,1.9263502177842904,0.016336971310262294,-0.7880033131649152,0.6471761497503454,-0.5796353285033191,-0.034945817307723503,-1.8081678253489901,-1.0789273924508667,1.5076700009926145,-0.4383825925088654,0.3647053060456489,0.9994121605064515,-3.2872053381679516,0.9114202385147614,1.2474750415742735,1.039583982372029,-0.9064675805647052,0.11676783620223263,0.8028958609935269,0.286111802784149,2.050334070611526,-0.8654016861597347,-0.5932621253251196,2.0028463002970165,0.10778222796196602,1.5298727658976146,1.277775038382594,-0.8059317518409128,-0.3162247739183955,-0.3207116466512092,-0.23762017381535971,1.330960109726541,-0.8406844157373846,-0.21707335156499122,-1.4986648361359476,2.197609874412895,-0.630809792874078,-1.38623008529203,-1.3318112882336146,1.2319085077886849,0.08655157341591058,0.023304251825342626,-0.4118270359695845,-0.8984085324847331,0.8290902201886585,-0.9014069238852015,1.1943368807830952,-0.08947058748518955,1.263130018874999,-0.6878202545673175,0.004989115895393581,0.19019732661227934,-1.423947825567801,0.6518216021426789,0.35878292649415094,-0.7860153590134116,-0.8413241929470712,0.21986619988052303,-1.3382969252592032,-2.8446341084285622,-1.3711090358676508,-0.11626185885561169,0.860453116017057,0.7293007038056103,1.976864161078063,-0.9589122415527338,0.8253888075273722,-0.2742633651217985,-1.2366228453662145,-0.004896940217414547,1.8357318195889856,-0.8884216044166144,0.4633688251147411,1.3333512589884304,0.3829248174913796,1.999288220683572,0.23900476511353355,-0.6244680066114523,1.2620432735987532,-0.37871134085235264,-0.08391175048579366,-1.1231605233263364,-0.6160066685576471,1.0127095240756367,0.8211812668747869,-0.5924570543338045,3.210856470666397,0.18667230232763238,2.042973795125804,-0.5035076162932277,2.2853223828606213,-0.6078597822645673,-1.768998974364161,-0.7877764283390676,-2.263180413756395,0.45962747072396265,-1.4123716681421823,0.09653575161385486,-0.541770924484867,3.5253815356948293,1.465594649149542,-1.172701826491307,0.5959181381896139,1.5477720115268598,-1.7991521726921857,0.6475074471078572,-0.057949022886466695,1.4970921571031157,-0.1502319735203438,0.6783238118107825,-0.7756829017573329,1.9146789549408445,-1.0381069161545886,0.17295291490429499,-0.3999166443441778,0.35969902096205864,-2.3516771319382386,-0.11916593679939483,-0.9270397066057143,-0.42793084945104215,-0.41542628198540965,-0.8649537089277305,-1.2417143146148708,-0.44136900523538136,-0.603324797329559,-0.0069259977233274705,0.2022186521834387,-0.9583560432972759,2.01507004352875,1.6328377127721294,2.857148349648154,-1.2300577549066967,2.39678930163271,2.93214582125032,0.0022663225495537787,-0.5402904890325703,0.5879379826870053,1.8992716346756984,-1.5434759639865112,0.8335183211630575,0.8450951723522215,-1.360975650806943,-1.3811140201357135,0.11730754629439405,-1.1500945927547304,2.687567130640751,0.7345919036830555,0.5716620926018869,1.8618615764738757,-0.5429900781259634,-1.073431388613846,-2.5691353210976438,-1.378912227260196,1.4674767467234697,-1.9049913825168425,0.14599700227525414,-1.927694805490776,3.109204013152414,0.4470016419694205,-1.3912437375697777,-0.5756538290742974,-2.392009164452658,-0.7933523806749236,0.33753653832872266,-0.8740407463154954,-1.4275887500003328,-0.7962451593039688,-1.2873693180166974,-0.2549913087784135,-1.7845189715853522,-1.160404732607818,-0.6245161138179616,2.2468872070708774,0.6913126339436435,-0.0774460050493454,0.08600483796812114,1.030598779975108,0.9378087954522492,-0.0003757211553253037,0.7857627706900292,-0.26112117383251293,0.2125600103569275,-0.16671036493334057,-4.621829291518248,-1.3147333101737704,3.016416115319855,1.8842056844522574,0.5172202203070522,1.0012203573920364,0.5621656769113964,1.5692289584252883,-0.051250283307059774,-0.5592649214719454,-0.6796809404418152,-0.3835107410514934,-0.31026348768182255,-1.325512998452734,-1.3303867385269492,-0.5735239367236848,-0.3917487867960585,2.171098942100172,-0.050523430105763434,-0.10248720619140173,1.3308040531485368,0.10906834407558211,-1.1077095435367705,0.6060561828025253,1.3560458101463029,0.17791905297794156,-1.0103941397219969,-0.6730999415390333,-0.9921385054842748,0.47334027205279494,1.2364043636845528,-1.333778257728866,0.9860982794403571,-0.45855320229902957,1.9751890034643411,-2.2485003175282485,-0.5806666696603332,-1.765827911213579,-2.119518065032491,0.5075412071563744,0.8168562377372491,2.6720472386404444,-0.6084296212590742,-2.552782782505752,-0.31205683167870074,-0.034436969957791726,-1.8247321410633848,-1.2910993456375093,1.5219739384946869,-0.6297173034322235,2.2694092780373407,-0.1323117175303643,1.0889217178942272,-0.8980922517704608,-1.6467222805490689,-2.6982939061980677,0.3643689866408419,-0.5491256233148347,0.09413597279426839,1.7565383543599558,-2.1668029148349,1.2478247753031377,-2.4492443756388464,-2.327021199267682,0.8645915005081296,-2.024110942596053,-0.08637047841507162,0.876929182357631,-1.0792456178682894,-0.1374760194838277,-1.1799534010867652,-0.6277451059415597,0.7072579492653253,-0.9388188643185196,-1.529684500251892,0.596173993169083,-0.4243496385058263,0.4006566420988961,-0.03980252370211147,2.463118593594616,1.4014102814068257,0.785538184590199,0.7448627476913277,-0.02899079022389872,-0.20171670967159894,-0.6972957317873871,1.0878576195442533,0.5873412781964849,0.6544376898077269,-0.183050671810127,1.251808564341557,0.6961310381405197,-0.1156159730197634,1.4202203886260236,-0.6079293169324355,-2.1189098891664173,-0.36824229630639027,-1.3541967084065476,-1.3863772732561577,2.003755764295117,3.1481378008556984,0.25557659687907597,-0.10202983029039564,-0.8753747762657462,-3.058824028417675,0.2276037478310515,-1.0655113147285906,-2.234486875797325,1.8164967747446936,-0.4723206407848045,0.28562759435765983,-0.1541128474691365,2.82858377150261,-1.2527436523167437,0.8834339191223793,-2.156108240284602,-2.184449839006047,0.9887134900727614,-0.22132335312142223,-1.8079475158490255,-1.3559697372584958,0.07549722994005531,-0.5348898415074436,2.1771545707146207,-1.0767653640648673,0.08413440578539694,-0.18860797004796748,-0.37542712260639655,-0.35409781952890323,1.246203324722877,-1.0121742092156423,0.5170739746818299,1.9330606626032472,0.4856846916338033,0.7538145209029243,-1.189786743761386,-2.3863543531979903,-3.040046442543175,1.4704635516530202,1.1173735057302312,0.39328168616408704,1.5053238288430246,-3.023556297433084,3.284006614857521,-0.6619490918110702,-0.275376829377436,0.7701050009613947,-0.12579218661781705,0.8877907395081499,-1.3090049738436171,1.675062256201259,2.3693562250539686,0.38664117997597447,1.5913213467144605,0.37740084876237434,-1.718572401916562,-0.8593465950053476,-0.8669784980437624,1.4740486931483647,-1.5817252986406505,0.21216304027905378,-1.0734258330907787,-0.7290432287009465,-1.5132950056426864,-1.7641295930726,0.7912005520990639,-0.11760919490666255,-0.6305875088118229,-1.5557023745240495,0.9332384755278014,2.047840465423688,-0.04877583990642548,-1.1892473209607382,1.6580381976769032,0.8253056269717417,-2.8368079466461973,-0.0659991012622857,-0.015689685130779646,0.8578130227543235,2.4583679126070095,1.0233700479999335,0.1926129460043141,-1.1489163335634571,2.934799726901962,-1.6541196540908494,0.8851945930536926,0.42322191393002884,0.6667640906176983,-0.39404386569959066,-0.7746792665292812,-0.48570648603350974,1.3318433268471366,1.55972715178311,-0.14740426583239763,-1.1865538269760505,1.0485909953343668,1.7854111713622312,-3.6680644091373265,0.9784539943813813,1.9386669463740147,-2.9873354056926034,-0.639215702360255,-1.6878243315494914,-1.0337335345016956,0.13982451471711277,0.4132748326056358,0.35074160526212483,0.1741471832273283,3.282148752714403,-0.16993725599641166,0.3890673955226631,-2.3852061343855313,2.682204234654612,-0.31078076944348665,0.5141526148284477,0.7906883977095438,0.8850088699730024,0.8580300665187951,1.0113273391381385,-0.8266290348729394,1.094308096253355,-1.4479981387639191,-1.5075703335375157,0.07701058397896599,-0.4492930517579018,0.24101972178476594,-2.150244845428122,1.65278801602142,-0.45586689525943813,0.8176205028910819,0.686818944726432,-0.610590269936059,-2.4008754290346808,-1.5362364558963844,0.29276226207937195,-1.0071397495924281,2.322535047079017,-4.137320294903992,0.8231636723820686,1.195205953961806,0.5578704128828931,-1.1204385049777883,-0.6125251976945043,-1.017173692403638,0.5713239793763998,0.5921283558280007,-0.31460318969139006,-0.3461196173988895,-1.13738966792305,-0.8056275739167666,-1.64551688003737,-0.09734340413976184,0.29752664677252894,-0.045241255905121874,-0.07167994999538516,0.09214728926959428,0.5361759560483138,-0.9736558082329638,-0.522714805934085,0.30867817472968423,-1.071322173328328,0.6570999551000707,-0.33250610779320827,1.9304001989895485,0.756316047666141,-0.35941268102873425,-0.17171372388542339,0.9523325920518162,2.629642890792234,-0.5331462337619595,-2.7367395951763713,-2.0141354088308923,0.8899219001028422,0.7962140437389926,-2.4062304968711095,-0.6036524171728366,-1.0981765588461387,0.7391733218631765,0.07039322461764574,-2.3224060491457883,-2.1602813563514265,-0.47492539997877303,2.3634771198868316,0.7548806822298718,3.4259113691956493,0.4548223508234117,0.577132199868494,-1.1360167549787341,1.5143718302732065,-1.9297446239952252,-0.21542545299618826,3.6962999192388883,0.7834370145194712,0.03781866371600996,-1.6691710216133453,-1.3095191856792725,0.4084028676315809,-0.879831940891584,1.1537867101676944,0.13283623882968476,-0.6064539367467436,0.3337892815517094,3.33695907073721,-0.3743948134998498,-2.0418333839859004,0.5007874759744579,0.4138973889071075,-0.3491171310490165,-0.48655582674536335,0.891727309448404,-2.330302709516194,1.7284370623746028,1.9427543136273218,0.9067129939473564,2.1659258431331554,1.4607509341441771,-0.20941516834745466,0.24586009132892572,-1.4437922685324018,1.112539705345933,0.12440499530358527,-0.9025563685600355,-1.7202065201400505,-1.836725791289049,-1.043644056884569,1.7968118608926162,-0.272707196454791,2.0176566319547993,0.07997206829334574,0.37303491665510224,-2.076209035477299,-0.05368223410373674,0.25895199600904567,-0.019766174809066284,0.2808766276556718,-0.36378508302336154,-0.35277924924887116,0.081993984452527,-2.1965211856578213,1.8538978854330037,-0.8788413540315414,2.4140795102392207,0.3726719858024793,0.923020138053272,-1.0788431575356552,1.339775904793268,0.9555066238626861,0.7776687645146328,2.3183466719922157,-0.33656997697345725,1.8426963001312124,2.4381405609424833,1.0099695205549588,2.0304552907354436,-0.14085412292411725,0.8053075444052844,-0.6697617073928472,-0.7192094729009928,0.10075540179600977,1.125705235215995,0.5289763769753493,-2.969653714107096,-1.5580215422746662,-1.227197124945404,-0.8617489482138783,0.9508180774455235,-0.5506322319218308,0.43619693234248313,-2.0620799018588287,0.17774619926972068,-0.40335617488984243,-2.0213823053477373,-0.24097697619249153,1.7131289314042468,-0.9120614428766122,-0.9258160759002547,2.9104087565421533,0.6738504291998663,0.7106639675047831,0.2490258471219491,-0.42075189320213324,-0.5823879412446117,2.001549160171797,3.189968130637846,-0.7976817387338797,-1.7278837091559427,0.46623082792663934,0.14645674994192723,-1.3806780092676272,2.4725314649390597,-1.690267868675742,-0.15729124265972366,1.830742854337266,-2.0345999196913627,-0.4962828719959959,-0.11726609843785407,1.2589391122141147,0.5722799067916675,2.5387542822504603,-0.25800289163186835,-0.24487524044888737,-1.0918589683567759,-0.9179070344455662,0.04622993380761212,2.4937265685691488,-1.5997218597027052,0.5174660084971631,-0.3293527343652254,1.769316833153479,2.386601109377617,-1.09766125436458,-0.5212592135211823,0.8041360057850784,1.3931336292896326,0.33085445188009394,2.1196218848902317,0.05932120814181857,2.1342798480515643,1.4388515577807364,0.44778839935042525,-0.49183565332884466,1.7057417545274707,1.6159634404348389,1.115933976694928,3.0206919817176368,0.594878793969428,0.32018403517254623,1.1798889289711683,-2.0538162686369645,0.22065071365743966,-0.6833549899314836,-1.1786665499369777,1.104124114878125,0.7805176988930269,-0.04426389828981142,-1.163810596836338,2.344306659026334,1.5281483017100888,0.6789841455327994,-0.026672759508040794,0.6519420256095441,-0.03150217636169789,2.2795450390470995,0.3575093773710247,0.3063474766872773,0.6065197387455838,1.2047728892103873,-1.5756582912337598,0.10553009760970311,1.1295123611219247,-1.2262658827051656,0.12053833754441302,-1.5586874599335983,1.5865083110538998,-1.3304404662504132,-0.785856833184467,-1.147410277095188,0.6263605635869867,0.26415841487109437,-0.4055672177885034,1.5282503810162302,-0.3934803672997582,-3.1727679657335934,0.5649409391459546,0.967811329459271,-0.7218998456649025,1.110186775187215,-1.1373873451329173,-0.7098653824178316,-2.225780622148987,2.341946482284135,0.5533633880429609,0.44236142946085455,2.2070393722612196,-0.8268861723614411,-1.7534002406101383,0.06190037837892304,-0.11923676577941866,3.014379934176299,0.5985006582194614,0.07651167815202875,-1.540987922559536,0.8000445415213074,0.5491551634955129,1.9377839288347456,0.3662439514458931,1.662894836872305,0.21624452400069272,-0.6606130285652171,1.7814382423862392,1.5954009050744271,1.8960774725548863,-0.4910491178314087,0.79913839478329,3.3833737250096236,-0.252195745664889,1.5312565543277818,1.2762145376669358,-1.6157817098973606,0.526577143649642,0.6898305200318849,0.026872351508998915,-1.4610254129899032,-0.01818346673796417,-1.52288906518931,-0.6776453122302948,-1.0843666250626391,-1.7262079770255325,1.7572077369242172,2.306127572840407,0.547263586638324,-1.6704228220792339,-1.1617661561512214,0.7605713305573432,-1.8380311912427911,2.820544468658523,1.7465845681581702,0.24477634650085192,0.7836864890187323,-0.7168129001300318,-1.870333780300363,-0.15165121138667315,-0.5489211566924737,-1.8158300556013438,0.5935152134105934,0.8980659985303896,1.5004368397184789,0.9034476718601043,0.6409936472915317,0.27585285743981164,-0.8171513164080932,1.0853981677610942,-1.337328581878612,1.029792156083713,-0.6036677968472403,1.4737182670627926,-0.2725304383416039,0.5122533062958716,-0.8124636242494222,2.7090310843594336,0.7279943470197814,2.141681955456314,-1.9075151611612644,0.9877419871818649,0.6099383735016448,-1.5898971364522834,0.0797975719952674,0.20664415211703535,0.6854383082664278,-0.42547210981919636,0.5328031745319707,-1.4800655220693122,1.5142263901596484,0.6285493572338631,0.38405661873791797,-2.125232708250771,0.12843289803565805,2.1895478734916054,-2.6347567769619693,-0.613852462231131,-1.398559323265326,1.119086887216095,-0.33115528174875936,-2.0234226783949754,1.475475978720533,-1.180550373049485,-1.3225326830502138,1.0820109116848056,0.8305853622244349,2.1685719366768703,-0.64633307005292,0.8921086734229839,0.17847321093304802,-1.083951158800653,0.6027182861422251,-0.025677387611989635,-0.3498334995179843,1.46067707600488,1.7103351814812195,-3.0255717356505567,-0.18437520925983136,1.0351252608476416,0.08434843790490548,-0.06555020105608667,-0.018019148643180993,1.649690927414335,2.1399136609069327,1.57163290934116,-0.41084281513260684,1.2964980644991007,-3.0733190859250787,1.028688690809979,-0.836311134924601,-0.9058429144432325,-0.7149005621001135,-1.975595139128071,1.73789096826692,-0.7352724416682295,-0.893460336592147,1.9928486907996847,0.3372275463571438,1.0279296394651531,-1.4710614550616132,0.5096886200235856,-0.2653788287872419,-2.215527741147537,0.5108696264020112,0.07557218042602121,0.07974142456379002,-1.248492817860042,-1.2205922381964098,0.3424092007641125,1.6524757960674645,-0.22578012703610306,0.2529189770390994,0.8811023253062353,0.5092293590410689,-0.17732483307967878,-0.3737401790074144,-0.41262059817577434,1.869510459196325,1.042151131754105,0.9289317373613675,1.5410640547634398,0.5490265101151338,-0.542465452478059,-2.059555075807474,0.25485944151677214,-0.16510687693808612,1.3009778725735281,-3.9758212601781993,3.812344567738169,-0.6899584536964067,0.8874461860712459,-2.1781702291785128,-0.5970120344479358,0.24234385434821368,0.23476970206518058,2.266177125641777,-2.229386628023282,0.007754520882317373,0.6703897921290721,0.664183198939089,-0.6928408843239485,-0.44349026881058395,2.2639595927727996,-1.3745424577524843,1.0232213158953352,0.2972768545861417,1.1045248931808933,2.26015074422391,0.8726461357998061,0.23289747752428486,1.2457502659402127,-2.3265169401466785,-0.7784748429782062,-0.9318927308881169,-0.4579035566141918,-0.6709930183082893,-1.2345251883415562,-1.9561719772416022,1.2065255439282787,-0.8236365911311864,-1.5992721153106806,1.8715517039771914,0.4159619565958505,-2.45887956465672,0.9623284397352503,1.2500685360052457,1.4182043424762738,1.099856437677166,-0.8812488839368025,-0.32142456702986655,0.18563664716471223,-0.24594437513258954,-1.3993782907249679,-1.3875157386914982,1.9682801901377012,-0.09862524080327156,-1.027447266814212,-3.456715900949127;-1.7990467610240009,-1.1861621695464768,1.2932923860264223,3.3232401047686877,-1.1175674717800739,1.7801980851886061,1.351252694151154,-0.33612291112213166,-1.3094289707285336,1.4949948325177256,-0.8166066634206923,-1.3139155088825494,0.3695051976354633,2.2945916664131767,-0.06700481767844674,0.01077915365548951;0.505444730484543,0.5812310997549617,-0.025966391239730102,-1.5228758316326756,-1.614931903955146,-1.1812411710537427,-1.5744947225226271,1.1933106282587487,-2.174743227144173,0.37499922546655934,-0.0301892142095469,0.47712187572158804,1.0315730282051043,1.1791896894031957,1.8264849394191076,-2.984350173658235,-1.8207497767156327,0.8412078032481786,-0.6356414063959951,-0.7156276352678556,1.4154777557228035,-0.47159720528150617,-0.49493275380665497,-0.4918030792081516,-1.4032280066045597,0.3108889764473513,-1.1854707248108025,-0.023821827734292478,0.4495126306072814,0.7874168204638886,0.4040451482823677,0.47295533887873964,1.4817194152849091,-0.19994670920199076,-0.7961919299116116,0.06913676668336191,0.14001200190108054,-0.022399547147206766,-0.07147072827091727,-0.7872213683079972,-0.44742533139071183,1.7392913404379085,-0.3764682430429509,-0.7587632117200458,-0.5628794588923264,1.1385053516575159,-2.468165255242695,0.5794649870372022,0.18163273174591513,-0.032754796035744535,-2.039633380769972,2.590273931899648,-2.7844118333646106,0.07321304789848082,1.5024713845675615,2.747870907252617,-0.10086360008588069,-1.6673962650174696,-0.49087915371102986,-0.5448200674268333,-0.28905039447770847,2.4485560175573378,0.4314585427055164,-1.5594957461701147,-0.6052382927371567,3.0059069807506584,-1.294573163275837,0.027014817622945775,2.339827974669459,-1.9905423071783994,0.16020511168277402,2.4564421404639956,-1.4576260030166222,-0.2513781097078301,-0.907889083334807,-1.2644616994749942,-1.5827035628675694,-1.1751744964644721,-1.3376005333403163,-0.492512999557037,0.2492358543818507,-1.8878391730095783,1.1686156398840102,1.9521460465271017,-2.283160987393077,0.34942974735847065,1.3516298933365358,-1.2952409840300336,1.0513919097397189,-1.0054103280060835,-0.15970116367770745,0.10861552699957723,0.5809873242801167,-1.4349502334749562,0.4735473779273252,-0.26777329543782474,1.7560842842352364,-0.1039248796057814,0.14305824385888877,0.6646433113291825,-1.8320783767754198,1.8225487379693894,0.373852723557678,1.0363487736713834,-1.7097701222407755,-1.8614904633087743,-0.29868526391398686,0.3700016826260578,2.418084823847252,-0.21525581803564642,-1.2809279779508023,0.0227212131651211,0.08198672482301356,-0.0666675825804591,-0.8088176526357638,1.453629589307013,0.3392064067804921,-0.25952502220607165,-2.993811601272604,0.4734558463794737,-2.043191246121067,-1.1390400198920103,0.648907497823981,2.286299322029829,0.35332058822560136,0.2267463680248138,-0.005943408955473503,-0.2683401484088011,0.882667799981943,-1.0327776203404202,0.23025038571249823,-0.2959445401043969,-0.0046886753996433495,1.6723365264586345,-0.26716930348613427,-0.5771829181835813,1.148001440504973,-0.7305676364191492,0.727715742459966,0.0648393674086375,1.8245403049346867,0.1981040688418479,0.5638678676884209,-0.5230852861521906,1.7124331843277327,0.8169414976374003,-1.0219444460116833,-2.0184672021965953,-2.2502356285518763,-2.310624099203057,-1.1017306330324192,0.8154679769153259,-0.21973760073884918,0.4807670800997978,-0.5929519308774067,-1.2464483383325313,-1.8332417314257232,-1.3713932431881135,-2.0144294244780685,0.12270677186525884;-0.12864500214930027,0.8142271339545619,1.3384498815373607,0.5167271755302232,-0.10880474013493996,1.3916099056423996,-0.4870507352762638,-1.0019559448901287,-0.8993200789644158,-1.4828666944711182"
17,-0.08814145413024244,"-0.012820810407842415,-0.35592849979023233,1.7124056746147147,-0.3895730392005504,-1.0416725807004097,-0.11078981779826932,2.7924735847540463,-0.18905443918403708,-0.6647134338879676,0.029325754512058155,-0.3464120951278976,-1.323836355127991,-0.29055761046833994,-2.39170170302596,-2.3631002859019605,0.5252353727568063,-1.440083478684014,1.5205087257872882,-1.183061097240425,-1.8627773538309091,1.7503034834224995,-0.16412162857905904,0.018160185670878626,-1.2625522231922093,-0.8444095862021487,-1.282052637871121,-1.555493658013905,-0.504506627240715,-0.6018770141606277,-0.9721593735420793,-0.019393653303613423,1.675449040440828,-2.498493902896465,0.6585141539992381,0.7319334110427539,-1.392101004664748,-0.2770481393361898,-2.3045120654918265,-2.624657036414913,0.0849305576914472,1.9402683175826567,0.31864127443855256,0.6489255502014863,0.424674326111977,-0.3882089729105588,-0.5708708269250281,1.4983283877626348,1.2187802621170885,0.6767144761379567,-0.28705525061926085,0.1860356460252902,-2.500941734839372,-1.1420262247455106,1.2143742860625726,1.408846715637436,1.18830782533915,0.32889400703946237,1.3175171412317517,1.46118361565955,1.4966664174432016,-1.2923914507615457,0.3619094283745305,-1.261436999472296,-0.7926565908864827,-0.2867433904990318,0.17665634558715096,-0.5888411647900584,-0.17732684505578516,-1.4367928893191353,-1.0136630377891047,-0.5020946703327831,1.0615331110370911,0.13021761273700067,0.9667086397652542,-2.0644139708484905,-0.45789708199883705,0.7776925038405719,-0.5644047141245083,-0.2590204078215692,-3.518186691564449,0.5467379322059329,0.7116827987142901,4.522962766679444,1.917010703787922,-0.2604061907617081,-0.48531029445765395,0.9140180380082601,0.9287362926361065,-1.364442721920323,1.796083491101565,-0.5601193510259277,0.03990290160495358,-0.8486473111421037,0.15719101080015946,0.25468263772043986,-2.089733063801687,0.5877113282884333,-0.33318615843345767,-0.5774658457101619,0.3328683091271787,-0.6001690032563383,-0.4884066201489649,-1.2703704281583197,-2.342296015366002,-0.4901771490795806,1.0727207075810032,3.014583481836983,-0.5306750108415408,0.23467775486740713,0.5812036034788167,-1.135878032576824,0.3563980730014046,-0.986635294270439,2.511885608019062,-0.7923337601317563,-0.6328815278572404,0.12730345763199302,-2.789086227385696,0.04255699574708671,0.013870841093477762,-0.11864721881918971,-0.9613701886983242,0.4143328658959432,-1.6656164255849752,0.6002834213962551,2.633808221440588,-0.14020698027686612,-0.05530025294723295,0.5507826990956564,0.00016386438912768808,-0.6078380474992594,2.36889204969832,-2.215073893421391,0.8849594616079299,-2.0429215755969694,1.4694101987653352,0.054567250484265396,-0.05473673711550053,0.9296376714579281,-1.543153561734047,0.28233966818104955,1.398984419330609,-2.892646422657584,0.1964670518953071,-0.2266505990458223,0.31116668376434886,-1.2843022813247373,-1.6313729373603219,-1.1038894636513759,-1.0497918860674815,1.5501695759214935,0.0109755317702218,-1.9779709601296054,0.7072539823466785,-0.9607879485493911,-0.5892702451087585,1.1928296934845868,-0.1595873573383593,-0.4089280078955837,0.13789208535834163,-0.9384424661908036,0.9237510818654249,3.241132414756046,-0.6068208436623508,0.5762061579015738,0.7105364501662159,0.2563670094386486,2.7337319742579815,1.1678396320965265,-1.7064839535747585,-2.166950034932312,0.24169980627832954,0.17809506541469755,1.144596966902992,0.05536101507475233,1.0340927871127092,-0.9007431071726698,1.1915886061036989,-0.754064162882626,1.2442233995931593,0.19485812660959978,-1.1705533264978056,0.3169190045286938,1.955438785948825,1.6807951525159672,1.952419380013902,1.5721018454616882,1.1774266181769502,0.7119031751368561,-2.694739590631189,0.704110291613504,1.1714531254852196,0.8029838070743196,-3.031978857489367,1.6834131823690592,0.08022935464819103,-0.3013708868391285,-1.835446828959541,0.13212944196519716,-2.472803370201238,0.4869107428029785,-0.3262646502137738,2.392756726155593,-0.7481116331566293,-1.4061867109331394,-0.7768220484119464,0.5718022059509723,1.8319587268705668,-0.592847037359333,3.8814872577219446,-0.4078850994968737,2.52808203982135,0.4114202734647947,0.719359517797056,0.5817951899155527,0.7393095343829895,-1.4636144569818965,0.24019044343366525,0.8771183350273593,-0.5837802153929462,2.029112249908167,-0.7546839209649718,0.99829610949333,-1.1868552192996964,-0.8474331396503436,0.40554774638665103,-0.1103155821578282,0.09016743538198191,-0.8415566660473668,0.10649212416697185,-1.3332043753453036,0.30913170971330517,-0.8484436782802331,-0.43958335525381853,2.8229859854804764,2.449943463545159,-3.6575519300581067,-1.245398039779392,-0.03311640852951588,1.5313828481774623,0.17065846489021894,1.826753988426959,-0.06797736616459871,1.7871798960118888,-3.2447530770234856,-1.5091246070301683,-0.1480714405017239,-1.3221313338874598,1.3959989287829597,2.329856396616489,-0.657028825729151,1.7172110888582406,2.2641589630881,0.15199959697126786,-0.47803443358259257,1.6526700762108824,0.7299461495643929,-0.587261559155518,-2.3307481272095982,-1.0995972199718296,-0.441708328030009,0.677438742210533,-3.6506918341915395,-0.6032430254321086,1.1221003486700751,-1.886895069941026,1.271291516530996,0.14760736672095187,-1.8341116334649685,0.3536892986757852,2.1989036405866274,-2.890619014289424,1.7558300729130978,-0.2963519487780018,-0.3280808451521671,0.6935273932143563,-0.43470499756064307,-0.13231382322223728,0.548015531751278,0.16270538757709727,0.2270129547080444,0.5716884660756671,0.879926600859353,-1.6529118344951856,2.7935514394242906,-0.7128279810415148,-0.04636300029367125,1.6294410048635204,1.6327887340512492,0.10658147631895677,-0.9413894308213892,0.5646481526100104,-0.5090921797619513,0.23850536866767147,-1.8482366354214843,-2.065766558831218,0.4954821238696686,-1.0136997051612513,-0.29898270167041957,1.2823588922340452,-2.898345736530909,0.228449693855646,1.9370525435563508,0.7386135585809609,-1.7180262131332822,0.4538364784094795,0.11313027613226911,0.2908479961796794,2.115883817746133,-0.6998620973888636,0.05353576436072673,1.419479844884211,1.083491909049452,1.3617885169114818,1.3964429524515838,-0.556326068604553,0.37507765082206723,-1.0239808673479565,0.6651547836785003,1.0600658872571005,0.1757315422745367,-0.34149955432188417,-1.813662643892022,1.6872256774702568,-0.6099578881195926,-1.668391738696074,-1.0479476882922818,0.4294035766041835,0.8624372732213976,0.02520505556761471,1.3311917675588911,-0.7266322997283188,0.32072926338196084,-1.7212442284170255,1.9491675818788978,0.4109885909862329,0.6839491139209288,-0.8607164173200339,0.20986682694156938,0.0980209737989986,-1.8586736638736043,0.25626015590636664,0.5519530468768594,-1.0351055873748987,0.035222798323830795,-0.8907163495547596,-1.3385724292954426,-2.845871576200434,-0.735631783632325,-0.9167725590803579,0.5101610141479512,1.011678231102602,1.7033529618369563,-0.38940637954164775,0.1010641036300276,-0.4540384938011045,-1.2814226488179858,0.4687389725086587,1.5685970987304976,-2.0419951930872955,0.5037900042947184,1.7159500872967488,-0.12264761177113004,1.9239086991655974,0.06437133277821713,-0.5960088430935835,0.20340320279563365,0.37553070881379796,-0.024588883156151237,-2.7293580700503384,0.15348210846253044,0.7181687535224328,-0.5332771366425135,0.21420961129625554,4.1516220853482695,-0.8764569251537752,2.9805264801071463,0.4105865447805267,1.2195000218264622,-0.1022588791404232,-1.0658030091095703,-0.00010334646446963358,-3.1486236178275355,-0.4966965045080399,-1.8449558667357528,0.9675682931925844,0.07066673203501347,3.47635539987453,1.3430327661479682,-1.1619338027584374,1.1308553157240937,2.0310158417826663,-1.3049418512086048,0.70362822367117,0.5624270849999753,-0.5899526285240699,-0.3300296436801461,-0.035317537469864546,-0.24423157265022533,0.35850665589201614,-0.002068833409727855,0.5622236129247816,-0.3480403759393448,1.3084974737186466,-2.0852668922709467,0.7181891407930252,-1.0659713279777057,0.8606674632822122,-0.1083846038350286,-0.5316324571386958,-1.517020308968493,-0.7203211011383215,-0.9194063839399975,0.5046099342616546,0.8544758913578779,-0.7941192495335871,0.9671678446935059,1.0661912908601159,2.141671237192044,-1.6985745973768998,3.5155398477787703,2.795873680484149,-0.34789216615198754,0.0177801671475733,0.7407037967776255,0.9866371063825492,-1.3370876481282619,1.249913672597528,0.7133581297591249,-0.6731041514408713,-1.7361417152317982,-1.3855811424909013,-0.45247737770101815,2.8828222435353292,-0.009779005212885883,1.0387245935921792,1.4489483522696045,-0.32580172935199947,-0.8736854817681832,-0.8687349574290922,-1.2616402621297045,1.830041393386495,-2.7201905270042412,0.2971619802374231,-2.03344847559655,2.5212230697888183,1.4282845548481247,-1.0751170858457086,-1.0606071415792722,-2.2417490947743026,-1.671054927189799,0.05863978625102104,-0.9678315052951417,-1.4780284754812882,-0.609750486421018,-1.9677132495043383,0.5852962280155136,-2.2529717599653956,-1.3747666161050092,-0.964324655198882,2.379913639893351,1.1737999723016086,-0.22389923440601092,-0.004166696352359167,1.2875795181562657,1.0826534886337025,0.15905547506031967,0.5421651870784258,-0.03291002056593289,0.00982406586696044,-0.3660424590205104,-4.432953214163324,-1.7139350874020052,3.966046723862407,1.6174866831551928,0.5303684444406042,1.3913626089278999,1.0610731277952692,1.0777479545705038,0.5383365416527286,-0.8022469657639012,-0.7658514533133787,-0.21641380285001077,-0.7457880371810571,-1.9572653895486816,-0.5271250650776015,-1.353844234645928,-0.5604792161445202,3.0419435231887886,1.3752303099844325,0.5053961905902209,0.7826376682635747,0.9060788857876626,-0.9478692658626688,0.8315519041839218,-0.21102770522796233,-0.3806576093948177,-1.7818572049328547,-0.7743687603746575,-0.9576841137613143,0.010209381174244858,2.615658051085832,-0.21342590204550893,0.1861204889657735,0.33375738863413107,0.9885640474241796,-2.5607805917552917,-0.06885599184801028,-1.5053948726538864,-1.8071821101546695,-0.41985510085303857,0.5103389591231955,3.2471591047176798,-0.186262536872764,-1.4894467103796505,0.06852086774548255,-0.1705130480597049,-1.2610432976957924,-0.8146763526729521,0.8462541917316837,-0.9758246624460964,2.2816388382388273,-1.845618782733605,1.0484591180773188,-2.2580817684869383,-1.2492860362880671,-2.0808387457099458,-0.8873417894265454,-0.207476071040651,1.1184239494552477,1.1757073237815603,-2.4487583463690865,1.1860106484976936,-2.145324853427678,-1.9262306016995756,1.7176999856041861,-1.492790381135658,-1.0012683103475761,1.226279538473643,-0.6367545676984618,1.09436283522695,-0.7599877159349331,-0.5690950063143614,0.5023065724304252,-2.177411304431314,-1.0257278980367848,-0.06124380117134909,-0.7695481833104991,1.0009530667493218,-0.3507004355484632,2.3363951678744965,0.7585969358084304,0.8337159607963173,1.0197687631525216,0.25071446025693783,-0.27996435063126257,0.47781362526970056,-0.38478358153492564,1.1927094166049494,1.836341729306785,0.12109669950872905,0.3505957900950019,0.3853626661052985,-0.8789171335961674,1.165916338746227,0.08429475421193589,-1.6584903184271864,-1.9464981773871266,-1.7731062828540871,-0.8645552493144473,2.425581102479714,2.382538900380906,0.23089959058948198,-0.9068972571310209,-0.5461022554485147,-2.219369299280695,0.7365937049062435,-0.2260045036625521,-0.44476140615022786,2.0927005734609763,0.22040584711403663,0.7265785173970332,0.6792312830036067,2.994427237376619,-1.1521361724262236,0.7934933280694705,-1.752293871834195,-1.8805022788067383,1.369415532626419,-0.16252803750479045,-1.6403870542572958,-1.2644921449344702,-0.9626729573571289,-0.6581054820905813,2.9370981835192014,-0.7311187793833588,-0.4457013218640763,-1.1150668003928899,-0.15653804242224761,-0.3663594924809189,1.2102724048680198,-0.6363218019245386,-0.4758762496842042,1.7812147496434911,0.26989384182780807,0.15299079565153584,-0.21760397394769015,-1.558921690494636,-2.6406793340128636,1.030910051012583,0.2548106763407337,-0.46139323060752413,0.6688964655082377,-2.0355642115143873,2.541500915332194,-0.9406836931629021,-0.8114934716622335,1.3532280893889326,-0.8451006807566637,1.4131214605738283,-0.4910867488398803,0.7290407543007218,2.6134019170636336,1.0628780207912891,1.723911737661572,0.5287956653588285,-1.8391199567437984,-0.5445180773499207,-1.0131685056385962,2.299887077479998,-0.5151209357116691,-0.933982206788684,-1.6533197433103086,-0.2045604947416489,-1.5031306013923846,-2.5949501681904716,1.2044650529272467,0.2839937410877442,-0.7635346261464815,-1.659361956763106,1.221691750939233,2.0092651594769775,-0.13738458634217615,-0.39642454317527775,0.04038659816173684,1.0670077466354906,-3.1227566548365244,-0.2762560665001117,-0.2638090796407115,1.0156343605997393,2.6744698056594682,0.5589164476428651,-0.4035785042933931,-1.5875287251903067,2.7810268173854915,-0.9813276557131554,0.7970399423659326,1.4696008037760002,0.08124865616754931,-0.02337578784297556,-1.2650229819472967,-0.8710334567377097,1.0436601681584339,1.3905028262631,0.38162289301931457,-1.9010257569402924,1.0534873969457146,1.8581682151400674,-3.6374416751712286,1.619706933639649,0.965147511688569,-2.2335373891475276,-0.35201115887274786,-0.32688766265957914,-0.8285432647749672,0.20723590001985237,0.47075534353242887,0.9086802730540127,-0.07665173080985294,1.9392010932087484,0.09433744114535605,0.36887654186519436,-1.7270794932724973,2.0354666794046787,-0.6829505312738429,-0.11896093437083499,0.6544913609030824,0.4898432460996305,0.21842158587463884,0.158773158766802,-0.14017782701716958,1.433168165286259,-0.7367711821465561,-2.132371721843529,0.729973155543816,-0.2352911139779232,0.1464075752322394,-0.6803855546441593,1.7505681702908795,-0.5241164237105158,0.3088282962748158,0.8156722728911752,-0.8756861146615298,-1.4363026523303934,-2.9237110505731536,0.8440856608772401,-1.1906541801749857,2.6910180429235546,-4.103255700393784,1.341839486897411,1.3542589185805858,0.5943636253893853,-0.5584965341873918,-0.225831316109801,-1.1884614652421588,0.9077225193042358,-0.4440029668150896,-0.39898799971350923,-0.717383634337808,0.47987523878968297,-0.6709166028044996,-0.8835349833179836,-1.38506992113668,1.536807973246468,0.5227036550103419,-0.014085333259023058,-0.3323698067970809,-0.26343038074660285,-1.5012634584005102,0.526684282795944,0.5975141110847924,-1.1319277564523176,0.2024500808591812,-0.35989584634617433,2.011605148865381,0.896841137606496,0.3049655718492164,1.6631347720485343,1.3273281401712942,3.871228838152428,1.097562422172845,-2.2705415037363057,-1.3969537412680961,-0.2611401591522937,-0.31140411163439785,-1.7438477534921464,-0.17012706619254894,-0.6003476770000631,1.228936068622958,-0.17676573794095551,-2.783683736363183,-2.290494302029708,-0.4411384115153777,3.1631013188249155,0.6432230738090233,3.0198893578817128,-1.4435884044623082,1.3513802515277011,-1.1463703815933195,1.7546057718341297,-2.446916021849797,0.4423056831902405,3.999232278931616,0.8448929710700325,-0.6670335924261838,-0.8571572950815418,-0.32825502375478044,0.13480748636146267,-0.1461971194467956,0.5430254808054089,0.07079592252305711,-1.2467945305530148,-0.09903115650676941,2.2335302142728652,0.23856205544696807,-1.2835312529686633,1.4828855592455579,1.0512046362225862,0.7110016357317747,-1.186808319498353,0.5452236029117291,-2.2616527327865703,0.9774883199442271,2.3774943930098136,0.7822965590082842,1.47819825414971,1.5982704923287538,-0.12593631355052398,-0.1614002001498483,-1.6334628342009734,0.5328515738838586,0.17332622062768333,-0.844625670726328,-2.15744431866071,-1.2652327633086182,-0.4935058505486265,1.8209122029579452,-0.04530099375916874,2.475821900110594,1.2456298973975115,0.6569256928540861,-1.3060262751856746,0.002297772603938264,0.8248883059724104,0.5395268965351047,0.43394038833574744,0.17537718941737057,0.13801258037493835,-1.0400569789136889,-0.7365042743501091,2.5382379532888297,-1.8612882312856769,3.260798929698487,1.0841691549988428,0.9994455149898364,-0.9326176835491571,1.3039782322438596,0.784460609544425,1.299735074302633,1.9374036048443188,-0.03962937402263261,1.9898754236648697,2.777928240159473,1.1747809377579164,1.4910623383055615,0.31161929987180903,0.26284826960896523,-1.91758886776959,-0.005759053960746718,0.2669610242316254,-0.5509420692791654,-0.14763641967044633,-2.3915262465561096,-1.890172456593229,-1.1354059691017175,-1.7969042667270276,0.6894392971758839,-0.981545240037235,0.5378416307271284,-1.9940671944110195,1.837531949308484,-0.7343407874698513,-0.5343863809896185,0.34848447433175356,1.3077002182147088,-0.8601780055661425,-0.4393180243553109,3.0904233904354177,0.886190260512395,0.2211341837938313,0.06296889719533413,-1.4816486808805829,-0.3395390255086145,1.3192569899134436,3.103430472340415,-1.3088616020460044,-1.5920958435867376,0.3303846632994708,0.8588300845350996,-1.176754968465102,1.7368852088332725,-1.6828312703448736,0.9354841308084594,2.3571483228773995,-1.4771734434335315,-0.5666176301244352,0.1474840811165489,1.4179645020787137,0.03733902155636308,1.5062284578771994,1.1970216478024298,1.2007096955792846,-1.3464252704472315,-0.7925427799802623,0.2454571879812822,2.9655973987444897,-0.778941683527857,0.45760755366855055,0.2841140034748875,0.7538536699175283,2.4837430127655753,-1.4336399480709838,-1.0719637586756832,0.06799953234616296,1.3946355113309394,1.3996106410067528,2.4278788680924137,1.0272810707970703,1.517425755720627,1.6678835846640523,-0.12166560348603905,-0.40244405989938137,1.4239747728571894,0.30406700764302297,0.6873115068288549,2.7893428902700395,0.6890729063682425,-0.5206987874437617,1.4690259273483957,-2.0839015425724234,0.19522126698818937,-1.2288465204004768,-0.8155541657802978,0.937081122052471,0.594153057794528,0.05511951564090438,-1.6345318672118199,1.912929326548232,0.5900367134788342,0.8200220758321031,0.5840825321874492,0.5119282140838292,0.1436710596601995,2.110074321856141,-0.4252027121730467,0.22082766634417592,1.0208531342491067,1.4064771824044429,-1.342370984218377,1.2428306669046223,0.7566499927070174,-0.06036948798691255,-0.20416117072976303,-1.1881692805703532,1.4134943633036792,-1.1977825503597102,-0.33234818192227034,-1.0585381066442907,0.6448068528418426,-0.11038519767386261,-0.9925713098761577,1.8407485429853134,-0.9799335262914994,-2.191125962953005,-0.44235869827709945,0.4885822099079678,-1.3286270714843356,2.027957599754183,-0.8322433087080451,-1.0901085777830821,-1.6652505342982078,1.4569503736897829,0.710534536542151,-0.2739677611065984,2.4157731364499,-0.568433427415007,-2.049420037164865,1.328970158693842,-0.5714871752521755,1.3100828684944532,0.39479761273448816,-0.18130774377056913,-1.5504476181289033,-0.16975318397840233,-0.33676979322809275,1.7110322514048844,-0.0023338317540954057,0.9099417666732417,0.15851765028550072,-0.2744210261124072,0.9024734920912804,1.7497267702310546,1.204865934142348,0.19659653182440495,0.20838338222419153,1.3695888623665482,-0.11366296108333124,2.2345738176526853,0.9599194761651072,-1.9701621053738843,0.24351403267136873,1.7319461469001847,0.9904734605247265,-1.0816201978704654,0.568737011330382,-1.653520007327335,-0.7757194357161817,-1.0497602368709589,-0.926744635663439,2.3077883997692754,2.4075446938033638,1.1836163485550364,-0.5712611708255525,-1.0914131666158238,0.23327843295394746,-1.493328533612682,1.4918974456041734,1.6837936712582904,0.2818297733864281,-0.944099139186394,0.13370624224671074,-2.698479433790396,-1.4541990920472103,0.016728788949126966,-1.1338168505264639,0.27252539458080566,1.4411457080597154,0.8418415101405153,0.1877352753885168,1.8463893437843186,-0.10964982675801271,-1.2997836744202624,1.5618440625014756,-1.4696847615767181,0.983373592006498,0.47084640504971054,1.22135231494455,0.01612815663829799,0.8845410967869048,-0.9322188069823002,2.113764904516705,0.5706216930496135,1.9563642216789305,-2.124220159792409,1.5310648500738469,0.13641388748178065,-1.2112268573058573,-0.5949253734197903,1.0724130312278768,1.4822261732362678,-0.46600428980291464,0.210106945013755,-1.703583710787838,2.459972530376082,0.2985148416140564,0.7252009690556143,-0.9605879497412474,1.161288279040355,2.0772186017176577,-2.295480182967602,-2.007734418857077,0.27572471290688083,0.2070466232294939,0.048303819655770686,-2.018295609115297,1.1152680759741953,-0.5987323452569967,-1.7099813388151561,1.0085057722320916,0.0588407001562703,2.66120227062156,-0.3377536011539024,-0.2570291502055646,-0.032445138893716405,-0.6767980105643052,0.11202956469993355,0.9291526957129228,-0.8146119874343378,1.2705527165370332,1.1105901624607448,-2.865788466642333,0.41101905156786434,1.0628014811363264,-0.00010125510066544274,-0.262888892423767,-0.662533528731358,1.268609125461809,2.1070566679028335,1.7024272691543012,0.1854520844967765,1.6762421488708714,-3.569245855753495,1.219947562773576,-1.251758196607145,-0.7964706773207277,-0.44768439315092573,-2.7321029408256967,2.541697389988098,-1.0012735486230457,-0.2378471798340473,1.2100304751441615,-0.22884905786731147,1.300944321721548,-1.3981490266516297,0.2247901945210317,-1.0203690298417678,-2.1162568270037463,0.627722033192558,0.07704029484934471,-0.4856173061487543,-2.032321988598744,-0.5451266794507406,0.5088375556112528,0.44456058708884505,-0.24598161126398882,0.6259522017194481,1.0516850933648851,-0.0949505163380209,0.5740327115840291,-0.034786887164611535,-0.34630359313450365,0.9913411066990592,0.7431099136178382,0.28936825913236386,1.547571662054718,0.7759028794858326,-0.1302850815740329,-1.3790307391229217,-0.7004075402396216,-0.5069146283025359,0.008141123839817466,-3.5605260761171187,2.518180306802805,-1.1010570388941998,0.15155715693909455,-2.260446931583979,-0.35655691308515935,0.6677394214251324,-0.15383085228121557,2.332741082404669,-1.809367769658906,-0.45558475391062797,0.4530180783186608,2.2274162300415634,-0.7989539795502136,-0.16899911975652238,2.916005053674347,-2.2335015911568097,1.7865755536257772,0.6277345179600726,0.2802083366243241,2.1225649447249073,0.6465747521101064,-0.6627183122151254,1.385918674299524,-2.127257509264798,0.00490490269286159,-0.9747415761897351,0.05663989989070012,-0.7130163732064966,-0.2938681453976714,-1.4609297476256526,1.7180968822219698,-0.15830600971206968,-1.4065161776969932,1.3621843535810143,1.341087650445917,-1.7887433452722996,1.1235975780637215,1.3147625648024386,0.852766056268677,0.8197511538773803,-1.1973495701671322,0.5444381683637409,0.331813137526519,-1.1840931069495717,0.14888458372570712,-1.5136273776706346,1.6065526826626926,0.40226574610788,-1.0621915352413436,-3.711821168478275;-2.91862148139341,-0.7861114731862331,0.8607754399667902,2.1584566650897257,-0.6780900145959741,2.262935501803621,2.630919395778813,0.6233967144055829,-2.101025817599578,2.15737401982429,-0.9011079195270622,-1.9220496369273894,0.3164368295688231,2.8895915195757045,1.1852752734798229,-0.09999188737464687;0.037382441693513624,0.979739288360279,-0.09798771981062826,-0.07111624131503314,-1.5587095519698695,-2.1041953359697523,-1.8019059945217633,1.1461863674004262,-1.7597416156678116,0.25427042906142017,-0.5341288892518127,0.08212296046358192,0.9830108820441921,0.980619192602525,0.8468157767527634,-3.0758777565480786,-1.8199554128466777,1.1140309356674474,-0.4312902678015885,-0.145603288514693,0.23618585648400786,-1.433024441171687,-0.6121740612799919,-0.7016160102792351,-1.39826552270801,0.8434858657444706,-1.0034095538976968,-0.46544158913481837,0.09123426236702162,1.5157677456514889,0.16814418192239883,1.448088985816854,1.050207792911939,-0.20471622499800857,-0.8316484563375929,0.28105287475939567,0.9395561386977243,0.2890111499721719,-0.2243476023401864,-1.2690078354350702,-0.8550109347230122,3.0128948598384646,-0.5565241349043134,-0.12364084315535251,0.07798501777735933,0.8949681768840856,-2.2013600383737444,1.1435715913416233,-0.05964178415968347,0.0792741956815866,-0.9828294362792271,0.9530837253147619,-2.382047257804364,0.7307351088615983,2.063628205935013,1.6693816711896394,-0.818180562777725,-1.4497666970448555,0.6128079757802052,0.5659582156966256,-0.025370337397614406,1.8246852268555305,1.3617161798824946,-0.8678112482099494,-0.9038657757720041,2.4344606609490524,-2.47668127392156,1.513889332654437,3.0256364294956066,-0.47287358511816546,0.487705461066292,1.8553996436742533,-0.7574778856127005,-0.9696017815512082,-2.1348958735489303,-1.7112578542631571,-1.882833230432307,-1.3934896097784155,-0.4342114540700299,-1.342232435122839,0.5457366063528284,-2.1931956735821023,2.165475469315478,2.6826594732707134,-1.784749653053581,1.5513891274222331,1.8862504818862829,-1.3023955580510773,2.16898914719396,-0.6392411639552287,-0.00886734516587978,0.2083444076800171,0.02214206066647806,-0.32908425102856037,0.2472859901735445,-0.6604347886007281,1.1671566936782964,0.3303352599724449,-0.4923904138022628,0.15521445937111505,-1.359741070384336,2.410092354736231,0.22171136772791805,0.38071788711664306,-1.7194893441765497,-1.4114529347996392,-0.20273018343416624,0.25617320090049706,2.6260689020342913,0.35421715918815183,-1.2286152468081648,-0.21540852058334298,-1.1160576599581877,0.1355758523695326,-1.3906248268648498,1.825541595940471,-0.308722588051624,-1.6118977770121918,-2.939224467266479,1.4525321198836694,-1.702314570106947,-1.765058350502792,2.312599474701412,2.4318216051034804,0.34942840609188214,1.4980505352952462,0.08573036836866538,0.1012804987484137,-0.4796124716614813,-0.4351786809132214,0.2974861506555182,-0.19783621445873179,-0.7873482540954367,1.555861670586043,-0.6424807031374056,-1.189577542480016,0.7588458877423699,-0.47149200434771954,0.9008176592306287,-1.3072399110013109,-0.028120394274961935,1.4161497251264827,-0.6137322756408036,0.04451956002257096,1.3159597679737303,0.227508415837317,-1.1410624775449378,-3.0683496191980817,-2.590790052501623,-1.8755573981353402,-2.2359017567821433,0.5999951112337873,-1.1074532433314443,0.3114197284608743,-0.21103757780361165,-0.3108742767756798,-1.1306254804627969,-1.9445328106325903,-1.2775839201022057,0.7293975961608229;-0.4688129466762608,0.9599155115020194,1.104053014352053,0.8147562421779244,0.07592298444030243,2.1090974816210615,0.48116958021703893,1.4261518477890915,-0.7832363603417619,-1.4070382589885198"
18,-0.10953386927891129,"0.8759851714964235,-0.08967991347699437,0.8008738804136082,0.7291517241888,-1.4010937556184362,0.28533898161146776,2.577544914589047,1.5643154944610698,-0.7105977654347034,0.06158060051772268,-0.022397002063062277,-1.0322452240314866,0.11953605571172166,-2.058016784788571,-2.704034134478583,-0.305462732475446,-0.6395703801142986,1.6831677200234327,-1.0502296346136504,-0.8525240231586083,1.180519883495931,-0.4946811292592562,-2.2148560914226962,-0.7750492054331504,-0.6576180029639138,-0.3776873071784059,-1.205106761411784,0.49315943575284893,-0.5001499714783972,0.040057291585192556,-2.0458927254142054,1.8290173698879366,-2.293108673171431,-1.0305480497291677,1.202235491220648,-1.2494844883238019,-0.21929530727486135,-2.5838131809886353,-2.056024138829566,0.6834166470396092,2.2315134021156315,-0.731637943100322,1.2173444733683834,0.28775867075295575,-0.5065065603226409,-0.1666392217630614,0.8511616982905619,0.8283890409289795,1.312063121168128,-0.9481651957343172,0.8522784212787975,-1.6397817732352393,-0.9663351949046799,1.0117041689524853,0.9131664915231129,0.7532687684734651,-1.8190510458855391,1.4568172543392568,1.3822611384944974,0.7655208064129242,-0.39065983310339353,0.9035550435818056,-2.005794682474511,-0.6782569606727029,0.22539138246918478,0.21678366867930995,-0.8376234098188348,0.09450970777703505,-0.9698709576605931,-0.483322038512502,-0.9512827265421928,1.3131155531313594,-0.48807454470202366,1.4499146101806004,-2.831237966414613,0.13732873394942113,1.3336677399410481,-0.18486100206745135,-0.36022308357840277,-3.101039325109981,0.0845349735177498,0.9276300678758334,4.038149496025321,0.0599723027406282,0.20114307675411935,-0.173584550561088,1.5658853141198037,1.726336894585114,-1.0319818027702494,1.9292696598071863,-0.5042513032139837,0.7053759954953076,-1.319525176323895,1.1672229868226371,0.532792488928173,-2.1782754083858316,1.0504192935968333,-0.2877448735944454,-0.6701848380970714,-0.1966686189787647,-0.6143464259518897,0.7619433427619586,-1.3254412659138044,-2.654517889743907,0.49297303865953596,1.5867259934055853,2.617188150531195,-0.7064808599728309,0.3631240083274301,0.01883341932468008,0.015235097449979529,0.23179547109651175,-1.2259060560598216,1.6874851171753236,-0.4142787292099723,0.24450710898949807,0.7568062135501519,-2.734533231079855,0.09236461814376717,-0.034860824850476146,0.8402933061812639,-0.11049102833234037,0.5599974907376504,-2.1077699394951277,1.2745890196399323,2.1531984794747054,-0.4270494535960644,-1.1333531789707356,1.0363047451126977,-0.5310555571478314,-0.9612654027815317,1.2724289080728401,-1.7154261024569535,0.03328389182803926,-1.9551592201950747,1.848446107956165,0.3539161876597241,-0.8661045967134959,0.17681684434415007,-2.088119388029727,0.4209732708841187,1.6133501903825787,-2.5835774545251957,1.5609665763132703,0.9050509083060615,0.859388525018167,-1.8171193084924773,-1.5935597725822204,0.3207000960906994,-0.3768510759054243,0.9545576974083207,0.040690749101242825,-2.19464726931996,-0.3381454381548544,-0.6009158625379976,-2.029023473191393,-0.1904122492086734,-0.3791835469907896,-0.768614826079781,-0.6211996453036179,0.6420637329278079,0.7349357403295085,3.1380502002996122,-0.35025905925031076,0.8537742103544201,1.258455626571401,0.06987018826536745,2.235027998701803,0.7126237354534828,-1.6483660504393174,-1.9703552856467237,-0.9076829798033637,1.0563690186954426,1.2090339518232929,0.16406467851297318,1.0445715436224643,-1.3330786939691412,1.9393509012406445,-0.24952946799686454,1.9382982573966627,1.4872776908523029,-1.7645412604398836,-0.300211745843,1.5024350687896648,1.3948778527454304,1.8247527387069118,1.4464090807973369,2.017816824784412,0.6780099019657304,-2.025078222274357,1.6747560750109916,0.43893372663722535,0.47160505577097667,-2.926230916406561,2.1497113781490387,0.351854665757272,0.031220426275109514,-2.30937289142298,-0.760846491526669,-2.1908694132283624,0.6038481146763957,-0.7488806244258097,1.9704557488933732,-0.43535138914330973,-0.6257780501155223,-1.692314633410854,1.8811222090803585,1.0997678390439025,0.02155917247211825,4.387695550605557,1.068445493060345,2.219764144551955,0.7615077044946792,0.7542536342843397,0.18727469828993693,0.3208995656709065,-1.9065151008748296,1.1727965289160276,0.7355489091397276,-0.9373417881451809,2.7262083312737975,-0.7478246699770036,0.413519534513868,-1.314033567880354,-0.4076137168816379,-0.03181279289709227,-0.40759754960858363,0.5450487952181917,-1.8883464770941127,-0.21244878575933557,-1.6273494217320816,0.38615055205137894,-1.7673560963752872,-0.07422517922973246,3.2643759860889268,2.2551077535577733,-3.3320881176515207,-1.395008632689851,0.42790818361457666,2.376394633020821,1.264204781624629,1.7712487107216977,0.6699886596953711,1.4268720328061588,-2.867572975232111,-0.8436975499113359,-0.442420173567282,-1.1912983216421051,1.9449236538120056,2.586999819884367,-0.0843226133948502,1.0279045019449808,3.69325702488445,-0.2975769997707185,-1.3230385782384433,2.248130672886333,0.6595347998214154,0.14758834133935114,-2.260663998915181,-0.5023765405861034,-0.233623013624288,0.48347226923868986,-3.3137865629003986,-0.301386551927331,0.3829659060937407,-1.7382446242485903,2.035009250919121,0.19222852563351517,-1.9492674984091547,0.28886231707145515,2.351601892231288,-2.293115859937148,2.0092335947403126,-0.9247933166239635,-0.7161931610724237,-0.4669479533559071,0.17378338617810873,-0.23559943528710264,0.8835162681789961,-0.38194554328310887,-1.1805671618789084,1.053784682254456,1.4835407364238642,-2.6474032103659986,3.0821914374587047,-1.2374273359084316,-0.38089050673415004,0.32438307681959955,1.647282096584677,0.2120777510026905,-0.773694453510521,1.1204273811120182,-0.8056657010538953,-0.554857854256043,-1.569756419338399,-1.0015139433533182,1.0570494397287242,-0.9076609244942935,-1.0760669383352235,0.7681390970817814,-2.74096781911009,0.05912665525861849,1.629916709645547,0.18526254457538144,-1.7411210026611905,0.9815346785813585,0.3049004923510494,0.3660109768416683,1.0911237145012536,-2.1926228802471357,-0.031062097978236537,1.5182308544171947,0.6177456959608998,0.7937637535678037,0.7480132905868192,0.0778702488344744,0.10718785281402249,-0.13974422719991908,0.27382670781145846,1.7295460760894836,-1.3466627372251336,-0.154724657737812,-1.2705191321985958,2.3139759000521787,-0.2666731517526311,-2.126202687718321,-1.196783754775943,1.3295797084286367,1.041810911968945,0.4610292882640134,0.8919855906180569,0.15432048373218166,0.08629418240038572,-1.5658234818085248,1.0305578665305428,0.5267810912089248,0.6101662556941907,-0.3359700512142831,0.37675374747996426,-0.29855366609727796,-2.1493048734129054,0.7841066688957002,-0.605016445835336,-1.5655677675554007,-0.8230121592253163,-0.8530007003047805,-1.4975883695045453,-3.158946270465013,-1.3850394290659844,-1.9006320260889207,0.9299083153175922,1.4770491248260766,2.5715962061536346,-0.6716929738466002,0.9930871119984093,-0.6276696666689932,-1.6653559305324015,1.41317115188023,1.8290639191427385,-1.7747968534573357,0.8261840346867437,0.4467103829757534,0.8765997177561149,2.1093044430419536,-0.046958657601678624,-0.30720557640669405,-0.11033292775398715,-0.12593227599863288,0.0381637725432568,-2.039235509229816,-0.26149385098535594,0.5449170566080417,0.6378650496152879,0.06878417525170082,3.9631943868870976,0.1730320200886576,1.7159812186782706,0.2361439316944739,2.1616070625984105,0.40486753925695124,-1.339172049710231,-0.7955081845051764,-2.6405733747819147,0.6076078857549918,-1.052103557585006,0.3083689934574011,-0.5857335161229085,2.5857258433116543,0.7386501378041677,-0.6911736262404395,0.264083336229031,0.8715340082881913,-1.0007271399107551,0.1682405810114299,0.9819851788457679,-0.6814364670541255,-0.17423143553417286,-0.1432116592509726,0.02735025564489635,1.9461846499550453,-0.5647876755579475,0.8946773771763097,-1.0653501385153612,1.0493808913969338,-1.6672891739086118,-0.38976238440561184,-1.1006418378775646,-0.4592584244074058,-0.14965142185683714,-0.4207066886551409,-0.601003179536113,0.5042673031929249,-0.6938084995793007,-0.5197940684281386,1.741041692368932,-1.4318694450504232,1.8719123395154547,1.5728484119856103,2.6269622927346967,-1.1255446368511923,2.0510024009536956,2.6537337197169304,-0.5694133446170152,0.4231116482148996,0.9797122987732843,1.048926908385059,-1.4521813043779974,1.689023395916844,0.9270281184326934,-0.7566871201367824,-1.677929430951295,-1.8317282895102238,-0.7623262768508863,2.6670576324417103,0.06660294975693815,1.4573814021841454,1.3130441387103902,-1.3359317607342909,-1.7623308569849063,-1.6717386653345672,-1.6618147724942427,2.229358398519472,-2.675230467340553,-0.034792963821507206,-2.68000908014595,3.005309110320761,0.46422547148806204,-0.5340571248285456,-0.9028744750784472,-2.0109128027105916,-0.12363925543144055,0.5203913067536381,-0.33556753856771415,-1.7430706125049675,-0.6048898583909631,-1.4486085841969196,0.5441621340621645,-1.9260754879834292,-1.3763909989215115,-1.3135248277840872,2.9537623646795765,0.5052405247454961,-0.45439443252073425,0.2486062351144694,1.2452167768595759,1.3371474981912121,-0.08912030482037375,0.16690697565258322,0.4679374071001344,-0.37129988410245757,0.5235675567169829,-3.9729777386638867,-1.946569692019881,2.959127387023989,2.4332113212201474,1.2516685085338821,1.7346471797606222,1.166943232892638,0.6181879066947781,-0.06245490604301107,-0.6994747397002093,-1.1053462186898684,-0.733065910126165,-0.2820221576748698,-0.9216254992337178,-0.8589368225137886,-1.2498997437304682,-0.8053862601753383,1.7566362207452966,0.5105667088798274,0.13044487258873988,0.8835002932994185,0.1797846467641398,-1.6479932624957065,0.13639413363099917,0.8588967887652589,0.050259668682354,-2.332593650508465,-1.3842666486529704,-0.8566319364957136,0.3805921455628232,2.8548060149929855,-0.553625098659259,1.854323643225599,-0.3937021109273087,0.44176485230882245,-1.9612532479121088,-0.24070946385481518,-2.0185985262976422,-2.0528549592170315,-0.5715622703428194,1.6416554530012282,1.8447216623163103,-0.7115378788014541,-1.8050769954209684,-0.3098563887827917,0.07082444257657858,-1.9061935902600005,-0.7338071527098456,0.31841987003953565,-1.162519242807128,1.8002632313075113,-0.8375099699321163,1.0041763560846755,-0.981947282802306,-0.9437410853234933,-1.5910840838665505,0.09826001607207087,0.06568761859270011,1.3070801161127052,0.4239570489974982,-2.2032773390685607,2.2989524239212464,-2.2522286120771473,-1.2395679478306232,-0.3941520957436454,-1.1115454342481963,-0.6277747728094913,1.4589089538317337,-0.8458296638633367,1.1354905891291627,-1.4487668233385622,-0.18106349450383186,1.6904169136462959,-1.7174360152787933,-1.698583068080032,-0.004698799310241308,-1.1627985671363361,1.1590210689499063,0.09105732504929559,2.5608954315345547,0.20201802404808,0.25935743116336896,1.1725261133228897,0.6081755687116414,0.9353017679205394,0.2793788331334322,-0.19889492525475466,0.8899985898382452,1.826170391411305,-0.016912945891420145,1.2122489553105562,0.2732651909470417,-0.08413698420389985,1.0641678465106965,-0.44300363668272436,-1.9453964154324137,-2.2332033262262265,-1.6378822435243303,-1.0053016161895703,1.473974766272999,2.3400534195297342,0.0016906661482991026,-0.3046450311285534,-0.9907789184185134,-1.9789555944181714,0.5316641002905615,-1.2021438671498736,-2.4254947028574785,1.8365380739330797,-0.15419399659710983,-0.3746137723575963,0.21004382526324883,2.245112908163552,-1.0119621242090076,1.4446480700518554,-1.5585549497977578,-1.014580685328778,0.561548619316201,0.03527260867807136,-1.4533340954202185,-0.8406460887202385,-0.8885912078625967,-0.0670313068328039,1.9151204529637798,-0.9433318350830492,-0.23007902152090487,-0.3979464872857241,0.09110085895150288,-0.38196790529970714,1.1821034660397916,-1.6501911590072602,0.44883848920932884,1.4217840788062142,0.47169859351250437,0.7759818198146192,-0.03295853675799165,-1.7968692013640186,-2.330166210753501,0.3100334560903306,0.7505995639696069,0.4987562431860129,2.063329293396404,-1.7402427625031374,3.0920080863197734,-0.6775754450302971,-0.5252369653002718,1.3485167601231673,-0.005266514143071693,-0.39049253295386677,-0.1433691213421736,1.1560100668047597,2.422229876055304,1.4711528275942314,2.4468926770326913,0.15205273087345006,-1.9166917557826506,-0.7227931055659764,-0.5954946482095929,1.6412157979869426,-0.9524528897544968,0.4558427261742235,-1.9147043176558747,-1.4896522016558886,-2.450377294835719,-2.327917801509142,0.5762092832308008,0.6626057797543409,-1.2358481070564433,-1.3692107631652268,-0.06873099719566889,1.2908892688141809,0.09342573379216562,-1.3398071193488674,0.3227045725516135,2.0169748929500466,-2.848096117712783,-1.1241229419122487,-0.44349821597088596,0.22884479600586405,2.74553943232267,0.4926890310992953,-0.28904076979949184,-0.9934788528216998,2.282795501514477,-1.1891472616938796,1.9423108939278533,0.7323697153550739,-0.3562066834507085,-0.6015660071899577,-1.0490182630354326,-0.1848337675180433,0.2541440730224318,1.0890191814291064,-0.8210895014408949,0.012772274646416837,1.6906828250831563,1.3475135771203144,-4.191192150709006,1.3342084155248286,2.6335268253325506,-1.5873396955413024,-1.6090743034503276,-1.5340712383129056,-0.9276752448702147,-0.6298444613151146,0.0758455780770787,0.8707068035264048,0.2747571210274806,2.2546704520611804,-0.7155532514128614,0.24921946924351057,-2.0587278849070474,1.9198723385569125,1.2368706595285828,-0.9116305634837052,-0.059541059310239675,0.9550955991575483,-0.13987381857566633,0.04516524367879815,0.03575790057880285,0.7725117314646013,-1.1752856611402798,-0.21899430160510747,1.4375947291937607,-0.3761370730109106,-0.21716238012231942,-1.4926697943223808,1.0660479803448712,-1.3713999672761643,0.021824053577936944,0.9194294572350503,0.34304849658264724,-2.077744695660659,-1.0864533365037818,-0.21881963328870502,-0.9881152412698115,1.9255664784939384,-3.041903696243179,0.8982455902247157,1.119585726379923,0.3897890081747976,-1.6641259441469654,-0.2920836326067757,-1.4292416711508418,0.6652780230829551,0.2533973709585006,0.830893113893584,0.7608439619245897,0.16540783765751177,-0.6137036504267759,-2.158148382949172,-0.8434356867872581,1.5675916227055717,-0.5011180915653806,-0.4100271771428968,-0.32099725966250564,-0.9695072803328817,-1.5558947423857779,0.10821420809121647,0.20706481618518613,-1.7320647437359291,-0.13340897821044984,-0.40468261766390556,2.0510292597183697,-0.4800498662793727,0.25356460915779944,1.439396097539924,0.17179208938533785,3.5308356434696777,0.6228725316391008,-1.7871784113884748,-2.3991224622221843,0.6772283352231562,0.3525779896195058,-1.4288700211650027,-0.036506077459983494,-0.7657438933607296,0.35030321814648957,-0.5879875668970714,-1.9004914886929125,-2.2544427596325036,-0.6967426387988547,2.9526074517114047,1.1031901844240937,3.5244516068950396,-1.4428195729531834,1.0011352866437226,-2.099417039155877,1.4687300040385203,-2.2760275783089505,-0.8805317571046789,3.186072102175055,-0.22083251990143393,-0.10756535181632437,-0.6120259333140163,-0.37684874626965076,1.4763935130647678,-0.801226069445231,0.851186763600122,0.7700330994725366,-1.47865539857264,0.217507182458893,1.907081051006993,-1.206126981560488,-1.7952341865547776,-0.1520422278302978,-0.6167852870422239,0.29204553827572044,-0.47191361878413296,0.4481160076195627,-2.364377159406761,0.8974244825327998,1.6840727941579767,0.8053288632850072,1.7854075756764463,1.5338485218441915,0.35329566881018354,0.6682058885216071,-2.0343456375648845,0.2781456542388754,-0.18192040347712635,-1.2418086356871478,-2.1796113280149823,-2.0131559123602196,0.008109992857320697,0.4153910214004386,0.15407046280639003,2.2182191475472433,0.34435553827570275,0.7457192583935806,-2.330187549466082,0.3783302909272839,-0.12926077861741486,1.182728253261239,0.37663303757317124,-0.3395022621882964,-0.06266331737190223,0.7847440510016789,-1.1863867004611188,2.0903945550801466,-1.4752699005679448,1.9122364357815052,0.8194691069060646,0.6773866687830699,-1.7530761233722976,0.8328717178414793,0.2543848026068931,1.630262004945017,0.4345453259165759,-1.1367238935329795,1.9701907729262103,2.3314784157080224,1.711687907657785,0.44755371828328605,-0.4522655948592256,0.4491492433968375,-1.3762558813215968,-0.5686210717844494,0.5696866323669926,0.8200226056072275,-0.017177740807234165,-3.6343900260900814,-2.617931517098453,-1.421501894714758,-1.2945268242453445,0.057426860285056835,-1.3181828198410936,1.4400503144969012,-1.4433056302961331,0.26786553023151494,-0.6215072691454483,-0.4343807040753568,0.24834798884848214,1.299887041235604,-0.2814545181721382,-0.40684294001079196,3.0455456436260904,0.7130043661591021,-0.4652915361510267,0.2662537086034816,-1.153558662796944,-0.8056745336440932,1.9181763892578334,2.576427338217762,-0.5456107503222466,-2.017823064282681,0.7018119614349497,0.7222739044245476,-0.6347935981989646,1.4809621338887342,-1.7395340012218035,0.4644000104100786,1.7819074239040773,-2.146243301459258,-0.7328501216671529,0.2908215794802355,1.2031062878629737,0.15095674027687636,2.2955421656096937,0.48127703641571007,0.39566747029191945,-1.2250182779488201,-0.3051865429775508,-0.23690373690340227,1.5592818738629015,-0.682388492854876,0.6872183939914707,-1.0962576190257836,0.9428339660651402,2.473905269254691,-1.3511013809713002,0.1232685011185114,-0.19312762508019032,2.0141558241770574,0.37028696665422445,1.32312522049713,0.04062992568049517,1.877507013953262,1.8739075809718913,0.503419173811265,-0.7261251469253298,2.179385002860286,1.3539500023769415,1.5376133825382319,2.040039204166521,1.3541806131812941,-0.5530308085480731,1.8934849386789165,-1.710236260241527,-0.33073144527439785,-1.1313530643615561,-1.824068566739287,1.2695743677778877,0.3666900662456656,1.1514938651987634,-2.528555450697555,1.1147636968700632,0.3354724075862723,1.0564091457134506,-0.06615426533216463,0.63060847517517,1.290993438287333,2.2925529893034557,-0.3118044749199822,0.0760319480574419,0.6535758760424206,0.5080275268452168,-0.20345533607110244,1.3685934939329243,1.2278785608678324,-0.3197860948938911,-0.14010781962657542,-1.5463086537424546,1.7175161599820739,-2.3729335115309937,-0.40925613256809323,-1.3330379559174648,1.375416131484817,0.19988928322887073,-1.0440105368571657,2.2988409549499598,-0.9869896405087787,-3.0908033982799665,-0.38921650120927287,0.9526302057388343,-1.2545275299496592,2.1239468976786346,-0.5947593655027013,-1.2156012855106129,-2.7803336469330726,1.9872002373942634,0.1994707288929014,-0.9350360598917281,2.2523055307975492,-2.6816398033428985,-1.7845947085729867,1.1283009420443868,-0.40782154942921156,2.3842632026566206,0.37449937593968335,-0.6898057543207514,-1.6031823847121214,0.20225458926401407,-0.42538083975716234,1.9091432902537457,0.9487324492052571,1.2723201021652006,0.028949259149282012,-0.2747939627311392,0.6821741421435333,1.5389335668493125,1.6257090223039414,0.7692156498603961,0.9456035986694351,2.2523765329448944,0.4290999380350939,2.1767498133799377,1.3202667502889431,-1.353111927074412,0.8374352701096199,0.5768561103497097,0.6645339771266496,-1.261571389405327,-0.04176406869845123,-1.0848526016934794,-0.9143823629903789,-1.6359282401636923,-1.001561628205995,1.6380589767377598,2.4646794488615638,0.7058973843576408,-1.1069155063000455,-1.0464974672050147,1.9010246492561633,-1.7202979490901544,2.2728086847105415,1.8562940493614857,-0.655142036949841,0.24650303481839414,-0.735456881004469,-2.5276820599923084,-0.24152760960659975,-0.22544257167701526,-1.094748387307248,0.23349787000510705,1.6643197771290172,1.9129854854882906,0.3462656153811504,0.9833776916515475,0.7390765061030623,-0.3789370835515607,0.8678825450290075,-1.4436434316647175,0.26351883969928913,-0.32081646026199406,0.34605837096567416,-0.08078491072328431,1.221527177777482,-0.522725253858525,1.5003140847613716,0.29113936306901883,2.8130204145731725,-1.6386390579932608,1.4393351463853123,0.4578927947478882,-1.315664889773279,0.2877906068755899,0.20933636478096607,0.9262411452497712,0.7952943848678256,-0.09157322580489788,-1.4994383548057693,1.3730711103803945,1.6582650294521857,0.42955303368091274,-1.561747669186898,1.373091498255101,1.6888054703790818,-3.25934834972476,-0.888474907326448,-1.3625585249809213,0.6455211654783461,-0.1332765961538461,-1.8321114918830732,1.1640639173527025,-0.04261062508197411,-1.1747406562063534,1.2261358809165865,0.49094896253120324,2.9190227375129187,-0.8853131986990592,1.1223328348954669,0.7663033379413207,-1.218030057333251,0.5989984233940855,-0.34316649998578375,-0.837902175920262,2.1821333328291423,1.6799164968379094,-2.206599417394559,0.40809117926613103,0.7978621790022764,1.330192666420304,-0.676690236067842,-1.1458851272643353,1.6685637116130823,1.6004794361690373,2.158839993589921,0.7650118345827535,1.7447337474214735,-4.017277310329093,0.853240984841386,-0.29031333679128163,-2.3209621815030355,-0.1073392960104459,-1.4813744089684173,1.3347845670310234,-1.8726112208136447,-1.1498201198497762,0.8951701912258304,0.13012840017843608,0.722386615664755,-1.2014387584167812,1.1935402411012188,-1.1986503459713467,-0.6414323840133503,1.4100101871226332,1.1314612759553762,0.519886700791401,-1.6862034513814192,-1.504059491367395,-0.4387329929354178,0.38657350358161,-0.7836617837386827,0.48589662330395206,1.4291741598093295,-0.5463279768501799,-0.05435982037429481,0.5438185806488172,0.00015759000368786857,0.9926712680654877,0.2003207007526706,-0.03587539783408633,1.0212536463398108,0.18730258012962459,-0.07295740827465516,-2.485856603474189,-0.008937340874966844,-0.3756250443451391,1.1665843550970374,-3.23688018055571,3.062054961957037,-0.49027311151679676,0.5600628747063714,-1.0207011095967413,-0.8394305999326124,0.6363394572167664,0.47343690283598305,2.1076890208421513,-1.1616010573959876,-1.6560497646090726,0.447808818377706,2.435100955650335,-0.3294673020545567,-0.5653820011391845,3.26019942653351,-1.5613779363750337,0.7397112546852296,0.5423122569413502,1.2817081969261546,2.9099843890688426,1.0549242719247391,-0.23790089715763674,1.7325128139161108,-1.76073909823782,-0.35932383083586283,-0.3419341330898499,-0.25611272425596177,-1.0972011419688577,-1.1838155804328157,-1.5885443804755497,0.9889460864317747,-0.4783769899512017,-1.287050692881635,1.8594604105885233,0.9351624468256119,-1.462266543001552,0.3621326094417031,1.236148593371929,0.7213103465225343,1.3448964886090575,-1.3910631534631939,-0.11410443649754512,-0.5860194452136447,-0.6736111074191172,-1.2799555912978358,-1.0634612925854035,1.893725164933442,-0.20086781381795143,-2.009826906044107,-3.5015066607135337;-2.2027391710071043,-1.043366707416724,1.3551259182496813,2.3470058871830624,-0.0417608184974505,1.7329727811491629,1.6238161900081889,0.24006514972734405,-1.9126244336184015,1.8483125888005596,-0.6954702751614841,-2.2968489059476167,0.2768445967046422,2.681812853110287,0.5603990875395377,-0.04696453336260589;0.2147140115325757,1.0633068609866028,0.568080220273435,-0.7082954205845724,-0.6087683328812051,-1.606864253049933,-1.5447652974768737,0.6841371720970574,-2.7859794033722003,0.1034354642706562,0.08115864380174145,0.864560726012424,0.07186989598697957,1.2042961050351346,0.6633133180198828,-2.9664608321022987,-1.8359835146344048,0.8680309541370567,-0.04695547112447403,-1.030563116265902,0.31830850224848567,-0.9717381802643601,-0.4187201129599797,-1.4350471141570438,-0.7557367314785626,0.7310302908357581,-0.42973507682171563,0.12777723031475638,0.8809049373506493,1.9262955621795248,0.8975721620066963,0.9318183320559348,0.5497697046439934,-0.47279149292305167,-0.5775460347046582,-0.8292796739147699,1.8543120066750158,1.1521832574794963,-0.38809633230503976,-1.536080616012331,-1.1823313118519572,1.7234972880674353,0.11705991028743526,-0.4855605503345994,0.054792530003638706,1.2392585110359824,-2.5833561805590612,0.8776364458314557,-0.06585066174959114,-0.09298159828722373,-1.4126905612863534,1.4388662545948798,-2.355075294024773,1.1615543857363313,1.069092599879958,1.9999970307219181,0.17577638719798905,-0.8545288445076709,-0.45937311264572117,0.10536792556927924,-1.0741642325777323,1.7505539824185512,0.4200782605784138,-1.441702146147905,-1.7553074741332337,2.793573370325367,-0.9681554661600442,1.1673004966063405,2.571013180547896,-1.8397499614489456,0.5600428108784384,2.13402051111686,-0.7493528317872002,-1.4092675352011501,-2.291194906769996,-1.2204343079549114,-2.3229066595341097,-0.8273192156187333,-0.04217628947926219,-0.7641420585016244,1.2373378016374992,-2.296122903249619,2.0319663846850444,2.0728600612756485,-0.9170806646724073,0.6587864171832016,1.1841914511463703,-1.2025376492307456,1.9990231762177588,-0.14915104545654567,-0.2868551770447405,-0.3059918511339558,0.2383190613154685,-0.4228130858235515,-0.5689377487470423,-1.1167898532461726,0.3261469306724867,-0.0240602416017468,-0.7829152652523552,1.2253522828667183,-1.2686495080650684,2.5127350803342217,0.7906767677301514,0.42935496723786304,-1.2533540291570608,-1.994238001707201,0.8468437866752897,-0.061600009989092895,2.19447225448998,0.2721770011130264,-0.7812053823035254,0.29328316383627956,-0.7883757758792971,0.1911328940227233,-1.0068632577549552,1.1467372926940356,0.6219278761681409,-0.7422230770842844,-3.0520649188112525,1.6709744226783616,-1.7416801304053608,-1.511312614401817,0.3057782553066374,1.7202514888982847,0.00671765877758379,0.2982161161135359,0.18350681809950545,-0.2367754955188885,0.7411615010455275,-1.0979395955248927,0.8866980358488485,-0.8332693004329428,-1.8522983394669774,1.3474118004486724,0.12558267913009658,-0.7643721666266569,0.34952793369664087,-0.5826303068460972,-0.15303922512104898,-0.3811522463934655,2.3934221666045086,0.8408272242250017,-0.21557174662105782,0.9233228886407017,1.0192301772671801,0.5702350027439002,-1.4391270496573225,-2.3553892917402903,-2.306169673837876,-1.3289242610150211,-1.6342527365146546,0.8870642183118438,-1.1231960294026482,0.21962279899850384,-0.11187885291008458,-0.4047966097549769,-1.3563766883112418,-2.2939003965201312,-1.3677794691854364,0.17805012835708856;-0.680739948291857,1.4984968769217313,2.003274086461635,0.5767562908648757,0.2513896345298741,1.9075624356872216,0.46215779336187673,0.9876485002045903,-1.3609617227275088,-1.3898561785011656"
19,-0.10968772586717257,"-0.29708151312349323,-0.42998682981411307,0.7138185559002614,0.49536964194117916,-1.0237083346587106,0.21851743389476108,3.0215483248248036,1.055248066184933,-1.5563287768113563,-0.6593410469738346,-1.2682657225838112,-1.7895109342035982,-0.4253453766454813,-1.572611739140232,-1.9835172711114928,0.7253981174099718,-1.2019387772910715,2.2565912940606974,-1.2845886229958285,-2.03965299194873,1.8211454653242036,0.014692985110640377,-0.8099660199738321,0.7922641163350557,-0.8947299750916194,-0.846166541223746,-1.659371582574315,-0.8070014179374784,-1.0921755842797614,-0.7079275295045088,-0.6757284212956399,2.8451317469735953,-3.3029141959781074,-0.7967926195581305,0.8502248844389301,-1.0530561321983016,-1.3931469026184575,-2.2439719046578657,-2.3085856443826733,0.9271077359537583,1.8725090271934919,0.48585300554725686,2.003204124235447,-0.0729481755474044,-0.8578578958584552,-0.12738388040849802,1.1635786547171771,1.5007842482809672,-0.10844652609478533,-1.2609485141814734,1.2307963966940478,-1.7924550035329763,-1.7206880756163425,0.46532100126694853,0.701057178576531,0.7202018432074987,-0.19449539290115792,1.3617158882010458,1.5391716411029897,0.12875638689954427,-0.29168037947976116,1.211403424159499,-0.40764367352343633,-0.9022019636117802,-0.16144552169307075,0.6717024242945125,-0.6574996160823035,-0.09773184698689685,-0.995315816932463,-0.12362400272006713,-0.46691271193289985,2.8648072566394838,-0.32947395159649023,1.1511449387310726,-2.217969198078056,-0.08362717045155775,1.3208046943096479,-0.44706840935641834,0.44148339226697936,-3.254110601206497,0.3211837475946667,1.3162641154829604,3.6188117772032022,0.16150469205143791,-0.8848976017416168,-0.6857618358187572,1.3950389919571171,0.5595834873075007,-1.0102033606326413,0.9502232755494944,-0.1771625791151749,0.5663847693011624,-1.6900962232494312,-0.2748519563574038,0.5267096994591096,-2.110842849092592,1.403514118630548,-0.09170906150775343,-0.039163173439744126,0.22783299628465414,-0.7552260682686063,-0.031273834448565574,-0.6287687220790932,-1.6972606779325643,-0.4156458263317984,1.0420389518969744,2.7222196391235824,-0.642695041084582,0.00558581302100164,0.4913143429517446,-2.2605040675076253,-0.421377077984667,-1.4945755591773455,0.7947921899817004,-1.165286670231346,-0.7949964987338773,-0.052421474955255454,-2.1816290502271505,1.200739905173852,-0.47686655608692313,1.516584731819905,-1.184211056309938,-0.28752232487974505,-1.2920009659843512,1.4159485139458192,2.624588430844201,0.29234856879933757,-1.1903914536880902,1.1329741656672514,-0.2947961951019476,-1.5979876855095234,0.959844736788382,-2.408782763143553,1.9303878368729106,-2.6233472024927473,1.0530841613483353,0.26748761568244867,-0.8530290114652062,-0.2086110371419307,-2.1107844253840224,0.7403761724978981,2.2748281359206985,-2.3683205836068177,1.1167798515054714,0.4504096117681124,1.2594789157135615,-0.9465730201959304,-1.6115280675525252,0.08559916450310659,-0.08315504597694806,0.6759698480567224,0.02324611459151446,-1.4781170543414688,0.1519944581901451,-0.2627496047380912,-0.3217953954345709,1.6059716834021893,-0.06545006522421924,-1.0822317838460223,-0.5347251190533854,1.459801064422015,1.106317566887904,3.0997252593965805,-1.3194588939619059,1.1228761983355846,0.6553396031089235,0.38512872723710745,2.8574183771977415,0.5899699678573479,-3.170715991944319,-1.065405300716397,-2.083796544087828,1.7334596230086936,0.9300275164309153,0.4584550228897202,0.46623837636544957,-1.2343094106463066,1.7666062112028873,-0.502165983565184,0.19955612664531663,0.04569996336319704,-1.5113971293218402,0.7775424040135243,1.3241861336033276,1.676526370267959,0.708583144254487,1.7534496988450436,0.7092126972119779,0.9079422714969319,-1.856653463012404,1.6828617734514344,0.32760928341922246,0.676652445001752,-1.6670846113646962,0.4850599199516916,-1.1234690576847592,0.24925984548028762,-1.3837455236643614,0.24735396771855545,-2.3313518344202158,0.3309308148098284,-0.20500600998038665,3.0474375477850444,-0.4280844921739999,-0.554499739581496,-1.5553840888864041,0.8666643416261841,1.697903935643988,0.1786703548594648,3.9432822764574222,1.3012721085554437,2.3224330718715454,-0.2972982070871295,0.9357758037783697,-0.19609093480499168,-0.06274357389242449,-1.2393718676016197,0.8798955811500855,1.4924930911905248,-1.0252793671466223,3.055511663511137,-1.2145936126638217,-0.37331111158766134,-0.4929830561244486,-0.17143248252734875,1.129102105522902,-0.6457688753526444,-0.16776195063989247,-1.7666721220235344,0.11103660939132243,-0.9555199685212391,0.5463742926467811,-1.5263362533285487,-0.8759121798789453,2.550801041152717,2.8871741365612866,-2.9399723344698994,-1.1327678026480275,-0.3325071997410781,2.1988865999773943,-0.3635749062135878,1.5494067512754237,0.24752195764144652,2.249910810182512,-2.5201682144192907,-1.3280283461076323,0.4342091098311489,-1.362812478250461,2.5454151027444643,1.946827442837872,-0.6299537020636709,0.5221019159984319,2.2721516211708255,-0.5455423785702708,-1.0928992792624765,1.5774229726056836,-0.32856347676247377,0.5970278844428258,-1.8536517515415438,0.39758348667362026,0.031810894218954666,0.18785230571388747,-3.944949065548776,-0.8680373492825422,-0.26383039371300676,-1.4589189914648497,0.924218880982387,0.3326604187709251,-1.813102591627138,0.21216468890793977,2.300575441238332,-2.532224017552292,1.5826175506982392,-0.8545655381532276,-1.5232050899778062,0.634692290275473,-0.6511680975778142,0.536468206289314,-0.6306518567785966,-0.10440177866754374,-0.7085656008097831,0.41510850078601347,1.905883725103069,-2.3616109444062774,2.6536504298493866,-0.4695081638436934,-0.227274372702917,0.8348416215275121,1.332500993942632,0.9078912403602445,-0.8710606754168339,0.27340795946218766,-0.5778953412625091,-0.45276045490162276,-1.7286419376232172,-1.1906276451582967,1.411453153487202,0.03952592359506879,0.3834791931706554,1.2637000026978773,-2.551303750238995,0.23125777006375242,2.0028220732487645,0.7864997661106509,-1.2112224609422446,0.7717229844811819,0.779661765153717,0.9430301492284128,1.3503657269534985,-0.95205070757557,-0.09600953850635657,1.1642381705758216,0.19167890562768597,1.3045259294310136,1.2607641466089716,-0.18425621873905557,1.1217471101652323,-0.6119824249669353,0.3871402006231104,0.45291841111456477,-0.42311805312299783,0.5122539913328717,-1.526050801854729,1.887426269164755,-1.2173956450809489,-1.4953239921466948,0.056641330959436686,0.7489655503157808,0.6488114697601253,0.6113959171783723,1.1742967685048433,0.04336803497424402,0.528676554164368,-1.863228045720332,1.2861872430015624,0.040574889527985825,0.8140025230767562,-0.23758434326434347,0.2911828940383034,-0.7481677204521564,-1.8808862268626914,-0.4142933187578071,-0.1776825265108517,-1.0950457755660632,-0.9629179034772852,-0.9644132861307464,-1.022010876496989,-3.907696558705005,-1.5467344931732578,-0.7745085472335923,1.155641654576492,1.197037293733385,1.8767687013641392,-0.9604175230956973,0.4306528418090135,-0.7187392428775208,-1.8070860732024077,1.0828961907886618,1.09274382408868,-1.247831861059396,0.8264459245908647,1.7524027862500593,1.226087081801744,0.8659286114481488,0.6492580144062055,-0.5995397268041702,0.15156936431433915,0.745849800444762,-0.05691678620881399,-2.2173618409653004,0.434931616764594,0.03751759907348978,0.9375323466174197,-0.17225145535756858,3.885229430334021,0.7077769310306803,2.33399714763213,0.7452278651717977,1.1179419186822286,0.016681764291822,-1.0126055783569232,-0.5508216387439347,-2.5195246723853058,-0.06794012026850008,-0.9654940555045303,0.2475908128688042,-0.09755609392377448,3.258489185785344,0.8795041378964096,-1.638531622173534,1.112332139941618,1.225683552305539,-0.44395559019433783,1.1674733917421742,0.6591501353551896,-0.11250255111594099,-0.9028544230504082,-0.3722190599030557,-0.2271390879952277,0.5707276953239707,0.2667025377154091,-0.5654033516536376,-0.5027667568765655,-0.10331044133257306,-1.7627080839244884,0.44224062902614797,-2.0099829912932026,0.5340386241282415,0.6300545072215169,-1.1542139914005962,-1.1620729045124736,0.10822537681531491,-1.178868790615757,-0.3466805822294062,0.6186496884291335,-1.1422899329487677,1.8338377580410887,0.3210068889691231,2.2692173276716443,-0.8853464004472689,2.616316676380461,3.4608505956745206,0.03952314432659387,0.7543760798156292,0.4184076063825568,0.3903591267097447,-1.8626136325811977,1.5140805229479073,-0.06757642534307529,-1.2105827488884555,-2.506740892118801,-0.05141587950189297,-0.059301398233746805,3.644793439478221,2.0608505897937106,0.506705548082409,1.9549070078642872,-1.052965143939833,-1.434945966414751,-1.5521163745578679,-1.6251682427764829,1.4401226589224412,-2.8459428418915658,0.5221288605237058,-2.4484852666679373,3.2108198596652233,0.8622369090303603,-1.1465043446942398,-0.8832890372056741,-1.5004827477829086,-0.8713382831002967,-0.7152233241281024,-2.149410910704198,-1.5642517063089805,-0.6131700407494867,-1.8964238867957772,-0.07067711052858183,-1.439904035486034,-1.67652467329938,-2.214579611952238,3.0972281668354578,0.22088147615290343,-0.1166877425167363,0.30510712377455906,0.7098470286734055,1.2379068209113253,-0.2059815822294565,-0.005488638172226223,0.9773358842163867,-0.43150999100652354,-0.6218580075721204,-4.6277817821095235,-2.652520386995098,3.7559937207403618,2.44302310501434,1.3063089002342896,1.6234777986201367,1.4761407319402973,0.7342210714439851,-0.010665790737770464,-1.1648885184814586,-1.5867376431277433,-0.543601768481641,-0.3096244969677139,-1.1617240744457493,-0.5400437408425295,-1.6664828470592274,-0.028719345473370433,2.848962890942592,1.0395519668359805,1.0351045401348373,0.6948534532419421,0.011934181211468827,-1.0676783434879984,1.1026388309404394,0.7632419781503326,-0.008005897128743555,-1.0477152802811838,-0.811636649646078,-1.4772965629512793,1.3963888948532204,2.0572325614116687,-1.3397572198341428,2.1723853611638217,-0.5924586331346436,1.9984154160254866,-2.1766467081624286,0.3276852109213758,-2.0704012274062813,-2.5738488082609075,-0.226955660757988,1.1564018902985185,2.7522061905657464,-1.043927332654945,-1.4894430416322655,-0.3654148751904696,0.13683483892005086,-2.379724593823615,-0.7594919307815488,0.19880238808012873,-0.9173325762957067,2.4374941237936887,-0.6859479476575004,1.2365938558058431,-1.8708744055388413,-0.8697818630158414,-2.9094523286548735,0.447684638789561,0.14044937968214904,0.2474151030886958,0.7142090342816411,-2.148474436856288,0.7212705241816395,-2.3413180765104706,-2.5955045842735784,0.7306285595236324,-2.0106128724079038,-0.7517835660243055,1.461933894303663,0.7449493242219893,0.2862614520249541,0.31254498965072,0.2404547973027626,1.3420422142578823,-1.9525417748506273,-0.7810878533443206,0.4337280096688155,-1.4866422450100027,-0.31855306965135205,0.5059787330514375,1.9444954341315095,1.236940482817747,1.37916161925747,0.5623568847976724,0.4433161624697708,0.9246591911611123,-0.43889983029353136,-0.3283997430917805,1.315626770170732,1.3088187359664538,-0.09924793721580774,0.5241266693626863,-0.2110633301269823,0.35505401133612347,2.372626962663073,0.0973163095324957,-1.6944540141993285,-1.7202800150823814,-0.7377215547737398,-0.3650453661469101,2.3470705421117968,2.9617625140808443,-0.3709772992882754,-0.8958137699068036,-0.7373756541581362,-2.0523059053675152,-0.08938578273631317,-0.35132845736983465,-2.0853909602820857,1.982855560502633,0.6418186486352463,0.33186963197365715,-0.18399435592578017,3.3975087099143506,-1.5328970172464793,0.6606289905338386,-1.4167474049484814,-1.3668582431479026,2.2218586767334583,0.07117073127887352,-0.25101470071726417,-2.2812008808025848,0.2678537955706059,-0.16513848858691393,1.6733068084527687,-1.6355901583522152,1.0799872608950138,-1.087237230443381,0.04632089418217224,-0.09753114316956768,1.2590550676771426,-0.8898030789368445,0.5121157613345079,1.7298858381529592,-0.035573780351906004,0.3650293589872798,-1.0842136344872286,-2.1856745071736925,-2.2027000402380064,0.956407631708493,0.4077864227312236,-0.030415943442905775,0.689697180776041,-2.231952648880945,3.0627321866671564,-0.975486870203591,-0.73969067885335,2.1264980688198247,0.19837021797624518,0.5072817571025865,-1.185605869351828,1.3808031207180567,1.8799249735676706,-0.30746403496121877,1.976888200361942,0.33225993072949817,-1.3104111473183457,-0.9504174252846718,-0.9723746513102037,2.0056362256377023,-0.9864671068223624,-0.007909773188546576,-1.9715750660839426,-1.0454618571504737,-0.9689956020206346,-3.1213401260995624,-0.12168722742721855,0.26813734170562353,-0.9949974813145311,-2.6210279890959782,0.28585912642265043,2.1123315958966686,0.5081986912024505,-1.4235086745634355,0.2024112567266223,0.47788522835612013,-3.625125523632332,-0.6238467826380002,-0.0030517818607601332,0.5705782621499773,2.922611478410042,0.6153777549438848,-0.592206760709444,-1.2110120389990962,2.8919358419572356,-0.029927124066461808,1.0339212754353957,0.48011023870212577,-0.1241544398311158,-0.2814902371590628,-1.310935718129463,-0.7968048478119112,1.1840685923873986,0.1060918389897405,-0.2044247598706323,-1.5731560523403805,0.3451773290066001,1.8792409536311088,-3.673179783014379,1.3415426554515162,1.9958194338354955,-1.9683824625568582,-0.5080569916410953,-0.6338238341196735,-1.728540082570123,-0.08081153955452214,0.4940735777686663,0.9429283119896414,0.9096444974896332,2.4723673048084174,0.13816794846672287,0.26369272064716304,-1.802954322979653,2.741060895733435,0.310312987660273,-0.15872569343293585,0.5745151195777148,0.3877009498366578,0.4925435008051601,1.1443201551100217,-0.653915406935546,0.02526748396259293,-1.4477588121317477,-1.9971275247921338,0.19368867178037324,-0.6281712572599549,0.2602068205441569,-1.289216893150849,1.9070295794942747,-1.0646515282775821,-0.9846263024821948,0.238927452401259,-0.6757251515731559,-1.0590730124141454,-1.2634660424105937,-0.2769691164749751,-0.8738345803987692,2.540394166468108,-3.7667761488295195,1.5324646494697562,1.2801406223282152,1.3199506755750567,-1.2347253729513543,0.35650919999222613,-1.2977505685599724,0.8387998356906775,-0.20802165226201036,0.4730984452774416,-0.22224270480559163,0.4228666989570634,-1.3599064735680755,-1.391909551205317,-0.45011244347582063,0.5805461084249735,-0.3619795939137666,-0.16077853636730718,0.11847921804967534,-0.524502144885211,-1.8666777993266974,0.23846961538293832,1.3136766591741411,-1.1599007144786768,0.17788328329080344,0.09131152037670068,2.1160445269871477,0.04504408314621933,0.309028192576035,0.9607166242551217,0.25566216456004387,3.5870741662873558,1.1975518800209544,-1.8343582716354827,-1.1653485992882395,-0.57419059042684,0.3282686486982559,-1.5558107232156915,-0.07532949019801106,-0.6029555775673305,1.809094716348671,-1.2628357518278428,-2.2241289680675917,-2.085765805214346,-0.6666948966235295,2.851851401929439,0.47037979012960285,3.4422278623948137,-0.7991277340901217,1.2444709037774913,-1.5049640739884622,2.0045500149527937,-2.7705199206018216,-0.11744585429629456,3.1863871742223484,0.7764346140099763,0.38739393675282296,-0.8275006115964247,-1.086824171928292,0.953846936729722,-0.6247293706095307,1.5127108956786721,1.3120113109806173,-0.8624201959292901,0.6877100354169561,2.2564971734305326,-0.5982366919191651,-1.504532675480744,0.4682004229517346,0.3780409328787472,0.3157411773469829,-0.15785204487701443,1.5024572048045592,-2.4506640617547566,1.5920671471116208,1.6643483755587332,-0.5629561576505393,1.1182901442142146,1.045565799809539,0.08508320001986486,0.2112265480534298,-2.215820407965355,0.7147026250391892,0.3808479177215552,-0.6081179353750108,-2.3060274236057943,-2.2988314892640203,0.34631730321125825,1.4685571776167452,0.3101469584171558,2.810628369600039,1.055247265933053,0.3527852966333934,-1.5384789947154225,-0.219317193850051,0.33049981660112654,0.6504923359445608,-0.23989206496242124,-0.36560094557801603,-0.45235589475723353,0.3264461439727744,-1.1334450124629576,1.6775110150354307,-1.2419655667059657,3.041148318548969,0.7425277338818888,0.3565298453005358,-1.8142077166637003,0.5644669876261201,-0.019162063333274304,0.6718281707323137,1.4510470851610762,-1.0876255753070874,1.9120034344131709,1.8222528867538206,0.9731638041657126,0.9150694895571131,-0.5037551135162587,0.9808784072945745,-1.3521678709744696,-0.45906139690514847,0.1509876327929934,0.9790226554626957,-0.1769722534982529,-3.6813778603703917,-1.319365887390052,-0.3633168559159631,-1.4367925680141946,0.537344741252888,-0.39052165808046235,0.10971916560741815,-1.2558744899639813,1.1131682408745645,-0.15753492816026093,-1.0250807378772457,0.2806967677311957,0.5301779266692006,-0.14940252773399626,0.5520169210711745,3.2271952115533233,0.9769317283136808,-0.14509057006918757,0.38396167474591014,-1.089859474920678,-1.106154913576973,2.20521888556414,3.0879619661885687,0.009053100538386483,-1.2907202762540833,0.7781955280050803,0.17210821252946282,-0.007347888398637981,2.1070786139771083,-1.6191758043288254,0.15029637855169076,1.750637656329061,-1.3798659715214976,-1.5224394122965075,-0.06973003358343156,1.1447592512167484,-0.1806916857594809,1.659629692664384,0.27070098570622125,0.5151124824456288,-1.15250489168775,-0.8225027827827971,0.3167267078989551,1.145729102603543,0.009082054013147878,0.6586470073582079,0.3696330777145637,1.1353747857864465,2.177323048839123,-1.0720014517424434,-0.658525354053748,0.8103806359690982,1.6690667653467979,0.5746210715390789,1.4747896687886963,0.5766560828459728,2.4379502574141734,2.4058868215018676,0.9653670694337466,-0.08554519955062001,2.1316126753548508,1.1564381236126928,1.8624694914445237,2.3737296765203726,0.737019618590886,0.08313608685295318,1.180746264055537,-1.5652622747131413,0.26037943684799464,-0.262661136267604,-1.5515244507076473,1.491511441460596,0.49524603575062826,-0.38946452690076055,-2.0384337430105086,1.2805904795790115,1.7961424628945535,0.23383260746132573,-0.189721053995842,-0.6802212896741794,0.6565741056390779,2.1273669856614306,0.40385387734702244,-0.29132182215196145,0.8835177042737293,0.7910394578547294,0.03681453440785021,1.0693838619165132,1.0282910603067976,-1.4728058636650045,0.5225299901180402,-0.7348004311647435,1.9159961515730655,-0.9452938980003078,0.20495297130748755,-0.5275247186063052,1.180438455138841,-0.16912538051391843,-0.6456048922931209,2.2110745198730988,-0.15754566493606537,-2.93210616739381,0.04045057952405567,0.6719661035846209,-1.8637335707424656,1.061285293705458,-0.5638221225993434,-1.2604944049764784,-2.559041418679513,3.2934629472757786,1.1995086986425245,0.524411120052552,2.105901238168092,-2.110531715585994,-1.9385175607614706,0.15849738979384365,-0.7375485871150814,2.3460797328771057,-0.6938039355835597,-0.2014090993403954,-1.936848188442361,1.5557467914503538,0.4158019877902319,1.9655175594129326,0.3866583402101451,2.198631000160369,-0.09324831899740085,-0.4186721761455085,0.7830394803262507,0.801150709973593,1.6604708559840584,0.9363752467424886,-0.04505714810643133,2.22151772553598,0.08759549257723204,2.366877303236765,0.602940881226939,-2.5354027261096803,0.5559814312755577,1.04764983550909,-0.5747974217411503,-1.2073599905930448,-0.8678368907371924,-1.2049777861634416,-0.38604879156957894,-1.5307720103968174,-1.031508558864094,2.4194697415178155,2.2923260030398187,1.1795264253587185,-0.3328319345283699,-2.2575811013673714,0.692855897477588,-1.698196959316262,3.0755718203067524,1.76197961369429,0.5843711544497322,0.20278649289600548,-0.03150235524285666,-2.914558354494028,0.28396344402682844,0.1715769461635901,-1.257160322916304,0.8384713477705572,0.8247096047928526,2.052122238203491,-0.28987033104681276,1.688834930726415,1.1516480220807492,-0.6792048913853255,1.4524187726727102,-1.2114706145723095,0.7692942861999676,0.5375643681689819,0.48441373210604893,0.6477009173268728,1.0256757563428065,-1.4161176208308008,2.277913704952215,1.085887023247761,2.5864049871283386,-2.3465862826008403,0.7915882661006265,0.24107079128347092,-2.30775522567514,0.9160054570720415,0.7383471995132516,1.6992613146440463,0.183838175637426,0.15245262467494086,-1.902119509836692,1.6933103505820957,0.9721789627725186,0.5278534716376129,-1.413185879969327,0.35518379783104126,2.6192537035034302,-3.0963593763174893,-1.547910997964342,-0.8969173255678754,0.39862489278356283,-0.35490344479290087,-1.9123610479788653,0.6331318711598173,-0.622629610858294,-1.6266433691680635,0.6502218834686708,1.0293988180049845,3.1165821935270763,-1.0001078759825832,0.6893791366588115,-0.5995855032476176,-0.7119281433550626,-0.12401883550384907,0.2301650998527743,-1.2323497776277148,0.8658147371219924,2.5330761520724554,-2.440689469043004,-0.5801046169321373,0.6858004357783356,1.16444275861988,0.29519847386259745,0.18878652752632663,2.1383856098581724,1.7912784173613097,1.8642888371674273,-0.5298616381989076,1.5643360333116036,-4.0263077772711116,0.8949038365960172,-1.17595989692908,-1.9538245922985034,0.9470445848436839,-2.8629158302039523,2.373169915508356,-0.3633403194143795,-0.7235445862152522,1.7655902409392392,1.1804097611943476,1.396757064161542,-1.7586448442495282,0.4897799068966885,0.02256724319614356,-1.3721681509319796,0.28617311124664124,0.8570800286130936,0.28544395974369136,-1.8095141594050308,-0.14243874458301886,-0.7952517062015751,1.7182055071091815,0.0492960175314357,0.38764816153172055,1.353789547752454,-0.0691269038832047,0.23903791830561627,-0.7479425743258804,0.3035347726585644,1.1923467042258236,1.2624846660394469,0.736883474650033,1.7449451674265568,-0.7948630342678104,-0.46656613909488426,-1.790168051839009,0.01687831306694329,-0.4094309224752766,0.05350348740020372,-3.094508515593954,3.5740167959675584,-1.517254825644868,0.10581897932045725,-2.607483084996641,-0.8840254944613171,0.01925481797809825,-0.5395541409764916,2.734989951276469,-0.9332888078649579,-1.0591788414643273,-0.04320810164477398,1.8224183251441446,-0.9722708383795944,-0.48781399822324617,2.4582242490163027,-2.2254150014134297,1.342112360328297,0.7797057354850818,0.5868218462094418,1.4209363938254806,0.7636221459453334,-0.2904651776652711,1.015319845680885,-1.771033641729407,-0.25683784007013366,0.17313417984574309,-0.10455240763044676,-0.6002151233026998,-0.13956224072543277,-2.3645571109052668,0.682663596307204,-0.6120296891400423,-1.1476474991858718,2.1496355138544265,-0.3294104727314402,-2.6696487615520077,1.195932880261286,0.4192729556602103,1.1380947114095785,-0.0890705689694472,-1.4841023268124873,0.2380498850663733,-0.49916059963752124,-0.2576460204780112,-1.7931344707274857,-1.4812659348020416,2.714456757032231,-0.19054578334862382,-2.0407862574617237,-2.956493951361198;-2.2582958362740277,-2.008929334140835,0.7849870934247227,3.015238515860854,0.03197835231119528,1.7476529055615333,1.7677103357461132,-0.18564791056254898,-1.8923563290323644,2.3151358565641855,-0.24679077888528622,-1.7301512571659718,0.5623013808826085,1.996554992387088,0.9909207109994018,0.5551141720895962;-0.42793181817922543,0.49836811485610305,0.4089890278714232,-0.8439751342683288,-1.6842491034977276,-1.724957801304674,-1.7474287223720384,2.2231913316100957,-1.6718856465982217,0.431171930470592,-0.13194711792765554,0.49028483160647435,1.0697351003706386,1.7547662013465393,2.1036940871315095,-3.0202417664377585,-1.2338013838466084,0.6271889283487763,-0.32395034833424086,-0.6885077525864309,0.9682897642673367,-1.298620429727356,-0.4800568777513795,-0.53174653502961,-2.002007602382027,0.4888461207980799,-1.122271865448728,1.2451935162045293,0.741684335448276,1.3108519425420309,0.8955252192412312,1.0128224827032088,0.6329700047959361,-0.2315011682008309,-0.7605798768700378,0.36484681620515924,1.1373733524038474,0.1544816762911657,-0.6265492020137133,-1.1131446168325172,-1.4220027435565346,1.0254018322712326,0.07466619195090712,-0.9031829951989385,-0.083175273456221,0.34384607121383637,-1.8956028128764026,1.0494728931420008,-0.07559778399120716,0.7496470157640139,-1.2495384441256303,1.495568067803036,-3.0521493801523527,0.25686032500348754,0.9924676620225446,2.9198961930831384,-0.961816950597794,-2.082816115186954,-0.8019358558389301,-1.1280565037310428,0.0787077096585147,2.1549048829892126,0.36823053729591004,-1.0447895084401009,-0.651196209377939,2.142750721910105,-0.9491034680715938,1.6524673233111742,2.20184731683562,-1.2919203855947874,0.3683517355431619,2.4708002961846773,-0.6007938116811962,-1.1685515403242235,-0.35794303371845404,-0.8712795471559062,-1.9538544441983223,-1.2311637084874523,-0.49517770318666154,-1.3359055611374304,1.1517901234840227,-2.0062059008110644,1.1994358687681124,1.193774242777303,-1.4144700023498809,1.6932377140677746,1.0498313462646314,-1.516495263855257,1.7886816712665872,-0.024089180307506397,-1.1774961483839,-0.4890550755002414,-0.40370223710891184,-0.5947181762785086,-0.004652161273351663,-0.33886901217091586,2.156822815263593,-0.19773330655374355,-0.07588217554252241,0.4249934761861464,-1.0821564694947012,1.6636444919690336,0.08023529022264947,0.3714251474847834,-1.3975841718443438,-1.6402035374989485,-0.1497385807971758,0.04194105897922138,2.776276363491016,-0.35700306344740057,-0.25193377532941474,1.3830458424947276,-0.5340051729819131,-0.1150660853684369,-0.8335453687670777,2.90485504947842,0.9264656983104081,-1.7106626239660776,-3.5987950112708798,1.5432265031605823,-1.7438506875601305,-2.144246196708595,1.1915869514206798,1.411175811936637,0.35227278105708654,0.8603053183536745,0.752842538835996,-0.17092051488649151,0.24899124189704586,-0.5895487060978019,0.2509592228719913,0.27342292848415545,-0.9203474413825357,1.7763380456316467,-0.6647835530656581,-1.1936382357431592,1.548839487661782,-0.18096741953612971,0.7296679964218168,-0.577946631462503,1.3542198273501624,0.666981520557316,0.20249887963922497,-0.005821080403403511,1.0115617683500155,-0.1265220045414408,-1.6794170825533787,-2.229774272712561,-3.212156942736063,-1.2373691429330274,-1.5850072924353742,0.8222529518026758,-0.5951817307872465,0.48499989706854824,-0.5125356389909245,-0.02802503324255641,-0.17129458103774475,-1.9105168422483088,-1.982250087475848,0.19125633834245842;0.0213683530926147,0.7250621653522071,1.2855860715437242,-0.01710460782618939,-0.5493597040051383,1.5527077143712102,-0.31354503420494756,0.9651727500637344,-1.1394115349271847,-1.096070076104972"
20,-0.11375712878644251,"0.33094743205374666,-0.14986181044922825,1.80761442085273,0.14703858596011354,-0.648143236181028,0.45174721036416,2.158947018888129,0.6909306467755342,-0.951280007164689,0.9195833506093918,-0.4158730282005536,-1.2627290250624934,-0.9659839996918029,-2.04071218217683,-1.5650077012005703,0.9262488635207053,-1.4680831709877582,1.9189783906860571,-1.0596212352657821,-0.6081616268945496,0.4294486233811987,-0.22812932456779206,-1.4307080612824086,-0.5310402556338347,-1.2614411986918483,-0.5479121553509764,-1.7509510597176696,0.4086976072093069,-0.9879019403461968,-1.0965830884707501,-1.2059666799423598,2.1002026130802744,-2.2893130144213303,0.605406307477765,0.32740243267166974,-0.922531716818826,-0.8644965352455771,-3.340681328586422,-1.557854729863978,0.5985065570002828,1.697018042152118,0.023205306844078274,0.8425015161717764,0.30078039164607845,-0.4773502765617258,-0.7636494357935069,0.569123714391037,0.5340888987167494,0.3140069096422003,-1.3393093203704454,1.3307200782551762,-2.7506084396534427,-0.512891805482098,0.4569088470492244,0.778756255655782,-0.15999640123437153,-0.48128489032938593,1.8890208400366402,0.8232880621165174,0.6217926780594721,-0.4188048061786794,1.2640093155580119,-0.16689703942244472,-0.9083771439017527,0.23742446429368824,0.5015043875975187,-0.47274998464535745,-0.1069924284860409,-1.035803134599079,-0.10149933831597935,-1.0555063951535182,1.391772334373941,-0.5894258239847322,1.0558405739620964,-2.820258088470897,1.0315985837168775,0.6687062569761923,-0.6834566247168427,-1.00886547926603,-3.2363095873185457,0.49303996907170455,0.4627080813247305,4.619570686278526,1.199780395954844,-1.3132888246628776,-0.6363705903311364,1.6847186468774005,0.4535872832285722,-1.663056183943127,1.4994241987620356,-0.2169391392647183,0.8220428931943617,-1.5428416643700507,0.04557404426419365,0.049725941584908645,-2.5476775657690154,0.7964967601694215,-0.8190425930149677,0.06502045426318326,1.0483703939040423,-1.7920735722729328,-0.752986927284357,-0.6514206187606493,-3.0190565850881788,0.7149405078099138,1.395293285671798,2.978947868101487,0.33508235509615714,-0.1350265450314172,0.6323564397572939,-0.25483213156274864,-0.2346306144588476,-2.4627591553969808,1.0405493891568,-0.7222000492259268,-0.42850746095277215,0.5899082327890856,-2.45319306918574,0.9159691301299169,0.27623613459448376,0.8160774631331337,-0.7466972878879912,0.3641076151553496,-1.0443484171112327,0.24360965873849216,3.0729509196807916,0.09939759060817091,-0.9603428484459396,0.5507205538352701,0.10825222863957346,-1.5882281361598192,2.138020304610344,-2.84389170577152,1.3089545979084762,-2.290127275322439,1.9810159532689675,0.28048826853217207,-0.7971167553736898,1.251813640777114,-1.9239257991110172,1.3904410049562597,2.0058112925123024,-2.246287591529661,0.6713139130109163,0.2751989944561486,1.3941578179213567,-0.7192498595190427,-1.981087238422277,0.6553959324057574,-0.23763791039351487,0.9094316242182217,0.35491466501370705,-2.0190409960352467,0.5020446881757366,-0.7984076406895374,-1.1128214163003927,0.6076775751459661,0.5252399816466774,-0.773124914640748,-0.20549115392181247,-0.3847290604331381,1.6897576146188915,2.9555808425190047,-1.9004011213323366,0.026532810142267937,0.04525845862258959,1.0923366415123237,2.4968214231470323,0.26405924826832045,-2.5104421988807255,-1.8303388976482418,-0.9351625252142733,0.8333220641756997,0.312288227439825,0.05563961023683217,1.015562567505216,-1.363487987089648,1.6965849317444368,-0.35539912080414227,0.7889754704449026,0.9522334780447593,-1.7121820643694206,1.0444640851566733,2.1429494472836423,1.2255336158738959,1.7117872103618497,1.3146894137360992,1.8005556258476672,0.15888150374467253,-1.90040440439435,2.2889288315652894,1.0497915497483838,1.764882769253052,-1.7086309193891465,2.2436319824364963,-1.2617617698991255,-0.8631823801091086,-2.1290302177501754,-0.6206514896662867,-2.5787441735856245,-0.49370734131411076,-0.5279925126238052,2.072343899574408,-0.7026489327892094,-1.196385423116361,-1.4428497586330837,1.8106319501776509,1.4156056597322988,-0.5334619346889321,3.9537494918946194,0.5279118429832605,2.410815787831885,0.7710646176578959,0.4648196548079746,0.436400815623033,1.0256813891000274,-1.8874112455908014,0.3630217903724464,1.1520668255253335,-0.9796389752008088,2.660302964309313,-0.9154134589291798,0.7409481778308353,-1.1251211128018819,-0.5917459313040678,0.5531013566028419,0.4208638555403892,-0.7501234180920056,-1.200813613781765,0.9491550996021227,-1.6324343962828103,-0.4935799563300415,-0.8743069606378635,-0.21520766417082973,2.113106617820538,2.3778627942927604,-3.532684339623087,-1.5644496607766338,0.1903972891506036,2.3641059630901298,-0.37735715729899477,1.7853950736377044,0.7966428870437616,0.7894409793842176,-2.2517739181475256,-0.6140541519845917,-0.2917689931711625,-1.0992494637132268,3.233048082721724,2.259649927515978,-1.1481785917884748,1.2272037787394046,2.6287701666545495,-0.03922786685184938,-1.5810141488936562,1.8803728774138162,-0.42446988828464666,0.17427976201319842,-2.110409831628335,-0.12810167266399242,-0.44252069126935223,0.06074019881774545,-3.3339608031969936,-1.2359648892388844,-0.5976277775813292,-2.5703412754869235,1.2437330477642428,0.7207455383857785,-2.352196878891382,0.44073828259865594,2.8952667802661276,-2.7851034226809652,1.6242890654805513,-0.7000419505541808,-1.6991085053812147,0.13869443558396546,-0.7011880426740636,-0.12138925495848057,0.3926610810927723,-0.2263603313930075,-1.294317327362824,1.7193970372910186,2.4080183908478983,-1.981174530934675,2.6080439244430975,-0.5507209952136707,1.0547384812706402,1.9529853292201818,1.1046664741446424,-0.05202181997567412,-0.6991568783757249,0.10282155921253852,-0.5017750522741458,-0.6678467840228607,-1.55990529323478,-1.616223077413959,0.8419111565443156,-0.9144352382652922,-0.23514529854399016,2.1090989156825977,-3.0419231264481916,1.0230444620155978,1.4034261673238975,0.36176587686835393,-0.8811663762730819,0.4019626425555835,-0.01051213635159115,0.36822899781437257,1.1976024321335934,-0.8764318128390931,0.5713302039909381,1.0900776022043275,1.2077161772005578,2.1199240046564913,1.5149079512630967,0.1730449444426838,0.5212486511319772,-0.9534805388197761,0.6049595219584178,1.334021902076069,-1.3809660889876088,-0.07426091944609028,-2.594204909676238,2.187516978571337,-1.0955915389050204,-1.0621803646554708,-1.5364620878152897,1.3910562895967669,0.7597914333055479,0.6770923395665807,0.9809158243851722,-1.8529291666948065,0.8812407274971286,-2.2295796666402743,1.222994199886239,-0.1079501733720225,0.7146873326624732,-0.5488642382890405,-0.553464362031872,-0.5155807556377832,-1.8203923011965948,0.22962206750868194,-0.6048344753246863,0.10440945121050182,0.5399140482704907,-0.6816260294824481,-1.135514098170372,-3.170442642247478,-0.8318017661357486,-1.6945003263540888,0.8888150460164552,1.4811236876366745,1.6255461739271624,-0.3734844514035094,1.0502440211825186,-0.4656352889857301,-1.512448588747415,-0.28193842447183787,1.0809099057863236,-1.7462703409974938,0.360970720342298,0.9295534596323343,0.533778449209059,2.065510460280214,0.260404297829137,-0.3487023196584713,-0.1868347036923103,0.1669121192180219,0.36841763688799545,-2.3636299009778936,0.0998272838360447,-0.2008077196584367,1.0788270250218126,0.5234403150265104,3.7484374221344643,0.21515243235824622,2.0884309300368344,0.17848151258446543,2.4068263048219456,-0.4759771638044217,-1.1666666941831054,-0.1645160260166023,-2.5512452576636018,-0.2860478132482113,-0.8864258477032125,0.7400369299710198,-0.7449115828762136,2.853884225308697,1.5395741575345956,-0.5816782885520562,1.113012803263855,0.16630367487691378,-1.331957419275834,0.6169796113991748,0.4372191417239965,-0.23763061715972905,-0.5346576097976594,-0.7033231532206131,-0.9877748595637225,1.6548579142183277,-0.8617943153890291,-0.09916105283104265,-1.0650682905011708,0.3389883337593748,-1.547916856944766,-0.6650831357531579,-1.5121422772076514,0.8256552309508804,0.5314420952454297,-1.1734587808630115,-0.7792056459900123,0.4817532114148009,-0.8429847519993711,-0.0979823849047228,0.80626316267555,-0.7034131332463015,1.9380822208637059,1.5400061190836796,2.964131749937208,-1.1881935830783648,3.2362059261732807,3.0435009190155684,-0.25623280023085904,-0.36953354069784794,-0.08261997938586885,0.7085721122711315,-1.4555658513785055,1.25119706533668,-0.149003607831112,-0.8010220161965916,-0.7866303808391197,-0.9593143385594833,-0.272015682859039,3.0934825904482133,0.2918820653353125,0.9176408242423324,1.1908197885110532,-0.792468075009205,-1.6164924547827502,-0.6929831266826674,-0.5388129000859749,0.7550861110276986,-3.2469600805554664,0.28038447961045954,-2.0357261184792814,3.166177210409559,0.7584010777212841,-1.0884460450857083,-0.5198300575957628,-1.004294073434767,-0.2984459863122188,-0.5876322520650162,-0.6834113212672741,-1.0070911269229479,-0.7616593662691358,-1.7537990316999816,0.8979032126656333,-1.7428760554713802,-1.410603331247581,-1.692814447887436,2.746233071725598,0.4091581012597588,-0.26427296503350084,0.4963911753120711,1.1149812846045752,0.7201943664543944,1.4467062130752193,0.7619106941530542,0.7538077953133441,-0.5190772682932384,0.04065429422114733,-5.047146489230185,-1.747117691371664,3.7925547373636816,2.5917370546885867,1.2243934806425452,1.2356368082376048,0.5359253874242951,1.8058390056727613,0.9630852947418613,-1.3274593329499043,-0.9444884101085262,-0.23054667720815306,-1.6756086474970906,-1.702932338746748,-1.3189702577137838,-0.10474372417499789,0.14446672863281812,2.6252265442609137,0.011502972206646644,0.4856186898395317,0.940862142663455,0.11288877678866135,-0.4380734082708424,0.9751437856258677,0.38717856672889056,0.4075916247606566,-1.3323803214378827,-0.9511137682605902,-1.1255042872053151,0.7439548060163085,1.9613467918172232,-1.111647107358289,1.2477148053205764,0.6345895774970546,1.2745571032945122,-2.0466905689965254,-0.4159928783096515,-2.4685762478783646,-2.317933718088809,0.19061202510668313,1.0397585620945473,1.670809637545929,-0.2515130097826053,-1.6727596989130449,0.10618299558115375,-0.3821854111089544,-2.0622662367478553,-0.4670955191358439,1.356037004912348,-0.8847747574668965,1.7130483500125377,-0.37942421695551287,1.3488766681394435,-0.4514934313390637,-1.4225907574200196,-1.9815261726280542,0.6803983095753378,-0.15210137422898823,0.15531117158713809,1.0624447769127432,-2.146103743289122,2.4601809526477054,-1.9689793687554087,-1.6301268979177586,0.9328667967639058,-2.255786130900653,-0.5886222053284451,0.9954611258144214,0.12475169811162878,1.2154051866908633,-1.207939682140886,0.10338215773446975,0.5015023475845335,-2.4436076242154323,-0.05089736820591817,0.8214226674595501,-0.8241102990284725,0.2420179192909618,0.04228130652188296,1.444217669266484,0.4648284554755633,0.422062301422723,0.8298595726536966,0.0029424758057554623,0.8199229633638214,-0.7946609811136807,0.05213666754843603,1.2276315640991196,1.252340949855912,0.7499280760077752,0.8771080374514574,-0.10280193198908553,-0.5441906889675088,0.48179886736517163,-0.1882407211572576,-1.5664829810412748,-1.403883402461189,-1.0072269423753273,-0.6842140319152956,2.26837843631086,3.1116289492749467,0.5767074467703999,0.14493799178132338,0.050312778868882135,-2.337642938127294,-0.31769422956670657,-0.5241432022251072,-1.973735516999123,2.5352349772752527,-0.24239208402623194,0.37767030526277545,-0.27685000975498064,2.7326206403769797,-1.4510884056506808,1.0463464806401959,-1.8704615827183941,-1.6758074903831424,1.458524323361652,-0.3958065606150746,-1.5346020396308255,-1.6857367328348964,-0.22709086568887166,-0.011827270110323584,1.909115831405302,-0.44280214004380614,0.12384678715033931,-1.2409204434180376,0.5353813143277225,-0.5398761131986761,1.792422298783048,-0.7128834883509122,-0.1137289921697344,1.3307519499783005,0.2963667379629183,1.013012694750765,-0.7865158516685704,-2.084066670601946,-2.0221428412805684,1.1665155078924063,0.5284128749776682,-0.37687922942754937,1.5166030512357602,-2.2588136605338063,2.2239914118169635,-0.5196507732577074,-0.5044109674903958,1.1494720672151222,-0.3790756525465312,1.202526398099677,-0.304217459695312,1.3691684238674435,1.8054964934367443,1.4444879795683652,1.5901155294549603,0.08546725579215023,-2.1833278852195477,0.1669605721992563,-1.0969473213222365,2.7138261910574357,-0.4392495615075124,0.5108560195903973,-2.090120955931061,-0.602794345470095,-1.5462301693552412,-2.623179392393923,0.3908966487394945,0.5825042583504327,-1.2814124725642781,-1.687006585154735,0.13771695573891107,2.218106379048917,-0.4348889706765407,-0.9988573834709636,-0.1485526046721416,1.0788052201954328,-2.9055304707895684,-0.7832473820962979,-0.10098372832382324,0.9507292115554871,2.3128074116903936,1.1427585466233534,0.30526688169344746,-0.9476210306535311,3.3253426876028644,-1.623870286498525,1.6958390149853106,0.20908851980914533,-0.07329917129186292,-0.6952162907703169,-0.38486733753901237,-0.6359679910133358,1.4992577103090663,1.4103468054123813,0.1978625601806388,-1.081765584562123,1.5125569710122888,1.9674660343334467,-3.77725653000427,1.1807568562826511,1.8709195023920309,-2.068861883189976,-0.38201988831897316,-0.6916036680671076,-0.5761601145876867,-0.722834234589337,-0.13183461716774003,0.868975783480334,0.3638993735303817,1.9461668777973102,-0.31970361059859004,0.45032890757691457,-2.5495262149279645,1.8433018944384498,0.29414679981413605,-1.037452839686919,0.21467569434909428,0.7367289545524682,0.4267727753516861,-0.13417811188150197,-0.5382486138453259,1.248316404811204,-1.6442129431641512,-1.4914824410794632,0.058739839851081804,-0.18054542761678385,-0.15659566687968846,-1.8864969343592235,1.3539335162303447,-0.7809649696325653,-0.8914764380830105,0.8255373766281082,-1.2880557917197857,-2.78868351515736,-1.2883430431272906,-0.7338702450667172,-1.5493586799267096,2.013656528640927,-3.714251018554919,1.9712364969247818,1.4133918792920785,0.9942288531826573,-0.8889694810332365,0.15423522634947912,-1.145657176541746,1.2568860356440679,0.46658757055392686,1.093784861518318,-0.21731633156920843,0.09232553008648806,-0.7489835304452832,-1.6520056738869826,-0.7381841756195661,0.898152220131942,-0.8010277869104123,0.8090116023571717,0.14744373079166423,0.22357863264826278,-1.3256412079703463,-0.8682526175725558,0.57588030000204,-0.441333316116315,0.946002993526122,-0.47476551546384227,2.1746424470603487,0.8889538709177691,-0.5769115319449845,1.367426092724811,1.4902543189454065,2.890571796539841,0.37237956671968003,-2.2154464339294124,-2.1787858872273542,0.4098268882049375,1.169413332948967,-2.5343438685624635,-0.5429193458327723,-1.4999505450748254,0.702141354380983,-0.824137674891986,-2.2308067303828305,-2.2826863709517737,-0.43922317199393796,2.382854807465214,0.8402249767546428,3.1893491992711764,-0.266112944158177,1.1220532302127288,-1.597733059033459,0.9601372968139636,-2.0545395079950546,0.2656864446557783,3.181880848656419,1.0122751305867133,0.044245173892721354,0.13058847162621667,-0.5414859399368115,1.1547942900519979,-0.5936845628612515,0.9910138919958745,0.5239464183446405,-1.2925273200373253,0.3631489486771069,2.401621155629548,-0.12118041319788331,-2.2876802329671393,0.17510491899441988,-0.8414276542696238,-0.49280006889710104,-0.6484247660607425,0.7678206750507073,-2.538346325809887,0.8416413375100544,1.5868013380611268,0.6766767731488524,0.8198063205594293,1.4300859409271773,0.7094988621443907,0.3490335821568542,-1.6164749376608172,1.7238737794803891,-0.06818988606912647,-0.7304077389923762,-1.4738858515183226,-1.515402299983076,-0.22289153032830705,1.9317800593251309,0.8416114429957793,1.0867614779855874,0.8447619567059415,0.37302844645697875,-1.7843212901147016,0.9409524384367106,0.5595030068303262,0.9726305065012658,0.3622849313939255,0.3105890946865577,-0.09698696721317611,-0.006360067363740493,-1.7071033855570343,2.8834480689341806,-1.3325328236540108,2.969943577248012,1.2080883431537273,1.4374719212539706,-1.0540904210167288,1.1276252246541907,0.18330358574697514,1.2150595928743617,1.1722627377293238,-0.6654105402233762,2.6929789158550816,2.449458704629747,1.6313396867482743,1.2955222972345115,0.3245582197248688,0.8411011235707623,-1.2724586956836863,-0.3077568364693996,0.4008092821560137,-0.21042819060779466,-0.14460350022109472,-2.3197741891345145,-1.6141111236063757,-1.186265033823081,-0.9734879517565105,1.4319511574444295,-1.199656082333881,0.6473955126512777,-2.7467795007188958,1.4065659653600011,-0.31799770617892287,-1.2271746151064251,-0.9905034924001482,1.135719421854451,-1.3045362196721046,0.9328812454623536,2.928836480809991,0.4773118532376065,-0.44102894312034835,0.427791251011573,-1.348538366211177,-1.0666754869014916,2.4430659797403127,3.0355430212896275,-1.2804875070925013,-1.0811120306585895,0.4749943715052193,0.899650212465704,-1.0830960666169278,1.4883469246422791,-1.405551958358879,0.8654937423493275,1.9523113214769872,-2.3716920981861604,-1.0555307214391223,-0.11400579736571853,1.310919383012466,0.0759789326091185,2.110849660547269,0.3873699737241355,-0.009632677861872663,-0.9636893340553324,0.6000511238292103,0.09827234465637208,2.174403435431567,-0.3978606221932654,0.42414918142198194,-0.19123436976517072,1.2218492887023689,2.454664518212534,-0.2090516131905784,-0.4284304712896777,1.348551559532591,1.5447327890578926,0.35170968739214364,1.0151840095936044,1.2181892670361696,2.14718153791771,2.4966242787040023,-0.5385959162996634,-0.598552419000403,0.6560813806050361,1.695094347361966,2.1650295878668127,3.3299059675524103,0.536152544992152,0.5688363517031285,1.9862935838897995,-2.0963499819026206,1.1237432071515465,-0.6183417641515185,-1.9435410774101256,1.5116026318713993,0.6063637122776812,-0.4229873995548577,-0.9170178611823866,1.427666221367246,1.3252333205107218,0.49882999298294367,0.4616912365795797,-0.2820788410874847,0.44033946571353394,2.24389467527676,0.2683806971626615,0.10982017184249626,1.008648500169828,1.0567293463752017,-0.5630865744782683,1.7612645803755451,0.9217644937491448,-1.1902966738648257,0.3091125515705802,-1.6848000402252956,1.4140523540318901,-2.032704550458341,0.26133939890588265,-0.4808018680224859,0.20195013661344885,0.7221305267362949,-0.8506159857018033,1.384840927592618,-1.2199610905686935,-2.7558960349975896,0.10049855822630066,0.20746327588194163,-0.9982469881317826,0.898682893215139,-0.12874811017841137,-1.4581053023572654,-2.6161439203226746,1.916499059736065,-0.07322994497116364,0.40295152838125703,1.3247589901615586,-1.2937719321663008,-1.4973700701407766,0.45506083382421486,-0.28797508316925735,2.384616372776918,0.23587399038361884,-0.20874471496943642,-1.1880288895797504,0.36115178730643266,-0.10510942173336356,1.1282140354634937,0.6070959293131123,1.1599523518841766,0.4512307789923542,-0.4750574183226118,0.17430380310468652,1.1276401092132253,1.307573029704005,1.1819577390229075,-0.6460548806353916,2.586547654887201,-0.6359936119730731,2.134538305828883,0.6133143001236523,-1.7886984900883385,0.13821398680164676,1.6416027883326025,0.3104891811906847,-1.5520960924712972,0.26524855706806005,-1.267588207777902,-0.17390475183834975,-1.5852957200177247,-0.7262682797437862,1.5106887822364459,1.9770791087215698,0.3914636529570922,-1.1535885912405766,-1.332449915481487,0.7582339393762925,-2.1480231211981726,2.114125911232233,1.5770262137916533,0.4929904201582408,0.628432656856283,-0.7095195671338478,-3.1165091503404256,-0.26127231318623406,0.7188677340394263,-0.8437166673186011,0.30131988501681867,1.6711761051164309,1.9733600539522962,-0.0975802997239984,1.4116515701753318,0.19663947665097387,-0.017554157260152248,0.6564977788612327,-2.126028175188763,0.5998432494510979,0.7028373501442093,1.0152627996638037,0.669247558440115,1.0202441183570778,-0.7542386297958374,2.200917815141306,1.2906064838887654,2.060323129532981,-2.703652125713835,1.9844956217442147,0.047415267902757324,-2.2163316053937883,0.9992899732447558,1.7335540869109616,1.2934491628789473,-0.36542194647139536,0.7021262109821486,-1.0872576611559854,1.6348968124049124,1.7152950357060774,0.9240256305063739,-1.507658102726256,0.5295004409887923,2.695378960372664,-2.7983295705495066,-0.9358631007188223,-0.09769187937613921,0.6878118749937951,-1.2107755794360195,-2.5834220650736,1.0542671534236043,-0.33250737209943115,-1.4124960910094568,1.110895386157168,0.7624905695958397,3.5289891679450345,-0.9081743338212848,2.2215528027541565,-0.11160864429142127,0.005443604430465987,0.1653753520199659,0.4740707225265328,-1.0389821304046916,1.7714396638280028,1.5834129879891674,-0.9616258697928552,-0.20987944283941623,0.989835001331447,1.1013868012263477,-1.2064735110481926,-0.1559728929796501,2.1212927372509967,1.6645427273833981,2.014214250715494,0.37195114384493366,1.9764285113918998,-3.3093954206397327,-0.1433911629698439,-1.1838856494664411,-1.3393927675540762,-0.6639629557778954,-2.390363819682752,1.7899374979562634,-0.3058313331158503,-0.5017824232870723,2.0300637175834617,1.7224796815480463,1.3661774767494503,-1.2256918874601617,1.1047053693402304,-1.578221028167195,-0.8818155959912168,1.6496335253617764,1.3897617058135836,-0.026226535998621126,-0.8748262274654776,-1.0457729345858624,-0.11483127659268524,0.4856416924630053,-1.0047020176839132,1.0163458529255056,1.69651198699772,0.25464312114890547,0.9459551866349332,-0.030155479277137243,-0.08835755206345161,1.4063358397137766,-0.016125605487604444,0.28034138425813215,0.7433249853034569,0.0031276918343736276,-0.497609740804218,-1.7885960736401065,0.12193727279840665,-0.47044719811155744,0.7749142629640595,-3.2795480130384185,3.391735080096216,-1.101447504749962,1.0895969945296762,-1.525515898375242,-1.1222644343591863,0.9638046858479092,0.002175724296261422,2.018780460714668,-1.7409684386122937,-0.4859344517585156,-0.6568670647543116,2.341508859687213,-0.2798123683964138,-1.0413269598315629,2.2392833633641946,-1.3092050337715828,1.7967605778366025,0.43384603340532174,0.4076110027162242,1.637597128200209,0.3460811817160898,-0.22863806501644018,1.2629561277677008,-1.8014633505056228,-0.38320587936465905,0.10241091099623922,-0.9164454519744121,-0.021169018947955476,-0.469396862360131,-1.4262208041264395,1.3696498311034873,-0.6864608885620389,-0.34311051336731946,1.3524255082553338,0.4619487955688403,-1.7780892516663496,0.9628407701308497,0.6459624306311595,1.265135101828524,0.1980086663616073,-0.9718685273142313,-0.7321545733050472,0.21352181266604525,-0.9050459494752292,-1.5131289519432225,-1.2888428502876967,2.5663824557909103,-0.7189804195900493,-1.4085834507011965,-3.2755308635576834;-2.9312298814230378,-2.041207671313691,0.8030268298109466,2.5451694347799747,-0.19595375875089727,1.9088200361706777,1.7269434389649745,-0.03098668203432585,-1.648636213116958,2.3156820135120886,-1.0637356064627108,-1.822733518461229,0.525782733353883,1.726966762281383,-0.9124682529660613,1.050742991873395;0.7809734969755097,1.1140800171800378,0.3026568813917469,-0.3943085019874802,-1.778172691416705,-1.5569881597975395,-1.2223896985178735,1.3601183020525454,-1.943893302103463,0.7667909320209442,0.2689963573467137,1.6276748162381063,1.023185962600763,1.2727563177790735,0.8024215329255602,-2.7425179839175016,-2.0283736036770077,0.08845189113655927,0.3261329829341315,-0.20378038674185395,0.10307436660861269,-1.2348954153690102,-1.3390197953240395,-1.0944291772784025,-1.3745427929365448,1.211898859700693,-1.4130286482864518,-0.10567784582841327,1.3193111011591618,1.7615185028350164,-0.015154042515493238,0.8418583801501951,1.7761457415640156,-0.6328232400981572,-0.6098093061188925,-0.7532182980971935,1.1509638435617724,0.6854782283268226,0.1901955362797043,-0.9010105872275683,-1.0718846317732447,1.3595679958959512,-1.0191866426879022,-1.480169344841467,0.019941806275968532,1.2096449653046013,-2.8167388668700957,0.7761516303166869,0.1846933973354112,0.6908734502349797,-0.8653189970952536,2.721970281938537,-1.9806852434091105,2.1918186063002834,1.0406447876535878,1.7408387786311117,0.27761898928041506,-1.3193267316585229,-0.5449832303320847,0.4946844882614402,-0.9310938029465361,2.082510673320169,0.651456344891077,-1.1055389834297462,-1.4105293796857794,2.546713427386969,-1.6151200050154035,0.7883482716052537,3.1017984941965717,-1.219301027217312,1.69148839141943,2.593001924776246,-0.9863115432449281,-1.0567353646197155,-1.012481158092575,-2.136384019891865,-1.527715890155898,-1.6805996632531321,-0.9904522307244041,-1.3382896151279722,1.3932256543044463,-1.8617196371647,1.941076091933153,1.4754744633129415,-1.8966487163463228,0.7586335133102567,1.3795688145332528,-2.251352005938676,1.9134568080969698,-1.224576354971026,-0.8438402905735342,-0.576165990120521,0.3541495877250851,-0.7470247624237976,0.6489703896159819,-0.7917359050971605,0.1935758683358897,-0.6722193084719338,-0.4938825195461022,-0.21257351157397253,-0.9573597451399332,2.1718782688031872,0.762556555343662,0.09664884557263598,-1.2743404786454653,-1.5274462229999752,0.22286856790770648,0.21897833940856246,2.385282577899339,0.31025470579259384,-0.4917954417264354,0.625236400424561,-0.2511080651443142,0.10263882975071345,-1.3162670460849233,0.8866013483964745,0.042005675215561616,-1.490676581660078,-3.829698059868914,1.1599369285019776,-0.838136423179954,-0.7906484600493099,1.0906613008545423,2.66043601151472,0.9048503673248756,0.9465563486143673,-0.7070397488873882,-0.12619509908819576,0.20245686120794895,-0.7842868707822154,-0.3769077097173371,-0.30230417129524245,-1.2153190577252009,0.633688900631725,-0.7238414434741833,-0.4972359348238042,0.9831408061929156,-0.5768834867353425,-0.11430914936128714,-0.6253790553197162,1.7628938374324226,0.3842803084765385,-0.13872791326039394,0.3628769738551332,1.5166585224762352,-0.04720981831566351,-1.2219654479544388,-1.9901621267795182,-2.4718071292380763,-1.8089131293566516,-1.313807094728793,0.8489535282123116,-1.2200185142902908,0.7049683223500027,-0.6424485255778137,-0.2042562767538645,-0.853428459623444,-1.24426981905293,-2.013137870754725,-0.26128528981604127;-0.07435771955672685,0.7561592652145106,1.7548668327105492,0.20017764985088038,-0.046408359518950004,1.471891097839954,0.4761415587460808,0.24784396884741217,-0.6854973953866871,-0.6215364330793648"
21,-0.11502463544993166,"-0.12367254235387481,0.21769972357636863,1.0490838809900709,0.13566135191282824,-1.4979873799257475,-0.6253595529635968,2.9261248630482757,1.5055837646457575,-1.3928236840412904,1.033004337307256,-0.6972815248471464,-1.675581588143996,0.1613448590457861,-1.8051529580554542,-2.0723748187272344,0.12932349154310946,-1.4140544153117758,2.268849125768743,0.08329107227474908,-0.9807000811482466,1.382050419785021,0.015954862422709826,-0.48422844796193854,-0.13483981363169378,-0.33060387556531173,-0.46091056733405106,-1.5297344677398945,0.9690449731164921,-0.3022913277670537,-0.011788544699734282,-1.1940913203791528,2.3375122209114885,-1.7906246740791518,0.8741995171554797,-0.3522516927174987,-1.1477656373236158,-0.4827091961693224,-2.7774765078523496,-2.4395183964349494,0.6851669802409991,1.464263367835735,-0.28072107303968763,0.2987589686729254,0.31649455091518913,-0.359890363760639,-0.617849686058994,1.1642578298176955,1.8385889873653114,0.7309040161837398,-0.6419480854868896,0.7478220754922729,-1.7780312594842551,-0.8423000720522563,1.506716292697273,0.6809429729198058,1.3334855431376704,-0.2985941540713279,1.1499135668565108,0.5040383915655461,0.20129086433455268,-0.33583975240648456,0.26171877376788133,-1.7246704700623439,-0.5082788013328785,-0.6091108869081507,-0.7503600285203808,-1.2048815450683892,0.4456375397084015,-0.8643976741669116,-0.3663709676746503,-0.5767243820699728,1.6338585618276258,0.298694304877139,1.4422001206709414,-2.264323648368611,-1.0118109389201835,1.2887123748951872,-0.3683514254908807,0.003480002177192368,-2.7645196459746715,0.7859645997298859,1.532476538385315,4.482338091375555,0.8527207103601628,-0.8430319787453147,-0.00856468449603981,0.9125494344361031,1.380548343378015,-1.2318325775612151,1.337533032509526,-0.11079628406922201,0.40341592351238303,-1.5065943394724575,0.18603309271272625,0.24887283287340528,-2.0049276782372605,1.06441195012603,-0.5897003168268231,-0.5186123613987819,0.15974810227556163,-1.5622220557227635,-0.742524201022539,0.08861026861490207,-1.533127268173699,0.3278811348735941,0.9030251192417369,2.3934750816686092,-0.08189164628306717,-0.6854641582541484,0.9120272050735213,-0.6354927209357354,0.26279998535144466,-2.421549823862639,2.088141965019739,-0.8493171399713318,-0.55660920370628,0.40760071196414693,-2.6447760449171014,0.33576506884548607,0.1299755967302605,1.6437501961323666,-0.9715964009429252,0.3523471222832807,-1.8288999276473696,0.8558982112878177,2.1786679449470125,0.5617398398587983,-0.9409659859194528,0.7964467318924892,-0.35453083349233216,-0.8775870285120182,1.7688105792656343,-2.189035907761876,0.613972563936584,-2.5919226285946477,1.3211089590928755,0.0800148921406465,-0.384949238321597,1.1874325173383795,-2.0024630891597672,0.6539368149629651,2.0122674095167867,-3.1247496970919917,0.7850958024515766,1.1867532000116126,0.594902048729351,-1.983466093195798,-1.845059284753158,0.21069663244508907,-0.6340016855795986,0.23508960834414427,0.8730139329669149,-1.9476984600222187,-0.27628146190994235,-0.4260374248603515,-0.9415329733653857,0.9068609515022088,-0.3430370531671102,-0.39301064224058235,-0.7945492494171175,0.9370535950820043,0.380049424636695,2.5944192051543244,-1.2691802060364612,0.34240179263328774,0.5218241794669993,0.5784613091408185,3.125258611240989,0.74639671073069,-1.8003545960534106,-2.013893542081011,-0.1340909859004888,0.9135358108066585,0.0833161898151954,0.26687726442033904,0.5444671058429276,-1.0063015007027343,0.7726098254179572,-1.0750472197503385,1.139647086397688,0.6404023717899151,-1.8446491042534814,1.2999870279028052,1.6749370441198512,1.1684774239011542,1.9465780778684916,1.0514572214039197,0.9606395109909798,0.4239672342696577,-2.300598579154527,0.966716775292672,0.4629656444509227,0.192824194985586,-1.6693195787529356,1.2080844996965734,-0.2760482166662676,-0.6528998791973333,-1.4465832112625205,-0.7815569163202367,-1.9687319709845292,1.31618251837547,-0.08663751980068124,2.747696415742606,-0.6993914634112895,-0.45560904106246514,-0.9653793966825789,1.074041985052438,1.5315058417438696,-0.5778742597784805,3.6629723775512737,-0.1249326853966114,2.698040988592858,0.8943577376897449,0.4232423839540656,-0.2628347106183171,1.3922983192090268,-1.5781916419796402,0.3823879397960522,0.9182628106525683,-1.331107139037354,2.7353135812220812,-1.1474699245970958,0.682843518648389,-1.574353228603207,0.3368912810310457,0.25536738882592286,0.12875569135357393,-0.23734479941368375,-0.978408536816714,0.6254923873873518,-1.3466639624894452,0.6929103965447563,-1.0831984010063491,0.4583972727546597,3.0549343979692822,2.8681218810137796,-3.143371064060052,-1.882992687331802,-0.021273427109918946,1.8274039699067826,0.38907149678550207,2.57360452175415,0.6794736652187449,1.9293566678858058,-3.752670946483682,-0.292412206419131,-0.23235290365248112,-1.5966443676584112,2.103720163257531,2.0504875328437406,-0.329466857109372,1.4931107302523103,2.786754557554129,0.1441780406197664,-0.4944404858060254,0.7532458579881116,0.17037999749093677,0.5211791531663656,-1.8556329407955499,0.4237302652629617,-0.3124716524644487,0.23379515220787672,-3.9640875031586753,-0.3630778201886326,0.025642687507174522,-2.2112100835117987,0.1963263640365811,-0.04635804273618786,-1.9395334320217017,0.5819457679520255,2.1069957731392437,-2.03270110315331,2.279807371653267,-0.7079186514131441,-0.60763149543054,0.13953343097515247,-0.7488811776077385,-0.38451513252651826,0.22953695483393152,-0.24056161130302112,-0.9773063080783184,0.7460536414183611,2.147884217783602,-2.9860225531790063,2.7938201304530668,-1.3739452393910636,0.00842780026883675,1.4972268319540405,0.9447620531711187,-0.18728034188563095,-1.3936619855459622,0.966793423235337,0.36162907740528827,-0.22447500813604532,-1.8334978246925542,-0.8753592089611485,1.640577099906996,0.22953056534528327,0.7702566202218565,0.6346108227110889,-3.4038921647656943,0.935211521889213,1.8201388035116892,0.44854078795441493,-0.0338859634557116,1.3015006454748845,0.10975181761944429,0.29766902223449543,2.240632489691312,-0.2089672048924881,0.057995751293974586,1.1636610389826079,0.27294771983437016,1.7701278202892687,1.9117000067831036,0.1432409928643008,-0.05174465804505121,-0.965970007002173,0.008490646154744486,1.2548181259766618,-0.9916950991254736,-0.16837695752034185,-1.9244957196651842,1.635237984748224,-0.9272078897583429,-1.6366970557611642,-1.2334824159837585,0.9771808636805106,0.7507347862004228,0.5146246771273472,0.04550080550907254,-1.6443359937164792,0.7229409196138634,-1.3351712785136494,2.0901886002264205,0.49850009116887645,1.0536804562065494,-0.7912749253327621,0.324337700555303,-0.4086122373647241,-1.57838496951677,0.9861333854813289,0.5109319325394954,-0.7113965837014634,0.33301033929423984,0.09936832071908919,-1.637168510759664,-2.7322150155322404,-0.7846736985081042,-2.03420486939192,0.2953129766236258,1.313118072768762,1.99959154372319,-0.8998984213485262,0.6700779965261194,-1.2068868623390863,-2.3405049547704806,0.4013163587255417,1.3635218339552522,-0.9123124878900438,0.644367623097973,1.5755570934095708,-0.2865584218077024,2.153747919111775,0.20272001965560146,-0.13940383407765866,-0.4712731298004349,-0.14058770460734943,-0.40103061743998525,-1.2919742140558377,0.3552076550998311,0.12890061174389986,0.6582664865433571,-0.5670052557110143,3.632512727408709,-0.5714010945754493,1.6610124486900832,-0.2909648068760228,1.4011098509509916,-0.09741477250277725,-1.249725752400653,-0.7932294171733543,-1.6058338271812798,0.3019998499009823,-0.293948781387247,0.7298912421820304,-0.043063033644654025,2.3310998343463925,1.4261839132676042,-1.8701608970947894,0.7688720920265164,1.2473174189438627,-1.7318515358484485,0.6018550250903199,0.3336152706014596,-0.5062682858538989,-0.833380458011419,0.7493400148774187,-0.3936026842379608,0.13697090791204602,-0.795638230922672,0.3752489336502851,-0.5751406333548621,0.8889346413317837,-1.554865158300406,0.23842310865544858,-0.8511471844431012,0.6679469697861208,-0.4411627368237906,-0.6865335962595078,-0.2590404042041422,0.3389112684011278,-0.8966111782411387,-0.8541594037984044,0.6961433751891015,-0.6376830320061996,1.4992479908384388,0.798961045126729,2.5441367576282072,-0.7926108241669976,2.8645371220059572,2.865473161763242,-0.543719770203825,0.42429757556838943,0.6280360864525709,1.4899892959445509,-1.843561195754238,1.5959206488132065,-0.09479440164862113,-0.6396650386816745,-1.3921506965902435,-0.8602952899091607,0.35707603956073697,2.8954097247797397,0.5862986304661553,0.4835737992573089,1.4257089384249109,-1.2452536940812435,-1.6913477519643654,-1.2901169295980548,-1.5033864066168514,1.1348941701624793,-3.2463540949648912,0.5921842163909276,-2.1294343124316644,2.0897218269407176,1.235858748192681,-0.5052384787270734,-0.5288427083142377,-1.6148688285172474,0.6285519650066543,0.6447570953805719,-1.6590490685859143,-0.9706717807230041,-1.4787325560875693,-1.366362564653768,1.3517204771467295,-2.1355051259581805,-0.7474093454847447,-0.7972702063759761,2.888859484231786,0.7380662130180236,-0.5997255130599366,1.3893370598930441,1.9717829313496404,-0.05017936070839013,1.1406018440411985,0.31031168188593256,0.7792207388434191,0.189133768504258,0.03984936946700754,-4.71383012612772,-1.7261909113518255,3.5779244872324725,1.8722720824480983,0.43557556410631815,1.174351957658857,0.7776156639994544,0.9046245965121069,1.1768890742484626,-1.0238549572515927,-0.9589554730135683,-0.8653677965862163,-0.7684810065917855,-1.7360626827070877,-0.12685480415655015,-1.1252298506868956,-0.32688005813436316,2.2059995142864026,0.09231208703427007,0.1823079130086638,-0.2554160434604137,-0.01880569719348186,-1.553515944493181,0.08878693165495921,-0.006879082871796283,0.33128665961416387,-1.907709989344913,-0.7720543484479673,-0.5060677740123352,0.8503104167671203,2.0876922362302914,-1.0104137596689198,0.4079843329199707,0.32201494862720503,1.5617432439190102,-2.300691061270803,-1.5528692002568156,-1.963019555995949,-1.3650647883405655,0.636148560308951,0.80370824912266,2.6579103634763364,-1.3086753087904597,-2.113434836292312,0.2753236551371074,-0.14488841908503777,-2.162192743258207,-0.5275316691038366,0.7985858591012084,-1.528535811183577,1.935939935995523,-1.3174002708090256,1.4957558223437788,-1.05162444474467,-0.7839060299720596,-2.0726449209473885,0.26722855494512066,-0.30169109984435266,-0.04721505182901309,1.7339737792637129,-1.9464362747906285,1.2166919862007481,-2.3683248845049025,-2.218656637597624,0.3388272434366971,-0.7433472166798006,-1.5759558165332588,1.8710820813234923,-0.7063590959268662,-0.31127695279192635,-1.82311588042448,0.3741899670030344,1.0041504676729762,-2.695572236147565,-1.1378994690191684,0.683961078013072,-0.8763407525446605,-0.20410277116148262,0.2598114716444166,2.128607305962769,0.7292033152723086,0.3870781113095619,1.4253346297277685,0.7915772664755661,0.28681303564026617,-0.13669383175456762,-0.6648453556320559,-0.5150764775615376,1.427127549259438,0.7154598862578793,0.5148245568493364,-1.1168512778952073,0.1899896872036187,1.7951728255977761,0.034115991939017265,-1.285796697869696,-2.0359661043874198,-1.8414115510672344,-1.340592832174677,1.7742956817315936,2.4294644807651973,-0.11788499532739186,-1.013491281976014,0.08908129417226307,-2.0695812818556516,-0.1779529943884637,-0.25411999024225856,-1.7477567174018132,1.6190908652838267,0.17507622601251244,-0.2529445829113528,0.36061273756716544,3.0486656180314644,0.0835469244817626,0.577545308140901,-2.0042567973061667,-1.7582037663514252,0.7333248261935766,-1.1987740663256945,-1.0833419543266751,-1.4618067448288978,-0.6521162362768687,0.07353421803967658,1.5682981325938186,-0.6635363842766099,0.16471882183223213,-1.6455236017804853,0.36629330412269295,-0.2913338895094256,2.1197636297937295,-1.6038034900883438,-0.547077588284498,2.2279189482877086,0.410965762241996,0.683432602448835,-0.41917634547150884,-2.4639429932211505,-3.200553914826243,0.5753984108804391,0.24640097133583833,-0.5779772264277757,0.4954339570037425,-1.697569172323436,3.2777922432125246,-0.2731012225331426,-1.2282667625691028,1.0321629275612734,-0.611429246322919,0.8328125780974477,-0.1210006879245551,0.7118670316709919,2.504591767064887,0.8665823924234556,2.0583291768613194,0.8565280530448007,-2.603021537909068,-1.3171209184515464,-1.004710097270901,2.0995836688334313,-1.981575320252684,0.3370799298553326,-1.8925266777372514,-0.46192767572572235,-1.3264691366922552,-2.230790568829986,-0.1312980617585418,0.5900672449891127,-1.2637443759411608,-1.6751828971635097,1.3828277354346898,2.8201224122577715,-0.27766996157912505,-0.8026062764380875,0.3002713310257171,0.7493337163420812,-3.280632801832375,-0.9735047366747996,0.9422469051509605,1.0356293779735615,2.358374528627234,0.8778168482598716,0.05366360018280264,-0.5122892692118434,3.411456276422067,-1.0704409211361778,1.5761719685820235,1.7836139387415395,0.7680993033980098,-0.9723847272798936,-1.1221924459580546,-0.6112874658750066,0.9985980647088697,1.4447011796066183,0.15489131308925544,-1.0959291884527176,0.04787065320636519,2.6044701748394745,-2.8581432587467592,0.7624303273064554,0.6686677874850311,-2.7249267600900677,-0.8457622329273287,-1.2418266708867711,-0.7546076093912759,-0.5475138886736565,0.1269014528987648,1.3935486074916474,0.127326867061717,2.4945536286581014,0.006728701283206462,-0.38771249212485726,-2.752088286085505,1.7308332020499373,0.44182567065988176,-0.12415348936520458,1.0844692651221828,-0.062432241963569,0.22688315700194112,1.324889391321252,-0.5052124678980495,1.2569084354758489,-1.1238032337794985,-1.1286698599490192,0.44543474942152134,-0.7171940135396643,-0.6607734710697286,-1.1442158688237587,0.9471873653918548,-0.5756516420552851,0.2432998946777531,0.7579990398242252,-1.1400032765188077,-2.005476176489619,-2.3891231002801345,-0.023032787209535527,-1.5347476282942194,1.5416092673922988,-3.789538609838589,1.9440406505273873,0.7460271916570829,0.48504003930374384,-0.8125584061339328,0.428337637509736,-1.6353238056736044,0.2552690691604673,0.0322856298506668,0.5254490394505353,-0.511368346069931,0.1151806450862708,-0.3302845639428874,-1.2969749355724596,-0.15819951453593784,0.7066382800240387,-0.44441517133854225,-0.2672485268380643,0.0568719307545902,-0.07846108038578356,-1.4067471132619784,-0.11061667582390979,0.6200700471704348,-1.4215830207151077,0.28091089099829114,0.14397017138033633,3.2050475041975908,0.6899474661373295,0.056604854637435635,0.11710570420492405,1.0640948564205903,2.717618603907495,0.3877891558704486,-2.390506168569889,-2.123910705714075,0.41242269551895955,0.6278849654884726,-1.6793751484871136,-0.5072042277004947,-0.9306079898499642,0.5838656717056522,-1.3586693198109767,-1.355951494651244,-1.5709800592061285,-0.27340237350653607,1.5442058072159082,0.0853820634938891,3.152397840603539,-0.7255539270931226,1.4103934189780984,-1.8946179995117964,1.435367151137511,-2.5569978656467716,0.07884066021661344,3.5982368079591964,0.23506833508333813,-0.08801739281915669,-1.9543605358866993,-0.9026911642455285,1.2093189819749444,-0.5223189744214523,1.3422047746710335,1.0777521087537618,-0.45779925936296645,-0.5960710918644873,2.3726401829184853,-0.5891766141653272,-0.9021704999205344,0.007089466380746423,0.15959531140453695,-0.8612070231251322,0.13476914073112556,0.28163766606508844,-2.534276720322946,0.9664477291180487,1.6449335678015282,-0.03277726536354042,0.46693538261675993,2.2326939498980445,-0.49276376879232364,0.6062252388722477,-1.8789305908540908,1.8975497248118094,-0.7963020247269232,-0.6522125905333356,-2.49225452087862,-1.3255508261248483,0.09982584238551462,0.6451968961052573,0.0698647095098579,1.9853749754842362,0.5169609883878632,0.6678902510225921,-1.5931655175627197,-0.37855350118267206,-0.7824249138542256,1.2160944742046393,0.23072004146923986,-0.07447827380556468,-0.7585162746113545,0.01823676447681047,-1.603828438179626,2.581356127882011,-0.7826686959492195,2.9083066897019654,0.08043838678650939,1.3779538319314406,-0.780497521235983,0.9450415531483788,0.46115773555288325,1.111407910138954,1.7493631602960633,-0.23950696765922846,2.767686813204632,1.3775835137750934,1.3451790657581935,0.7486452434027969,0.019951625682587598,1.3605075029109002,-1.1279853597151321,-0.6977427921203077,0.9513559716578294,-0.24353498494017017,-0.6300094376395362,-3.440762618229631,-1.2309574913422603,-0.8873496828809588,-0.9674204177286783,1.041285386683011,-0.7782902411617751,0.49841460083704026,-2.402168929676099,1.0287858873720206,0.3470231900106445,-0.7402235708113158,-0.931539078277694,0.25700415506045415,-1.0068195487536336,0.33189888894284775,3.237685261373505,1.3940030343471888,-0.558288795453477,0.039589754859821,-1.1635252844017387,-0.7953179677547817,2.6334264893497474,2.281171316425155,-1.0903840226599208,-1.7318868075518916,1.091400636996155,0.2410121922123203,-0.7475056279727244,1.6727013263909483,-1.094461805684053,0.2693090621133635,2.2668133644252415,-1.5584678252033213,-0.8374833579000114,-0.5036780644561886,0.6013648846750372,-0.216466088904255,2.2712815130715085,0.7433620756626926,0.12326435099562733,-1.1046611573865208,-0.4816686725891357,0.05972212260571409,2.3685423649751907,-0.39673864209538445,-0.022654905876309528,0.1485704543731573,1.2663703653249805,2.128807045973713,-1.5205080645019513,-1.229653305158529,0.9545074683479305,2.4779797856742034,0.6579420248851816,1.4342652236968543,0.04616072662562204,2.3590704595474845,1.4350034288089335,1.3153624542941735,-0.29996994533449717,1.3733772686012309,0.8884278858669394,0.9588665261343003,2.8522543995805743,0.4066540616779938,-0.9649426080393143,1.245326705764555,-2.172314233128175,0.5366799401537167,-1.602284736245073,-1.200713378238713,1.3817163026462351,0.3827972876209435,0.1441594192911288,-1.3573402865720723,1.8188252758133143,0.6912449906120915,0.6174818626334924,-0.21615567213949088,-0.417691036716907,0.5553625900988555,1.7695608777082543,-1.2845549574909496,0.017873581039080683,1.2684506499182029,0.5212962139659316,-0.6534846515556628,1.680456047984275,1.7228972076080837,-0.5813430075954233,1.2264881053365544,-1.1881168137037892,1.8122383246613665,-0.5450579779501827,-0.20204381502208357,-1.1213290826023168,1.1511171423334414,-0.32517215853098475,-1.203301503513262,1.2571622051993965,-0.5943069206871942,-3.4495969947641987,-0.30659124041355423,-0.06066725247688587,-0.9763473397913383,1.669454647301449,-0.24865401469349702,-1.2188291258269293,-1.984840316689869,1.8458722235110845,1.3458174996150278,0.24709494291437623,2.2418463442280476,-1.5432462406408116,-1.4839244993005742,1.0762743231913245,-0.8789809208624157,2.347153501160456,0.0906839814790632,-0.4160384425901368,-1.7604461398032725,0.8205580869141633,0.18307170086583938,1.7784507303530848,0.8063440528208721,0.8805278818581677,-0.0034675619001292846,-0.5016302730300828,0.7911437944640698,1.8426235985546868,1.3143759598064133,0.5456508941066406,0.06795651920417989,1.5778239780957584,-0.37077584468225916,2.2765019325619407,1.0673182247514397,-2.8227402124780356,0.48423306636733987,1.38828955749537,0.22361678791822343,-0.694219682525661,0.6077277891163966,-2.1381901968750654,-0.9288440262147057,-1.77108347368894,-0.43634364052273655,1.9621193201588516,1.971513754869866,0.6952813306361963,-1.5731332094188073,-1.2059386844164997,1.0864331436353836,-1.965025753415565,2.261937109781399,2.0349064059489814,-0.4206443497719051,0.8409233598860193,0.009264002836988194,-2.1745478194371355,-0.5215564020694201,0.07710253911003984,-1.0354111170717202,0.7681493355368832,2.268566696689718,1.0547350718399364,0.9192083547020036,1.2982954137301692,1.2796129556727776,-1.0177602963002519,0.9328475480969165,-1.6628253624404692,0.33120544016499,0.09865539571511775,0.7249010983080486,-0.4733924073439888,1.1486628701032018,-1.5647179682229546,1.3364410295479838,0.09099569233962068,2.6430919224728697,-2.2001470792534468,1.68251675120143,0.08704525518562714,-1.4640762670797205,0.3827793206444235,0.0800678280302567,1.018166417247193,-0.2337398794206081,0.11695384769455727,-1.4080470051061362,2.079232085012851,0.3672474072531847,1.134119736951178,-2.071011230574843,0.2654496960700069,2.8836142083749845,-3.3079348512015496,-1.8228979200375497,-1.352894474014675,0.39160107298778746,0.0017936293151349925,-2.0538425312040847,0.8556301824769819,-1.4072319191002336,-1.7037341329584441,1.4390488129977064,1.251730124149967,1.5829138348240606,-1.1468487655557715,0.8935421514205066,-0.6119728548021035,-1.3843676373352718,-0.8584668532968756,0.20948869173781517,0.2855678976398228,1.4029958686532216,1.131614339200167,-1.9608032331569771,-0.5161691716200247,0.9205771866987964,0.13693738302896313,-0.11270988702033978,-0.6797488084444269,1.3890664602897909,1.3614417151584535,1.281534779870835,0.7206997728868976,0.7507706291101216,-4.308108072966982,0.8580397158782023,-0.647863549607122,-0.8953248221201598,0.16042117264842345,-1.1196045983491025,1.9630093534263802,-0.9304926117859669,-1.0753379839246093,0.7939445873140317,0.5541151292419929,1.3188010550370535,-2.181368339502749,-0.04000053382644689,0.30726377956150486,-0.7796538161298565,0.9601937577561503,0.5788218441241884,-0.15324075382193747,-1.77781386355628,-0.37556126011904645,-0.21958915966766454,1.3002083596063563,-0.411958803750453,0.7396513081116581,1.1066135565893553,0.2569841192575831,-0.23315539471949387,-0.41777137890264315,-0.17913607679360427,1.688067165626645,1.0535211464467285,-0.5817292549727345,1.3910620938630482,0.7813020261802613,-0.7705326675960384,-2.291301957461731,-1.0574939256581781,0.15660265197883727,0.5849415335234778,-3.207710563821293,2.412767739040021,-1.0352694458584306,0.7836140246513195,-0.7525795275111158,0.15469956881156577,0.36761816578969986,0.6181803800638294,1.3850680437931053,-2.9168005926845426,-0.06493074012118649,1.0187266286357908,1.8579062336121006,0.3644570041846319,-1.7644975300859302,3.1135908034413435,-1.1509712489914359,1.6521887993123747,0.6015173613761,0.5011325085872331,1.844023597099801,0.4039176477375608,-0.020803569589556092,0.6891982949697382,-2.038901240021413,-0.5004202726017857,-0.6849186615872481,0.29587394919465315,0.4168736235289954,-0.6718202573740766,-1.4991557042315593,1.7325658098065082,-0.06339009842798754,-1.1170241983265443,1.5052708591851254,0.889271595925622,-2.5463299648532347,0.3310038123962795,1.4824716581694528,0.7183184346318763,0.6857464863416864,-1.974740046723519,0.2965666938487722,-1.065205042141833,-0.3740597260029459,-0.26632385438727546,-0.11518074304608272,1.5847038673902505,-0.09332782722460109,-2.160571147761239,-3.02588080735002;-2.131398042880774,-0.8397257682735373,1.3847249021785653,3.035478095182625,-0.6116302970149827,2.399983163541391,2.011304512899665,-0.554021419566096,-2.508071728153357,1.3469216407661682,-0.9194595636710509,-2.068433375457579,0.07685057733343596,2.506061010623478,-0.040902551792797115,0.7069979956281556;0.08818450551196236,0.9717054604877109,0.6289014297936136,-0.30938541131054564,-0.6372040479982074,-1.6398214784451344,-1.5795256961081767,0.37636212787327794,-1.6734092209037024,0.951649791477264,0.08513602724162081,0.7427579048012634,0.3864565549726287,2.0905381197135653,1.37137006778927,-2.818937196321868,-1.8613386228781548,2.000746328686211,-0.16407263916057524,-1.2615281425353335,0.6626531038991403,-0.7782780865481255,-1.4726463839328696,-0.9933892249249623,-0.9932455688168341,0.7888572018912064,-0.40972514361078394,0.012031147953601717,0.02407393171569211,1.694863879577479,0.03845110531856488,0.6502661960203743,0.9418587436960874,-0.9033438701421186,-0.964223406193516,-1.0176786785080238,1.0331962332244335,0.6311538524967095,0.2603261654748468,-0.7871246591829861,-0.7610409086155192,2.275221817729913,0.25880139757539233,-0.565226370676343,1.3631790170583966,1.5280649898448853,-1.6541191660545373,0.613956292381483,-0.031018901878163585,-1.0870121890548174,-0.7655875154807099,1.5517409101978035,-2.5589655779044933,0.463671266482392,1.5127319053941901,2.4601353512219086,-0.5926439407408366,-0.5005824920901506,-1.0118914690737886,-0.9854333431400379,-0.2872627687519609,1.9483723132876354,-0.3091710923724226,-1.4692681939173764,-0.7925346413248239,3.0788116124780194,-1.1486718260285769,0.17767094883132162,2.3007963209666946,-1.0461264794804577,-0.4349661898249314,2.8950288224991185,-1.2208617529125014,-0.5723083367391393,-1.1544253597320944,-2.0775796411854635,-2.0076882543428702,-1.241846298693744,0.08286697989513594,-0.9877899535096629,1.0515616361744389,-1.487726748689809,1.249046490485665,2.049009692908175,-1.3625617367048273,0.7179540459417451,2.001869645739625,-1.3276684032144233,2.9565504816593497,-0.6690469329721459,0.30839245120990655,-0.11578258561739549,-0.1794352255508006,-0.13776335496484793,0.911323381958315,-0.9632376380296326,0.579107294700056,-0.9891049069322349,-1.1020252449584478,0.5329021328810193,-0.8964617733579578,2.4510861043479824,0.26943523947474896,1.3199382539778166,-2.078819566527388,-2.047773372776987,0.1805066802536513,0.5521603942022989,3.2035645898910516,-0.05686976173014398,0.025559033872555814,0.9105757467023874,-0.4387003024197908,-0.06217101389223993,-1.2814665929241784,0.5613299426187482,-0.2207860560139325,-1.3545759366091454,-2.340848262837013,0.7890039317341623,-2.336806829717713,-1.2905735780857088,0.8560404603601026,1.8411147580551945,0.0495257329215919,0.9554409904379355,0.7730269351570713,0.13619607204510825,-0.07851042041627104,-0.4680353833579195,0.662369436035058,-1.6503456983664229,-1.1459468114480598,1.6611517822913593,-0.4448164691160389,-1.3430196903569347,1.242393190516399,-1.0471657345729506,-0.3623359789390157,-0.6515990143257356,1.3252459288134824,-0.14754243871924244,0.17087513198546866,0.6860509187140861,1.0672215504105573,1.0683563822042492,-1.557893471932609,-2.1009884644708894,-3.2452496358864273,-1.34038220813493,-1.2942722901043562,0.07293598880786431,-0.6198837680288627,-0.111374591128133,-0.8417477808699428,0.16958993551217358,-1.4190666994718926,-1.6434868342034505,-1.4835957150214936,0.3868183262432118;0.05714095402773253,1.3148047217087002,1.9327518128475154,0.5910853571782457,-0.051595431921413915,1.4067696476108136,0.01533355335056244,0.20165389852015303,-0.9904379226161513,-0.3325655449107432"
22,-0.11582049548124645,"-0.09501532380922814,-0.05198199347150903,0.67314144706769,0.6095254359292976,-0.9904480872423059,-0.49156347637173714,3.267236402698402,1.1125548417347153,-0.17110922045064525,0.38432003431828005,-1.5715677621314255,-0.7425251798005084,-0.022244527109894274,-2.8063679071333194,-2.604945436129165,0.6209359431984993,-1.4278169684595756,2.181836720582458,-0.7584872501801576,-2.0449185948486863,0.7442501981520104,-0.9783950529438423,-1.5630166639641214,0.1972688865772202,-0.5883628220168369,-0.9529907222724856,-1.7693252365619936,-0.230873978932602,-1.0525536108710558,0.29873202958659634,-1.278709933378472,2.6746339544706332,-2.1289551343352198,-0.6408774771216643,0.6917212829857383,-0.5744458120760387,-0.2943790257573085,-2.753575455518805,-2.4493376888043215,-0.056266949335102456,1.9351710218585618,0.26988733387276165,0.4252864697298703,0.4511678721842963,-0.6664275559850541,-0.24949799746335966,1.0635927268867396,1.1313159298842388,0.580026784164449,-0.5047488251242016,0.5400054482973956,-1.599440677832657,-1.7656737153964794,0.9129459302354924,0.18555381821449346,0.48425476324765304,-0.7106804608047789,1.8934606784424766,1.0972835990150216,0.1829646832503303,0.4036236338239665,0.038194386871228114,-0.9687552121324585,-1.5196958366886064,-0.8727495672964419,0.5279153255521529,-0.8474231489801103,0.6242406857792464,-0.2560120520332835,-0.5310221968250874,-0.9764429091195168,2.13676460207925,-0.511665448093091,1.3827566016204234,-2.83035945253279,0.03926452826494471,1.5760587821168333,0.6091998415113953,-0.4960671933765007,-3.75584085882711,-0.47441583585649993,1.041191739332884,4.364599067135812,1.1517116951364483,-0.33334585616547247,-0.22864368762296125,1.2176775890330231,1.3906544270188395,-1.4166690857304451,1.5899473344449206,-0.8641978315762775,1.3706096361447961,-1.0237010567625764,0.8609190005883252,0.694556160360256,-2.077490076754192,1.9241464590163488,-0.19109090109091026,-0.6750232144661208,0.35372072154921835,-0.6515255828898032,-0.9799214874951249,-1.6297257914941885,-2.1834800288294725,-0.028130073639637238,1.3080025709906036,2.4172073064419393,0.5191377165459194,-0.6579960458792244,0.44219933849591564,-0.3839941966692292,-0.022835349182397727,-2.051508594861072,1.9105199547529885,-1.1977902087197996,-0.9059625697735707,0.22220983978919612,-1.674900133148529,1.2333684662827773,0.6457436794171981,1.0364808892671107,-0.8542463513716119,0.28235640450950683,-2.2310396151104275,1.0268332219828682,2.5390333608151665,0.5660961251258724,-0.782007408270489,0.7307876773076936,0.3330517285608037,-1.9410613978886513,1.4558589845249814,-2.11119120578334,1.4027980531195157,-1.7891150257445012,2.050536527770427,-0.11470237400011463,-0.2797832703283016,-0.3867034945182358,-1.424264860890473,1.3751246357948461,1.4193295717683134,-2.417029294650563,1.0301345133204052,0.2700086652180953,0.18863188140074094,-1.522783819855519,-1.946117412667805,0.9801269276445044,-0.3476765843654488,-0.3856079202395106,0.5883726115296904,-2.206233025188892,-0.5036748412058961,-0.41882651164448714,-0.6947661506610696,0.6627716899887769,-0.3107753670457914,-0.7060125502430104,-0.30950241678018725,-0.6245323851021508,0.36135592884281653,3.418246751026446,-1.0735328040740264,0.5897520513608654,1.7304620272779143,0.49416134626782365,2.9910664253596626,0.5268386305171746,-0.9643079784825613,-1.7186324757891114,-0.5651487966465422,1.7190039918295446,1.2025898810823858,-0.07144344805056246,0.9727528313356851,-1.4926528580647127,1.8318233663586594,-0.15720596975513146,1.2359645491288909,1.173703697594926,-1.8972964574753854,-0.03144524231618384,1.3180394050119828,1.8041678471955072,1.8078028422058194,1.53403095646106,1.0389902827073438,0.9209387648264492,-2.1747110059422186,1.5741754425475183,0.8612577304236358,0.9576848546055088,-1.6554165126876357,1.5086189493776399,0.25895090530093356,-0.299420603383097,-1.6313473023554534,-0.12868110938374583,-3.122069968438186,0.22322833775989182,-1.3895146605130768,3.4240374577059307,-1.1547843201604455,-1.1000661118006674,-1.7071083689682431,0.8765336001179651,1.670018712015332,-0.5798145590921802,4.753935789255991,0.7834258028098513,2.0883314286242687,0.08243897829294744,-0.05909907421445304,-0.09940100877485258,0.7280691906726033,-2.1189731488062575,-0.015761474962351474,1.6249041761180143,-0.14537968887700092,2.2867632985897317,-0.9684438575897669,0.018814263170132906,-0.6577241308944757,0.4096282413131972,1.0136048589046138,-0.786839362456768,0.08510523128046277,-1.2278010802369743,0.05605061245848769,-1.64064039800238,-0.27834052994336533,-1.5588395717987762,0.22483177796487938,2.606841577855558,2.8880753164744197,-3.09213457409965,-0.8308705101721747,0.14285076589996057,2.233673050226222,-0.19855945149398646,1.6238131939926028,1.1537071809823432,0.7615799838559748,-2.2762799795760347,-0.8905353947839558,-0.2107582106862687,-0.9807667046613913,2.8398236312307974,2.838413271891392,-0.16534303398397726,1.3275068480562204,3.0653338297344015,0.2556771666040128,-1.003262070788255,1.453761895029167,-0.38781229054336575,0.956047886820461,-1.4155719927368708,0.037071977424828345,-0.4980982369588704,1.1867890632529696,-3.5064816351138086,-0.2562575094923133,0.497029033129349,-1.866257193492324,1.1603814616666828,0.6048134299003929,-1.893877208489713,-0.19463029107535423,3.2866313515700742,-2.4067366775050663,1.896675571054569,-1.4637975548517934,-0.7033700185070666,0.36846979005699265,-0.8297746763513517,-1.2058796590576732,0.4471923730318755,-0.20764448256108256,-1.6805365084154555,0.622774868453994,1.7173493959641029,-2.3685570088038217,2.808331808186542,-1.2728910530906756,-0.30148713196396815,1.5099506362911994,2.0595969131808967,0.31700939528988736,-0.9959156893155161,0.28449383509904663,0.5045447375025659,-1.0437922361360905,-1.3121016688678857,-1.3484808092069607,0.8764136755081643,-0.3195407879748865,0.4491720239041479,1.3529248589795855,-3.6145767836060667,1.162729815858637,2.2184649571422317,0.07383563664205917,-0.7038865467954099,-0.35384706167450963,-0.36849136218886,-0.18557713615761084,1.6246137355475754,-0.8733148198912815,0.14643075171771994,1.179329526361994,1.2805904553484735,1.68575907981872,1.5810350288325778,0.1395796112225895,-0.6466114280162679,-1.2893602174767531,0.6298015723198203,1.593018154397807,-0.4712428965998714,0.10643492832192775,-1.7141607358420277,1.3545964203055636,-0.9344335818747612,-1.4608264200447023,-0.8393246159807872,1.0980417810044403,0.5137480302886821,0.711472295701765,1.146730791349492,-0.7095864016321632,0.29650812288453576,-2.014123508992724,1.6704606492386715,0.47763916791814326,1.070285314063151,-0.7007250669160431,-0.11037571851098774,-0.9283970392544908,-2.099027894252553,0.17946438417499916,-0.02045563532825776,-0.2483696255684424,0.21856760987235802,-0.7309135858929816,-1.6645281055260963,-3.3254548320373987,-1.3847128912614242,-1.0269083813639401,0.6780095526996944,0.6240043857836919,1.3397636573699863,-0.21170742008458449,1.2929723165208835,-0.8764569647157283,-2.1545655474452117,1.0278018699080271,1.1011080230239159,-0.35673440227195774,0.8823749626567551,1.2121551902392462,0.03761375407392786,2.52501151842287,0.13475055125505414,-0.04465387120406206,0.027334580145035453,0.8505678854168428,0.31796371524172584,-1.4709107058710442,0.11842180380455253,-0.06618909782417443,0.8038438792716398,0.2722556367874493,3.6875738708282633,0.20314709761655064,2.498262887849244,0.011586896030806204,1.2894467451225664,-0.5930184850608218,-1.119365006882692,-1.3984089963004749,-2.15799787056219,-0.7772352501169036,-1.2400358981383088,1.3480741331900465,-0.12922998066139116,2.3941378138826632,0.9067608048406787,-0.3889715711599461,0.6497397850080663,1.0890666550622712,-1.4093141630307606,-0.4000852705231699,0.6404779317484508,0.3370083719269765,-1.5359029170960272,-0.3149780163451065,0.020081965200010266,1.8605447073017318,-0.742937344148538,0.25408543823382895,-1.0836459478181726,1.051964936813205,-1.2735403992256136,0.2980417939813828,-1.5684120321393005,0.5281226088976546,-0.28600998997401206,-1.0145670417343684,-1.0270519355295238,-0.040033358700811844,-0.8543093343691865,-1.049515649794802,0.7000036660964862,-1.8967212287366135,1.6936644721935066,0.7539935303058711,3.2992624616887394,-1.1019180852529198,3.82846653726294,1.753869878728163,-0.8754472546792059,0.9834757066481444,0.24376553684296715,0.9313144351507685,-1.33904730261585,1.373206543007755,-0.28772256668344476,-1.1192337452535752,-2.0204922155344356,0.3776563095413526,-0.022196578723568172,2.7184900888405488,0.8108613328764437,0.4990925701478755,2.25526263696118,-1.4980411167754677,-0.8626505591238335,-2.4450943138816155,-1.6574443566534534,1.2641577440263752,-2.6750812100942287,1.2424748248540656,-1.5977941719572963,2.7150159597201893,-0.16646653915919696,-1.6349492374831422,-0.6990982572197068,-2.504359503471677,-0.003156620815218558,-0.05982142162626869,-0.6918065706822578,-1.4251535613846948,-0.5528828165307881,-1.5808795682828334,0.7046371863871936,-2.4196626576296403,-1.0677769988049497,-0.610946672042763,2.22771141068045,-0.13891242548282112,-0.6615361253898236,0.8115166855646023,1.6863840288897007,0.823751071299935,0.5854337106979794,-0.26517987430435624,-0.607568129075596,0.009547974447498109,0.23998110104399173,-4.70342113903609,-2.2853031072087,3.1933029067787553,2.1029618761983357,0.9427383065992802,1.1613419708850135,1.0741718142102195,1.2055916063508956,0.3161007595399765,-1.0534317569374394,-1.1169640442663458,-0.25309461012201906,-1.5314578965129662,-1.728382845261587,-0.32872285050066535,-1.0017316250555621,-0.7531398104541629,2.1090770648766104,0.8940401248785683,0.6751510630500239,1.125680964561803,-0.43974968799019926,-1.388233541097667,0.8695572974179469,0.6817192489752317,-0.12546716290815862,-1.7745158575329674,-0.9868262595898935,-1.0428683582268305,0.23883809628162017,2.4856128354895746,-0.47787899031816267,0.3871359813129718,-0.23431593918328109,1.032277956926655,-1.4643650114262132,0.1377671768821469,-0.7955200878092972,-2.295492995131325,0.3851346013109138,0.8774896931130439,2.35738713332499,-0.005567708659863446,-1.0585736485022075,-0.7062970722339466,0.5110498541217491,-1.9791684852707754,-0.7579200179078179,0.7484248787400092,-0.7143073643484823,1.6116111907018518,0.7448868370175086,1.922659401606715,0.14204742393262637,-1.8016032971821607,-2.111897525274214,0.38986810302230224,-0.4836880007167791,-0.12316912252992651,1.6159081754895641,-2.4546465221120815,2.448088025353576,-2.122238325571463,-1.4959406866836644,0.27919915673862283,-1.817243414228472,-1.3836407661834156,1.8734153386377157,-1.3293442789158623,0.997965546193821,-0.687037666159136,1.2717777842285376,1.5200550768884828,-2.7122167615875368,-0.16665057965432084,0.7185398435467624,-0.24233988614476193,0.9682914173400141,0.06722736017466284,1.7661592648743858,0.9796608018100661,0.5166479852502861,0.1758524408651151,0.29661990890241435,0.6391452813282759,0.08204502228806038,0.24033204317030288,0.9801028089205469,0.6856963533577286,-0.03990979926722746,1.2214455481621442,-0.2643552844387571,-0.7810131978754473,1.4421000654441307,-0.46733871208037864,-2.1943356257578936,-1.7390024024676871,-1.5885874557482045,-1.198847335336587,2.0456071021579953,1.968145129872666,0.16387012584753838,-0.6320851585226464,-0.5353415555906187,-1.8800084174780576,-0.4744575973284868,-1.479339678532954,-1.6254630917367947,1.5044328202534787,-0.428080153141011,0.4143083748341758,-0.21327439176645116,2.649818483870027,-1.3472695987731838,1.0969519312646119,-1.414135219129926,-1.797650463740148,2.2775144081130034,-0.4207535793720327,-0.948301639291764,-2.112313151903719,-0.6727229011780879,-0.015653126104761828,1.0081553572159159,-1.1130678628228765,0.24128992893215562,-1.318063408068999,-0.046889545896412435,-0.9069943228645054,1.175636469183482,-1.8533767361950018,0.1298892222484181,1.9842649196945046,0.7352126359571876,0.9268291389614511,-0.5516758180711657,-1.642212357121232,-1.9189459045419541,0.5400991014231353,0.5608456096094162,-0.1774923513514946,1.470512054247747,-2.839804202756123,3.1361309924706853,-0.9650999663637143,-0.5164497003004473,2.0757788467512697,0.6495409471567763,1.4135137527849362,-0.815762819415388,0.7426291222756801,2.314373330797859,1.8156131309014305,1.1705242156332576,0.5140823836930386,-2.0878281233285576,-0.14784770273629988,-0.49059095961480903,2.0042636122981565,-0.5429470785975236,1.1694023349900884,-1.786284643616151,-0.7291031452044368,-1.679496410060987,-3.206731204347963,0.3077199091397722,0.5096061829051233,-1.9835609025003555,-2.090800534954151,0.27181339541528493,2.2580019868972654,-0.7546076084478761,-0.47291463988922533,-0.34555855398731633,1.18277766168935,-3.0303164556139146,-1.3589564633894855,-0.5276001702380089,0.955539645037951,3.0369738718854578,0.31815507510517305,0.012712453221735975,-1.413645300242861,2.878359445881011,-1.0183772901890633,1.8873275118793926,1.7723832495181147,0.0554533087685446,-0.6853100864366921,-1.02085487036604,-0.7286829806488465,0.08897485224247415,0.6425542954387597,-0.06975133615995179,-0.8366303236738777,0.40512972441148903,1.4056486673294006,-3.125640672625551,0.8234118651730762,1.360900571405365,-2.3913382299630843,-0.48437160571060206,-1.4669774950074812,-0.9204477820316369,-0.7906271510562937,0.6610069266096267,1.384211168964623,0.07332121135513345,1.7748482295581236,0.2717393416851721,-0.3541703844328943,-2.5063325760357227,1.9582746544152971,0.9814413111713229,0.7483088197839805,1.0811843216825485,0.6921107120313358,0.09931330190346221,0.9152343827530632,-1.2043446417382795,0.5369650852857366,-0.5409040264744501,-0.5124287280449459,0.39075677277956855,0.2712856766036057,-1.0459353538136065,-1.5549492583327205,1.226683486542261,-1.274080412149509,-0.41822889874404007,0.6780569977914601,-0.8179113298672237,-1.9032146684894469,-1.1947592667514597,-0.745940823369412,-0.9265396764816207,1.7666502512078615,-3.880290619085717,0.9347466144194314,0.7838130626911062,0.6309060282125867,-1.1226821067301802,0.38003378478492694,-2.1323826954276512,0.9729198674659687,-0.3205274467536455,-0.48021294961124544,-0.5751552743967245,-0.30334628397822433,-1.0382107552879694,-1.406588753629407,-0.10453739087635372,0.4846467324815259,-0.49747522113448095,0.7625859737557039,0.30210285922049235,-0.20903863047579796,-0.9297673934474795,-0.16862449435489185,0.9210409394736268,-0.32917456374134857,0.9336371358802515,0.23607883984001096,1.9131880050465406,-0.0034297613327788357,-0.271002477847383,1.6415754509864509,0.7968560990669544,2.6850726772061697,0.3461628876066708,-3.121707751430431,-1.8858921686239656,0.7172847512022911,1.0232301945413145,-1.5424453868487775,-0.20946942759277898,-1.1505332817184342,0.582641690586426,-1.245580424418319,-1.9311172462674626,-0.8775516595791095,-0.8029683573290045,2.462555169351826,1.040832802869851,4.316191352531907,-0.578661108283584,0.8433875094689685,-1.824020242688694,2.2421526393776503,-2.7990572378433773,-0.3796516385585181,4.230918894110406,1.1419945313347026,0.1591929798869185,-0.5555749557166572,-0.4203823301898677,0.9896309974525882,-1.373817926853112,0.679468936469443,0.7702087818050839,-0.7126653198501511,0.3921728416956298,2.6731679022144976,-0.5834438362002404,-1.2711069666145693,0.6425090556349805,0.17875491497634072,0.6859539984362518,0.06409550313903656,0.4112298391637285,-0.761901025924905,1.3803472271504726,1.072753344209683,0.9983972305688759,1.596187266656874,1.086630736321728,0.40652851466173073,0.17173082674292622,-2.0012889430061582,1.148291793781083,-1.0249035349398632,-0.7705617049683245,-2.0214413235179505,-2.128535341210221,-0.10876246477399898,1.1968937749720518,0.7897597617425421,2.357686033262589,0.35381099696216356,0.33828549751738846,-0.8558861830648548,-0.3818870558025338,0.24847296015503126,0.5812989387052575,1.0155675156099842,-0.31147134392584286,0.005213129191240229,-0.12912218394697356,-0.74591166283526,1.884153590527675,-1.0010116557181692,3.00710008116256,0.2844364632439843,0.4507606805308726,-1.3453492195630274,1.5512159150578149,0.640940963269144,1.9479666992071096,2.1073952859842646,-0.6627829274047822,2.521800147415981,1.573233927085861,2.1038275008969634,1.2443130567332275,0.335285650520145,1.737098040865146,-0.7381895793382646,0.08284525097409895,0.87745499811816,0.05186069853858509,0.8314696628931748,-2.654096620360984,-1.75941300743206,-0.7052193160391796,-0.9972848733241804,1.6339110267558143,-0.30388700012097136,-0.09984670373976934,-1.4124878845594993,1.1291277977413035,-0.4979528385341415,-1.7247646717202336,-0.2542047499944925,0.3757107245122667,-0.9500969601390461,0.22977306360159333,3.3427957054708237,0.8228103745346198,0.11640745455016516,0.06922196127781075,-0.9289079270101275,-0.9052397277682527,1.6738294216091523,3.3664525116157824,-0.49178013564103495,-0.56640245388537,0.2970656292649372,0.31504709324362346,-1.3353781666056068,1.0119229476778706,-1.1782631997836912,-0.003573446354451948,1.878554167446191,-2.247979696277222,-0.678881088507179,0.8624469557362138,1.2825880468003443,0.1580147522066367,1.406567699990291,0.068117310566714,0.3243870957958419,-1.3244340958179484,-0.559887111385906,0.7195694041030489,3.434086017804675,-0.5944574769888523,0.6156463666009355,-0.19761414473672492,0.8989214191649916,2.186269026663137,-0.7801991250207194,-1.2538492593825328,0.8049154438412782,1.7959256117975997,0.7978351500295209,1.6017918432983547,-0.2328258887254787,1.0944828113782383,1.4062386674472944,0.3578098824913003,-0.16928286318743518,1.1711305264743694,0.2924206534359117,0.7441099006724681,2.710848069654168,0.7603899530718825,-0.12455878409763023,1.6688732493584442,-1.841908391714449,0.15318868441747152,-0.8582244219494779,-1.7622196300746886,1.317878384939648,1.183210268708776,-0.06151874878205982,-1.8434570331315063,2.4651042383776782,1.4995702994782327,0.727102718085464,0.5346503683989896,0.1411851746635563,0.1293440899955799,2.600771219080416,-0.5017838561326279,0.22958820564470872,0.650795912533141,0.13765043333601834,-0.4513166075230009,1.931123499476763,1.4042616513420638,-0.6237078360929978,-0.34007980394567644,-1.3987892406325755,1.1035458015487545,-1.0609881432537107,0.3923734538284216,-0.6065035568696607,1.7531014673255858,-0.20548667452689456,0.0625377115821929,1.7894521495956988,-0.08551293974887636,-2.5669309710552106,0.0991208139768533,1.1902020652329697,-1.6635725618833466,1.0617626551541515,-0.2715059256929701,-2.070096724669323,-1.7829235714820242,1.5104642284905068,0.633402291156389,0.5127886158151724,1.8584068408701628,-0.6667217928648471,-1.7234666246131,-0.023655425577844613,-1.2237565902152436,2.4737583480857612,0.3055272623945999,-0.7013002000711079,-2.236656471231287,1.122423059781691,-0.1472980198761322,1.227227199586321,0.6779996914057972,1.9241249651811523,0.3718640727559377,-0.9422162394717156,0.38869001078243987,2.5618158408755063,1.3612892780146757,-0.20477021378943439,0.27904151678911293,1.9298076917540914,-0.26670638393667534,1.723766209237531,0.5522520417325152,-1.9382516624020725,1.6559096805452178,2.007452875294134,0.8235316204904839,-0.8058190286755058,0.4455000202781227,-2.026629346049865,-0.5904164968933956,-1.2941687193963431,-0.3753804870814471,2.2236144673514024,1.4617485712967524,0.546497530844824,-1.3218310559129118,-1.5541369246219716,0.4969875444420913,-3.001940703205094,2.8010514138651113,1.6188370027015277,0.15109548527109462,0.6410150423622409,-0.2042141461638297,-1.885622397271294,-0.41537673691816857,-0.006322618542748931,-0.8295297357423076,0.4147701953891259,1.6505207710718135,1.8741781968924047,-0.3082224534187597,1.4230084900198148,0.25299759432827207,0.16803480374794277,0.8710759092116669,-0.6188601680908667,0.4954656573018813,0.6693867337897007,0.16028415534134544,0.005216990400113405,1.1122192350522357,-1.1805215702876237,0.7412825652249815,0.4642004375375326,1.5811185370154286,-1.963628983570346,1.1155813902929677,-0.2098702137556216,-2.039792588685523,0.1777859428295494,1.2267949892300758,0.7339973565921005,-0.39216317280027935,0.4385383534080346,-0.26587566807648866,2.0819147203849186,-0.09885042613487971,-0.18980720213155322,-2.1512149629011192,0.890766895270803,2.2987274505914628,-2.9231631877968725,-0.9596569048293664,0.1903271116019214,0.3723802107363775,-0.5649531031781699,-2.0697096803198556,1.3038830217372837,-2.0408245621783063,-1.674576444400966,1.9156086078890273,0.9772231497913212,3.3363949564537045,-0.7841875342417042,0.7256031464668428,0.8332287247174635,-0.37646333455982284,-0.13258177338068286,-1.4417989118709276,-1.0418054393655911,0.6980225393793158,1.0392927555363496,-2.5135570046276827,0.004719986756807348,-0.6755012575625177,0.10146492920141731,0.4868272343130584,-0.5359368931231991,0.640664784603625,1.4341851026524612,1.8803128841133099,-0.06155298648156595,0.5887223824220736,-3.3264402646995,0.20831696565853863,-1.021706352503345,-1.8959737706529147,-1.2945637503824725,-2.4636973050458533,2.3206267911527614,-0.44316950342733297,-0.8656997939692416,0.9634030191865407,0.9550721813268269,0.6600481497355024,-1.5944566506538629,-0.29868322711608863,-0.5628896264278475,-1.9913610807289737,1.3416024684579304,0.9612346383127277,-0.2531097555104188,-1.4917729836539277,-0.9109348220922314,0.6338354380475297,1.16797134178596,-1.087568674525788,1.539213918091002,1.246160733987879,0.12013883086795041,-0.05599712410620923,-0.13680355653238502,0.14161650051331692,1.5044068589268154,0.9800278565976268,0.8248682984066865,0.9692748086559354,-0.7061929476114412,-0.6034731885425664,-1.8897140127202552,-0.27985727170678554,0.06465565778314758,0.9523691237078602,-3.7060558650117663,3.354927099534863,-1.1098209485833317,0.6369716490380858,-3.053802899925821,-1.2639315620602294,0.6423797256628991,0.19386065869544802,2.042470549344407,-1.4220727201464798,-0.3534944009821897,0.4691403648332156,1.4828647842448583,-0.8887270430194532,-0.7971302121842643,1.8866815820584395,-0.9182472686078347,1.1117470754481318,1.324195795710527,1.0189731246366778,1.416037492599116,1.029568250913622,-0.4063948895680784,1.9051696679201036,-1.9496470231690715,-0.5976883232352977,-0.29576620288570654,-0.6670964446131404,0.16781185051623915,-0.2784004000090876,-2.0263381536511478,0.8050585306543724,-0.04971639608022038,-1.0163260220461985,1.114289010110541,0.9367093631655311,-0.8214052992166558,1.1087374521020055,0.7126626223369976,1.2962304745978626,1.6371494501494008,-0.6777203214005569,-0.6423681642152561,-0.6243835597418186,-0.7392843593161448,-0.805374019036302,-1.4419549789080295,1.9461024511945595,-0.04960814297550825,-1.165339892153186,-3.1971878470727813;-1.7088139619489777,-1.1270079786412874,1.1188403643300597,2.7419642508264146,-0.12807598902893436,1.0578208945449743,2.9728355638108397,-0.8216140084713239,-1.4047812935793345,1.5097698226514435,-0.4209010670138976,-1.9570706660798023,0.41786302825352933,2.5746786799781094,-0.023838787091962854,0.794863488549913;-0.010040195459608048,1.6243663837518227,0.12112058798805336,-0.1976312851598947,-1.4322933741603623,-2.150559287936783,-1.1020116536660098,0.9529033988865863,-1.7986062208691072,0.4728645989825795,-0.09890282416668766,0.3423610742059834,1.3252585699158301,1.2196097252171574,2.124579588385039,-3.9265743255504986,-1.6074107559572588,0.6811648198156506,0.6305325945137644,-0.5324310741676486,0.685295735789986,-0.10845754681547659,-0.5615465245619693,-0.41563205559734645,-0.979570403956178,0.8649730913393778,-0.22351981825825484,0.35696553177416757,1.0569049736421787,0.6786277531982629,1.3507813636527626,1.136846021076507,0.26728331931501986,-0.9116292498203764,-0.2324889782554419,-0.05810549670726037,0.14897923744232544,0.22372180958726545,-0.13037791695658882,-0.7395716842511224,-1.2265991691635678,2.270005146728364,-0.35958906825409065,-1.576182134947308,0.7012475119277186,0.7980951393545817,-1.8815131942227603,1.355364565277408,-0.1343032045714326,0.004075411923078039,-1.5827118879236213,1.8383831372629407,-2.1548740407026714,1.0590680353422544,0.41801175909081356,2.5026297803961675,-0.45567619550971145,-1.627165767873578,-1.1092191980293746,-0.2584429203059705,-1.348051552942736,3.70949588810247,1.0844509758608305,-0.9210364338055168,-0.8623118048570915,2.1148032229065086,-1.0462315429537103,1.3696681334176568,2.265630703358431,-1.4304951256939555,0.9434996060623084,2.315869118892163,-1.2495820419466144,-0.41752633018963253,-1.17925253127763,-1.0696595328519607,-1.8983073200978484,-1.6424446335609089,-0.37692693280831946,-1.7725448657590364,1.6080939722354177,-2.1022507554208376,1.6117555586067849,2.2010616181776754,-1.797768121886473,1.015386149874647,1.4826869826145141,-1.5699868739049962,2.2225782622435304,-1.1350283233410428,0.967939840991476,0.4156577232637112,0.686844485452151,-0.9872654948388395,-0.2738349040743132,-0.9474049798083799,0.258492364822144,0.32340777317011066,-0.3452319736471763,0.7216331808272776,-1.1881610391215103,1.9481073355035785,0.447276488350872,-0.27009344990525685,-0.9012618662925477,-0.8071211027874522,0.24329964866935558,-0.021633719231793268,3.2944105633848757,0.5748703092805225,0.187397525386293,0.47622041654047087,-0.2751976323314132,0.016829582899703127,-0.9155194171485224,2.3705653973162795,0.13016912122995455,-0.9592144120778647,-2.804233260277428,0.891223046471648,-2.0229679316027536,-1.301733559735513,1.351585964318363,1.2697911950209995,0.8744887391353127,-0.2771030096513666,0.3522824590082727,-0.20519929521667474,0.48450687428194816,-0.32908818592513134,0.13240709562981495,0.0796536878630294,-0.9388546575692356,1.1992033893527116,0.03277078305955783,-0.7685482751258351,1.4745048790731032,-0.11488239482635043,-0.07533262616802239,0.15867017552207985,1.9566461742307668,0.5279544651532444,0.5559516939052362,0.24744617305187033,0.5545907288142522,0.9925643646968462,-1.3373553533897937,-1.9767902878952976,-3.5506430757818643,-0.8938888720020723,-1.5215421553200201,0.34608902594462654,-1.3457078397874052,0.043509253014186816,-0.05879041773989334,-0.30426133830023316,-0.9982867974107924,-0.6906858667202658,-1.7246990107180191,0.2189527367350385;0.7781098566372222,1.2101391509210224,1.8845083398173919,0.2148517196286242,-0.4963848635444699,2.176662931183953,0.5700674430874739,0.5396215243937909,-0.18425847959177988,-0.9368792236702556"
23,-0.18516240251101532,"-0.36070366832213807,-0.21104216396064387,1.0468180775476834,0.6194385455364202,-1.215623252592807,-0.6229209271672009,2.80427904031394,1.7220449875614496,-0.8693625228620828,-0.5666851031633919,-0.6725423866440108,-0.6115531656052778,0.12573512469023784,-2.1068624968597343,-2.7200483807931177,1.2851103812302442,-2.2872822927841177,1.5840203366713952,-1.107778384892408,-0.7902697477097507,0.16893640091138384,-0.20520591050208178,-0.8936094450743733,-1.4195963521668313,-1.1497251505488237,-1.0904889802636273,-1.528787252527064,0.0362226491417835,-0.8700787361113822,-0.22880284867423373,-1.6422348563632392,2.6526847167140697,-2.1881652203778756,-0.5828422149532461,0.7466347220881675,-1.186841263802366,-0.7044197778000121,-3.147491890085712,-2.4003998558291575,0.3534617008367969,1.6148636212058838,0.2893700156518154,1.0579028279706757,0.43289533258408175,-1.3336122529445156,-1.072061839834102,0.7713043480563333,0.7603103801796612,0.7109208056198543,-0.8355890221883127,0.7616336173090656,-1.3199410762734387,-1.3014133312399436,1.025310164604449,1.2040644197167036,0.8083533292942084,-1.2412063980710901,0.5102866383175759,1.0854261573914803,0.26713342399695594,0.30824054029238035,0.25347487432006693,-0.8896476951910678,-1.3641786673085283,-0.17370093011597976,-0.30393682510648135,-1.5034244028041526,0.1502520625768582,-0.12944259740846958,-0.6145621492637223,-0.21321581090112002,1.763386051816929,0.09117153986168093,1.239874348203061,-2.3538901124818175,-0.38947979157745993,0.48506895983688714,-0.5455504632319879,0.23685606589545843,-3.558180047512276,0.3454008074507873,0.5446975155643714,4.692859899356081,-0.08124264351224664,-0.5856048283355942,-0.2303713722090819,1.8086934930219933,1.1474504703343273,-1.8803603658576393,1.8248536789794298,-0.01520439326880721,1.7941433920541594,-0.36758994164337666,-0.3118279849460127,0.414588705623814,-2.3155207958884296,2.2709263948461964,0.582916897894542,-0.49293454053902747,0.5235411868180775,-1.5002643938558609,-1.1829586297111703,-0.7904432307053105,-2.256622259152176,0.5791634498378462,1.0130847140774797,2.653480667974604,-0.25142551953220704,0.4830884241494884,0.025895073925797485,-0.995588027520124,-0.1785301414760766,-1.84415267884685,1.1591879017602018,-1.540411766226192,-1.378162446583066,0.8765709292924899,-2.9374923874103986,-0.031596506659835155,-0.46866097357754566,1.1102225237187755,-1.4730026436138537,0.7180667035054688,-1.7883544061808556,0.7257412438627602,3.0399691255270858,-0.5614468434301861,-0.26728181592148736,1.1275349982496574,0.6431238788807553,-1.6306223448798298,0.5805594087240935,-1.748259759198992,1.378260043392392,-2.201341298715944,1.7374357424496554,-0.10876233320827663,0.049350191027468016,0.7245062009134617,-2.3862829546310813,0.43709277439135485,1.9788723331204392,-2.1361897907723453,0.9837127904305999,0.18269765337557783,0.21822287324838596,-1.7340664585448935,-2.076149442016807,-0.2782675746290113,-0.4485450262608113,-0.11182218619692552,-0.6153130724598564,-2.1292334463801548,-0.6919401442808889,-0.5817967589703122,-0.8373212390231329,-0.06459352846710076,-0.1911209319444853,-1.1126425873528527,-0.4815217041017503,-0.6939338372568163,1.3672386228600883,2.853850999954883,-0.3487208112814554,0.42443939016615106,0.3487720957977519,1.0686197092178122,2.5799817850078717,0.040265310815903954,-2.043352060537517,-1.5926508919297797,-0.1261894280510682,0.6353114040076535,0.6677988586283392,0.3646062866105845,0.8648998927080976,-1.4896956948011053,1.3808327295238192,-0.945562589938522,1.0193294738302994,0.9337782246660018,-2.28556639569779,0.2053573563778413,2.7360118626657437,0.9357250252370568,2.0606240480282865,1.6895030603004648,0.36377664877308913,0.6700379455131267,-1.8190376415597964,-0.2263909605698422,0.0019073288512153619,0.4395608691142955,-2.508692175243866,1.334489499798428,-1.080832833938206,0.08434466944005731,-1.153376473644498,-0.6936689793970106,-1.062210185975747,0.6225730102529969,-0.48734765106109923,2.549382993398597,-0.31254476829603767,-1.0552217139312172,-0.934084240210471,1.0304204576994067,0.7235025799290509,-0.3216501839972802,3.9114701230555426,0.677915125124336,2.348438419734782,0.9844022885598412,0.46032609721749385,0.8303225807726053,0.5923155677359649,-1.6291599987605285,0.7478635108441282,0.8945437499309197,-1.0438448489123187,2.92336923743766,-0.936232442210087,0.03905880245585441,-0.7401737804813067,-1.1842428942591665,-0.3930898197932483,-1.0003780117309315,-0.0015478704796432208,-1.4145308004682033,0.38409990333808497,-1.9389393332166143,0.48026877549653046,-1.6821643250685434,0.033681237772604754,2.984931231874056,1.629622249715857,-3.0939452059861168,-1.535999317925505,-0.3114440571183094,1.9522055108651997,-0.33778236158922514,2.1744593035237694,1.0177376442941701,1.6714675837096347,-2.546443425654252,-1.1433115681071304,-0.6514707246766207,-0.8120816306050151,3.226434875570523,2.281288609356659,-0.4660503751560342,0.556135407494455,3.1591877717830417,0.059601169212138566,-1.281719807832478,0.6441090672716209,-0.07168734804134078,0.10887025267319383,-2.0380529723205103,-0.29104937792840785,-0.8118286527187033,0.6962345935520123,-3.1501030706009088,-0.7431786760774954,-0.23810497821145474,-1.4736312762176573,0.7303871892241228,0.009497367644751294,-1.9185885109167231,-0.036852907151213504,2.9494998445230114,-1.8540955936946322,1.8081752124989192,-0.3826232636262431,0.07788484965301556,-0.48176616392899185,-0.17239249687293068,-0.36804331370932336,0.4564414992510467,0.2830976918102651,-1.5507616208920567,0.4851565031107231,1.951939729734752,-3.265759382153309,2.4232827347348715,-0.8131057395857395,-0.03775120474246128,0.5310002743792113,1.6487923084541054,0.49327581557285105,-0.9629548977878489,-0.5460309716159508,-0.8811510177605193,-0.8966088014439481,-1.386990859308961,-1.6218419130490975,0.06618078659729998,-0.38377875804507683,0.20624740825514953,0.9767232392864499,-2.8223849697071293,0.8794335931138682,1.9619692381305471,1.2723119234949096,-0.8399100189388284,0.4316632037531365,0.2368058674503049,-0.48611721598074153,0.8526353118722474,-0.8540409911145488,-0.8419372110776946,2.1401528594505383,0.9884745846399897,1.5828452275890823,1.6944767338085007,-0.6778413391210939,-0.05933224207859808,-0.3719129473981501,0.583424414135929,1.591342328065609,-0.8474462791311331,1.3754459306121638,-1.1971075079603952,2.1623620797586978,-0.9199731845234027,-1.9352202055635601,-1.8812952978367032,1.7890024567727933,0.6402865609588266,0.1841997959380089,0.5250615123312528,-0.6504839326260403,0.5377191880277742,-1.1476248438594958,1.9635709137757413,0.21658108996228637,0.6157769969218094,-0.006892843817691063,-0.47038191276181873,-1.4099176564409481,-2.1381161811699982,0.03643246147570681,-0.2603857690146753,-0.8874701921707979,0.5834067501367606,-0.30723293984453337,-1.2593746490727111,-3.50572822223679,-0.1376160911438038,-1.1947713184164255,0.9592926606984018,0.416945441029542,2.5860847907311655,-1.0174277170081525,-0.369923624452971,-0.881282884435769,-1.4951990694997823,0.6300593658042966,1.7242930980252975,-1.3499157877934613,0.17754983019221884,0.8038776869160469,0.3634751439927765,1.8849710299004072,0.22957727937132763,-0.7133649985691596,0.015431116899900926,0.648327450102008,-0.27661773296768755,-1.7667102160473382,0.8430828044480152,-0.013741357414767952,0.35856836876325254,0.04475995853502883,3.042528863915745,1.0733686397363387,1.0530184569642702,-0.564960590847636,1.9043683256240893,-0.3102185625702054,-2.5329878022689294,0.3684355437826712,-2.049647226404398,0.3674614307335856,-1.4799295911869055,1.1270446203770024,-0.4720900755779225,2.1668313443154306,1.271528288425568,-0.9234005759488506,0.7370227774505405,0.9431230741258394,-1.1499305070377657,-0.18248834636677147,0.9557486872780879,1.3342135309778638,0.15396744012278663,-0.534135764830402,-0.7891138898209926,0.8777232807011395,-1.4823061893667364,1.1380677789255866,-0.817175179333045,0.8862285168229678,-1.8698400166128755,0.159400896112022,-0.6298318102943674,0.9094318014235028,0.21232017585519494,0.33298076641048646,-0.49261692182043293,0.24699113522208102,-1.040208554173242,-0.00395137012581287,0.2815908190127244,-0.32307832481737053,2.3732611640446546,-0.5062538630173758,3.0680826282024096,-1.4122252260672923,3.5658251498830387,2.4269004160008154,-0.4269554512522096,0.00595571510936832,-0.21435629304104908,1.0776998797688373,-1.9506891576032954,1.0577539494400723,0.679590685231158,-1.1194424304082464,-1.1991253630735268,0.019829989968455752,-0.47813486017757223,3.0798350120675333,0.5642059935167023,-0.24101521272659254,1.2249759962543818,-1.5375175562701742,-1.7238110511112792,-1.5962744308953267,-1.648696028704301,1.9947638133580619,-3.299387888668388,0.5425335949222387,-1.5621056576995462,3.0196404606971203,0.31895768114659667,-1.1916426005395295,-0.7881252373639047,-1.4914037031341403,0.1846463132375764,0.7847783373061525,-1.1571296701671774,-1.8775959701415077,-1.1313739489554717,-2.0773778255991737,0.6624117300343448,-1.9177507915112393,-0.7477958163544365,-1.2705822733867052,1.9080120521824213,-0.29847965017667766,0.008190444196114088,0.8377307524318859,1.2917176217976256,0.5055276522455302,-0.06083392518225744,0.3661634002623966,-0.45305043014126695,-0.515851394783877,-0.6379803313984047,-4.494152614632409,-1.7846107090111203,2.5749218579436888,1.55856532966584,1.044218413727271,0.4124677984877708,0.5766654747357562,0.6151972958159446,0.038858585187534544,-0.6127737177369762,-1.1495095412477307,0.19595185558017092,-0.9912070255930407,-1.9042062426301871,-1.3663606515027342,-1.4977321747430572,0.7802626156347564,2.819925083305455,1.1551954906584259,0.6261990940641327,0.7166421408963917,0.1587896772286304,-1.4538553559628662,0.397338780575482,1.3961484232544477,-0.6708164482976897,-1.5577552367191443,-0.509941809418138,-0.9987066344668893,0.44106246707441576,2.6816014530033696,-1.4039592936800827,1.260660333806765,0.13739091260924902,0.8897317335870427,-2.3465137047617106,-0.8322603285296436,-1.6470917894621864,-1.7051237292648496,0.8586408963567076,1.2738259100490381,1.6680769455386586,-1.5014632710466902,-1.3236618812654075,0.30380745080923827,0.003091476860919845,-2.0701031528596348,-0.9716684155433837,1.4397097498071687,-0.4588794975247252,1.682762189493887,-0.9061210757551895,1.1653448961187447,-1.667874346636851,-1.705048339137171,-1.6277481898866557,0.8944897839564944,-0.0109907790630564,0.6193721923535506,0.9909362306835822,-3.2757112420931414,2.2161481782580146,-2.3595201629778737,-2.526361356490142,0.571654324942393,-1.4801965422764234,-1.6371178070766585,1.4264960498726984,-0.8060317099499723,0.7892231182333546,-1.6912780755720962,1.042811709730076,0.2520931302223841,-2.048808988079199,0.021374967937835,1.2962190666341027,-1.0078570787396215,0.1516469505362589,-0.04343079188176831,1.5491236871123983,1.1449578153660482,0.7625856147554024,1.6154430775985644,0.9692651749324916,0.41322161499431825,-0.5576745115915162,0.3752178426546245,0.6748414452436714,2.0495551380007044,0.3624722322106225,0.775308685002348,0.029891005562849494,-0.27540706175510515,0.6826198178601538,-0.5946921322247131,-1.7388087580901572,-1.1348150515021622,-1.062798154305302,-1.7086298573829803,1.9236193930229712,2.3045247618498617,-0.29360401191309327,-0.24673109473743463,0.28479763049674284,-2.6656506461749783,0.6236381414226891,-0.48104078546228346,-1.3611185637950023,1.472638244094636,0.04665503667840773,-0.7559444437426109,-0.9047374402013906,2.8004422207553383,-1.047833677693925,1.2596404268986072,-1.4719447857283545,-1.78072681754871,0.9822049116320891,-0.7897875763829096,-1.0758655290352157,-1.652853758530188,-0.45184493122467373,-0.07370391133918774,1.7407857322905058,-1.27573664306677,0.9646818893137288,-1.2204763199356357,0.24248768902749876,-0.3967083227549009,1.7163378230894732,-1.2024747164961953,0.3915746341109706,1.283895530986233,0.04461486537131626,0.23399784634553533,-1.3130648555180244,-2.2758591591752433,-2.255980629237667,1.249279474027707,0.45980168059638943,0.7780720188514123,1.3611109030050048,-1.7571330423951808,2.6627212156046114,-0.2612371865231821,-0.8932527352628327,1.2134730454907035,-0.8167033937837714,0.22644503281442474,-0.9381458325546861,0.5628739447381738,2.289655741283674,0.675763633100469,1.481611247406168,0.4286207042980613,-0.9393680907820663,-0.9077522070924124,-0.5744447165987953,1.9145122561239099,-0.07529491271835798,-0.18838141934285446,-1.5652651531487773,-0.7935690609804229,-1.7773003002800563,-2.7776044733719427,1.0928027680502188,0.4363854000402445,-0.2352157026320607,-1.939211648442105,0.9156278571944799,1.9651533265823329,0.14753228213595765,-0.8369861646015451,-0.0346353663436431,1.0298904453279802,-2.3310195230478787,-0.7384269745616527,0.4736496314695665,0.5630383262936375,2.99005558566419,1.0130342053080332,-0.24270474796180616,-0.4740079610182427,2.6940703742548413,-1.3905809390062775,1.4264403167236366,-0.026483471123215252,-0.39997816302827366,-0.44095255841975123,-1.1195786911250287,0.3941449605288627,1.2399546369059808,0.9307675697469869,-0.023380017308871764,-0.6733059588184556,0.44596068310133274,1.5537620763008102,-3.2652815317148645,0.9007403383430185,1.8980793176178543,-1.5143608441247687,-1.1264465028585402,-0.7040684152413679,-0.6631381222244207,-0.764468732918888,0.3708143909566498,0.8248427647311839,0.5703227423059034,2.2374475191031458,-1.014244939565713,-0.27157037595738587,-2.0685611458475606,2.3047475374489035,-0.24540447310914176,-0.7203146751386433,0.1277771099709426,1.1054041045249787,0.8524707670045943,-0.3784158980191663,0.3198412343672519,1.0697585708804789,-1.159998701466919,-1.686762720386274,-0.20600053153465486,0.435136058882458,-0.13060418382845246,-1.755757150435564,1.3536752708716626,-1.525232478494559,0.022118983915422843,1.2904517667837254,-1.627381186418774,-1.4277240553369317,-1.4865663434054552,0.5833915881368814,-0.6295060431027205,1.975709653608462,-3.574954524845802,1.5584611571672276,1.342969405688394,-0.14411247613214528,-0.5974606848210674,-0.4882473246941592,-1.6236324752892977,0.7771161693965807,-0.23286388747480546,-0.25574402798408574,-0.7434147407397715,-0.3724010370125635,-1.1696771065884006,-1.0708584355108075,-0.7302555754888688,2.171976145324524,-0.18387623123348812,0.3585815374637146,0.5602608062268263,0.06449721391698043,-1.593632822377872,0.7078992179517116,0.4071929829742469,-0.9024277824343634,1.3721436045624418,0.8009648677473824,1.9730230684726888,0.6827061719605299,-1.0102230638347587,1.2420074552999516,0.16121185609265865,1.9061070077789686,0.06505657071015114,-1.890550787964937,-2.059011871322393,-0.2365570161533521,0.4760222402326151,-2.2720232488295737,0.03630053657955912,-0.7475617602694569,2.195488693105413,-0.8651655790600097,-1.4017978994180809,-2.062922443041319,-0.19198244883011173,2.0668407846713457,0.1975649874706165,3.658904502325973,0.3160442861459022,1.0514153610706338,-1.963992376318817,0.867298820324557,-1.9031086508097292,0.04640109691753014,4.109360219298645,0.5976790348209733,0.24697839108741262,-0.06119684790514268,-0.27803731865590886,0.5506277236208774,-0.7402482778152752,0.5041371719111483,1.0521991852857613,-0.5921357785595716,0.9372525747474877,2.6602464916950472,-1.0656835431523244,-2.3624348255128056,0.24445562412644511,-0.6872950824603811,-0.09346718027788903,-1.0262008075563407,1.177728377970169,-2.4777397819925864,1.1756000779953002,0.8332393701501275,0.6680636347734354,1.4495029667553019,1.4517112353776378,0.03279942990376572,0.13200125999169865,-1.9906184466579444,0.5268509015662365,-0.3750666926293998,-0.41916293219006073,-2.3810827184596386,-2.068892313655313,-0.006324038705418145,2.053797830430442,1.1743346108440198,2.830829076185289,0.6884172944610044,0.4705076988904219,-1.7307541740525396,0.22742531867266186,0.7704048709457887,0.19470298311187184,-0.9618591298894262,-0.3350398101332792,-0.5072654334269844,-0.7670628740233304,-1.4628134101832395,1.7961776243825036,-0.21695478797149326,2.9934030537665404,1.323318117079784,1.2078349056028597,-0.7389120224075383,1.326123072225621,1.2329572234852781,2.0583132625527676,1.8419588404396963,0.0564869055164785,2.3532068440555594,1.0631177173504878,0.711204816854036,0.9410475850674196,-1.2220993642676494,0.52684017790639,-1.848388291260575,0.6076402547444364,0.4560798890832709,0.19540060130312364,-0.6256597221588573,-3.6772145290766214,-1.6125171200967734,-1.2813502278107298,-0.15663856517111752,0.8505286801753358,-1.892403498940799,0.20263810562871426,-1.4786241482195772,0.8184089558952214,-1.4668751366609685,-1.3614932381410658,0.27713902529903855,0.4986968492756459,-0.6022857921753877,0.9726331307032114,2.685730752519638,0.3020533411218558,-0.013422068421197503,-0.02706904691480108,-0.5321527034547506,-1.179945547857901,2.6344077782432818,2.7841855640591984,-0.1312337884095559,-2.220431578967569,0.6301232557994728,0.7097197968884356,-0.7932007145218263,1.9152116392049765,-1.140873746816224,0.7134535202282117,1.5314422019025373,-2.244268435147005,-0.5104077378496075,-0.2848202548317094,0.5035208952934972,-0.02743813164878449,2.5867679737760536,0.704598709225057,-1.0292548153231151,-1.1177094196284707,-0.34365516448224576,0.19412514362521743,2.0742322824630084,-0.5456393484440447,-0.5617611335730852,0.12824027190474113,1.4875492610183194,2.6082874142781214,-0.6350881309780632,-1.3316952438323155,0.7043165711577921,1.1633202534821334,0.9078257202315846,1.4491094543777823,0.8454529029282416,2.640674849087814,1.3946616793422608,0.20159687447071917,-0.6599145205657307,0.7046714297206238,0.9359143730142141,1.6342169821960848,2.4812293017896914,-0.2953972368722527,-0.3846990811676706,2.0181062959334044,-1.5688900798535121,0.6455869388383719,-2.1221330711019997,-0.9892391287797528,1.460975281049848,-0.13866613145256335,-0.16601395877279773,-2.31730176557605,1.9102290501133448,1.756819896268894,0.5958343891581328,0.16588286988589487,-0.31149067931362034,-0.29585968336136226,2.617610925732957,0.7020729836502217,-0.43210613034877043,-0.01036346368374197,0.3253545944545467,-0.12332032442514668,1.6819877604399656,0.31097109277670154,-0.3643556321652089,0.3341902361777719,-1.6593226584578467,1.4082777942697595,-1.3526089014074483,-0.1125693376581665,-0.42001443915953746,0.3462130389713791,0.47282858864213645,-1.14244462945204,1.0066701530862106,-0.38655639485569676,-3.04346538695002,0.07918712986894944,0.24501089259862915,-1.6178222558706876,0.7287843983178584,0.24922940747778854,-1.3227714463187539,-2.297861250375537,2.3514821016139718,1.0714061063456977,-0.008677968818001564,1.7999229994447985,-1.4261541481855713,-1.7982735989888976,1.2398556747796197,-0.7106279769564948,2.1482175143512423,0.23022970514852437,-0.14732013543810502,-1.5145065315830981,0.533025249755525,-0.20165615979922696,0.8947411685152974,-0.124533740917105,1.6677401782365546,-0.238099346094364,-0.4609592704543358,1.7869305358176382,1.624434173048496,1.4074027503398292,0.8828964853512207,0.36293478938008594,2.3819191883594915,-0.16105311968682096,1.956778449755714,1.840994669327863,-1.7151117114967298,0.6326234788483865,1.4455225756883565,-0.035888206363183295,-0.46325861780382527,0.05774020170864316,-2.0226108011331383,-0.7280166479392502,-1.1880122926516181,-1.0702669872824933,2.2987582860047553,1.570777808937418,0.28896267841162243,-1.0353737879222025,-1.0876646381868127,0.400474120644134,-2.163904776151157,1.8945734843404978,2.346210931379634,0.35677365826149793,0.6966264948696199,0.047546178228242475,-2.4678003961751807,-0.39213080221263685,-0.10758095569808379,-0.9043039354521574,1.1425668869147334,1.1904924695488486,0.8087822379931624,0.14921964970965224,1.6048276184855599,0.1977664648505046,-1.0158701879941323,0.6679866022366688,-1.6518581412598299,0.26199058372916556,0.12770439629560223,0.8396434835546963,-0.1112317291234974,1.081984809200985,-1.7813598896961205,1.9860795461656782,1.718596003173562,2.486112970659468,-1.6460591065653325,0.8782235592045586,0.9058287285304273,-2.7802138778495347,-0.0028860973280529223,1.598872969156182,0.39954628648696633,-0.3871165892821744,-0.0015589819648644254,-1.6057104516593221,2.140269884722927,0.1249903591403636,-0.3211278170982629,-1.3165539134108084,1.5665018556978478,3.175740908682898,-2.4164107467128266,-0.6755970747349849,-0.03467479630903836,-0.3756044434250684,-0.40759216787721686,-2.1832314237256583,0.9866085022059864,-0.8893404255588142,-0.6890012023615996,1.7422641073257454,1.337931605280497,2.8142103195390793,-0.7214113696989136,0.9123708497736962,-0.4552379725620172,-1.1260531308869857,1.019355597597507,-0.25078990825533903,-0.7458827632373312,1.4403595371041902,1.549659383399132,-2.0134608917532484,0.5588808549993326,0.9530052540724264,-0.038682679027090494,0.1668829324781034,-1.4391705382481517,2.1741072472287297,1.9255638810506557,1.7054137522800135,0.2838836224711827,1.1358569088864396,-3.7588000034217774,1.211116811865936,-0.7767421792841414,-1.3427131230536682,-0.7892736144669549,-3.1447633786035656,1.9930161819104235,-0.28595308007611375,-0.6954954143297135,1.286765769717947,0.620670076369956,0.9018960225686077,-1.708116797984434,0.3034547803470447,-0.32179004302241665,-2.083298622843174,1.059114814007636,1.309683393510337,-0.34964988120902607,-2.066211023706464,-0.3476790093943104,-0.07947317571835366,0.2477082446100336,-0.781509446789064,0.6678298017544964,0.9089724831732003,1.1485272881707465,0.38232968178920274,-0.8210807848245536,-0.43275170984886074,1.6981728975198995,0.9144314712577769,-0.24268830407331254,1.2257619623554492,-0.11043400869670299,-0.30474051916078526,-2.4833774725875104,0.17459599639845258,-0.2568155738202823,0.1697323992029125,-3.759716868854354,3.1090728407055224,-0.43589515642457,0.5913372462872633,-1.1956385412066113,-0.8158803254852594,0.7711635440560478,0.2557160363537524,2.4401881496158224,-1.8259988365039441,-1.0874186550446858,-0.014628219889179228,1.9744734078005344,-0.232076809152089,-0.263406471869655,2.436425284400923,-1.3800390314274709,0.905488326397824,0.9589321459454394,1.6234778632911315,1.2491437156289842,0.6046568647981216,0.0921880288655138,0.48138261817870953,-1.3542911817216565,0.34246361401465286,-0.8332464373779023,-0.8352961742166469,-0.896052660700288,-1.0388894087401568,-1.3072076877946488,1.1864976550565782,-0.23438887996568147,-2.7737174660797304,1.675955017236009,0.9860022196902809,-2.1278257791281456,0.8091249118325397,1.1997458154365228,1.2104375655272617,0.581879174890436,-1.8893893600280083,-0.5992902646920348,-0.2807042216218556,-0.9013555997205903,-0.12557065645941012,-2.5070063183723366,1.847178231649438,-0.5353680232619789,-1.6267501022369188,-2.528578948921067;-1.8923825836268886,-1.889506479972499,0.9916025939957493,1.6911279712377447,-0.3699643591374516,1.337371022654637,1.4599639925849646,0.3165188480596824,-0.5904774815905642,2.1780104005526297,-1.212135746478467,-1.6262350207214071,0.3258547650112842,2.2987238375535326,-0.25848017207372836,-0.21643483335665742;0.6871475065194155,0.4602251999356341,0.9640474903931889,-0.055896396982042074,-1.0325527383013757,-1.5908194527169228,-1.4075798353306195,0.7758750619683306,-1.4419640245761045,0.7648930203609714,0.061025948313704725,0.8961437798525962,-0.06980202826246984,1.3891593803446318,1.5723246998559748,-2.255190366979571,-3.7413181940527314,1.5207125441127618,-0.2506868111088634,-0.2686765034627543,0.8444354292648986,-0.9781671547147064,-1.1209406995137914,-0.3318963445283852,-1.695677395917317,0.6324429038806978,-0.9315522316884364,1.116149495682264,0.0647811511695234,1.5957762538357654,1.4354315830391673,1.6052166989477412,0.8047640972707175,-0.5736587769907109,-0.379651277656878,0.031042502561826474,1.0969354355205292,0.830710788784564,-0.4501101119357242,-1.9212292037657952,-1.7342275350075667,1.6057404225943261,0.3404635240349584,-1.3418866440778652,0.6588299228881791,1.2785128498445577,-1.967532996031569,1.5325921510029317,-0.8593482500435784,-0.6060205862462519,-1.5491847244073595,1.7064716009794139,-1.604308786888073,1.3700739636624686,0.8747060767178846,2.1518858329748842,-0.8107141574446253,-1.5767421128244494,0.4954063465595213,-1.0140431849550016,-0.16408523371880607,2.4327085284327596,0.7602967248841693,-1.2929391605558056,0.29322181026315713,2.8136299787368904,-0.8229337012289624,0.6783147712335031,3.0756971962375377,-1.4689142104066581,1.282163065522294,2.39625851014523,-1.1204368771393183,-0.06893450635812659,-0.9221503624703475,-2.3664213390436744,-1.5277219226318808,-1.7540436678083493,0.37843684352621243,-2.1015617088951126,0.30210779662863163,-2.4841069222316623,1.2507860893661868,1.6552660587670633,-2.009875018536299,0.7423966683465282,1.38638070272134,-2.765511710816252,1.45773884674291,-1.0571972501088442,0.5590356880428642,-0.7023125625040343,0.585283111802017,-0.4185538264205121,0.01426033546377209,-0.6880622544143925,0.7535167519285938,0.007827533095373429,-0.6516919608034154,1.287081118074299,-1.2053947893071766,2.307627396576276,0.9809491083500651,-0.5445437435308017,-1.5614606608941002,-1.2304582855982724,0.06779208520123095,0.49305728099191887,1.7942122299185923,0.5672311510640332,-0.952667096686038,0.4177340793484386,-1.3455086320034717,0.10394029383979206,-0.7441662291993719,2.06427508942251,-0.20886125413075982,-1.5324219236639895,-2.741164894427687,1.1788656670957252,-1.2960186184098599,-2.1288168443095272,2.0063583758300627,2.1051156022304482,0.3008585188391933,1.451310943802535,-0.1721897443138669,-1.053766206541311,-0.09271579754808257,-0.5902458364741576,0.036526587848589184,-0.19220334018251217,-0.8121748187691021,1.6957415038350427,-0.4307300818874615,-0.7165000026338657,1.1502324034914955,-0.18384973191270004,-0.3020376754838654,-0.8343641020792157,1.4504530498873556,1.3045599489719917,-0.8696713309501443,0.12951487391507657,1.8775580888238523,0.378188284199507,-1.3373755986442262,-1.4919150222514639,-3.0592993847889707,-1.8182108484781776,-1.5538986341324557,0.019373326324011564,-0.9847365751463937,0.3600267805078148,0.4940309828693088,0.014269223365886867,-1.1027699573380418,-3.1114797004588404,-1.4381321953929476,0.17579987798657704;0.2826474335631842,1.4902752107680715,2.321967525297551,0.7931021845076014,-0.6594307244837436,2.33546536448195,-0.02349053431347496,-0.010593765647623613,-0.18778388537685547,-0.67280811464776"
24,-0.2299257939147558,"-0.7472144247249131,-0.40434225102684385,1.257410054668343,1.0549679951420332,-1.5846260976183464,0.09596569717995446,2.887395166691628,1.08172960725675,-1.8190554837644703,0.9263491045564882,-1.813445501863462,-1.937879676815174,-0.7001486037417655,-1.5894792307045083,-2.2216133616283544,-0.20944323594252734,-1.2331306622704585,2.2929196314926292,-1.044045736656356,-1.8459707294452365,1.1631439875668061,-0.4274938084196032,-1.3511983964752425,-0.21257342398272305,-0.3694082632698431,-0.817232986804009,-2.1181731475385015,0.12559300221777006,-1.128823830533654,0.27287910980179625,-0.09772891243016257,3.0606134824117945,-1.816375188198212,-0.16827152797906245,0.23202696047141558,-1.2455250339785173,-0.8720602893975435,-3.5352746694882127,-2.229009156721483,1.0597070053301818,0.9766395650266425,-0.4636982807283701,1.153192330460456,0.7052270837045673,-0.30742782435874505,-0.3024230227431888,1.6417554877933433,-0.0072610184896413354,0.7897415138127901,-0.4908369039539664,0.6007950427964421,-1.7395768626268229,-0.8956739207783702,0.05303304818290183,0.6833742456046008,1.8718177817078878,-1.291329637225874,1.3549033078979378,1.630276753719371,0.9541272414928715,0.5361862393778347,0.5406618968267298,-0.7121940834361199,-0.5202679590314141,-0.038655537406018764,0.27377267264311383,-1.0340345011530112,0.29756911260717334,-1.1912574975706398,0.6782634638822603,-0.4361837045184483,1.676911560671915,-0.626601523337918,1.312514285093993,-2.70292136695614,-0.861303245277805,0.6619343477244085,-0.738424718062544,-0.5992568501398928,-3.6494154616426853,1.2427301788917955,-0.038762956332351606,3.2470113932920417,-0.11492122910645153,-1.0369108955680888,-0.04987426746078227,1.5153762104965869,1.868890745951251,-0.9899675909697974,1.7331982214185793,0.18750097188829346,0.35442897538007034,-1.5382001049778813,-0.1000481126033973,-0.3842799391473119,-2.1161466659076473,0.7997104711741501,0.7625984876664731,-1.4432240572294592,-0.29942009770347217,-0.8122305544121016,-0.2754991729038412,-0.9281258153174752,-2.5530625343259064,-0.04022330566809933,0.2602603971307228,2.663386943870769,-0.2015312535036626,-0.06027462942816254,-0.1395482925727628,-0.6398058905176172,0.1136881491713589,-2.0584096803290435,1.579529032910948,-0.2543002560072693,-0.08650768839115947,0.5530586319792183,-2.6958004705597673,-0.4953280273389256,-0.3852183493846666,0.9117441715845598,-1.2991511671582794,0.5976474462856985,-1.8327520694026107,0.8365311870860042,3.1570042856378526,0.7404155470818461,-0.84855295893845,0.517624241938982,-0.42384856895096257,-1.0005934277680726,1.210072868696682,-2.158885771141509,1.3515432468410888,-2.4591342514626113,2.1390336594121573,-0.6247021916321602,-0.30708328532726464,-0.4360566904479619,-2.1101494746494853,-0.6590455339355028,2.1621184997691025,-2.274496262042958,0.3068684542923569,-0.4447741286695496,1.1307881912056352,-1.188629215813557,-1.8527927508684798,0.27958312614272396,-0.655431322007267,0.6950259072148737,0.14406311436156888,-2.6525450910708743,-0.7887881831366634,-0.6097319335635467,-0.2676181737707198,0.6857534175174862,0.4043170390245129,-0.7871972771090803,-0.2942403212013686,0.17932713385724042,0.6614545700883354,2.850638617009133,-1.6164636907676666,0.2961318021073379,0.43612194852526376,0.24325041899769745,3.531891343673312,-0.11604023159981075,-1.2189333479671647,-0.8906352345519551,-0.7237292293448381,1.332247127139074,0.19700647397451088,-0.27439372096063935,1.4719250175809893,-0.42784254249615905,0.3571330321563193,0.43433262151569196,1.4150124914016264,0.5149041183584464,-0.5038837460497997,0.5171856716093733,2.649931244011761,0.8607683308336114,1.724970171264306,0.5331643667740663,1.2570766500682051,-0.1419033936357163,-1.6828380228081303,0.3987897433891654,0.8145467487117759,1.4795832698605282,-2.415607725475162,1.458012909617178,-0.7284900954458153,0.7243076210213357,-1.525676964741309,-1.3807979635110947,-3.3487255089727856,1.5291033049097038,-0.46528413539574265,3.156797834005669,-0.5698624684664713,-0.9683830316793375,-1.4948091678409838,1.326420368959053,1.161689868100741,-0.24589660182676013,4.124025769491759,0.5791263758294927,2.3609068482840847,1.203717131349519,1.3048345318203727,-0.2960927159090341,0.6104105552947443,-1.217723729385462,1.0227346814816647,1.2664760117285332,-0.8583601469203341,1.703623854836826,-0.788836877102997,1.032081084137553,-1.4425762717956372,-0.8234341962278927,0.9190519520340048,0.3149645879910917,-0.5947672798563329,-1.2618089366857757,0.8256010210972966,-1.4848899007559533,0.6987061460751488,-1.1033782567683847,0.7297322608993063,2.8544684777591116,2.4527580899783787,-2.9318751435201764,-0.8640929785086255,-1.047213669126667,2.143125111984308,-1.2088853878382317,2.232076286365018,0.9667232806466901,1.2980715577158886,-2.0259492722306343,-1.363737685777593,0.5533783369115645,-1.5113427028076623,2.1679828089719417,1.9618747746177458,-0.04418055535282189,0.20770173556785265,2.2995071792743085,-0.22798542279599593,-2.0622360603902727,1.0118278914971828,-0.06489874363393464,0.1998183190833202,-1.9889393772986703,-0.7763181663474288,-0.27959535310532196,1.2851662910991697,-3.5133718792292234,-0.440752890546253,0.10029868088769126,-1.7698921984247695,0.8513489131371383,0.13081153184462263,-1.3485433323299256,0.356009767901256,2.6041439370203463,-1.4820647511440495,2.6925806047936653,-1.0413265795110653,-0.40247955625210813,0.6852026077945723,-0.436963499269597,0.02830009689231222,1.0715898069668681,-0.7327549596929424,-1.5130790000115306,0.5318062093170559,2.3434358439694436,-1.9231648060714435,3.253847631846184,-1.5960587588193211,0.4580967823001938,1.2617205509116265,1.4301550991567076,0.10828052141601803,-0.9355260198390692,0.052092795921209745,-0.33270861295378,-1.3399980956983613,-1.5673421500290614,-1.830716068649344,0.9395031628173054,0.3508680128395316,-0.5010970984647154,1.5444904786044042,-2.8489295035316045,0.11852390617968878,2.2654719100605085,0.7146934051920126,-0.35937330840104165,0.8491089863881139,0.0383817443944984,0.610079157961181,1.2576728649192297,-0.6751422071699045,0.10715570337345223,1.6807297016070708,0.9159620220613618,1.4142622440618189,1.7362657076876156,-0.4151726356647146,0.2392472386632061,0.11743137937191739,0.20110563659161967,1.4776390442895455,-0.862655837374784,0.42027679367668624,-1.6548353253978272,0.8957090416176947,-0.1292041541048604,-1.0838021052370985,-1.1940826831231937,1.7126555238810277,0.5162453303962257,0.2611060565241477,0.6608212194514901,-0.7421000943195701,0.20750045486408805,-2.735898662911994,0.6158708061700917,0.6606289677732298,1.451616377358191,-0.5699865588180416,1.3325050415376036,-0.13983389017832268,-2.350021930427225,-0.008098956359321771,-0.30310318929835217,-0.3212150061714016,0.015848459050235963,-0.5925949194396853,-1.1271235063273455,-3.4615267928650892,-0.6550061354853451,-0.8661848904421521,1.073050661245555,1.133304691575056,1.6089034273369058,-0.4996994328683448,1.2369711310811173,0.24716980769640595,-1.5197603763657375,0.033994858496993546,1.1649175861421512,-0.7712768452985036,-0.5951109475360679,0.3016413648055559,1.0501894557161986,2.3947941303305913,-0.25501273451488227,-0.01953332476835612,0.4171688563167626,0.9401625853327578,-0.18322736959995892,-1.9519807297226797,0.8335501270158688,-0.1488337945281193,0.4770160471425483,0.2946206541659454,3.842141124876342,0.058706085523116375,2.445967534175078,-0.2550649994713299,2.0652887440584298,-0.924683811891037,-1.4588243478077898,-0.7539430376119381,-3.145161211290929,0.35561033995509117,-1.2202369010902783,0.7683494603276533,-0.27133877009273755,3.214445115553089,0.7972987226101281,-0.8077955952055391,-0.266109062057039,0.8587767583026606,-1.3933509132437034,0.15301504704062457,0.14281868794750763,-0.781288893748098,-0.875144169260795,0.4591934704550392,-0.5026353190568751,-0.28170429866494673,-1.9852277806612326,0.20112147502243743,-0.04070929383332811,0.7998878144819515,-1.9261814872770882,-0.26537024673724097,-2.1802565827040676,0.2901558299318123,0.2752231534291193,-0.10554210813667675,-1.4141176093234251,0.4639607486394886,-1.3899327886393962,-0.22474874294602437,0.20054370038604863,-1.1988458896439549,2.045746551379103,0.8439060286918375,2.9891563951590885,-1.338223059786022,2.562673398430375,2.845094830293554,0.2355882592399482,0.6221299880839517,1.1313359046381768,0.9684874012993524,-1.5763245247289939,1.0639184310344099,-0.7243194476874764,-1.4404537171847465,-1.6034423407722675,0.039621015189684694,-0.8135644035437953,3.5404128839780755,0.8003795670683863,0.14327626885333605,2.085738496292096,-1.5123224777605278,-1.2419920299830853,-1.6224390285534034,-1.3600352474522655,1.3545240789932806,-2.517237594242273,0.26639471415983335,-2.0047155505162126,2.670795804200015,0.9159174559109238,-0.6069062792453342,-0.6762796828176391,-1.567611010967357,-0.2199531669691831,0.5650932877630575,-0.8903494437351784,-1.2013140771510271,-0.18109776849784465,-1.8115909321361252,-0.26478033702773096,-2.0814385697583964,-1.4714061463962844,-1.8103225356484964,1.7094450945231954,0.9606650567949765,-0.10673612348239758,0.9777065031407478,1.2056925123287074,0.6320729257383039,-0.12833138359744511,0.2795688690183564,-0.03175571002069468,-0.7211278348188386,-0.6236598726666511,-4.012363351303833,-1.8912808620630837,2.9090209875496265,2.3790639921722803,0.7051165696419042,1.4236533822496567,1.0038203464363202,0.9369303404263603,0.16694490045776472,0.3580804737947907,-1.3882850293529565,-0.2957382304280133,-0.12526693356257124,-1.0354630746355962,-0.7665880372173897,-0.8560362431875757,-0.24708113293862197,1.8802610977793406,0.9037427884986472,-0.006856484072187252,0.699020772572718,-0.20056225455920318,-1.3267377521347994,0.7654079940589187,0.8996853612910177,1.0767840938197526,-1.6615365302013578,0.2630374943017837,-0.7345051104967623,-0.0248898207430851,2.228139651760678,-0.456910168209075,1.4536686149564044,0.35961527841763014,1.6132711373171515,-2.134325772628155,-0.03631187062883312,-2.3987056083608467,-2.8599358026701394,0.6084320702286984,1.1257225104313031,1.837746402569551,-0.541140881456516,-2.4767356631717217,-0.7069829514308485,0.3559188849121059,-2.341145421740411,-0.184984303830802,0.7349673384752364,-1.2933318925931938,2.215966589110058,-0.8532571727616263,1.0487438758010381,-1.1932130621272146,-1.2267095475424263,-2.2029690221936624,0.657823331954506,-0.23280484451104222,-0.15176447128252768,0.8766397467289665,-2.6272206688071744,1.0067236501225203,-2.0795523688857207,-1.9476645191302064,1.613242506993703,-1.5802483553141007,-0.8577917468494909,1.3023637178510175,-0.3826041766807188,0.16865330410360369,-1.1828302168447857,1.0353620624110007,1.2963124526913772,-1.2669624059912619,-0.9888106886802535,0.646971151079985,-0.6143299909233539,0.6641190414181568,0.9277436482900953,1.1380226741901311,0.24139616761137095,0.34344580272926806,0.7146505146846904,-0.10088815511026517,1.0195928820182543,0.303480008187162,0.12460069817803303,0.8663090516249471,1.3637998801345315,0.13697378556841394,0.2101593865696778,-0.32551080118752374,-0.7086306394139981,0.9131879572533398,-0.6407513939536523,-1.9470980209992983,-2.0127928685213647,-1.6958598772220899,-1.156167323153226,1.924774364803207,1.68213447808811,-0.1422557745679762,-0.25416990642511705,-0.6709442315752236,-2.519827715461314,0.9422370844502742,-0.6683346529194496,-0.7349921200905489,1.511617160315871,-0.47621450210680083,-0.1547556286370954,-0.17255684777859656,3.014862405545109,-1.498547832283331,0.8584879184039171,-1.7819277655973211,-1.0895642254896878,1.8632819792452493,-0.46205522292777007,-1.954197331554822,-1.3181940292286634,-1.126275677868852,-0.8813001011742324,1.81213303998705,-0.5185530670043065,0.3050600817993923,-0.8878573257513689,0.41545038120383954,0.07497416941417984,1.4387991791890669,-1.4703390931332594,-0.47456734407469986,1.8574793361445043,0.5327789033577934,1.0740235362013049,-0.6312136836145875,-1.7111377952350373,-2.751361682326179,1.711894394459978,0.8238618949280483,-0.20167993598003353,1.5715058278102714,-2.705407614345903,2.3672749042637466,-0.7326615733506353,-1.1715859729103013,1.1334167378894016,-0.23959178803018255,0.9245958112986911,-0.4680317785766877,0.8833503332514085,1.9506146981587662,0.951826857684191,2.3773171625152694,0.24566432198164628,-1.0878970371407282,-1.2890153933673,-1.2132624235353768,1.9471932172596458,-1.942195277042301,0.7915242073355226,-2.5119625438591258,-1.2612009182126735,-1.2316959438531487,-2.9815711314779643,0.5018501813437827,0.5487152155646828,-0.9604276617995332,-2.4187729021822633,-0.3010822016204404,2.3397979080074345,0.22999910594034106,-0.8113970264269539,0.2853795563902084,1.754508501681415,-2.191612298039172,-0.9657114865329464,0.13380223937661737,1.6025373040323485,2.3192287516046846,0.9097932428128401,-0.43748585968442055,-0.6598962950523406,2.863726397254776,-1.0592493281063868,0.1556615024525687,0.8603517230954615,0.6017423000921088,-0.7128756914099801,-0.796483169186451,-0.9123369715647609,0.9778858418190091,1.299358018456168,0.5283992318536845,-1.4495533567101422,1.039064512939389,1.7669579368423045,-2.974995584489807,0.4531718341317164,2.2419550205171443,-2.765842535880562,-0.727925876326392,-0.6464098408090204,-1.0450112840756867,-0.12607820597292113,0.2531009883569351,0.6870449176992374,0.3567135272420777,2.117827205072471,0.18050302814095406,-0.2768515447094872,-3.0165035997003935,2.087621308484071,0.4637706685919522,-0.39685107338274106,0.9487373680273762,-0.03957414796326053,-0.2997292039483954,0.5653550185889571,-0.13218567201822784,0.8430905838428963,-0.4997582847780737,-2.219375153819638,-0.19291668409538648,-0.7260737070327103,-0.3465060808903821,-1.398056645422414,1.4487685935363044,-0.8600578011473878,0.5053681999706615,0.165589278327698,-0.26488028786387696,-1.2030855048226377,-2.3701999199261787,-0.9104330788393964,-1.27389576254099,2.2438254526806736,-4.437368318028179,1.7761010665282375,1.9682630154131844,0.7515981791621957,0.18062010485823088,0.19987622125757248,-1.3960388444690106,0.4761406602750171,-0.05541943341801503,-0.11057478076123461,-0.22293236366626065,-0.7255068600738468,-1.0470681709275678,-0.841815818747215,-1.4163304128140124,1.4877195671017902,0.48905050643082143,0.5071042526982669,-0.5350058865969807,-0.6132464111416387,-1.7137497437906928,-0.07859464844650978,1.009376576194009,-1.6645923698244083,0.3156633510223524,0.7087285989465115,2.309347245825607,0.06330298089194564,-0.0961908923918461,0.6206939176144253,1.6166869790177172,3.2153249142934004,-0.20718663019980843,-2.9981376971929814,-0.7385961220735002,0.05161939995709655,0.513928198533462,-1.6731182335773036,0.32466248945495363,-0.538605812008132,0.14386021112988767,-1.1471782874740788,-2.3450689175261923,-1.419020992702934,0.32895983774455295,2.834177595443216,0.3159635273761286,3.3907787073327684,-0.7136074664663207,1.559525526336981,-1.0954489483842997,0.5566439580658061,-1.8633825146329215,0.010022730683658165,3.2342179050977764,1.4544190476698788,0.1481242625788454,-1.287495653828043,-0.14581627252880008,1.2057865088321997,-0.7590852310683504,0.48590047736395375,0.6438225541949321,0.01219640601346772,0.023017276469219583,2.0974664637133227,-0.7013450549248115,-0.6450016530125051,-0.10490506053414089,-0.3255280402628722,-0.375718726887617,-0.7831056111863373,0.7906993678686731,-1.9987184625670762,1.782076413406412,2.127866194074625,1.0251584951853498,1.0749257386323958,1.3340181668536182,0.6299567402851829,0.13110551063814685,-1.8851324949273618,0.6740104343834694,0.5318564292883501,-0.7821656286136516,-1.5669121960170778,-1.0231169433048624,-0.5728016820034498,1.2318682650698438,1.7487441050681165,2.392796974961587,1.074769566639581,0.4275122102517287,-0.9833622391225794,0.6328679178015609,0.5018910868116242,0.6089797181040539,0.8331990443959482,-0.1741807677909092,-0.1181452192470986,-0.6786236403772385,-0.5819823311829055,1.9306576520892176,-1.2099991034040043,2.6237652209331124,1.8691071628529294,0.878498104598004,-1.3377149376559019,1.3463073356930237,0.6983966972393867,0.7711272587285019,1.5191490839420931,-0.30524905487748155,2.1232263236049573,2.0333619550156756,1.6578828378111194,0.8501999465755388,0.41342655706904796,1.1476477167737846,-1.6601678851170756,-0.306103957085969,0.2580222808009528,0.1140581121473155,-0.4581814407564704,-3.5837437895747595,-1.665332205316158,-0.6758281880728308,-0.37322741705211193,1.2318862204464638,-1.1994536458365792,0.46255529153656255,-1.750041327942572,0.8688202229893468,0.2663074700343663,-1.2132002456384134,0.1945910133691594,1.0517041473017563,-0.17218354244894707,-0.2906191024364531,2.460828518795024,0.9435772639459077,-0.6775921643431172,0.3877828891731119,-1.137262806635483,0.045296187526118414,2.6739631152252823,2.8855536539475297,-0.32693941115611214,-0.9944624614829967,1.232400309049054,0.7885071152452542,-0.412879387653366,1.2170048192677172,-1.1336291661582423,0.7499682579148935,2.8115228144449307,-1.6496373961874582,-0.5951399952315714,-0.1794162894005199,1.0622213103336857,0.39371518928298865,1.419650942064409,0.5612583508587535,-0.41348185578381746,-1.4005070606317214,-0.8095433225642648,0.3578140854653974,2.6436367011916575,-0.9029186101509088,0.7052446716795643,-1.2882868661825733,1.167144874414983,2.336524161830896,-0.836396101114997,-0.465930219979306,0.8173072637079133,0.32798913980054323,1.3985370363369243,1.3550707412716023,0.9779442446478797,2.974027777692335,2.0449422098281897,0.395081100658389,-0.49137001879494785,1.7086049416879066,1.0564513998487994,1.6426310913831559,1.9284717652239638,0.692384903728404,-0.627930264944034,2.298330670493928,-1.6775689541428236,0.632201488608086,-1.7189367225321912,-1.3002003142542597,1.9977094584854704,0.4191386593326639,-0.1731315273918373,-1.5096254498415758,1.0584199818235882,1.419703440065792,0.4660813669771525,0.06594430638358713,-0.31987757804461686,0.2453564599662988,1.5597610468390206,-0.6973169284150981,-0.5873379029021797,2.1984579733274505,1.0659890500751739,-0.7883167823394335,1.8413588482057277,0.49279282709621053,-0.6639632492972792,0.05890871904366586,-1.3168051228899162,1.755418433653147,-1.7045573918142927,-0.31490817037293645,-0.04467225689564647,0.5717842650690703,-0.8900766940620362,-0.7939556782151312,1.6263531564380114,-0.9443853596751814,-3.293352866682438,0.36913279609290284,-0.16818065703569485,-1.153868440240659,0.9430077837206279,-0.5928384441105715,-1.0309728932195372,-2.308595759868699,2.899332890203127,1.2258946979025518,0.0869035166412753,2.5232611015647137,-0.7221939180985755,-1.2186460528909104,0.46010273311463806,-0.27686744128247875,1.7835271413191187,0.002402842309674428,-0.48692236655448784,-2.171590000357128,0.7856927093398286,-0.6788734181440591,1.8492114390121115,1.0797282142926226,0.8388988694267623,-0.4879585672188938,0.1545450784334349,-0.0356343381143579,1.9930441561111665,1.230173068055795,0.733062869549046,0.49093451904640195,2.0104361720034376,-0.9883726268808424,2.809919834609291,0.3043673025947913,-2.084598660723043,0.9427476252337419,2.391971642690112,-0.31405176681556835,-1.6858196600147397,0.5553084173771234,-1.970654049431658,-0.17030119217266282,-1.8776335840235816,-1.3237698118257024,2.0592923008622672,1.646241965840118,0.6896712694971336,-1.1098979872313552,-1.0048415360958214,0.7511394328198551,-2.552177907236755,1.7199239172852465,2.246641652517156,0.2747298646137911,-0.5231132598920367,0.0627995111895856,-2.0885987270819455,-0.382758734841352,-0.49511352095357203,-0.4918677449934899,-0.17351742904075668,1.3207192827913476,0.6760376316299049,-0.16092349380029283,2.2293882999804566,-0.33118087279998076,-0.1345540699316936,0.5841888599873831,-1.5795716600348189,-9.606163977204929e-05,-0.8011450809375079,0.298427180650519,-0.21056854354525784,0.934483260986022,-0.18762812829263298,2.0354744292538993,0.6836831201958832,3.145682375131592,-2.2711879756853173,2.125906477132525,-0.10946376079348116,-1.4359833103600794,0.5704132598861358,2.269634889980956,0.17420990499736433,0.24142303066695098,0.47780056976498086,-1.4483188924755332,2.5775714662237084,0.7896034982907569,1.1564069592892157,-1.2361314632932228,1.3021431695679309,2.338824089019091,-2.8313974955471286,-0.7656946147337009,-0.6852261958265676,0.8070161992025535,-0.2197054050763412,-1.747645376987967,0.8817090782193747,-0.9592835301147477,-0.6032805182598295,1.3406978806090388,0.8668787165939305,2.0857533861887836,-1.069917995190707,1.9138834449865874,-0.08157274236585471,-0.4479658330331653,-0.8459427778644977,-0.4372021143773299,-0.3661889298819912,1.3559327878495446,1.646422727215255,-2.4207387716311857,-0.07868373834585843,0.841228614807024,0.3907306172763235,0.2787441632769151,-0.9875583401084389,1.9650213064853526,1.4150837867007837,2.1348955554182276,0.06088258130606525,0.4512032987247696,-3.6759451246788912,1.0117745542074774,-0.6587194563567442,-1.5891255281039984,-0.37527633616436257,-1.6998481101378542,1.5871527033764992,-1.1061522484505846,-1.2649370635199357,1.9276019688631345,0.7091933333592957,1.420934048870956,-0.9539188087923994,0.18235071464664263,-0.42059094046574524,0.022413890433834016,0.8516184218940888,1.5607083427087294,-0.02912305012074945,-2.4599778718040337,-1.4700521384020586,0.47590016488025555,0.9373374719821165,0.39271305788321126,0.8493609725698305,1.358776241070582,0.3017906896302602,0.0759747536078973,-0.5703111602944783,-0.19057884732467492,1.7658712021266856,1.0645464255621033,-0.5568384193883086,0.8533025383109648,-0.6407246326974579,-0.772891474267241,-2.359961487216173,-0.9282800971590451,-0.3147821857230077,-0.01981494459713473,-3.6608664856012934,3.3715735327623264,-1.342977243519694,0.8381593876923261,-1.8951972333364653,-1.580269856091022,-0.2689035921123028,-0.6737375333260098,1.9836806917394134,-0.7136228586263955,-0.22937900690967097,-0.4998952929833247,1.8028559260665133,-1.2095102907955635,-0.03232881965366974,2.122472513458329,-1.3791230608606375,1.3254670722521056,0.5516733183737109,0.8510168545974798,1.6268645019036811,0.831236810982004,-0.6139412311356107,1.87405899488645,-1.4912327719623737,-0.408173694618325,-0.9610971676941917,-0.33239051112573365,-0.4833286744933326,-1.3583891919600566,-1.6777979884591063,1.3599513560362486,-0.27275652538846107,-1.4463109635012605,1.5405621483614986,0.46502531409583603,-1.5696176082092006,0.6837728999815724,1.9886769950317893,0.9809720749468974,0.27219876136026966,-1.50690164564112,0.20931608342109664,-0.6861583105327671,-0.3226792260659786,-1.6444669932884346,-2.186708128734673,1.533443335490495,0.15113138103766938,-1.7060292343352073,-3.8431077742516107;-2.0358918973294995,-1.9167637211104531,1.2559169396395626,3.1938660489832778,-0.5780777326555461,1.7016455590720045,1.9208768926613056,-0.08639603918485136,-1.7036649440706384,1.735749077315093,-0.4662339314699177,-1.5809143000094952,0.3359235306886227,2.014057083394955,0.30296281494574273,0.21178892418788473;0.47300612538474723,0.5188017555325316,1.7758383409527017,-0.34626861316378366,-1.7053904981174763,-1.7543354864974492,-1.163898432556619,1.3187037356485933,-1.9597972047012422,0.07576395177710116,0.375006916845793,1.4119634815713251,1.101150258990888,1.338236511304521,1.9342342743206804,-2.4165327416373152,-1.9298603676387747,1.4756106948454826,0.4793854693431038,0.14922004579728765,0.5937747406749916,-0.7239040130711453,-0.16784688347747212,-0.6260098011262141,-0.37592969968221246,0.42311636432767713,-1.2221527420282547,0.12759843676878505,0.3031990668746706,1.1056545570204783,0.1617903319886146,1.251025112409508,0.5792752504315152,-0.5457083085298481,-0.6471695323104175,-0.27360435445004555,0.41042943113257035,0.4125748513623378,-1.0978230385603627,-0.46452532543809577,-0.48228223388572855,2.846759668578059,-0.26072433536969764,-0.7268649262409485,0.39150976817065397,1.0526793619852872,-1.5495907876153039,1.1129042011035606,1.376749339123749,0.9529171736350457,-1.9126340494122578,1.9218635868098919,-1.9597848159479085,1.0795085079957218,1.375164149195267,2.7358623286741848,-1.8877439748179483,-0.8549208888363768,-1.0810990385883517,-0.3870768147755751,-0.18098122213982237,2.5107924828850847,0.47109015500702955,-2.0545266096590997,-0.12502056283633867,2.319832408861459,-1.3470051080684502,0.7373403141243693,2.5421967130253917,-2.0240772452040083,0.7303156623390358,2.0814297678725118,-1.2925707776139224,-0.506083229413184,-0.9105062357209122,-2.1116384512197155,-1.027595723490379,-1.8316863410000175,-0.6162870518705182,-1.0111732496615322,1.3257239244391383,-2.574908381963917,2.0291634931654197,1.8879380726436459,-1.324507071751476,1.3849501834343423,1.2800851389318149,-1.7188022840174555,1.3533321928209021,-0.4591496562118981,-0.1860272904934703,0.8148933596101404,0.8069406952164699,-0.4306276775381893,-0.060634547171585285,-1.4545371511047414,0.5486790534177252,-1.1606267096419078,-0.4176839892264943,0.5793839978254006,-1.3862337462882022,3.1447803418515385,0.6910447676829486,-0.375257273097095,-1.0396060748852194,-1.2649314575382926,0.0957127028276574,-1.0500034181981115,2.6281567886087074,0.9079339870707708,-0.5858984811183323,1.2548251095937513,-0.7006118911437302,1.3613635234068635,-0.995134887275413,1.6762938083497139,-0.4793459393489232,-1.0034034444458557,-3.0867998675676,0.9917838075928518,-1.8519100874895604,-0.6894232413034033,0.7361941624469063,1.8532157282272657,1.0553553936204352,0.9194843709065778,0.6086219989242755,-0.3664383567870478,0.04345601541572444,-0.7847555823127633,0.2662197799570195,-0.5963784357613169,-0.7080535458118773,2.0828271591173335,0.2899885617195954,-0.893873162594179,0.5095705825089807,-0.1772109428099372,0.022591549612591855,-1.3885076868909523,0.9950342618493047,0.8084285749908173,-0.4321046594900868,0.6369595909157637,1.7620794028213205,-0.5472415828428334,-1.2229734373824723,-1.7992450051582751,-3.426054348214052,-1.9822242645015367,-0.729118596204149,0.5205917870914295,-0.6163213492987327,-0.5823870503926145,0.397332368966431,-0.10307831715492813,-0.9663143674625103,-2.7819500569558806,-1.5182549023488434,0.36121659680579743;-0.09862717635132781,0.4667519900998761,1.7163842956968907,1.1159415703288103,-0.5388124672854889,2.495840250135294,0.17511788716225346,0.708406382541362,-1.0912865449422537,-0.7503699859813929"
