Individual,Fitness,Controller
0,3.3023245248596114,"0.15316826598955394,0.371246404225545,1.8081846125164809,0.13071666447939362,-2.622793311150516,0.2963116287207783,2.8985884218352718,2.243603414493183,-2.4098229767116965,1.075925945750213,-1.6326356022292843,-1.6105942290746835,-0.5643824748083699,-1.7991159408569677,-3.119937615798618,-0.16122350619934772,-0.675202862370689,2.818394695363846,-0.6774533153796678,-2.4324836888681767,0.7024874628221663,-0.6207855587229214,-0.8031914726301845,-0.44635911469102607,0.9270655621534003,0.17855677174294565,-2.396480076547,-0.8399575153108352,-0.22444441733979498,0.5293663907727307,-1.126142164021381,1.970980540244693,-0.6524275234000105,-0.3917074902548658,0.17251845838319696,-1.5398833762873767,0.04048017417173472,-1.789505480386179,-1.6331973500578372,0.1600147387152207,2.0593640634606505,-0.0950412810402887,1.1344540255672957,-0.7653267526015475,-1.1689873578208694,0.19791407778808195,-0.012444819197499846,1.2815188863467164,0.2843608073830661,0.026992871923655903,2.6167770111586406,-2.1205860866885877,-2.187895434176448,1.1953595200608305,1.0895492727206413,1.1213297020042958,-1.4440366732462357,1.8009716425983286,1.7266173965396754,-1.0853545762308308,0.09884544051254,1.4609801041136357,-0.618953651404327,-0.6287557335039745,-0.980013800182864,0.6280445101893728,-1.7330652654354317,0.8369054045529498,0.46425036405759224,-0.9976620107321514,-1.4442690583431075,2.607966589817501,-1.597793095805407,1.1120678110235782,-1.1923355211782742,-0.3271905294845503,0.12305719839106743,-1.6772255799072275,-0.886263504096486,-3.032759599463112,-0.0299404769932598,-0.19396900135495826,3.7260568422120235,0.8141252387792777,-2.202631759896749,0.5362119982755238,1.073278268805402,2.8511459040456435,-0.49424574803969573,1.856936418039326,-0.02493281516116086,-0.9008024514791523,-1.0745817842894065,0.12227383091752553,0.3543941475761327,-2.5120175276892276,-0.01059685925307241,0.22391140831732503,-0.0456995185327802,-0.24871554261095483,0.40545262926021614,-1.0038739993884513,0.9396988122482741,-1.6072742444473225,-0.6492404690666042,1.7529885697371288,0.6697510721024647,-0.05808808191497321,-0.761172400744818,0.04426782735468318,-0.3163169939011009,-0.13266738890951826,-1.6634485717297072,1.0278077884323609,0.3507486166252014,0.9848421237842608,-0.24339804571637635,-3.792406752370979,-0.6670831261979142,-1.005864365158675,0.11546005809216023,-1.2374226325244349,-0.43260317266404075,-0.1563013892776502,1.879332073934963,2.538380510698137,0.47912734905916465,-0.9119238286218422,1.3907705755940198,-0.6812143384154753,0.2653225708050051,-0.4192973140296256,-1.3522870785288674,2.3146730804119295,-2.4875891354163002,2.462024197728119,-0.3194948112465174,-0.1334667042001675,0.6607349673847517,-1.3051427357754357,-0.46911880038861176,3.0625446767896993,-2.600995156666734,0.26170290977425087,2.141013406068641,1.160031767480624,-0.7838043548352109,-1.0506972470114566,1.165870931460364,-0.568744165422663,-0.06863523260431026,-1.0556027596099915,-3.3876525817327527,0.47380892675452524,-1.0465641747413879,-0.6889322938040491,-0.41002272085665026,2.0024443973484383,-0.459573709870186,1.0340956784512527,0.04344533469872769,1.430564532734263,1.939920640545183,-1.5209442010111784,0.09468358541307476,1.2797378204298355,1.9108304093183546,2.1012918315620563,-0.7023978267288086,-1.9311944368557201,-2.5892857796416786,-1.044384433406216,0.9182104764505268,0.8666686956829914,-0.05009287667333778,0.8144266690412341,-2.066462654662039,1.4019492280590113,-0.3968052264932638,1.901481925495101,-0.3104547125584886,-0.47980953156721023,1.3332581192748432,1.1064973973930117,1.6397636891215175,1.5384682352887267,0.9671190775111134,0.8809995664847698,0.7300791758339601,-1.2057864646453083,-0.6395730561067822,2.362667375054335,0.11164494943594308,-2.933140938542206,1.220516671827173,0.9447663388722497,-2.0309796632122175,-1.8582304039085873,-0.9242532223687344,-2.4727251178340994,1.1463485999600955,-0.2734645942876903,3.1355536711848977,-1.5406237143612898,-0.9487955416941525,-0.9874823250214741,0.2901727314242143,1.054797355532048,-1.1507104756258146,4.514995219832566,0.3111978705823861,3.111285767864312,1.697926998889009,0.2821544446431084,-0.20850073621829399,-0.14072565926246544,-0.8820161637443308,2.0705009378944936,1.6450984039174856,-0.39509036458560404,2.4546325621652696,-0.83127629092234,0.1387234873467694,-1.9086713517848555,0.051982746601908714,0.0009228434369582539,0.8223792377307133,-1.1498865981192772,-1.6433405782549952,2.5558521954062083,0.6508222949143431,2.172722915588684,-0.478868892222836,-0.4659898721584244,1.7627579973020042,1.7084629208226905,-3.5315384971713506,-0.4620951872906265,-0.8287716136773844,1.4821226960714766,-0.7879446085640562,0.3815644868219812,0.5249761918220337,1.905284176253853,-2.747200586097021,-0.9888034619692398,-0.5763539931283108,-1.2613339327741835,2.0451440965275265,2.313859321097833,-1.3929656621535589,0.588132908915243,2.4057203965529466,1.560354911915042,-1.9692112105796524,1.2655125833607235,0.2843920733376991,0.4189034332254737,-0.8850919815090731,0.5120652579871059,-0.7585973457574606,0.16741206899095346,-2.685311342098027,1.2596101160609023,-0.5721421691914919,-2.89109755744528,2.1530962068456825,-0.33323128782787287,-0.8807355142929945,0.9176280011194256,2.910353729924199,-0.9824802911373908,1.0600410848591755,-1.133512962605604,-1.0362596939721431,-0.20478726335915542,-0.13890648037039643,0.2684187518966061,-0.5780362876885042,0.7673197409550478,0.04599808325535809,2.134761917575323,0.7347807960101882,-3.6690494049515494,2.608141397916694,-0.11988583687271848,0.8549382620528835,1.389962882871619,-0.039268301669229344,-1.679883163000448,-0.3948123994829361,-0.6086566653593815,-1.6656756751267208,-2.344741633182434,-1.464359091089014,-2.664916434059524,1.1877945572370778,0.6030567062450354,-0.9649392535923297,1.2769369118695502,-2.1613229087474832,0.9014559588803359,1.488944617621261,0.5811633921706001,0.1770362210515421,0.16825022611104,-0.40896410957404644,1.6199399686362288,2.1628920478087985,-1.4453729369762174,-0.792215276728869,1.8910022120596273,1.3944241091005893,2.4248897647763146,1.8632074141260728,-1.2431168829576795,0.1259390412212814,-0.3168983755527851,1.6720080983147398,2.006947238220771,-0.28514615543921373,1.3785822598845625,-1.5656175775863304,2.0492613888945255,-1.3179612477347002,-1.4149493560512472,1.1522232987849592,0.9761491837870626,0.19274825091024705,-0.09248097859798626,0.22522880581210275,-0.9441280034941819,-0.6350356113684276,-1.5407856141722964,0.5826920852049756,0.4338717206748035,2.302864487900393,-0.4481648198973702,1.1730616723259872,-1.9903649366850034,-2.3147760857229565,0.051406556520463206,-0.5148244698001613,-0.21790115331917376,0.4375251668956315,0.11025665469222312,-0.7968848306272109,-4.316780167589454,0.2401753245682131,-0.8497343241983821,-0.41600569836354895,1.5181376363803523,0.9932556760374913,0.047400192457806856,0.4663040488979714,-0.713603485736833,-0.7264769944956577,0.9527025593342884,1.0542079352647842,-0.6817665969820548,0.3269107825981336,1.5410400279023393,1.0514410814219464,1.7219705566156105,0.5108988425169292,-0.45234626285313073,-0.6854890251508596,-0.6591006492072355,0.5702193140426954,-2.022769691019332,-0.48658353888074013,-0.44740372148874497,0.5284497064756208,2.016869087126082,3.2889556938393416,-0.563548479366133,2.7272610966671764,0.05914798946532447,1.3864196223689618,-1.1810642856324662,0.04298677140363231,0.4443112149566673,-2.245663189452436,0.5268412399618355,-2.122887191168242,0.8777011516887312,-0.8694268707578691,0.7970406630798932,0.9005517640757903,-1.0838510619309798,1.245452908745842,1.5527217170552086,-1.7982440492373,0.49366346070278944,0.7719449829721159,0.9245962147687953,-0.5489201755951263,-1.454563218690815,-0.28109956955499227,1.8481665541041363,-1.3361692267844425,0.897050185728768,-0.40668472882703,0.30821009578326497,-1.4146698594857752,-0.16436202304070208,-1.9464794271451336,0.8984761416227878,-1.776564015964911,0.05840291726150837,-0.2029702819022835,0.16433532326200984,0.1046288361711818,0.202971436859951,0.1732618211605216,-2.377726749467344,1.6988524195463217,1.8454237171883285,2.034014631750226,-1.1838145374206632,3.2705473223151764,2.97313694997979,0.11796249358515791,1.4655319288305575,1.3800530795910646,1.5779660871207704,-0.5834221993233784,0.7273065813156976,-1.1446871159983532,-0.30569244035262044,-3.68972265557735,-1.9946244622304445,-0.8184257171145344,3.541434674997725,0.8127811267713382,1.6697958565293667,1.1193560855299989,-2.2139329737779807,-1.3535004327669427,-2.2600889861937588,-1.6690803106439371,0.6689323296888102,-3.689617884367591,0.6233483923168245,-3.8578172635902583,2.288336665132508,0.37325803735870816,-0.8854957069115786,0.2927328209386734,-3.3936412816008312,-0.6228897435672311,-0.3182222515792671,-2.9915756616841382,-1.2276791230350454,-0.8123546405826759,-2.3545066585264336,-0.29393699968808606,-2.2737407823969518,-1.168537503046436,-2.3286736096800205,3.686953514619348,1.0572542052479972,1.1006845010077109,-0.5701117846522817,1.0536967889277409,0.6944026710398841,0.5742616698679812,-0.5041862839020947,-0.11020054923607386,-1.8290486698791133,-0.25569689755608416,-4.668488140239717,-1.5476929952612157,3.825888761862599,2.8758710337221185,1.2485901378656261,-0.3893074396341967,0.6139510737497438,1.3208785710180075,-0.6252558607338053,-2.0938749377598547,-0.7082872073800958,-0.6348700005266963,-0.7624465823332044,-1.7980318612444626,-2.037920693629277,-0.44879071442579704,0.4194633181816434,1.3256814878859253,1.9067630253937136,-1.3031629718300988,2.181205694342675,-0.28089041595186315,-2.1366359638338057,0.5903993093588318,0.6069825918403029,-0.10542801473170399,-1.642644782928438,-2.9746693470959937,-0.9672496138120599,-0.3586016760304281,1.5319700832397118,-1.935788988415093,2.813588958090509,0.39037102749918745,2.1835553447058853,-3.09584834187052,0.40158678268575165,-2.375396660476307,-1.1780372943107627,0.4191177716747582,0.7927818749235322,3.0228736115017556,-0.839129042776371,-2.2850302226626598,-0.6196786487689152,-0.9143773499156884,-3.4208646592959036,-0.8180733001860616,0.051536618164491066,-1.9885962064663907,2.3217370968487367,0.48620934143413574,0.7654957388203353,-0.9808865343175931,-0.619551680171833,-3.6606084783178052,1.0206155336235294,-0.37824270047188685,0.5471839875274482,1.390328324089222,-2.3718570529382874,1.3231590760178062,-2.0500248839067563,-1.67761776504759,1.2901754521841209,-1.0577194726747583,-0.5705671666123323,0.819408364801558,0.9272984743020094,0.0711135149517213,0.7931997813055914,-0.15213197272787635,1.3356590266541266,-1.884115946337174,-0.1560795749878538,2.8470983786154456,-1.5448438665106152,-0.6003485012829874,-0.3026829255090767,2.2313163125529565,1.3270532272737807,2.0387695392206617,0.6377659825660515,0.25321073891875784,0.3992054865563037,-0.6827921312438328,0.18275090360844062,0.3323337332712998,0.8724005440137339,-0.8520752816838836,0.11532157040837274,0.41133435852388933,0.27221311824408506,0.28538254313108447,-1.0439861318077375,-1.1719930670372651,-0.6603404610323754,-0.7135356087877102,-1.0730317987171176,2.1747457847573437,3.040081926337926,1.0754555151192584,0.4346887942850988,0.2915667746558742,-1.099343470421568,0.38292149898439604,0.41323579695010704,-2.058198530071429,1.1484595487383347,-0.6247091161728902,1.5401345135003448,0.31895869079106487,1.789958108669513,-0.23823402319362968,0.40887328779981363,-1.0640496279187568,-1.3068221642563547,0.48848720271586193,-0.7250796975650767,-2.5673889169046267,-0.6660448559597892,0.5192096117768065,-1.4447422190552055,1.657870160579733,0.5133016402198036,-0.41388892326267107,-1.788777263627206,-1.167673204304571,0.7847634442118753,1.0744618043755936,-0.5803706936150349,-0.5276720102976362,2.405301197791157,0.8835341488422139,0.13586822485568884,-1.2774212101799252,-2.127037109926829,-1.8029948036649825,2.1178786786292654,1.912029466248063,-1.3560649904865059,0.39931274091066105,-3.6906680820255024,3.355778383340521,-0.43799449689172854,-0.43540687506381837,0.5897452941271347,0.1239746583184354,0.0958927827366331,-0.15480842753323543,1.3027084108652134,2.8192805032775197,1.783830641955123,1.9333683200246912,0.4016947720679926,-2.0465521618353217,-1.1173770235295766,0.9382326667250043,3.452424166666421,1.2808922632973976,0.7969820585632661,-0.8368154913974534,-2.453728577213427,-1.7921759847709686,-3.403408380598601,0.34726215393926996,1.6754987348529844,-0.895299933225876,-1.4867960914387943,0.7748808214736129,2.3458710628729493,-0.3215746567749197,-0.3637099463914666,-0.5448716310859578,1.9891482202755824,-2.6030249742259084,0.17620763313148477,0.28112232434046314,-1.6859868313439554,3.2318837553871687,1.5168251844806098,-0.4385684632939443,-0.6374091786536698,2.6040768431496133,0.18542452194674816,2.100879228641341,0.6542052107863775,-1.208260628934529,-1.5648717866096513,-0.9406414402585874,-0.599818048381352,0.8172039360452537,-0.10329163636203342,1.3518320606345966,-1.4278101223092343,-0.325889543225793,1.187658491104159,-3.030036821717095,1.5576367132157432,0.828246954428057,-2.62979690643366,-0.7073611175599612,-0.7191238259840789,-0.5729742117973692,0.15027629453506508,-0.8168904604330058,2.5988900994936492,0.15865965169312446,1.9292866591946778,1.1593210274924954,0.28474225719285057,-1.9657851790055074,2.0258630988260937,1.8996719953878696,-0.6600129356994232,0.2829615435216758,0.07560548029935377,1.175270792766402,0.7315506760726374,0.4509634552577749,1.4977403238479332,-0.6900838118904408,-1.4525006026487424,0.9936058740041881,1.1931316758607107,-1.136954574870587,0.042155189640977676,0.21415262844088578,-0.818855536301978,-0.8068482012240502,1.0261000371943312,-2.6186887169679087,-0.45895590483013726,-1.7671375801812672,-0.031722120839460854,-2.3046166145688636,0.7099939018883257,-1.3430691728975177,2.7774874735472177,1.335290243334875,-0.33192365560521775,0.3500488375942717,-1.2092358699740842,0.2367009256841542,2.434800087960897,-0.6615039482442724,-0.11861449257451648,-0.17009571501180792,0.7413847795130608,-1.0127667514566485,-2.1447273925257284,-1.229928695427035,1.715213280118938,0.13266544043416267,-0.015808514858407896,-0.13963687295034438,0.8770086396960799,0.3853822315714772,-0.6884354088759798,0.4003262013473464,-0.19621005045140144,0.18845509191695586,1.1099933506548016,2.375099284894803,1.014623266762754,-0.21307909051693952,2.162891669707445,1.0902853324022976,3.7981776883143072,0.47844915517324177,-2.0041432074253502,-1.4838791536000837,1.580085105795848,1.0672469673128908,-1.6290849214425625,0.41810454247540674,-1.0978683347856752,1.3688960951318077,0.18333810113817406,-1.9526481596169463,-2.497899520017096,-0.06358202121492895,2.8703310508531557,-0.42337126851951074,2.608498779044274,-0.6401395475216639,0.4720116421707795,-1.5170306889552403,1.4148501227580437,-1.117729699360019,-0.800449964899108,3.3216601108757553,0.020828489468023473,0.5031228515319087,-0.5740733902916608,-0.23903914556265754,1.7354200453246778,-1.7455284099229789,1.925264903271158,-0.9356378253339209,0.048039087490557186,1.1156618584983966,2.503991606422343,-0.6606331637174121,-1.199328776720911,0.9414047297973148,-0.19329710038823228,0.16224357855563007,-0.4808866355359368,0.17655162198803287,-2.0235319781666514,1.1247100547067161,1.832514417262471,0.4542222376351904,1.321481824674588,1.937902112748929,-0.09430226383542922,0.5598453953840494,-2.7439647139526984,1.7303857417653394,1.8878155476308076,1.8046284871137286,-1.9296753209925996,-1.8459998854798154,0.37391698933682094,0.1617186438235134,2.713065430039083,1.2594697044218892,0.8930488025636363,2.9892853932609094,-0.5718621383014013,-0.17865543195460915,1.3243030781050587,0.5837169605622546,1.7241363951912068,-0.39580986348319125,0.7857025139582778,1.0762079724946634,-1.6710888626008495,2.6392650297413724,0.13914661565892072,1.7568699359404958,-0.09541387200844065,0.3801193050385385,-1.1310401755240296,1.4562122699824107,0.4109121237770185,2.317016743872301,1.8819238956194713,-0.6277218323829858,3.1470934895418763,2.4218451599956,0.3900857076115407,0.031012312906816497,0.2650456471469286,0.2890596973089399,-1.386445595701493,-0.9394784864926604,-0.22056914961860297,-1.0640321305952174,-0.578149994800818,-2.9381148270593638,-1.6690404372714944,0.18643305732211007,-1.773054775016191,0.5400055117602294,-1.1104231139453369,-0.22357839255165748,-2.2567491853812576,1.129336598317661,0.5172653067770582,-0.07525223444591389,0.067160408127541,0.12177430859596156,-0.5530754778228961,-0.49835063821025083,3.0435413038103842,0.17593714175513242,0.0416003118622405,-1.8412993761030325,0.5347397216363101,-1.3175980797744837,2.7138293218007923,3.6800129179376113,-1.2904753802742077,-2.0061654586684683,-0.7589188857273422,0.905058532787898,-0.2686948661205637,1.4567428826004338,-2.299041609182588,0.5347552446029824,1.986105166113698,-2.5318906901713314,0.2068115814785227,0.8900716665417053,0.07263680152599869,1.2040883479289943,1.892216968168184,0.21423194894333836,-0.43668986624702166,-1.1418016474879262,-1.8034743014909838,0.050937865338903376,1.9282879261873382,0.1349848599557456,-1.1228711565107408,1.2315075692352544,-0.0796369586953333,2.508406417505955,-1.999038409381471,-0.6822860402700173,1.3183554407133649,0.786737831033161,0.5023654712712714,2.2218003593696434,-0.06351013242078296,1.531700809039905,2.0442769752073153,0.8047775570032752,-0.5149788753865796,1.1688466492543679,0.3109446072715909,-0.1288445023427786,0.8952185826704443,-0.48274030135125756,-1.307174139283267,2.3205166021766117,-1.428749028649594,1.4072772301247551,-1.811000252071227,-1.714135525014473,0.2901368946951135,3.301590738893217,-1.052315678428728,-2.7806527109276526,2.1283538903241266,1.8507939725003972,-0.552441380117773,-1.7899775640218891,-0.06437666391029359,-0.6052732852143546,1.9338480892721241,-0.29800838950893427,-0.11883782322994173,1.304270670728738,2.5590998195049974,-0.7198732024182367,3.5206327591646946,0.9562734267934176,0.22373694701427801,-1.209763259863116,-1.3214348219875776,1.358682941210616,-0.9770273524513642,-0.07056011045245386,0.7817815681593058,-0.09958586762073618,0.23249898103999958,0.19929348839460614,2.166226876515981,-0.4147408396947295,-3.0803694296072828,0.4301085282440684,0.7815890784857983,-1.7350379316014222,1.793310839136722,-2.0610334915907407,-0.5695717603919648,-2.7213527783575837,3.644308986596615,-0.06788837329180356,-0.7076523947225175,1.7521079293547481,-2.1106345249119762,-0.31350639737353636,-0.6013265734352229,0.628957099095828,2.523842764911589,-0.4954540576594745,-0.30719782243510063,-1.9030800401632306,0.4620394100218477,-0.19534735636673328,2.778042118671875,-0.7920687419572557,1.8980568656928047,0.8866285860578175,0.11540983597906926,1.744431383563518,0.05628804023344658,1.1467772433316061,0.6987291019603992,0.903455689870214,2.6030565275625417,0.8036019991018528,2.966351070136939,0.9812823516284319,-1.3213027784201152,1.736776356409202,0.6760641255876574,0.9742569769721922,-1.0424181630385227,-0.4662565863561055,-0.6917515317705076,-1.3078763423452648,-0.8760986328933795,-1.201757618208875,3.0968003701752354,3.1004968048286625,0.33909331584246644,-1.326698756653137,-1.1621325537764584,-0.6684646393118225,-2.290240923406075,0.4556270796078761,0.18975613157908894,1.9700707333328786,2.2823650297385436,-0.394450917209898,-2.6696834167149173,-2.6072655976868515,0.3044785736650423,-1.2784445919148189,0.7794913507889809,1.901472359803987,1.0184382710400808,0.7412503940221459,0.8347545645081135,0.5912168090834955,-0.7521689338386494,1.390654191966984,-1.0852402764920064,0.08026605044759638,-1.1157673796935996,0.7072977217342411,-1.702935983074241,0.42863385080964056,-2.5681996457509966,1.8335856535384476,0.43984043131555256,1.7010520192989522,-1.834617538517356,1.1197623537908992,-0.39051347269050857,-1.3463826366088825,-0.9780265580430716,0.5622561925871158,0.7614780406196529,-0.332898175253901,-0.6006963247339929,-1.007666301166778,2.420748919172375,2.3299425020139557,0.680643758602439,-1.1213797367898484,-1.2066405630610433,3.213906118346851,-2.3386552495545336,-1.197971186367166,-0.14942717996548327,1.1879833134740647,-0.1655872970685558,-1.3828203941795945,1.29870483315493,-0.2588051616058343,-1.5530399283753105,1.2186692254123448,0.9260532155764002,2.6809827925019403,-0.6871578332293509,1.196223479506131,-0.6069494883917433,-1.6721523204514086,-1.0445720395433145,0.22274506253547058,-0.5058857378842705,2.152597341688844,2.1036632489616216,-1.7035251310017037,0.8612881604771357,-0.539231019326055,1.0443755252479952,-1.1672165998937776,0.6496745528164882,2.1058924035898707,0.47302150325476855,1.4539906239622487,0.42512100939108083,0.507146663144104,-4.051067619321492,1.4864421948700395,-0.23173828368611923,-1.8704560655935856,-0.6294253046272298,-2.8881043043679084,1.8585974562439918,-0.6569294853295458,-0.6270226559195409,1.2699802469248604,0.24723064577365853,0.18925188700074683,-0.05912376423787377,0.9176266581273764,-1.4290387213184865,-0.47058516239974435,-0.33602115090481144,0.40924998007054847,0.6255062567438332,-1.6285967345749106,-0.6406817472187262,-0.4644551967842462,1.3994395690848325,1.117790851921606,2.8914077324229925,1.1065105453573931,1.2204784434321758,0.39750171534489254,1.4830175505335241,0.32900962825905766,0.0955873035972171,1.9768053316210714,-0.05174825498453664,0.42812465471341454,-0.13692478071548264,-0.9295105151395955,-1.6747100408554438,0.3776865887125148,-1.3274487307987974,0.5399650288570044,-3.6787232093228033,4.3856400802834905,0.10732013780893546,1.9126128244476175,-1.6040378856897541,-1.2912004212598467,0.5025789116292617,-1.8463394474144599,-0.05301790626499625,-0.9709379016555385,-0.8750106767396137,0.09214998473703173,0.08394921466748051,-1.5994413709017594,-0.9478695447884347,2.8884811441344986,-1.467880549454423,0.583644809590413,0.7249370684609704,1.0549515966827014,1.305063028565699,0.8528459623706774,0.2215968944262357,0.6991501908713678,-2.196411240968389,0.4213750801571092,-1.1831402873401842,-0.40310374263686505,-1.7568332664359803,-1.264842299592936,-3.4727158450398132,0.7741610815948312,-1.361906015667237,-0.4930086568663587,2.084015761150702,-0.4620686369593096,-1.5758367993812366,1.0150735663201782,1.4380507871098545,2.4022592607119106,1.7607257659041087,-1.1345962741697015,-0.5366726583929693,0.022817282476289114,-0.7132681425606812,-1.0507450922291874,-2.2121432531309106,1.9207578305688693,0.012154865712835528,-2.1397327211121273,-3.5620374197742137;-3.433483941960727,-4.75429254219321,0.9491387136814701,2.6250584261925196,-1.488002482790415,1.7574705611374146,1.9005942933066984,-0.7482237146948312,-0.5761398535193135,1.9254096750996244,0.8064847703072406,-1.726361161594495,-0.5501908421673767,0.6649236337829371,0.2694074792865275,0.7479267226228145;-0.21339736611318788,0.5532290179870802,0.15767928189303315,-1.7276603180142385,-0.8279268656183523,-1.9239794634776675,-1.6644725803574236,1.1468784359101376,-0.1708667338533496,0.516115435751839,-0.33574964293660947,1.2788819109955047,0.5123444946966784,1.5428495889883427,1.2471365325331303,-1.5253415671470751,-1.881615288059902,1.7547693233657526,0.17706400737204392,-0.34142419528850165,-0.12915565444348828,-0.4004028723969375,-0.6486984991629876,-1.0385708128400415,-2.2017337576977565,2.622801170402252,-1.215218166962272,1.1785615517576382,0.8226229909898162,0.3624130310442866,0.30657486642111115,0.9971893551755207,1.9226619479814635,1.1434349849758094,-0.6344717560715428,0.528459229179191,2.2010368338401887,0.8748458082397531,0.6604512694351077,-1.6596995027630776,-0.7733805040944743,2.4948513763474263,0.45989998059446013,-0.4644208697829294,-0.0031967928674471735,1.7615830386029612,-2.3764316344175915,0.8242468611890421,-1.7096234072278351,0.8757047057614394,-1.088171248408426,2.1114717049544884,-3.253868322926989,2.143954395663628,0.8131408223904754,2.894161610276859,-0.3660480105533905,-0.4616946701857031,-0.4679055268932689,-1.489112633871036,1.3167181176164728,2.1747951893166837,0.3713850070428193,-0.7542860900197305,0.34485804576380863,1.4223881589186214,-2.5891315888167292,0.27456399902949025,2.6513005038295843,-1.0103487215754277,0.059742153701255685,2.2481717355477286,-0.39344670653433117,-1.7937039582031242,-1.0887665839769785,-1.5586139884155052,-1.9028283964903898,-0.31044952503025636,-2.180595712848973,-1.1995813733445684,3.2614904695731273,-2.8277274834369397,1.1345957944706253,3.1082332224016884,-1.3314071533742386,1.3977828572711704,0.9013667427253277,-1.6547684874901598,1.3576719890964966,-1.0881835918481249,-1.4306248344894534,-1.2238862526095877,0.5435944506403944,-1.354690303065027,0.7720697989094716,-0.13229115474577816,0.41111248654360094,-1.4758270521170571,0.2856052755045475,0.9709646490004011,-0.19852813943795944,2.0255879156333476,1.179920471243889,0.6689772165535859,-1.8077236115445654,-1.3269356284044527,1.1843025682618025,1.8071446581769048,3.0764062126174028,-0.02388313586597389,0.6999014131942757,0.5716194436274057,0.3503991876412183,1.0807485034445172,0.5715389135879715,2.0482087700095093,-0.1790563867729594,-1.3341561757731055,-2.453164574447535,0.43457744086027317,-0.5878377800339964,-0.2526383053464986,2.2153864596027213,1.6248718574932335,0.7610987183773417,-0.39746218956812773,1.8081467651894108,0.39502044515171236,-0.5971918850427645,-1.3344709980100462,0.7069290436908492,-1.0915466872803148,-1.4282560466223138,2.540408283289872,0.18829401054795636,-0.8657103823904624,2.485489163389183,-1.6886234189356306,-0.26038156227833487,-1.8883833084642605,1.775261100436042,1.3353839266339322,-1.509770673707042,0.5731944671336032,1.1244606428769648,-1.6677483543354592,-1.3593653471608889,-2.128159842845647,-2.6602108154852746,-1.3680103845254439,-1.8126384285080368,-0.8321373787058739,-1.2296830834336783,-0.7914501821096259,-0.015115927499942672,0.997480015338496,-1.6212274542729963,-2.978656842754487,-2.0411386618961282,0.9973834650753817;1.459241456778821,0.7261498905098029,1.3917093071470799,1.5326715228114123,2.4502081876076294,2.481660107071332,-1.8650704163224516,0.4350858980560787,-0.697410395680661,-1.9740888482188703"
1,3.2500102070015155,"-0.15094903594119002,0.3617015316449237,1.1937349840428544,0.5228557630574259,-3.476265754861982,-0.567340432562484,3.5010698639656788,1.9493011766097745,-2.1817578359292455,0.6780363649600991,-1.8901511313763175,-0.4470587946748036,-0.534554455568669,-2.2986059734767617,-1.970188311683959,-0.3688601131776429,-0.45116249036563316,2.5080996500186266,-0.8463618398846636,-1.754075059813746,1.309045571662266,-0.12520238955048013,-0.7222792686482755,-1.1390000467808021,1.1042495943754482,0.04719511290194864,-2.783285949908722,-0.30552963809211126,-0.8669149319895795,0.6507752859089206,-1.431398557776148,1.7913280000043987,-2.2623857908774365,-0.7775696711080288,0.40431391349828083,-1.4633876668760077,0.9695252035974367,-2.9035305361896295,-1.5502270306712298,-0.005456440863590928,3.3391996600148675,-0.2814603176248361,2.061813758524485,-0.15376831187998918,-0.4116476819444268,0.9599719830408795,0.12969849041736126,1.0676045727681223,0.09256520751608549,-0.9800110220479893,2.7233430235653318,-2.6457891857971774,-2.7545164282383277,1.992205128845678,1.2971008606447403,2.204110024817932,-0.7537333044946607,1.3482131895411626,1.6368778307187781,-1.1355993591112812,0.22438674572974332,1.1764547365036049,-0.6350215184170449,-0.594127482286067,-1.1548088308322182,-0.29666050095080765,-0.9824338483788749,0.8496889074779904,-0.2556433332104785,-0.5049902267831116,-0.18996164885828581,2.36620562484336,-1.3768156380881478,1.731310679296089,-1.423095135028146,0.36213752878809435,0.14217889158410063,-1.531597191290373,-0.7852549991254979,-2.6855047947641277,0.7038191967258571,0.20634559659405155,4.848697460468823,1.4011012462242538,-1.777637192605064,0.5105097899308829,2.4955296046967335,2.053765064149017,-0.6503216273187526,1.517526999417988,-0.6517698515786016,-0.2614017826662044,-0.07131092695916086,-0.36162519701246276,-0.06503097573573124,-3.14647303168213,-0.28660688744780505,-0.7264753601403193,-0.17640038456917473,-0.20274031213665275,-0.0917204046859523,-0.6998114065909173,0.446418748644436,-1.2217477956592007,-0.5994866540486238,2.3136225903728156,1.3335674134777913,-0.191472316139566,-1.2127273280753972,0.04390896250480422,-1.4206552309921745,0.568518228449106,-1.7149002126763628,1.2773096008210818,-0.4140819438411445,0.48101794426995753,-0.3361232936089065,-3.110521760109342,-1.240600919975862,-0.9038861059069981,0.7600724107791195,-0.9138760597547444,0.32168881038180086,0.15683498333435847,1.122113060455832,2.2932763188960426,0.6662090131820338,-0.8929751523220119,1.3340538485419713,-0.6039596287051828,0.4497223121837467,0.20062657846680704,-1.580876760368294,1.6360366727117475,-2.282258754376034,1.457630000391314,-0.4869158734576524,-0.6014110690450045,-0.3348975480532197,-1.1760038895619471,-0.5999826928428902,2.1732428559603383,-2.3510636376093266,0.21685690067709046,-0.05705628322085721,0.9098278056982215,-0.9854077702103211,-1.5013161579330643,0.5661028655146283,-0.7791599306300545,0.5912618854310704,-1.0560142113897584,-3.3993820997302104,-0.03547635815073599,-0.8032176332143606,-1.3549991553132463,-1.328717837719831,1.3144366091308672,-1.8384870369422845,0.49502705776373024,-0.5606950765431835,1.0622194494000738,2.540450376537724,-1.154434925093193,1.2132116466777196,1.654323610365363,2.5151138869006338,2.4333818471041693,0.5095655506621118,-2.0549175808542044,-2.5219309106079737,-1.192143213359046,0.7175566285692809,0.46913990511917686,0.3409790732117629,-0.23610858649614092,-1.5148699044819505,1.7031381399792727,-0.5145726652112168,1.443007712846245,-0.4656455895742304,-0.5896945609668942,0.32548105353750956,1.9059299150015083,1.2043841986490234,1.35168892840057,0.32745727908600086,1.5056321656277316,0.24437574016621266,-1.5622887498717972,-0.032026040465415684,3.1973944382356283,0.23518445879598687,-1.978689039008338,0.5270354384135207,0.7260089582240371,-1.6524101131789894,-3.1018507111241442,-0.29760269612539614,-2.2812405809681597,1.1319699566272385,0.13982505202369688,3.192430934037819,-1.4117775854416468,-1.1907399541357742,-0.684885675361119,-0.00918746803513576,1.790228620966186,-0.040989896087469724,4.670091078238577,1.469624299469755,2.212968362649383,2.493458122890207,0.7677673733495223,-0.30666261322211524,-1.1031945933934348,-0.6924636655340726,1.0354140320973773,1.7371130426612664,0.42011009550216144,2.8584311332746117,-0.07129753378441073,-0.2457825659180824,-1.3751427422118816,-0.24237232950686782,-0.5819765585007074,0.6194018767058614,-1.2575838651358464,-1.5365069577058899,1.3307137982596204,0.5059140416280148,1.9798680410687677,0.6129043671444652,0.6967226626956182,2.219437112035955,2.726564572272801,-3.6934926979038307,-0.4679816833153199,-0.10869403019713242,1.5260953069772716,-1.418452869182387,2.1977076318015043,0.8620538613100281,1.4023346307643123,-3.8844719494850657,-0.9937311231141305,-1.5277660554959946,-2.200585829834506,2.054670818669705,0.275348311614557,-1.9874259379939367,0.5674919928735415,2.106545191223814,1.681664326762845,-1.1056748549306359,1.9600397031719587,0.20811522124278742,1.095470868137251,-0.9006461829484468,-0.08583095948268062,0.0015467795579731103,0.533130635514175,-2.6942009802358724,0.805180156568557,-0.18921267900778274,-2.8770037624441915,1.3341298862682787,0.6322489154312763,0.2935284548473446,-0.34170399883047886,2.416557899500931,-0.48530763600428617,1.0010404599453935,-0.2299473938068778,-0.7504429394546116,-1.5979897785418111,-0.9274017571559622,0.053404128339899104,-0.6615816544445274,-0.7799201048563913,-0.6263329041626291,1.2105146118305914,1.9350238586835915,-4.03458747026233,2.416109256438321,-0.048020916878701414,1.1865781539451876,1.9676839961299408,1.058834864463972,-0.7637772000890399,-0.46785029588932225,0.641467529728021,-1.7079063850048715,-1.9184467823588882,-2.233298816161467,-2.079542610652683,1.503518224981668,1.3431373168451823,-1.75417035057127,2.12262578562712,-2.8250501450704832,0.6731123662524519,1.6478218561604858,1.113721571701508,-0.12821375243917463,0.8998140285907876,-0.15155569100684452,0.40955164206247874,2.0799793155367916,-2.041144870715856,-0.6834742218592209,1.852140069903022,1.2919808101040808,2.888564254571968,1.5085462959695715,-1.499427858831032,0.6095450918265498,-0.4349686144055519,0.7190655807341265,1.6266821709703665,-0.5048220032830576,0.37988895805905587,-1.6874366881554905,1.4138250788749547,-2.002388999235026,-1.5641292867178405,1.0064668660561384,0.7697722345260947,0.6055168090112626,-0.9222387384655555,0.49163238528560516,-1.439129355433677,-1.4011113180713486,-2.01767420737574,0.8066304954752878,-0.14175773615084275,2.6504339706060387,-0.5465866055327044,0.2558038842414045,-1.5166409216751868,-2.2143276897642963,-0.011283048550361632,-0.7803149960942357,-0.5794766997250007,1.2715783872597188,-0.5893793332363674,-0.2837957962604162,-4.883510908690757,-0.6211581441111246,-1.4615589122198434,-0.3207808635573533,0.5476954181577232,2.0556065800390724,0.29554541342030344,-1.1976822464512407,-1.43351256851667,-0.8141767351215587,1.742798983681522,-0.03138958031974881,-1.3164667686566112,0.846400047988348,1.927478029045461,1.003746570061442,1.6235610622757972,0.3173947206047827,0.013069908617619141,0.9586586707274996,-0.5346274147880634,0.9987505380905515,-3.1692374386172055,-0.8110560178156818,0.35871352110274846,-0.1907984979509481,1.8269265554635736,3.4890693690594077,-1.0183634086621254,2.3862793574830077,-0.2112522055823351,0.8992534535878188,-0.8300927784803053,-0.01238941354778443,0.8070012368263111,-2.5715048285579885,0.2635776417260573,-1.5431499623898384,1.8044456728029832,0.4974945120013722,2.0229371031259804,0.9310463888551744,-0.5948293214240187,0.9614060197649373,1.6931849010586655,-1.76627216566506,-0.0751784074569046,0.906856672600041,1.4930501458153886,-0.307489909454015,-1.8067508246495942,-0.7565256803786967,1.892661829961335,-1.3689124177825918,0.21010204409464334,-0.8942777484776787,0.13835722342735007,-2.0821547936391496,-0.4822225508108048,-2.484502579519492,0.041057996477242925,-0.4329343772033831,-0.9648843696501259,-1.0628493033890334,0.0007092341682218839,-0.19345382588183654,0.531113947052015,-0.011451864958763545,-2.351147852414636,1.7333664922298007,1.996752267956814,2.7307731894759724,0.4330303863995717,4.173865776359268,2.581818329676575,-0.28304090269543236,1.4246584264855957,0.9668746721614709,0.9545365031878245,-1.5406310344503185,0.538812638769863,-1.603983640873143,-0.578540262598531,-2.324685245246209,-1.100047940692877,-1.0652775428339734,3.823435480754532,-0.2865059231190926,1.6936567199326475,1.1972160472004834,-1.7727315666839825,-2.284055094085443,-2.3321022737891934,-2.1675155814466596,-0.11482526287944234,-4.187931167222646,0.22013292947045782,-3.9420332543896506,1.7735478367489441,0.021932862582084142,-1.0072084106832562,0.2798624733464928,-2.5788570870808214,-0.7205784930665184,-0.2045311407235391,-2.4814432451902926,-0.7459538535106293,-0.6571347185616377,-2.098137100538919,1.3802847084439915,-2.4749870719679143,-0.8934773045517603,-2.704547323138253,2.5557225398498673,1.508701374427303,0.9480737095401357,0.29965706203771514,0.22472566861941323,-0.010917218887922742,0.955961128575351,0.05766154748475741,0.03183295424477822,-2.0676171114352626,-1.120112420590612,-5.361495648431761,-1.9598728209246254,4.44443386346949,1.8929813638916362,0.04197165115787049,-0.41580881398428565,0.8658296248753539,2.2164629277237236,0.058019991769773266,-1.8121176799049192,-0.6657456557210312,0.3291873559500465,0.03076468831932999,-1.7930541451192097,-1.1209662555973199,-0.6536641207734328,0.23279320134416476,0.6228148475860213,1.6418534575383419,-0.8779126427909678,1.4919885230191732,-0.43549349396166415,-1.2977437248925912,1.0666163003640734,-0.06625941195433438,-1.0054579706902784,-1.7457273914140212,-2.3534155798044814,-0.0373345308862818,0.3449183631107058,1.6501158694303761,-1.561677779977701,2.0277446528731384,0.8287214841192334,2.234695248263852,-2.9689887593775803,0.6511448729885154,-1.7032037946891105,-0.8092047205350897,0.2861994785758068,-0.36598408881681244,3.5829038284996546,-0.1832705242735243,-1.831565164848215,-0.7987968801256464,-0.58943916119678,-3.222147467347738,-0.3293075336058861,0.019188346996610147,-1.8574248240196394,2.2761740208489627,0.32465367992294897,1.1726562748283875,-1.5424517396530222,0.11658913290594919,-2.949042195862925,1.1898338515544984,-0.9836751501385887,0.5350155558231415,1.138348783854624,-2.114272878462171,0.8884031943475222,-2.279002610415228,-1.75428311608128,0.7585418843237112,-1.3625891473265577,-1.2260544550209282,0.507971915407121,-0.1861871549612369,0.8186732812298655,0.5551337882193939,-0.46611969832376315,0.8736044863154444,-1.6864674899575998,0.3816698144596093,2.470639995459863,-1.8325773084979147,-0.9360347539125822,-0.11370372069339613,2.1294984257324785,2.1782784748637267,1.9303010515077794,0.6836061506094723,0.5516278716273546,1.5060438110483578,-0.7612148525109504,-0.11423179940791467,0.6214100311260131,1.354358460372115,-1.1507241504462706,0.700545380910395,-0.2562734987301322,-0.17227334363823854,0.7865486458043892,-0.6400526785922447,-1.7063272386619572,-1.079620603162867,-0.14796677838342695,-1.3175129439177737,1.2732459886208731,2.2133247659437796,0.3886984275721462,0.7292815000883989,0.8325804724217047,-0.31844126806569334,0.7756032501580629,0.110980227975532,-2.072712085500913,1.1192357178377614,-0.2929275649868004,1.0318032738910285,0.3290082035419313,1.4435944127019211,0.39463358665390225,0.7406510427526162,-1.0828792149735667,-1.44297646796902,0.6598488126233073,-0.5783280668185319,-1.5585416053477346,-0.49485488741356715,1.149725768240258,-1.2646084759604685,1.2245783461276973,-0.30147134217869925,-0.2289026129379994,-1.616353155530634,-0.44068594613346407,0.6146038304460535,-0.009117039793955284,-0.6021236926673346,0.19919249057894461,2.4482772182280303,1.0234474888250096,0.3411051504718603,-0.6553446908892688,-2.3623016077573324,-2.2899835128694876,2.5755686393979964,2.0219156026184355,-1.0686788548211288,0.14338915512975073,-3.0899910850982995,2.8633060979629117,0.4938371941377063,0.23653755915518754,1.4722995678294841,1.0672839955684195,0.8298492820515815,-1.0080675916529476,1.0230262912166084,2.5670372033618785,1.5600086175232686,1.9225634075015052,0.40327474433711863,-2.74825079774733,-0.7569848612604815,-0.11777892586548089,3.1141775297448784,0.9771589374120853,-0.3306899676363735,-0.06557504910916129,-2.038539255742933,-2.6624569458457326,-2.902520694659285,0.3447353933185319,1.6501559364910623,-0.6892442103971138,-1.6240789862308613,0.8219789813327282,3.298134882139615,-0.5319521713272726,-0.9948627212397207,-0.5685357163213713,1.1570747460575357,-2.9722762336522455,-0.728692831761445,1.1353687707840892,-1.8075293010874816,3.1300006959754345,1.0394230215932976,-0.4857796713820366,-1.7236352435159246,3.2324796943400362,0.34895992808311993,2.470754968151597,0.2837834617108953,-0.33139876704338567,-1.4684840857895938,-0.4670594499133175,-0.13900819224884198,0.725615307420986,-0.25483560430371693,0.18882123269690942,-1.9923707554723107,0.12313542444040573,0.8282648578819933,-3.3813222370748073,1.9345269678106374,1.1522942096268496,-1.9259651598407381,-0.7036338317740174,0.28330931579487695,-0.26376998026366916,-0.12477948899959965,-0.3809298440875239,2.509163346098344,0.6176301267700754,2.6310664297509225,0.6862837726841022,-0.041058351097977314,-2.686115886743357,1.6359649717557625,1.1985735944585276,-0.5681650624440121,0.8303488327139104,0.8334983707589115,1.509982531702715,1.2525839211015115,1.0393979615305773,1.7906932691767927,-0.2760423056216917,-1.3409297731464098,1.4167273330155465,0.7517886140933268,0.018040868006566235,0.06190779294003201,0.29900993206317283,-0.7611042243843367,-0.05756347156210573,1.3820640853944806,-1.8742111635854195,-1.5200753122415243,-0.7526528645203412,0.6394687720083303,-2.2599181620881503,1.319993208596985,-1.418547415377169,1.8189241045216038,1.4987284107715395,-0.29807681311852596,-0.1350243848520764,-1.5721928196621393,0.8570920444693337,2.095681509261588,-1.115959924760676,-0.6098043647407576,-0.4061231905670093,0.5270957759774217,-2.170396488184623,-0.7772385311498955,-1.2113463858882798,1.5203377078114597,0.03598092307560369,-0.0017511679560844873,0.14411624033379444,1.2221243770416086,0.05718676052961094,-1.1464028195386262,0.013554849313296147,0.04212562974877976,0.8554279510850158,0.12541755558601217,2.575843486748088,1.815823641019815,0.9921080704284374,2.1985000625359983,0.08604206504211659,3.2441567753469105,1.0238091044683428,-2.444281121698077,-1.1493448349335122,1.5499102571172416,1.1496241262185882,-2.913058377839426,0.9129655997102136,-0.9454951913555304,1.6810677745475824,-1.1528523522094762,-0.9664451449178943,-2.361042288377879,-0.5967849709788391,2.964237537218768,-1.2163454201156743,2.040928642788673,-0.4324623155647194,0.16005562085123595,-1.5174730935785403,0.11692495286384857,-1.1810209407326064,0.08515448100198333,3.5692667054039235,0.5302621903681495,0.3456160889085078,-0.2769402683743529,-0.4501756007031761,2.662106720363159,-0.6478458243144853,1.9158146929983269,-2.0286770792787525,-1.4837644190906973,0.4925854383439159,2.941496194681574,-0.9776552398886325,-0.7839883879537493,1.2735999051358717,0.48176704358861006,-0.2980481780274125,-1.198109447199892,0.8298082371345952,-2.1329239778915876,1.2500388768788036,1.2253486323775595,0.6136496845986176,1.139796906555703,1.6007936803631793,0.5199056048006043,0.7880987606331604,-1.7336309411758613,1.1789835443768777,2.2593634726381366,1.6354139010217938,-2.035072439293912,-1.7401377628161347,-0.7072038184944557,0.4465556966143058,2.165757481484239,1.3538726722311871,0.6632695420566926,2.489654328917989,-1.5310619246088377,-0.5031750924382461,1.070935462845874,0.8115175740682737,1.9972096734841513,-0.23407933744351198,0.686912781107123,0.4143783811407723,-1.042784661777542,2.6635287704625927,-0.22549874342494003,1.9018507112087093,0.345217306880665,1.973295851915321,-1.3341130109230661,1.5587841760461183,0.5792824419680933,0.6212120911506426,2.033735804425592,-1.095832276847466,3.2574460332971946,3.017132164779508,0.07923365751197159,0.48009529272193857,-0.008881282178192978,-0.02895297670654151,-1.4047282719332976,-1.2353972952088081,0.9290216857509892,-0.512778266464954,-0.4657665604296415,-3.86301214097482,-1.6197081526355053,0.19182722009886993,-0.8972980121343067,0.7388262993532427,-1.9146789663973114,-0.062178038304569416,-2.220195713943635,0.510270387953984,0.22524523330649943,-1.2670914756237004,0.5209820627899193,0.19627082297255666,-0.6227951648461632,-0.9472845459939794,3.783300744641084,0.28011486113560136,-0.40371185537917265,-1.337074838154337,0.8341176869189124,-1.3114965562008791,2.616080743281135,2.66450034492463,-1.2305617045229547,-0.43086806917534126,-0.6527222906794158,0.10834768882384538,-0.4713987028848411,1.5192421462445331,-1.7574328426226435,0.05941126341759423,1.5785960380402502,-3.0463756858831297,0.2187727924581338,1.4942654009222132,0.03446749451155218,0.7072346474682976,2.3804460343940623,0.8568134442072298,-1.2238842033621762,-1.9183963929706125,-2.5829497659804033,-0.4510269663603755,1.7600355479569176,0.9254401853887498,-0.5598340577120938,0.5476911222033088,0.5382305755478415,2.66190954077303,-2.042990406333539,-0.4549552844469924,1.148296895903778,0.8711032920038475,-0.15375331377962295,2.208481659313921,-0.5221493994213039,1.4516659475302964,1.365645899000016,1.7525532911534987,-0.6791010294413905,0.8443671915398858,-0.35846551810313293,-0.4220807877432764,1.8223890018793067,0.14514422251397582,-1.0196318312524322,2.2528457786706553,-1.5054686162557374,0.8504954656626089,-1.0688142736447999,-0.5324685707744944,0.8384270926875141,2.4759671728076387,-1.0365794724066173,-2.1978870860284814,2.5464701410397637,2.0357896254528187,-0.42376901987355303,-0.9456496777235583,0.525623962016879,-0.5643697498473749,2.3402497410360983,0.4968367446830833,-0.42958701846697855,1.1200049012634226,2.41046724906569,-2.3121681176120266,2.8151211517947994,0.3824508325078303,-0.7124709782503642,-0.7654372357568409,-1.558167979838614,3.4414944614649317,-1.57205304915941,-0.005452881807317178,-0.16831686390680412,-1.1202286164418935,0.5887927680882559,-0.32970824755393047,3.1657544018626482,-1.8615404134180058,-4.524268225545322,1.19933185391161,0.9013606384947604,-1.7755608224055068,1.6828037133480693,-1.9257529917830094,-1.5389018274534019,-2.2538053206530444,2.2239361294602,-0.239317933020507,0.6297061308131013,0.9164121007810572,-1.4722919821602871,-0.9061651964229595,-0.47281703869889463,-0.22838872006596345,1.3197866534839517,-0.8052452089247998,-0.8211060469769649,-1.908305504406206,0.8952236295593021,-1.0233394219165721,2.00029522491863,-0.6585876828988295,2.262816834603946,0.8214582199816153,0.3173798246419166,1.0337637952047432,0.4430942400923721,0.6306715315168718,1.2900713535858204,0.6991368835733988,2.393611652571396,0.9031916612057309,2.578439901234983,0.09035136043119152,-0.6476378226042878,1.7078147991037502,1.3507219208894123,1.4667279792944166,-2.580260338220352,1.0220427160918752,-0.7629539770216216,-0.8100109623182106,-1.2005413401320602,-2.4215401832170675,2.3239894674705277,3.543860965732045,0.5744189062523767,-1.5195360391349986,-1.722678095973854,-0.6605407635191094,-1.4182090574543682,1.7008275015942536,-0.5654663419188452,1.9045226611349326,1.4436371358053568,-0.7272412227651182,-2.6442759231775317,-2.6144197131196525,0.1459020268201942,-1.7439663688678735,1.1942394420171358,1.9416079342860932,1.2374302366806404,0.030814684692043126,0.965180288283202,0.369521925123608,-0.448455556958379,1.486301802657706,-1.5231756976085142,0.2682527897271051,-1.4190873317191972,0.4662650908270661,-0.9574397899902631,0.8068920073822646,-2.4279989734476657,2.1326824654963374,0.6270540564346274,1.9104265392294084,-1.738799792185686,2.223706355418824,-0.565313995444219,-1.6044219755921565,-0.4621612463986038,0.723008237323248,0.18801725543135553,-0.4686771152630508,-0.6451271331162052,-0.5975279731866192,2.505108642496961,2.0179021475600645,1.2852341968901886,-2.068331429175949,0.3262712788641007,3.10589682476354,-2.3191649889101735,-1.9604144848402836,-0.4457294901919261,0.3391633794534386,0.817556631626105,-1.5693301084322968,0.960652157915687,-0.2134490544592687,-1.8493366570616354,2.327451215976909,0.5988204678754001,2.8537416059434704,-0.4475366451693594,1.37383048987355,-0.31398067768595006,-1.1209066125775478,-1.0742369538448577,0.595869399629948,0.5326191854158633,2.6363062633649257,2.6187552235155476,-2.088040536774046,1.3613005246546845,0.043225843989629725,0.8641826002292652,-1.646775891267271,0.9157449765418985,1.919567922365933,0.2179113315574934,1.55923485901977,0.6431155716031591,1.3526732408992186,-4.231688170628199,0.5533288392231525,-0.6288099798833486,-2.1123377306979383,-0.17228670469386181,-2.1317451518358768,2.3423274222130988,0.2920357867048488,-0.5760837346841803,1.3925969246201604,0.8563604294229055,0.010352276450542097,-0.5007565226213326,0.45678935891375416,-2.103489115222235,-1.0901415792613498,-0.6101113975674779,0.34438959248499346,0.8202496613106921,-1.6526269187915184,-1.1660484020548627,0.49477495152445167,0.7206444261680086,0.5089205353752588,2.7750535949945387,1.583209978825567,0.5869931271144807,1.1376357720794896,0.8669664044535923,1.1420478889774173,0.12281978981970765,0.8398428788092422,-0.044141243608132374,0.9986305535576603,0.4316877140412736,-1.1329746762408042,-1.8899457830499058,1.7931700166246638,-1.1894818532952092,-0.2934427322596313,-3.0686150718659153,4.462648987493275,0.7809327673447006,0.7683546756857219,-1.3305753152387,-1.8050769041766679,0.2530378989780328,-2.246210249819871,0.3302944272148621,-2.0704811355443113,-0.5907774628836089,0.3249097057341396,-0.1805072832814421,-0.5590669391181634,-1.0985762720605337,2.099381204012461,-0.5151867635196667,1.1412458882091125,1.8662113593178347,0.8953243913040425,0.43906416284745997,0.536611405399917,-1.0927441264001083,0.05850809903700349,-2.647114708021155,0.4666521273880884,-2.365639666148417,-0.30164324664989484,-0.8852146930392806,-0.02951207465791028,-4.265664659772129,0.7726869778056384,-2.0506268467358817,-0.800123390752983,2.404938989465605,0.22906962058924485,-1.3008406753761095,0.6271330475840106,1.017750985526674,1.4539515774301224,1.126643086403109,-1.490792310284951,-0.7139588193874197,0.08492028393624795,-0.6200995526358956,-1.3686469481472863,-2.7367615711507542,0.9091256162090103,-0.5275331969623747,-2.3773958573963645,-3.7700622440749134;-2.200602568067041,-4.682125777710722,0.8671690973780668,3.042134600186024,-2.159678050971056,1.2989805818697675,2.7139852940165765,-0.3794920433844753,-0.5733805313094038,2.0292126984650474,0.4491719643606178,-1.0172514012841445,-1.547452534402443,0.9920970048160516,0.7794983381078511,0.9163558969540618;-0.19163542223572777,0.6528818219386687,-0.3289970648156795,-2.4101628660230743,-0.6874669792004137,-2.3096558938192837,-1.801060879435861,0.7796585831457812,-0.21905538970711197,1.1383971280478358,-1.0256797411057292,0.8802049161866243,1.201410749113195,2.0545117215631796,1.459509947141573,-2.6910912516379186,-2.197182467993592,1.3803328743701473,0.024617442676225815,0.606605760630662,0.7003459520713492,-1.012314835473893,-0.7498718065667411,-1.732613949478791,-2.375873037752667,2.716171654617371,-1.83199050929889,1.004887412157766,0.599433333835804,0.35422439409705914,-0.3062210344226093,0.7276543580214563,2.593883332921732,0.9204275070411235,0.3008647074188461,0.11929042323581836,2.4079315917023267,1.1244919523076153,1.1309299512057902,-0.7799645904487775,-0.3487137185892383,2.5849134611862623,0.02460507525985811,-1.2743283478742742,-0.35236335308182865,1.010766865242956,-2.194546492632186,1.8028076437189207,-2.179720851075335,0.7332269527491202,-0.7280009017589542,1.6888360718359208,-2.334009039889313,2.976089827994105,1.4569111287201937,2.6184472690433824,0.026094964624293504,0.13361820617964854,0.18372798731362194,-1.3875948189947964,1.92105684945322,1.7064339367145376,0.006815426964000504,-0.9452188134159314,0.9566439503955179,2.2493441190885557,-3.0739265935578137,0.7930196599460043,2.6164684370395346,-1.627432920739213,-0.8144904246971367,1.9854392166946384,0.0004640093188066352,-1.8108745505977344,-1.5704963585027008,-1.401813660593029,-1.9406793072810247,-0.9576972636711745,-1.1064074622721198,-1.6558219531695708,1.4517973370124833,-2.6620929851093136,1.701057074079504,3.734055870942925,-1.8139659153648704,1.6512211658667795,0.10605587065515121,-1.0842267347737506,1.6107201396032957,-1.287338836469572,-1.1643474817248596,-1.6157841771184636,0.15772392100036595,-0.6969667821317106,0.08653908194416948,-0.7587850014588353,0.5860938651507475,-0.7621401825878739,1.145661901952188,0.34458244449841247,-1.0675705250327736,1.8032632134609745,1.195106722561258,0.3776889845715884,-1.613123225629522,-0.6352852375645821,0.8219189946187115,1.2256779960501474,3.181910312649251,-0.5406074243602157,0.8427650154065165,0.9264992409636048,-0.12560143495622797,1.3122172011827238,-0.1589004429906948,2.1191562145049527,0.12871326305143405,-0.9916100593025531,-3.0175757169393416,1.2145741225466842,-0.008292426641348771,-0.18598516715399124,1.747182272073891,2.668894420727341,1.139807072174619,0.6435016092970863,1.5912201763806417,0.16161721897044992,-1.7098718136847002,-1.0176788964025272,0.17584592454239625,-0.7584491703244878,-1.4013893437656069,2.4681710095963925,0.9745815008497782,-1.3190060368559144,2.584387914357095,-1.5803712187102972,0.48894809672825706,-0.617923270861682,2.2185111428537807,0.9675157404173149,-1.9038368941618102,1.3170794723801484,1.1222231339566942,-0.7660997123614187,-1.708320672400501,-2.444774529176854,-2.4963860783967675,-0.4868982635667063,-1.2604156553685413,0.023391307761927993,-0.5087933815948384,-0.8763762772131374,0.869006679082708,0.6248265363846277,-1.3553835745119407,-2.66017447169696,-3.7001332394026636,1.5100498262848343;0.8654274809447641,0.42445556442636645,2.741426441131936,0.9561151624156998,1.3198470480786297,2.8807390223958063,-0.7061912681205621,0.6536678347681963,0.9778358214565624,-1.7320140352102171"
2,3.243113188630641,"-0.0827468331119646,-0.48903235796138356,1.1394770148761661,0.5613506479403118,-1.9909044058437178,-0.6719781784187637,3.1106300634151207,2.049473217662919,-2.6155403597157267,0.47005477944478236,-0.9447682497383575,-1.2645672412728342,-0.5866409974023034,-2.0315400141244906,-2.2339083146483434,-0.3372725751672953,-0.6845746122482599,3.3014424729087977,-0.590178622139427,-1.5671458155133675,1.6457358740507504,-0.3560468843270622,-0.5153093510053489,-0.6435064777974645,0.8422873856407921,-0.1250763163032909,-2.980684943113863,-0.2237697972765471,-0.535736875681686,0.4295651596489574,-1.7527190229541236,1.8827782646522695,-1.9938755181878065,-1.1040128880606235,0.376359833934354,-1.7055126542567254,0.5609883935780283,-1.7171081267596489,-1.4363703024756005,-0.9243314128483717,2.1575990628524346,0.166776920734803,1.757051557466098,0.0952015124201413,-1.2199035341183815,0.5372620474942138,0.6090770060209332,0.8504909163974027,0.9985252148225705,-1.3670431513961676,2.495254276974731,-2.543507906803115,-2.1617249598972603,2.0793036784273338,1.4414383856786102,1.6611576187239225,-1.439599282327111,1.1679083172595965,2.5050439921532455,-1.1330736223307094,0.046303286079572015,1.1340393559977286,-0.41697793093955526,-1.336461371820851,-0.7997602473442519,-0.2835352519010102,-2.071206847523945,0.8022410183200527,-0.09558282567093318,-0.12603291838234454,-0.18753426983698174,2.0927142911373524,-2.2630216135304204,0.43678014777008345,-0.7826595156104373,0.4386722488531595,0.6638556361975395,-1.848437909592068,-1.508956322512706,-2.238868591672112,-0.6285927106550432,0.7022016761832744,4.469668491147602,1.1877047436461186,-2.302166916698647,0.1718934466722281,1.9451283411443414,1.5728459316697054,-1.1927195138214792,1.2581554388104497,-0.22058001131322996,-0.8549879962770116,-1.2293903358279965,-0.2911802627515697,-0.30065449162178093,-2.9518688825413544,1.296125814679867,-0.7697685843971078,0.1856057021963451,0.5949574852440589,0.047715304782455864,-0.6312540740621502,0.20495221305327793,-1.492277423603869,-0.45406986039907193,2.01241341601575,0.9657169176692798,0.5741982351005823,-0.17777971056270458,-0.28593234540232804,-1.0442267789858488,-0.39073904087055567,-1.081663495257783,0.7473032185731023,0.012768345819517177,0.9126467944915876,-0.3325063701179663,-3.079859855296049,-0.36635256267972083,-1.2769483796467105,0.11779603351618881,-1.4436283985490432,-0.08926910468300037,-0.8570872434825523,0.7916549470384022,2.458899667930892,0.09980771550516354,-0.5999054435494929,1.0357075306700172,-0.06267385218934707,0.476810880167023,0.23467056769314742,-1.217068572969689,1.571228457176263,-1.8086464898505523,2.2675309548760856,-0.7889516810875319,-0.49590550800309485,-0.8270656509224322,-1.7215062575023192,-0.12643402797145853,2.9536487805474794,-1.828196557672076,0.38222557972559174,1.4085395815768675,1.0009787874631482,-1.1635695376409854,-0.9357793805808856,0.221650096890746,0.03790491646218663,0.43031466491970305,-0.1138225124045189,-3.2599914076210283,0.3650337652152329,-0.05331644975558625,-0.18182152883271696,-0.9041437381604182,0.978401195993939,-2.5140002970508633,0.6386641557605178,-0.4051993562453272,1.3392782860457952,1.979103646534949,-1.1106167152092241,0.7376210374773483,0.894227000667936,1.5712985989403645,2.8926792451081607,0.899384794784565,-2.1560618123820023,-2.9342307056785,-0.5361454330246691,-0.008831838661299662,0.7878495494892236,-0.3600309374344718,0.4466237596554188,-2.1710275155948615,1.1495663482895653,-0.26646333507278996,0.3243340353205084,-0.10720203842420684,-0.9365883105917941,0.8516864586820243,0.3259822345556982,1.2534925536004147,1.3337091986863836,1.491979458384591,1.431789534234115,0.06446507300336346,-1.4329137920615989,0.49722325446919236,3.8673249511502092,0.25851614720498,-2.4701043597291115,1.4977558441183911,1.2121667192331604,-1.8074559224127345,-2.111730029051726,-0.22138515867597808,-2.20356898069987,1.639348847326355,-0.46255875648947176,3.316141039715431,-1.8698181708980113,-0.41403627700712475,-0.43334984472127747,-0.34731670797341097,2.498367171482551,-1.1620207907046942,4.293590276846901,1.128790124827891,2.5507870991915915,1.8703219458442426,0.8369539773445418,0.1376140131080108,-1.0745645066663725,-0.6761898738915859,1.0514548463965256,1.5481163629159718,0.1018992857542077,2.045804254401294,-0.7565971390179673,-0.7083678374435561,-1.5703276518669589,-0.9346196215334105,-0.4640331441163218,0.6393820396831205,-1.0490942895218234,-1.8351266926992922,2.1119923169458517,-0.28208306911960945,2.2522873407290014,-0.14783427454947534,-0.15585246344424383,2.487169452317714,2.5399256245049258,-3.309459261143829,-0.6386351946052817,-1.2780071979676348,1.448209063683495,-1.204875387329885,0.18818215719293296,1.2447701618510174,1.7577684237785103,-3.1729379592369598,-1.5029266851780392,-1.1034402921085322,-1.1979153552184831,2.1665484951578136,0.2747270324567028,-1.9398401948848658,0.8486249710533338,2.4879428516980715,0.33691423065762904,-0.7848257821746852,2.155312753822461,0.25069351698300063,0.5340071290920324,-0.4026440551267354,-0.2835485353194922,-0.35451138028374196,1.4345520938932745,-2.8858064293351138,-0.24405326681313932,0.05755675776442287,-1.8292227854061807,1.4117991086452908,0.49118483191454254,-0.30094275482265664,0.06060952534510877,2.0380574965735816,-0.9512951452352904,0.17765428422862906,-1.2748236090661218,-0.9235941348354536,-0.9722857724817744,-0.4322039071681239,0.18419983873968876,-0.7633260884862412,0.2307894060864763,-0.4426156371940813,2.0368138323742544,1.6972495259033025,-3.0754205865322577,1.9775535298671947,-0.9905690361017869,0.7300990536426506,2.257135390905745,1.7068872536656063,-0.6330830630209361,-0.9095495328443008,-0.09258427608528629,-2.0482744188071402,-1.2448334109911088,-1.1186634647588443,-2.320518201240014,1.094336629258992,-0.3207867451937369,-0.2877182229726023,2.4343897797196172,-2.7973959499432524,-0.16257276576576254,0.8775689129462279,1.1915207879393193,-0.003854864438075381,0.3834455057410846,-0.3757538360398579,1.0943829792463693,1.9748525665004801,-1.914523101980599,-0.5212154021926101,1.790345726000643,2.5067652258088504,2.1773037928824386,2.140668926828058,-1.460211457722325,0.4232576400047824,-0.8155109709980137,1.0225682987417006,2.162307134578162,0.21881261602748195,1.3493780301211706,-1.0447271085832655,1.082725962506998,-0.48758078227235957,-0.9315719440335162,0.8143049061159147,1.242803849054781,1.1499929488543996,-0.39382983313372677,0.28118121272499597,-0.7594881277466708,-1.2777167293601719,-1.1652384669820954,0.9957420569388358,-0.15075545353187558,1.9048136237740938,0.6357106789865705,0.7097794916123611,-0.6566942127239017,-2.9187774925383914,0.2598645398856483,-0.5028025722771616,-0.4012314355917964,0.8536832083646775,-1.3384827555103396,-0.8168053696125038,-3.8768216762646497,-0.3836618698224305,-0.3152946082888797,-1.6528258222766627,0.7174079431112845,1.6124786470752408,0.5475024034036344,0.3386540542758113,-0.6473114352075303,-1.3623093929596974,1.0588401273241688,0.41636801865698625,-0.7646982815670847,0.2585076293849108,2.331605976816234,0.9761898004918007,1.5492911873460937,0.7073126115769716,-0.6456359512888985,0.44405527011001883,-0.4923887778172603,0.25956907054450606,-1.7661726919740797,-0.3648818129389405,0.05021328907587272,0.08634424438049254,1.7258276718195944,3.7207461204026675,-0.2656238573087517,3.365472295429835,0.18968325998565727,1.010503511943894,-1.0689088345126563,-0.7698785060657514,-0.19513797008310801,-3.322636443027642,0.5833245106453198,-2.164961721131935,0.6043298872245231,0.024053073801382885,1.9278278474645507,1.5517973964527745,-0.15258988186452271,0.8841127764190014,1.6802755940998169,-2.019052255050742,-0.6572579127888175,0.9151440270613561,1.2746840813357696,-0.24581937717549782,-2.2158724324963726,-0.6672763763407101,2.3021696553298914,-0.9517864244266859,0.1412326133897997,-0.3721821824308604,-0.3511844504801947,-1.7817945972629756,-0.4309671888549218,-3.1712376377284577,0.06815610301795968,-0.577671561920737,-0.8036587899170318,-0.6628374129059279,0.9037797944695051,-0.49579092034520117,-0.4810624182173981,0.04007828593557688,-2.2859558238428033,1.2096097918069988,1.9604953358500785,1.6631122637452531,-0.711660114906974,3.420847463344173,2.95442027867648,-0.10625486354422528,1.6632677873044965,1.2450599458725113,1.640496688243353,-0.5468622439070755,0.21522645453899003,-0.7819372068433947,0.12632394951877973,-2.1172316095566783,-1.4782376702028543,-0.01899611262630707,4.637506559588843,0.01347481778919643,2.039068943498599,0.819633475918463,-1.7584883285126303,-1.7910764965546355,-2.367800257030877,-2.51026424113758,0.43285805449449477,-3.9934319061141275,0.4090761426756291,-4.22767780956841,1.6546929911902521,-0.24324673210347825,-0.5939620358942044,-0.6965727624711231,-3.098807561798101,-0.44247304207279436,-0.13963614523208687,-2.5375084003293495,-0.6528740915938565,-0.5471823727626415,-2.5237084786376753,1.4247586995660326,-1.962444029313754,-1.2604191741392177,-2.029120835891292,3.167896096918688,1.0832809299283386,0.17221236548535446,1.2800360349077917,0.9558063055552712,-0.10269412675096501,0.0589638669344771,0.08189327670060628,0.253214930234354,-1.6722512375919711,0.20898480271884043,-5.1315598726545,-0.7937529910873375,4.390129363277391,2.460866604107597,-0.06440827373110736,-0.7198207487601097,-0.07054571237887974,1.1680761850527583,0.3992612560904596,-1.307872945211894,-1.55000350263659,0.3351481211095034,-0.7189008561124695,-2.0417841357359277,-2.236662854141246,-0.7925847747824061,0.9050163717017884,0.22006474063346326,1.8101455259926018,-1.0519975753618371,1.251982456235188,0.02560855593685088,-1.7360406705389317,0.6643702056247858,0.34071979480080333,-0.03075838299900955,-1.6949269790784727,-2.0793521356403954,-0.7009409863801658,-0.11710479057184531,1.982970266564673,-1.560399408139217,2.44737603440243,1.0331310574077355,1.0489914182021152,-3.757485194327502,-0.11505858959474188,-2.2532716803756707,-1.223010329895207,0.05580518555256414,-0.17490162515407415,3.8178921717825447,-1.1762028395452175,-1.8743840275101034,-0.5720861787145219,-1.2078624624895529,-3.45664408553056,-0.7628728233571991,0.048196105613629164,-2.3246360122953136,3.027782574633901,0.30586076312886606,1.3639433605557756,-0.8135224607960139,-0.0658568929390605,-3.8887348531327155,-0.5312246025435445,-0.5831427514742799,-0.3293914695532939,-0.18220817386126242,-2.6769116347835706,1.9170714243292846,-2.7067446480157926,-1.5808323401053195,0.3711405085805068,-0.8805843622520662,-0.6260991125680172,-0.17004579272808612,0.3032142570945796,-0.06532253146146882,1.4457762352253536,0.7566561520230732,1.7609634137257169,-2.0883333916115014,-0.5728194528967021,2.2529816047706945,-1.9733945557049715,-0.49385890148940537,-0.3396166073658409,1.99959977324716,1.7115401784604085,1.8971117213214312,0.027279890573281285,-0.6097698934243412,0.8594309404806424,-0.8949371925184703,0.12231974495495843,0.7233724709769018,2.0299052126991604,-1.0817740592094953,-0.8439702556531021,0.5425675135886785,-0.08023905743507634,0.34359238619470545,-0.9503945360221933,-2.3852966046103914,-0.7196035494434726,-0.36427185756790215,-0.6814810105570428,2.06208141687967,2.9335489685474276,1.4651320611258272,1.0949878664889403,0.2696852785104769,-1.223193517964844,0.18503469720650356,0.371972357459988,-1.993915192038108,0.714683174047249,-0.5280656411061988,1.928340752258295,-0.6026132557933717,1.255528165285361,-0.09095278998508216,0.8267950909402102,-1.0272340427216597,-1.8608686580196112,0.5914778378226107,-0.06062522555410832,-2.890825641921376,-1.0420406384520045,0.6300516912666202,-1.0044775678438715,1.372966971451385,0.8348791215151623,-0.2181733443832718,-1.4682774576527193,-0.43174495353883996,0.39224856219150495,0.2807948980821363,-0.84345157842182,-0.6180282370521196,2.1916291127171306,0.9108137963456471,1.0642016462339825,-1.1368924752944707,-1.9106538008154579,-1.4220204713193427,0.908981044365188,2.228342957022107,-1.2251766769100079,1.001354391143266,-4.310957262942497,3.29957258148319,0.0626103807735223,-1.289310640180282,1.6072224036964342,0.6765989113419466,-0.2368210961245651,-1.3800288380426067,1.8696995183922827,3.3368279870463238,1.0821526281401053,2.530210444303118,0.04203047750261679,-1.6999695775650812,-1.0085745240137582,-0.309189516050824,2.5663189250644667,0.9444663538867896,0.058610489374606056,-0.3100177228982674,-2.1375298528045126,-2.8289847133230417,-2.3887693189870483,0.9985176591704434,1.1581553054344123,-1.429397698821859,-1.7133910154448797,0.9769074164388273,2.4631567912608157,0.41201388833274083,-0.1369951032694559,-0.7895422361150027,1.2175229306661526,-2.9545445943422974,0.08617615898017032,0.7601613469603477,-1.800679432655646,3.416453847678965,2.002743892027465,0.371395409424994,-2.3171020325407263,2.5707146157669536,-0.7828319827537974,2.171619823459857,-0.06879668613065468,-0.9369736998690462,-1.0522262334468788,-0.7574486422902884,-0.7966865084303687,2.003243985826585,1.1167328133183103,0.47535715745202134,-1.622132423125237,-1.145149364052775,0.81062792456836,-3.5314412691400423,2.1437796138327734,1.2367625441041052,-1.4042152009235145,-1.3713279489059111,-1.2767066722886709,-1.1487968499445795,0.08875346884422236,-0.5710892181034072,3.164118151884847,0.03752756142966629,2.7169096908034223,0.4982425558164635,0.282835307362952,-1.9276316864139615,2.1782555512217945,1.426422120667401,0.4341158955962257,0.7823619093569709,1.543475270875979,1.2756406003475491,1.176753972378834,0.7139840190859748,1.015214076478085,-0.23459508374352547,-1.5500805869632392,0.8940557227329509,1.3929724701593802,-0.6826876723424445,-0.11839456131153352,0.4836445589484881,-1.099008656134192,-0.2855814056898265,1.045224533662572,-2.2635352430628113,-1.1842316151947618,-1.0313853473231855,0.356871404762888,-2.2023053974539413,1.4983215984150215,-1.2569556262885524,2.6079757300090516,2.081463962359382,-1.8026278874757469,0.10463819920703923,-0.7799991493492548,0.012654189040106678,1.6834001857620757,-0.7636110046094984,-0.35759599147526333,-0.48702385134642556,0.31790436794894855,-1.028628491509426,-1.7722229677864187,-1.7197415793657462,1.1371990151597908,0.4326296594636093,0.9395745961205653,1.0707678349963956,1.4019080690792705,-0.4046074464720484,-0.5474566886263893,0.2608932444686818,-0.8925632873333179,0.059266228825075706,0.1963079484267045,2.655135454231373,1.8484110875258886,0.5492697527842793,2.6560230156945837,0.34413619878042645,3.299205703471925,0.5294778152141696,-2.109873485547642,-2.8004555137975444,0.7544162714783502,1.168653538434874,-1.9156645780723442,1.238169647933275,-1.471683218789822,0.643111230909762,-0.989961589352658,-1.375435908574395,-1.7068158889464675,-0.6472533336145436,2.6345113176753565,-0.7751069753173165,2.3341714168108028,0.25750444085104995,0.15209998718892134,-0.8102289072110007,0.9958404275574729,-2.226472891178915,-1.0366800083070653,4.247668508095939,0.040529548493380335,0.20101524803709925,0.1070116015416766,-0.2917713363992597,2.386232194633934,-2.084724949947812,2.074100931482654,-1.8782945083133173,-1.1322560924622036,1.021315800056234,2.653368004021176,-0.2701707150153885,-1.1148121064049274,1.2473260632111276,0.7107632369313539,-0.39475909206662907,-2.084381174798316,1.002563430816986,-1.8821679772444033,0.8195673131467578,1.888629301531606,0.9866990614602131,1.276184203889399,1.1000152070915312,0.5343933587238057,-0.2814177703973445,-1.6140292765958493,1.408626567182412,1.5980840150809283,1.8984440349821459,-1.8947475571226524,-2.133460883719394,-0.6081923698288718,0.13115005460428322,1.92853576016252,1.7006930848476023,-0.1257051477298733,2.874076288615824,-1.3288672431816932,0.15326338541279805,1.0439932673027352,1.10853797167238,2.1761034312980603,-0.6129520393672798,0.6783338962761805,0.7523115041591094,-1.3969985679781505,2.538320100614357,-1.575254584645878,1.8675555269053872,0.8621005804415262,1.0125827854539,-1.2065725796689406,1.494308625872212,0.5537975159335246,2.0771260240939946,1.733810946327995,-0.3047575309158133,3.2733473344014166,2.7559648967938397,0.20734586255017828,0.1490972269921856,-0.48572817730100276,0.5442608415449783,-2.3842638452373466,-1.8389224059383538,0.303833652768666,-0.9694815237619469,-1.1867413193504914,-4.082368344606798,-0.5371251399878759,-0.512275745655971,-0.6782255126096497,0.6441857454607925,-1.5399174016099004,-0.015351668554599684,-2.1665039121966783,1.1601890365057965,-1.0330009819025676,-1.485074241658956,0.03363068946640159,0.5687402094241223,-1.8593563572563516,-1.114718230685804,3.493318761102646,0.29074779999651634,-0.8890658239990545,-1.176443179049572,1.002141376545453,-1.278386706856487,2.067386507749612,2.9975229825713976,-1.063489451841087,-1.3395674639749713,-0.8521439324516078,0.19330984110926847,-0.6374999122895068,1.7093046611873415,-1.2757780261644829,0.3364864374196879,1.2409681628762146,-1.6354584293024985,-0.013618503605023147,0.03640266329465147,-0.09194524181605618,1.1599451654568875,2.0897404250643006,0.4353662635982158,-0.7990375531618054,-1.2460516707209035,-2.5835925492032983,-0.44636317072013104,1.49964578265508,0.12034496180273185,-0.30526475437905654,1.1610745341033106,0.37032283305344316,2.502417184595565,-1.056970897356385,-0.798451590178317,1.5403037324594118,0.9260193728341808,-0.01615457246423105,1.639973330652679,-0.48761967188692235,0.5942020167805462,2.5708124036553954,1.3405491432858379,0.22118721783399425,0.7116712327755752,1.011262031340436,0.3982402957800828,0.7311154950494114,-0.3653794051601607,-1.5999699639898812,2.2361540380474465,-2.684982408139943,0.848466743952236,-0.8051380404881853,-1.2555139517614982,1.0117143841983014,1.9840575728949852,-1.6970686404984539,-1.9835566252567443,2.116938129305756,2.2280305459146064,-0.7050882034580328,-0.7784680540746403,-0.32143434759129924,-0.25661009948306013,3.257143366822388,1.3724631403451666,-0.7259087024345781,0.5887596021018439,2.9159093220359567,-1.5227535004394888,2.761059592606223,1.447379598243197,-0.04124796418534479,-1.492378842209712,-1.4788813632963407,2.082915762121345,-1.665964559372227,0.565387144047906,0.5906857734307237,-1.2536723480022607,-0.42371610847793617,-0.7844618700571018,3.2087000049571452,-0.7311776679742981,-3.957891644604332,0.6858050585766351,0.5679668470706478,-2.0921067010699606,1.5977321718484139,-1.8005723913395544,-1.12039253141692,-2.1630432621637956,2.5487852338035184,-0.8543867987465766,-1.2594959359079918,1.1971234190239775,-1.9146599990398265,-0.5355432013459642,-0.7192164869748667,-0.6737985491506839,3.1570682006912896,0.27651120968611304,-1.2508071680864625,-1.36040154287694,0.6736513992592231,-0.706784313151951,1.7199269978534477,-0.8585277820473678,1.3121570260803321,1.6507468854076102,0.6785842256210514,0.6282504502137736,0.18210145688013452,1.0848170561549793,1.3419148066555526,0.8128060298302391,2.3441133951223643,0.6526975120393781,3.499440547766468,0.952015298317486,-1.0204485703044468,1.0557474445179207,1.0839904556422502,0.6364083887391956,-1.9377466508402719,0.3688171953459903,0.06274424561034808,-0.011273940314415754,-0.341339199193628,-1.6196136066136062,3.0290401831158578,3.167077347489413,0.8857033489841574,-1.4489939333456865,-2.014155714410543,-0.27246698105832007,-0.8801898384045219,0.4097578609923157,0.657315147066508,1.3235453058077122,1.456148296997466,-1.0803871271935832,-1.0180341850716585,-3.4996956971983013,-0.024859937943207455,-1.7838763922860672,0.8320722784888395,0.9142832825116276,0.7293507674211663,0.30031241152610544,0.695281456658807,-0.1091367578781614,-1.1076220485277377,1.6509835836307118,-1.032358648988374,0.5897525998130954,-1.077731090013995,1.8139197088219852,-1.6532689503478752,0.7212962176935575,-2.188467052083435,2.0032542924863885,1.2461348027662953,2.3350559151253294,-1.7065796186409607,0.9547627328134852,-0.17406558053072496,-1.3615866193483819,-1.8243821382179315,1.6116310153612576,0.04248110325839213,-0.09745642355294315,0.12625177205841692,-1.0612510193283693,2.610351545186483,2.0078239537049307,0.7222108358698518,-1.4777287796029164,-1.087130814250815,3.2045326094551663,-3.060806051897913,-2.1258269022344782,-0.29995568769461334,0.5324657463640208,-0.09910327569607946,-2.5030516189496104,1.0093850546549832,-0.41446002015650485,-1.4988202370589039,0.8887030074920723,1.4833772465543669,3.2528142088888834,-0.13686992795342023,0.9612791905243965,-0.23275279782713265,-1.6954583857242387,-0.7392673671813818,0.9348721722452035,1.220766049683846,2.9267140629272763,1.4422248749971898,-1.442549827129715,0.32897913181883853,0.23306180770516863,0.5234586065200469,-0.93683199873821,1.6097167027827224,2.905727673518366,0.2017976722821285,2.1825037211198546,0.13563744739039402,0.9265989318929364,-3.4422480554334136,0.4486402312720535,0.2559490823198226,-1.716677018542079,-0.466805949757356,-2.1035221732533214,2.5270605649134494,-0.33646673757336104,-0.8605236464226528,1.715719522885282,-0.18532232622394945,0.2774548344834858,-0.2845582991276977,1.1196596069850135,-2.0237089939503865,-0.46692767636919397,-0.32074101788670606,0.3074819384121924,1.029380127194597,-1.7799792419001295,-0.6366530130220363,1.0384838082491352,0.3903433304674444,0.767712472969214,2.370577531772593,1.0050137417761134,0.7174635019079181,0.06201302338557291,-0.231141989459345,0.6670628304624263,0.34701288915425665,1.3118936157840118,0.5848357204201275,0.907710017909862,-0.570903173072009,0.011675576830506629,-1.9730970233656298,0.8038225057548213,-1.125425367751518,0.505509307786466,-2.7636267686270237,4.12974912393407,-0.1687472566367101,1.5117733197240741,-1.8366684992498572,-0.9501800277083758,-0.40342860883824283,-1.6842600784646675,0.4622653357184483,-1.0730910735147856,-1.1255240690556065,-0.029627782623454973,0.0700846293983099,-1.208918315660448,-1.472423778556791,2.4956727940457446,-0.6509231852724072,0.023720116645115197,1.05384972261623,0.7505543228787643,1.5537043637994599,1.5727649608913317,-0.32328583925377535,1.0999854201096995,-2.933013383294025,0.8791335997400246,-1.3632347068647084,-0.24108350701816034,-1.0920076369830216,-0.8784881546721329,-3.878651313546228,0.029808559283694747,-0.6781490134308985,0.17209148176667516,2.153424701296312,0.09093215753229104,-1.0078072619472631,0.420138847203006,0.7876681280100652,1.3766860619071442,1.0971555707818175,-1.5132295638071969,0.024135491551424026,0.7501796888984462,-0.588188857995912,-2.2406482020225593,-2.839623927585071,1.1495994457712877,-0.5484687293227501,-2.1180770991118285,-3.023755610353721;-1.7394187403598027,-4.170548344287604,0.4538573838059737,3.453579311117604,-2.200190090391069,1.487488645515088,2.473456496723202,-0.26306551654559107,-0.8979331886998565,1.4295113258250656,0.9782956205963473,-1.7013524994375988,-0.7508465646903713,0.981524193832279,1.1997349505148236,1.0814387984283935;-0.488284665471672,0.9092131378667698,0.37596467590945004,-1.7686566712703964,-1.2640455846024223,-1.8144496202829083,-1.8711239457925268,1.3830347895951522,-1.1369977109122222,0.7698668353711839,0.6525704909301366,1.78242657139546,0.5452520187525667,1.503249380556877,1.0355920461295192,-2.777597871124498,-1.7682986781570253,1.978581928832303,-0.18301341757373446,0.10261457376378566,-0.3853436240196368,-1.5619168235197614,-1.515094521308619,-1.169179272872405,-3.0062480844211543,2.489964354537181,-1.4377751208842062,0.9324568640181762,0.5291063698927202,0.0742752832175518,-0.5992176871000989,0.994643280122089,0.8941950522720841,1.074325681709505,-0.22111639391142418,0.5361556891117423,2.297940547136464,1.3127176364049704,0.7717215883722972,-1.6602594131126158,-0.4378010743376378,2.8570487750907207,0.028327907162559368,-1.1918920697467195,-0.40104498973923364,1.6867485720156488,-2.323849923805078,1.7441321107317425,-1.7075922216050423,1.5407481584821623,-0.8586745397375691,1.4641704552928287,-2.319114259826494,1.4097965744956606,1.6734032626168827,2.7255965352846965,0.03907886396928084,-0.45620244942401855,-0.07712173044761206,-0.5454893587558073,1.838961939752498,2.7955314174494115,1.096636392556201,-0.8084139251231031,0.2193292311002738,2.3651861427440886,-3.7123010035676125,0.3721197170610204,3.2763382568997543,-0.8610567118091002,-1.3726720633184666,1.8606161019438792,-0.5996287037203065,-1.0814852921473888,-0.562967045091555,-1.2225349033759159,-2.091086409365287,-0.692012431930479,-1.5931640234024502,-0.9296398070119732,2.5654938901767834,-2.574039067984094,1.312078045895476,2.995592895360957,-2.1235753646029734,0.5540780935543506,0.8293421782357806,-1.423852097789586,0.4990626816597522,-1.1347032624672482,-0.6891724373088477,-1.0249212689732259,-0.6271780129244205,0.02278575238334367,1.2968352393399596,-0.009098466225087358,0.8364427978273788,-1.1925302692411925,0.3722157899943129,0.6380007828511364,-0.4349881646788495,2.4954975882198847,2.001696052748743,0.3577430630931794,-0.9033237524834046,-1.8516230232184583,1.0185992474984933,1.4371186074224678,3.889076809156056,0.37025158795387836,0.5051748926809635,1.389059862830034,-0.4510782490442476,0.28997292352321574,-0.15707587644645132,2.155482550163482,0.36268528174386583,-1.2156398892155815,-2.5232915515856247,0.7167753427793546,-0.892381193122824,-0.5600250632966363,1.323674404671231,1.9445760040955569,0.20660707522434574,-0.062113638319824985,1.4544821084769364,0.143043105040969,-1.1697261089485096,-1.1020083302524637,0.4435285537403416,-0.27225595412569126,-0.5655714437185273,1.8414235599907691,0.7788450925264185,-0.5570949005990855,1.9909681783227988,-2.151775257779113,-0.12756286463474203,-1.2302602516751109,2.2485747026750955,1.021669849150501,-1.895569520377928,0.7640233997847871,0.23554253062793862,-1.488700919170272,-0.8432217475504039,-2.2690467738828453,-2.2734239674834815,-0.9035741836763143,-2.4117256127066145,-0.08710130716851938,-1.2493158134888538,-0.6275875261234687,0.4610460853934695,0.5490411227578702,-1.3557010067372426,-2.5207016492403174,-2.888431033981692,0.8879856345728149;0.72667242829729,0.5452187426092987,2.8919312075737227,-0.4937300419418127,1.6233432516656294,2.0465010728606754,-1.2468294829880238,0.5578353885524667,0.3715636375991726,-1.204072579056718"
3,3.2137925398016454,"-0.18167262106409543,-0.22054114878907918,0.8400545542853176,-0.27716882376413177,-3.0061016301844456,-0.31341226347777323,2.7655731753402226,1.1394464251502605,-1.423309189815221,0.3251142398928738,-1.7796167891602228,-0.3496482372598485,-0.5160448670341493,-1.8243598267532564,-2.9278282785998253,-0.17054999049174147,-0.6388690663857892,2.657538259939751,-0.6068958962585098,-1.748301125556011,2.048244753101997,0.06408521839930525,-0.8675499083639131,-0.88690247549687,0.7287228708878681,0.015500744384942458,-2.941507092617086,-0.47454816922816423,-1.2848520764840525,-0.46495929241748324,-1.0567772109701195,3.0447655828665976,-1.4719970070257786,-0.34484609214785383,1.5631867890933866,-1.7887982664391053,0.16307516478509096,-2.3377601920901996,-0.6635768469000213,0.33799817044526065,2.1340354606049656,-0.06470474711680363,2.0173393114226497,-0.40745139576185346,-1.6443325017389783,1.0696239646770977,-0.26192769342750366,0.305043232184272,0.7025650316874021,-0.9965763633807456,2.9010795006591956,-2.9908009871868013,-3.0678563595801713,1.6715445355665786,1.2053496744303105,1.3378706397441986,-1.5273067199291606,0.9754139253405578,2.2312090339122994,-1.4983712975673757,0.1209012909574978,2.0297946460144356,-0.8316765466185906,-0.5517443849732457,-0.700083146255547,-0.010979438005664255,-1.0154570256798074,1.92901028996759,-0.03952809632925128,-0.27509730886435,-1.3142925031381598,2.7060032691946563,-1.2919893991461748,1.4830819916241158,-1.2539449246083394,-0.05158304243874785,0.4463770189177624,-0.836740112168968,-0.9468321615624765,-2.7869251120258625,0.7042819617592543,0.44523839790842945,5.704880194437933,1.0683348649368456,-1.7801907756012276,0.43717787182835566,1.6665731666383394,2.365690125368328,-0.5460023001335683,1.531717284332655,-0.37768365412090876,-0.9764658847281329,-0.40997297489049206,-0.7536442509850231,-0.5261182362721636,-2.598008587946674,0.22371761514742944,-0.3631605688076188,-1.075050895387339,0.6879855896863174,0.010396117807796493,-1.4109030527599757,1.5456637739283505,-1.0523649197072231,-0.6229351681152684,1.6437763607770501,1.135392484030605,0.5805548097946718,-0.30213646921260895,0.8061633466983333,-0.8693499604110602,0.4199081093478129,-1.6505470072979385,1.8261112450323664,0.34171009880308667,-0.2935196099807871,-0.7903558859082986,-3.9968184171228165,-1.893227237318266,-0.9554933755469209,-0.2570393975237326,-2.1156194309309297,0.05534850934514025,-0.7688635593070667,1.4122338144666724,2.607414127158811,0.6870394436669662,-0.8055002040328125,0.8039937696650086,-0.43453356781271796,0.640680381633305,0.4559711863087068,-1.9411255790091573,1.3193588708671617,-2.5783799704702073,2.3471753129452173,0.23680938740243196,0.11960711108173008,0.802176491016975,-1.8494741008157023,-0.9130778438704911,2.4649528283373177,-2.4153030020515347,-0.6301120289565143,1.0651542136502556,1.5061972793863931,-0.684183536125385,-1.3876705119704615,0.6644523612907203,-0.08859289367048268,0.66754216243632,-0.3321444745141309,-2.779754231901901,-0.255983940232935,-1.851119501167902,-0.9462713529507168,-0.6234719905886631,0.9974208770538358,-0.6027443999215588,0.9818268097722801,-0.7417309357004256,1.6142293050681782,2.557860593421832,-1.6295554559304084,0.4307519392942329,0.6063961068484445,0.9802064068378683,2.537368943601231,0.3323202767807708,-2.2345796566727127,-2.1753068418956913,-1.452738144004528,1.0100781747688268,-0.30515157126252646,-0.11752116554022878,0.11137306548605505,-1.6876981000070708,0.831248671061675,0.5155508006289049,0.9754768590821039,0.23245537839749825,-0.7313014524390118,0.31798345034885556,1.8551866556259955,1.560750213827164,2.5741196799988635,0.6887017580106543,0.9314601952143461,0.72347573302924,-1.3697252744677357,0.7587253875115906,2.697666549914784,0.28962213518489444,-1.9074887472463888,1.598214520125024,1.0683545744546772,-1.7754603797741766,-2.5786061711727895,0.41390799996316274,-1.8731621467728516,1.6813672700255835,0.21147298030635134,3.0997876572234913,-1.3137132567705283,-0.15998659273631616,-0.5646916249997338,-0.09984145898321709,1.9971574246413475,-0.5577832167239647,4.619808035000899,0.2540310150856614,2.7307011321686128,1.9807788392022043,-0.5212800663154413,-0.05260378031401744,0.358611833832946,-1.0443654752360427,1.0645795250386085,1.3974586470190413,-0.19002254335440377,1.901540356321268,-0.32442497091521577,-0.427021941227021,-1.834026602330965,-1.1440449580619902,0.49379484859911127,0.8171165544856659,-1.168226143302306,-1.9994810133378356,1.5950041956486651,0.7539328659646399,3.0497355967564777,-0.5435418583040192,0.19151772584024007,3.1596576781113925,2.0678903517500866,-3.3429018599975437,-0.4982158551252566,-0.7892713326041965,2.2793107665890555,-1.1109080313888597,1.783878624979369,0.289312624362311,1.5628348173387765,-3.463996128844193,-1.3498258400280492,-1.9323730333867457,-0.980895157201606,1.3062818059136163,0.0437301807206556,-1.8645486584959103,0.6484108676021982,3.0196698738973344,1.5532392185777089,-2.0750544566852636,2.201143326589761,-0.20920370247385192,0.737118413566637,-1.5523983443459939,-0.2257535916381508,0.21076640321896645,1.1614714214398272,-2.9463476927140757,0.47543183649799436,0.4466298686281729,-3.4398413267469072,2.6123868455477988,0.21911923225043328,-0.518835039318224,1.137253907427926,2.933173760204945,-0.9833677466018448,0.8694807660180011,-0.7720934569942945,-1.1131304190659603,-1.6252027841553671,-0.2959529332894703,0.05171877373343081,-0.16936697703600603,0.27529904589189425,-0.004162243048887848,2.2619780842400736,1.5544273417550996,-3.2424739458314087,2.000747734161593,-0.5927037686220364,1.7887499459519343,1.454893064156057,0.8797263327645357,-1.3388937810455845,-0.5595979926609586,-0.2973948193984455,-1.5475070602334033,-2.114869931219202,-1.3093251424703143,-1.9396199301453951,0.5988073649606943,0.3182688838746825,-0.715404078031029,1.4630374087551197,-2.493677729751819,-0.573688877176493,2.386388942884218,0.47593525700937717,-0.11357660803328962,0.21160733194992698,-0.494685703156641,1.5411476808236328,1.867912046421074,-2.5325838899289606,-0.237433445462848,2.8691066585784055,1.9762007965039932,1.8127632045606874,2.2774420356486886,-0.9195113815165261,0.3614358013897423,-1.524462149139072,1.1814768714508834,2.1105355134755963,-0.6390737926536362,0.6646482003327857,-1.7452799990205907,1.7919175474385447,-0.4953879132737806,-1.6210152531919002,1.6219024961072113,1.3072303849170734,1.2418034803993412,-0.3850597980438827,0.061939695997783095,-0.4557989098931101,-2.1123958025252794,-1.6198745226713813,0.20485264523824265,0.0683326769999576,1.6228504129027177,-0.7411273757247843,0.13915668316826085,-1.8217782595151388,-1.9931191943575206,0.05466781980569288,-1.7245243688563008,-0.560390630946838,1.9093080008809173,-0.5349852467073422,-0.3537152861341947,-4.619864792716141,-0.1586914349072409,-0.933501371423881,-0.1464665656316798,-0.28139219041458263,1.4799556125234155,-0.3223945951169368,-0.3391610557617389,-1.2586091610086199,-0.778623357374542,0.9486450638563271,-0.3221002752636135,-0.23856492917288885,0.07122017200665004,2.3781392837867172,0.8532922063062958,1.3909338294455083,0.3453671358147336,-1.2231146139365752,-0.6167750744830955,-0.1004372120710228,1.835842119910826,-2.416833992059389,-0.6274571007617586,0.048400775820260006,0.08244012151309821,1.8663745635610167,4.080141939180621,-0.5340835552078478,2.862675582937112,-0.19310653036636477,1.4075158205173053,-1.730312636560718,0.4223878278406539,0.890787583370396,-2.613127567023783,0.7107274286996235,-1.4792279761447116,1.4261423867547756,-0.45016556215458625,1.0686194586439077,0.07881973022450695,-1.1045001287276608,1.719732804395405,1.3248850551389215,-2.6720110750027857,0.3242844667309567,1.2842329030412607,1.185740783364833,-0.23360376465999858,-1.893140721915668,-0.5259034045800082,1.642536549093836,-0.15708024779983476,-0.13951440838366935,-0.7509282821762749,0.4783237076283082,-1.6836408197610204,-1.2227273093881503,-2.23239711663423,0.5340620416174862,-1.044192591313525,-1.0646780835868175,-1.0571609312774246,-0.23285981340405132,0.3001419719151206,0.3454161643314533,-0.6808580301061682,-2.1631352246039834,2.1186264004942092,2.618033605651462,1.6195972266488259,-0.44049337360386864,2.0463134251570234,2.215695489000259,0.8798007393393288,2.3744135463918346,1.9229256309022251,1.9943246685894382,-1.1859024730699759,1.1261790297424863,-0.6538326917767121,-0.03215319467791808,-2.874713696472062,-1.594514284235572,-0.9179302694198097,5.035955263440901,0.2310044416122331,2.269876701849408,1.1254388373205446,-2.33532735670095,-2.17518657030956,-2.685961537949904,-1.9745232610913364,0.683022682756325,-3.4285566207556695,0.7978596045233564,-3.5372339433300324,2.2757496118762743,0.3635103636709838,-0.6938988429080645,-1.2754988965466778,-3.0611814685135452,0.29999596851859117,-0.23761390877495717,-2.136147162208997,-0.9545121458236991,-0.5936658440107956,-1.8680190771562246,-0.041203539586524895,-2.2103007541691024,-0.6945940881269517,-2.273575288798593,3.3848838007123963,0.4217853554384067,0.3277076426595372,-0.1386312731095326,0.6555319551107911,0.06873662398023783,-0.5568293495717026,-0.404554210911913,1.0249721221116714,-2.502928983941299,-0.09349289344128178,-5.733314578789816,-1.578054708870268,4.38131184142697,2.5052142474074195,0.5483963858336813,-0.5795991095528646,0.7588153359693597,1.6263829018323959,0.3966590981421907,-0.7484026248378371,-1.081377490320981,0.1734465620229893,-0.4251982121381228,-1.2478088387148303,-2.181519992933782,-0.8142551257538878,0.9236583333670683,0.7942396710082034,1.6250900785973759,-0.5219789989498562,0.9101262874162732,-0.06029893565187013,-0.7836542090097122,0.17675923151188122,-0.1909829700575486,0.38130878352189,-1.219569130534619,-2.872925343493648,-1.2876103428184498,0.6267955930664861,1.6585775050518117,-2.099300577585059,1.910678914934513,0.11049583577075783,0.8749358290877818,-3.8632273966761823,0.3149731656016783,-1.721599480760155,-1.022760258610784,0.04999441478249167,0.9767602248344008,3.512969625475434,-1.3751672739250091,-2.4674693357414923,-0.9727372130343729,-1.011397084830614,-3.8707459604366483,-0.6072792058216554,-0.5262153630797596,-1.7122252850962725,2.9021322780277385,0.5902764251477035,0.9152201375396253,-2.0448457458030767,0.16986694571443195,-4.440229719191606,0.2331944331520081,0.025659142391119216,-0.7668771182825797,1.9411759964242983,-2.144073050027012,1.705358525707046,-1.5892167666644714,-1.9073111352692735,0.6638683031823437,-1.743295513032951,-1.0882108553135392,0.1983408033968287,0.5806355709704191,0.7824965466990768,0.14520042304031888,-0.7403039150625566,1.5835645856280243,-1.6674741477480255,-0.256441377466906,2.118122988526131,-1.4601675965223673,-0.8209254999001427,-0.6103346282398692,1.9551269663516537,1.7611021120591044,1.2945267600408856,0.634213482078302,-0.29652472384488443,0.3780932816383954,-0.8762553338201595,1.042310490211078,0.5947204990141425,1.8430699092667295,-0.03765382350484636,-0.02131007436344773,-0.28780184678332915,0.1198591842296362,0.8072091440034298,-0.6299772831037307,-2.017317511344068,-0.4703416772586163,0.9377230580247501,-0.5618484082107423,1.2592827456259381,3.4754095163079164,0.9326160283092725,0.6345670761606397,0.18180112928242126,-0.14292132358604726,0.7562544759378087,0.43244320273076814,-2.4687128493456174,1.3042880494016371,-0.38210285313911274,1.9902073538506853,-0.3735825216348644,1.5554741209039489,-0.1613390931795019,0.7155452836780766,-1.9996959575618836,-1.3031944057193732,0.46942457444581803,-1.0541555594132332,-2.755444175239497,-1.1729432048162616,1.0122459708816465,-1.411211692256581,1.6885655573204614,0.7207366596112272,0.2115886523375975,-1.2797543261711695,-0.5573888652720709,0.18676477264301578,0.6878633070722554,-1.2276613020280207,-0.23874604250948353,2.2233673243530654,0.960086847176736,-0.36715599022875456,-0.9365108978818684,-1.8447068666247342,-1.23572398116132,1.2872495047047483,2.1408850539325917,-1.375849966666795,-0.16191385199820219,-3.507548630923821,1.7890133004458357,-0.5064781779149641,-0.7950672921521258,1.8772127007183035,0.341398946315018,-0.07283902906885459,-0.3948579387131068,0.4777599532405598,2.2073139878052306,1.1884008236066992,2.536534711768999,1.0885441754253247,-2.046402289233966,-1.2764076594383673,0.2025550914220111,2.627131825259523,0.8227855373248435,0.037386642172426265,-0.5979148908457951,-2.4901955739116763,-2.19536687304845,-2.845603440364553,1.3164934142112685,1.7590044136329692,-1.5292985907368346,-3.0322591414295053,1.1581516106861238,2.5438843097407884,-0.5202992760144752,-0.13046064726752069,-0.001999071027589394,1.6289535128342427,-3.408109167586055,-0.09068268116123386,0.22959601841829935,-1.054533564389162,4.053201596116218,1.8543697235662688,-0.32886053662138864,-1.2700956574485276,2.698923684354591,-0.078776690117356,2.1433423291957667,-0.7858523851305473,-0.15101540973838767,-0.11723629177581907,-1.4928406592645698,-0.6189128956616762,0.7668691678686721,-0.41841785524806474,1.057529578872806,-1.028747902882933,-0.2797352563678624,0.7586290482208472,-3.1142311488988548,1.7081905350239177,0.5097388079191574,-3.3352897194619446,-1.463354300614908,-0.7286387684590157,-1.19207132935023,0.04926663245615631,-0.2716113989818553,2.6347793940185715,0.8818900851188364,2.3246183900996833,-0.000778199067074048,-0.10068060495832303,-1.6270476277058907,1.4335880043345273,0.4103480831169668,-0.1081403568586678,1.0322469982649984,1.3469399955217853,2.2760811974246895,1.463890155258858,1.0445699358467004,1.537203915474386,0.23707175619682963,-1.3113713182140858,0.8166955990907976,0.9716102077548365,-0.5759024950809537,0.3573806940101592,0.9975267131391652,-1.3687200961745165,0.6563424822485089,1.2482884847690427,-2.6580407069738228,-1.4319319193524058,-1.0907723565832406,0.6755624714800537,-2.4023254895902846,1.258864415019305,-1.5455933112227167,2.8704848284895714,2.0564842623783264,-0.6830250802314745,0.501525394564591,-1.772548453989395,0.7027172469078036,2.130607995438022,-1.0346273946206053,-0.2763309378293033,0.040888095929066476,0.4908326989031714,-1.5503627400489812,-1.9464538061434569,-2.16428640741003,1.43161397757895,0.9509440748131782,0.5664783250049609,-0.14678622412382,1.1377173633214968,-0.48077002483377235,-0.649374802936013,0.0796582644576738,-0.13136146210616967,0.8552560535076834,1.3203767136683608,2.5148619590684627,0.9969758877935294,1.0065498100971666,2.0082949239246375,0.6140137733630426,3.511799779298747,0.6339082801725223,-2.9639409339434653,-1.4602583951948227,0.9600274546820823,1.0483929690382379,-2.7042026949338727,0.4264561646619077,-1.2904610636864324,1.638491995703578,-0.7982340426198513,-1.2080501922912048,-2.319783778274265,-0.08558419598030265,3.27180946469524,-0.6734740844145464,2.6827343235516437,-0.9630568621482369,-0.28364917572352855,-2.082964997518228,0.5802150430197994,-1.4546146632001293,0.21151300669676806,2.9291896270581415,-0.25094899508909163,0.6725040508626607,-0.08051498354456166,-0.8973916315890611,1.9311315295110785,-1.0726817441275454,2.226180732593888,-0.8323715480232106,-0.8002145735414967,0.6157940896618166,2.9729811030484314,-1.2473945402568978,-1.2338621543411707,0.9181976465389343,0.3979843362889381,-0.045744029619039166,-0.9799882050900419,0.6862759240560188,-2.024169029514459,1.842175437284819,2.20777061041681,0.9814790073332382,1.6571999276840241,0.8654798362371732,-0.07458339394978619,0.11526247670017015,-2.2496809106800044,1.9327174900974011,1.3249673991474142,1.6678496936280585,-1.9548658435526607,-1.855010824864264,0.21121114174747743,0.9724040887453534,2.4610302302332547,1.7021217671637494,0.9887602892095597,3.189968624066351,-1.3403576662520216,1.0934824688210876,0.18128951724669806,0.5095689796847563,1.800624087793729,-0.2531731707111611,0.7337062501291802,1.3691139034046476,-1.4247162998211198,2.2498253151389314,-0.46361167859643304,1.338356288699574,0.5704947963695142,0.5974357237946692,-1.0545780979280837,1.562808627288661,0.5257981455370266,1.5707966396868007,1.8058684459014374,-0.17459760395445661,2.5543576017921334,2.3699533495547156,0.3991961164839107,0.06799475938211291,0.03811487356924845,-0.15681672156719983,-1.3493376315968866,-1.098871379331563,0.3412145044713194,0.26098552975108547,-1.210325273275488,-3.8128086331253925,-1.8885013306672462,-0.7526718914043496,-2.128169880562199,-0.07357235652759675,-1.8920201862630666,0.013267661636849615,-1.8675488316418296,0.8267167628465231,-0.45943776751081034,-1.3138464465451025,-0.10613761809134824,-0.22389840001764386,-0.12013523580921692,0.18558542004093204,3.8256362069192424,0.20308194346586766,-0.18797358295459965,-1.0874243131212584,0.0008123826983596205,-0.8763260913177924,2.4117697986364472,2.6756564740072264,-0.85432799979403,-0.9996510797358965,-0.6020516109343257,1.0222440612952681,-0.29849297271417985,1.6961916309550031,-1.3399423570593794,0.8659493394767637,1.3805432520178456,-2.7985864733974286,0.0688559258046243,0.46011562573682707,0.2233995104514804,0.6425215649447951,1.3769595367289975,0.3611627756133665,-1.0375015726047936,-1.3772138833718917,-1.9594573589599151,0.6115658655837272,1.4218907097487863,0.01903036147062309,0.08575273527023908,1.5568866464438893,0.09448674377761052,3.462640513306616,-2.2496721281768686,-1.2053327222354362,1.6741834956075703,1.804270590707623,0.24024732377455776,2.430757439674519,-0.6289268261106489,0.9987172838431807,1.9663095112691322,1.3041186816177681,-0.38421717398671884,1.0719086661054777,1.3173040948139718,-0.16345606460191864,0.8830307845864467,-0.4901502404999708,-0.9932964108843019,2.6505476336315934,-1.3259224659092135,1.063228205453012,-0.9728273033600482,-1.5472907467878776,1.1028212923134801,2.2826421143715208,-1.056799875494324,-2.9140901378645183,2.2271800996825792,1.6487543184247215,-1.1244473879528685,-0.9177433760564546,0.44820991176863934,-0.5667963335053738,2.34643129246877,-0.11601753790199032,0.008697681190881337,0.9151337669472897,2.3550611092444713,-1.8112305820939307,2.449645694113576,0.6299839868439614,0.1317886499795464,-1.3630285550652423,-1.6057116365623587,1.387447231751111,-1.6158814673334159,0.060415796411867395,0.14038351750727443,-0.9727818340777585,0.283198712754011,-0.5798319243228349,3.180092288719478,-0.6168229178312142,-3.8288039389969573,0.6905018611407507,0.07565584754980337,-0.4825315334952388,1.964812755150847,-1.9808532536363603,-1.4725627217650197,-2.829439340952867,2.3077520272624206,0.06749460295161488,0.1216192182207404,1.59290804356893,-1.6610745364145523,-0.2938134559007626,-0.4003806474684923,0.10261614365081828,2.5904968285945005,-0.7647334282034968,-0.5632261031553899,-1.9118488712585822,1.0678556364336171,-1.2862010860657405,1.5724731199871917,-0.4196351645639965,1.8113061456875883,1.1656217093194794,0.2171329129076352,1.1730443296758164,0.5144001556233841,1.024468480411958,0.35956560846255015,0.3759487823130576,2.8909127618232584,1.0699679932926829,2.9882170057239317,0.03167654125466335,-1.6321621712727912,1.3764317325593578,1.1445547282215607,1.663016203745422,-1.690773715326826,0.5043943443177082,0.03667636709686051,-1.346330273305135,-0.3801230732240638,-1.2437555262118494,3.2222782160106074,2.4099831818487876,-0.11046069781464024,-2.0095641261413273,-1.867957591558831,0.09969775367055433,-2.080400906079473,0.7528498545446705,0.2644721733966948,2.7224069425038095,2.4921889165940363,-0.9272724901736171,-1.7964545422667784,-2.3204856910510485,0.22152702378420117,-1.725427774886365,0.9215929714829378,1.1642993430871722,1.8431216573161295,-0.0382418243528127,1.1106064199293155,1.205048983544943,-0.5767212132327568,1.6403642315501,-1.2582301633467439,0.9397447354002335,-1.330906419603341,0.21388921408508416,-1.558691783351953,0.9950707466181863,-2.748533382168584,1.4728232023703347,-0.2994266378572302,1.792277782839857,-1.8913676639334467,1.6826103944378434,-0.5580969751442606,-1.9940508456013049,-0.6209099308267758,1.0055358014994438,0.07292413364067704,0.14872376703485246,-0.487740475914133,-2.032177556056916,2.39564171579182,2.309887079579931,1.6908368213546376,-0.462200330605963,0.362682734774333,3.0524618405711816,-2.19622605881492,-1.4770142472076162,-0.4043992663222752,-0.08590857555534887,0.13922243169368975,-1.6121186054078338,1.7146372613767529,-1.3729566987078363,-1.4011176435743102,2.028497065316515,1.2020704122210353,3.085436443507469,0.5220933556959967,0.17370373245371917,-0.7582495764461826,-2.1103208758664307,-1.5382241494792428,0.7861791903283842,0.8289687572924733,2.8877157046261623,1.8730453666360225,-2.132546969403213,0.24394152250162815,-1.0193325804762463,0.978937030791923,-0.847732933476504,1.0090717370675166,3.287504397758312,0.32350545195417846,1.5345677281733137,0.11559069364173175,1.3236310607291433,-4.377993245543161,1.1770074339461483,-1.1743836660777147,-1.6232014237220722,0.1688395002249643,-2.9765176679332974,1.5832930323747378,-0.0536063820227799,0.3663079820747117,1.445455452785008,-0.18443701950784425,0.4627790867926448,-0.14378977301160167,0.2977172827432597,-2.1520194894583304,-0.7202450042020427,-0.8691699115777768,0.7127515692326938,0.3490597419991507,-2.6935003799153865,-0.6711044626866245,-0.004352191810335165,1.0529716090859398,0.9221416362154866,2.6611734437812125,1.3109399178416332,0.42958144230808865,0.9549906801403012,-0.02631914156714621,0.823585417823524,0.06487449611471535,1.2671230504269761,0.9761085434973498,0.7092826227365645,-0.2000244230532869,0.34512843739356547,-2.952042886008633,0.08748429397760915,-1.172113257463666,0.8208417741105907,-3.186212862479684,3.131899296136573,-0.5202647269561573,1.2451481623376022,-1.572679301823857,-1.7818057746595548,0.3756253355774553,-1.4697181299856257,0.6251525351953257,-2.142316601170949,-1.2771595954051307,-0.5721287035022721,0.7179297650493989,-1.3560376960154816,-0.8339530249231321,2.20694449327576,-0.810380885776185,1.250025277181519,1.3021010996212907,0.866482038022018,1.513213530258323,1.817771481761448,0.9518182295207087,0.8857451526904687,-2.905130445236437,0.13517075902764109,-2.382952190424718,-1.0337333569421177,-0.5743967588424111,-0.7139155656760183,-4.021126523278735,0.08550818057459064,-1.8676344653238517,-0.42402432800381396,2.814820884647024,-0.12147053751914857,-1.1160764865326211,1.8864391847729105,1.2725864582526394,1.9219993849932515,1.4616225822145164,-2.0339977793688635,-0.007220889828049082,1.2082568336178159,-0.497592506031554,-1.9585109624770909,-2.8118418502050906,1.834557704296464,-0.7236198152672068,-3.153110884171108,-3.3520674533142416;-2.1673137990402944,-4.312506928905209,0.6471175574844052,3.2587440562864414,-1.7138619956580747,1.6293475992374893,1.7908443620912466,-1.140132207145339,-0.6011651857931058,1.1977950631070087,0.3560056358789083,-1.0162823021759697,-0.5677260741843944,0.7762717160213652,1.124241258424144,0.599157988828966;-0.6522552386873728,0.4136628140714769,0.8250564460935297,-1.567719794602309,-0.8664080244884201,-2.2398472151500064,-1.2867036753930847,1.0053459311458488,-0.3880260819766183,0.6948990966737785,-0.015628787432463057,1.957768794135158,1.01546892238217,2.0772898968196474,0.48920709507347704,-2.258633701860764,-1.857649399096557,2.7163512813044175,-0.7119946958871984,-0.018365554445251564,-0.1587090328130868,-0.5300186329754153,-0.8354530477168209,-1.1065256218705288,-2.5232278976111404,2.340708048446732,-1.2266649736891295,1.2018781461497905,0.5063611493667403,0.5797748251012838,-0.05455492231335329,1.8753352297046288,2.0086719084265874,0.5147836730083875,-0.5848987349876149,0.06780930712606283,3.3474618273316423,0.5489151268305742,1.1494134052521423,-2.0037248125145997,-0.5908673885426531,2.742756262539643,-0.23783424352128346,-0.8296012434402633,-0.25032183616974046,0.9193185255835152,-2.334928536828808,1.346681624532126,-2.8862265099674653,1.0799856852863097,-0.8345423347069153,1.2247904420856657,-2.3057575483264756,1.9612253472260157,0.9302830487460769,2.1764580450460502,-0.8901154250432843,-0.21120437505643785,-1.5065483635567407,-1.3676268226717423,1.779355316435832,3.2477804258296326,-0.46071193197434546,-0.6688877093648982,1.1115020862767775,1.8748755198806606,-2.588332248591974,1.2481344505417753,2.985618667898118,-0.802043447227565,-0.49827253176269176,2.174019991014258,0.2896599637348079,-1.208559208480676,-0.9437978855402132,-1.2208235935441873,-2.2427881608751563,-0.22265350927224567,-1.4327137270833947,-1.2341641916587542,2.845047167643568,-2.382077527798831,1.5606918379773722,3.1094890746141264,-2.2125426839952826,1.0639493633398132,0.33773035255891604,-1.128088697766558,1.6559425251644828,-1.1192390008074722,-1.093758789954962,-0.7615477888968352,0.11867766959211903,0.16959789344452264,0.7290815842919947,0.5636170428367298,0.19137391012689745,-1.4766558637431875,0.4308370783155835,1.0704097231092162,-0.2138700142301868,2.524680101587081,1.694668026426795,1.375588113264213,-1.2790762372632958,-1.4469252667529398,1.3501431581128656,2.319509734243443,3.3684833709861763,0.15179999832791508,0.6421876551005328,1.6752171149032495,0.23714064082327635,-0.042157096906479286,-0.7555287469361984,2.0221269706658074,0.3028385948681664,-0.7257876874660351,-2.4108990684089586,1.1310403511003266,-0.7945511952700786,0.6028093547507181,1.1890225570724415,1.90323078460851,0.5376838499827279,0.8316549514997489,1.2185719432655846,-0.1435883663617235,-1.2219921396832352,-1.306543225264137,0.4419673161807215,-0.5861291431774703,-1.668306816021907,1.527025775113601,1.662154632019991,-0.9332588024128436,1.7952690588898386,-1.746293286457553,0.44125869115547384,-1.9198464906948622,2.3394508771413762,0.730702255551924,-1.3331318828608045,1.4241813080659624,1.0961464454645515,-0.9210945536416125,-1.1733284663538701,-1.940051313758912,-2.8560226089025584,-0.9737748263599162,-1.2766040943901211,-1.4113899796652345,-0.6279290026133056,-0.30604278374464117,0.4220689798360674,0.9105949259694917,-2.180287821699214,-3.3682452016667326,-2.4250394510363757,1.33278913174515;0.30468029633126636,0.07651563313652615,3.369750151926807,0.9111815774473682,1.2409975027406954,2.169690792297018,-1.5446468167364245,0.3332340566596961,0.5685157485570578,-2.479274627318834"
4,3.180851054735623,"-1.2827589642301722,0.07490485203773181,1.4296331192395892,0.7435469849193108,-2.3285534273706583,0.0032343050938907214,3.0991715818341246,1.7221030447061763,-1.9544528843769087,0.8410140466060723,-1.6983589565158657,-0.6043567722065335,-0.8475958132744528,-2.4475123722571808,-1.9410757911955014,-0.059951049569014654,-1.676205568800484,2.781401164975583,-0.2682711529735425,-1.7532733736578536,0.6659182948188951,-0.45272646027500274,-0.7481780493204013,-0.7490045407867818,0.5191773480127774,0.36332519622669945,-2.4316834791254713,-0.47946343597862984,-0.1792974245564275,0.7658590205071271,-1.909066711091617,2.807905098776195,-1.7742623897484908,-1.3982536953896367,0.5014552032222479,-1.555166976534407,0.4859850866543809,-1.9770979532651953,-1.220592446274596,0.009268161687480847,2.3810732566313604,-0.810538203132797,1.70237745551607,-0.27652355623896885,-0.6536163472036148,-0.020415879100803447,1.2705728883163347,1.9558424804625547,0.24231231779885629,-0.21711397809931718,2.6667458841823493,-3.106545425947276,-2.130017629185604,1.901348682498785,1.2377448699866689,1.1905577263230518,-1.5735508610368638,1.1620157758236864,1.991028490067694,-2.0868468956071267,0.1459708850710604,0.8449739150016431,-0.6423630394485775,-0.5589769463411649,-1.1483447930293134,0.33027768724656625,-1.3583397132716664,1.1149334561086768,0.7237015729808839,-0.24627883880656337,-0.38039010422318253,2.530265795478209,-0.3176973136015232,1.609918737406197,-1.3947243439077504,0.007770763700735303,0.6894608232212012,-2.0435766370627992,-0.5182339763630618,-2.231789865466573,-0.22823509633360983,-0.509781716404146,4.840718030732484,0.7964533796566772,-1.4797006044609127,0.3662636696330991,1.9145371767315937,1.2069211037139107,-0.8090401700291854,2.2672709340916066,-0.9026795323312242,-0.6316462343596388,-0.8395207720562634,-0.7889888225526064,0.30261101334527346,-2.3929312502354296,0.8974304726987775,0.0006374702090342632,-0.5335951722714314,0.6303436747641457,0.1295636111891174,-0.6932808053896073,0.14245149133887436,-0.6525120870719451,-0.3610743075104493,1.9301592025179888,0.9450629014563772,-0.24408091413917843,-0.7698991011006362,0.7697808405196765,-0.3733569630649157,-0.5623538350698467,-1.8069891633127215,0.9828629438208367,0.033245139301194146,-0.05861657006817933,-1.905146461801022,-2.9591683210003317,-1.3401988547516943,-1.8599927204096014,-0.009607338231414048,-1.6587200371890012,0.4880659218928231,-0.5685516516305616,1.0531334773206478,1.8288182584815327,-0.2558182019920776,-0.9854416949758693,1.9250886543578543,-0.5877509755319378,0.24835883288570187,0.4125373994974663,-1.9926751527324387,1.0961782522729682,-2.221212436086366,1.9021056939885295,-0.4056305414505885,-0.5057118553996021,-0.6251357873392045,-1.5878366716192909,-1.379789077939898,2.3536151791894846,-2.6741588057272594,-0.79906833214956,1.0055838902695227,2.068657111411594,-0.7903885110865229,-1.2731682353191573,0.3570252196085011,-0.3863607937811385,0.8009908886642902,-0.8024500008263598,-3.66427868333807,-0.45342385973966093,-0.8347523699722357,-1.4836870296071027,-0.519086774960763,1.22464480231314,-1.326376851113821,0.18863629503919205,-0.5190139313643167,2.6687672460774183,2.0645233779033862,-1.6787952543849316,0.8191752640866938,0.38538858952763033,2.1344092932387264,2.9383700168041598,-0.6558251582278039,-1.8744210367563165,-1.8311015705250067,-0.6768877480320601,0.7938888075645136,0.24206975572915906,-0.2782980340524055,-0.06250847479236704,-2.1895495272433254,1.6142822795462406,0.10345201616397348,1.5569055594028194,0.4474668678056393,-1.149720283775233,1.3966009675434736,1.250569963007318,1.2936529627346114,2.699211874655611,2.2919527576196406,1.4078000750333917,0.6255566470560336,-1.826550866864079,0.4555486378668277,3.5738747107737954,0.20073900971567582,-2.3121422110749617,1.1711762592376467,0.5809883991590086,-1.8960987751216487,-2.545367892414151,-0.3566846711465609,-2.327520804467471,2.32042387265777,-0.15056583221742414,3.097593112934915,-2.0836077763295857,-0.8253834985560307,-1.2579669527338297,0.639639899852034,1.659257072923449,-0.5486787365652673,5.079667104464604,0.19071870974270705,2.8059415237687966,3.1372121024190083,0.5837936900557794,1.1729329662726065,-0.4720818582285886,-1.1317206790942185,1.6337794414423106,0.9090111224988683,-0.01783668343176237,1.9328153887620578,-0.2573540907327993,0.011000830618258156,-2.265295480947506,-0.8458295326998283,0.051171885379075396,0.7852533989123497,-0.9105038744165596,-1.2255805052174669,1.9686395327502701,0.12764132685834606,1.6178466980996233,-0.8287120788976977,0.17041906818144897,2.383428803981355,2.433851483775882,-2.6635305630411032,-0.597187305238652,-0.7957286720463759,1.5691695378551955,-1.0115431003156616,0.9463988866426252,0.7108759547908644,1.7635419435127173,-2.999129091441924,-0.6597053716892476,-0.20174026272301093,-1.671097193513402,2.509299487688243,1.5517737201536863,-2.10098301454102,0.5926580113462627,2.8153785882340756,0.7209352886333442,-1.644093355546747,2.0579145296080985,0.5081685836312491,0.7475599722068423,-0.9900402620117332,0.34708670914350714,-0.8597845290604114,1.0312632710516265,-2.3909704467265414,1.2486036134796117,-0.016774948641740922,-2.8048950348359796,1.9824719093912861,0.8278752671192187,-1.049726347852598,0.9499532606311893,1.5859307585936269,-1.4817274770345428,0.2716238005556905,-0.9515690826768671,-1.0619408247726128,-0.8656488009604835,-0.5202459229454097,0.46170858719060887,-0.6050431565871832,0.41577083269624016,-0.8090934715741457,1.9993570849560485,1.514486685389648,-3.3059649025307816,1.7709342570168933,0.30109581652102024,0.7164964081747105,1.2109469789035374,1.4822231550283944,-1.2695539527266035,-0.6719182120556285,-0.11360350434481817,-2.2514318911099513,-1.3924975920435765,-2.301856485150299,-2.158430509759264,0.7762996634700261,1.1551145176798205,-0.8593863207493542,0.8936536193413323,-2.9256881109953103,0.43469509158087616,1.332162692092753,0.8167109722643695,0.0826398669510831,0.30559790366198847,-1.4550770284584635,1.0076833944514192,2.7057753514046414,-2.0785288110507607,-0.10694451265525368,2.471571807808374,1.881961336137013,3.1115990823361255,1.4401093798119877,-1.8428792557808955,-0.042780823309789884,-1.0509314676552992,1.319430210161879,1.9139766619473013,-0.19959725577624754,1.8419684803671494,-1.2440272026110917,1.4266646628328332,-1.4704574040394147,-1.4453836904497355,1.4234482514000377,1.7932958772497958,0.8908737863726268,0.12438588328678041,-0.508486199056803,-1.1023473825066685,-1.2232860169079756,-1.7195607579107917,0.9108618872780829,-0.06820868595277901,2.1970260603816474,-1.041639928255215,0.8637926085844626,-1.4734292432502674,-2.708790072879596,-0.3472544281659431,-1.3105059419331748,-0.27852456538878373,1.158679799623461,-1.3353130129760102,-0.24914310028930123,-4.9444592689440725,-0.17752921028132912,-1.0575102872432864,0.4948264932362819,0.6866404762831688,1.7953684835284296,0.09766758591858818,0.34482642349946135,-0.904514609062282,0.13881033665223663,1.1681733854588803,0.9958633180737665,-0.4264164655031775,0.6661248580308494,2.2031655508086003,1.845868502421845,1.8840231231961928,0.42387218379641467,-1.5681598196957685,-0.08641905030225827,-0.1430806474327576,1.2038057420668467,-3.2098361605224635,0.06151325472274166,0.2824765187214291,1.1948992211141776,1.519458354205154,3.690460992705767,-1.4409306572376832,3.2809521322690727,0.3782507437754771,1.1575139190999795,-1.5050184993402458,-0.18264106000127273,0.6740626063144299,-2.9263544362450347,1.086432193783212,-1.6604125233688403,1.731990058208752,-1.0202756775764146,2.0573913639125454,0.15637346427290366,-0.672646787943295,1.20406471211047,1.3090307637616934,-1.4634636328925439,0.10563303822897593,-0.20619498697647576,1.6386198453957475,-0.552178444590353,-1.8846357468442865,-0.058185581424386235,2.758479728779302,-1.5701196307925513,0.6066163121978168,-0.4805053738908005,0.2970302787047375,-1.3687534949869218,-0.07932886953693337,-2.0066554776439367,-0.3396137765687144,-0.6759911345064101,-1.0791324925251276,-1.3506192066408558,0.07328193987452564,0.013098620283645335,-0.0886625919189575,-0.3467937537167751,-2.8527044852649452,1.547870748341834,2.294235908401254,1.649791414734979,-1.3707805312658814,2.400830329367727,3.118205117889844,0.4205994442126661,0.5199213414866709,1.467586904011511,1.7541366727521732,-1.1481866113321724,0.6594448854470811,-0.3217193465946784,-0.2511059690883018,-3.1630694565518964,-1.4125421547600634,-0.7032320482597981,4.128333281620613,0.5014361471720261,0.9831084744666394,1.0792735090828303,-1.0667605395749322,-2.021470371267527,-3.0569306164950856,-2.1196312172888914,0.2647494799337845,-2.898872781985418,1.1480534270174976,-3.047268901958683,2.597435774011064,0.0983981948878656,-0.3453131232226688,-0.6778417717173637,-2.9620761878362476,0.3292615524350697,0.061699140479013315,-1.687633439290099,-0.38898811619112866,-0.7120919724770265,-2.5754347678697056,1.215914656756556,-1.9641051243926846,-1.2542643869345054,-2.193830739798941,4.092925256062732,0.7869496772696676,0.7844761325091618,0.3703810354038015,0.5987739548856752,1.3980353169612982,0.3371957805825427,-0.45217199787780193,-0.2425968100491347,-1.618538810407239,-0.26958634453267627,-4.806357900273043,-2.354943086275775,3.8070666365034502,2.6314188313890607,1.26913424586261,0.12904189729568138,1.0219883190696164,2.6200453306768736,-0.3965864791973385,-0.4856214414243549,-0.160962540994803,0.29998432909943556,-0.9848187065420941,-1.2974432269951623,-1.4245679572411563,0.45082682942553653,1.3009260801724036,0.4263896726408982,1.0975958247125872,-0.8474683079632096,0.8367563944945808,0.7498346215332381,-1.325146590093404,1.7735094503743225,0.3857812642330397,0.6134480780324147,-1.1017547032339046,-2.3643576939013626,-0.42061835499515493,0.5266860116905276,1.5777201280201483,-1.5071849327645825,2.176451269347128,0.3745332809935217,1.416751352757704,-3.366765763242859,0.5008467648661876,-2.273475400570131,-0.8078082897988242,0.3566952429047104,0.07294031396910056,3.458809847209962,-1.5597486694967988,-1.9679544489857521,-0.14635662389054813,-1.5465671475408578,-3.4570795025843974,-1.106470728381657,-0.001967837874616695,-2.1897294547127952,2.051591307229084,1.4176339912248412,0.329275310531121,-1.8300881342020014,-0.4613547687604645,-4.086261616070561,1.2780087593238165,-0.22099925275579707,0.7465355853121063,1.2340870666283037,-1.912506709005408,1.4324346681869946,-2.2469810526191996,-1.1079848030340818,0.6955493454995493,-0.9585472152265401,-0.9866685836604991,0.9445206631402296,-0.17183466067530323,0.5601366467628526,0.6807255157994075,-0.2907589492831054,0.9384398160181038,-1.140139442100797,0.6879234902470452,1.7636147814739658,-1.8760989703438733,-1.0069210470768652,-0.8192552653310976,1.447923666235876,1.437960537155582,1.1788376090098471,0.006951320787378701,0.37622583230688,1.1143369062247186,-0.11579468433725465,0.09651273935155086,-0.1644005167970869,2.431856342178637,-0.8288232209366974,0.2244350356573091,0.16584832622470874,-0.5988189576064018,0.10712366493573622,-0.9153381098928319,-1.9032106458407365,-0.007154807047375811,-0.17368640143075942,-0.15630835703323054,2.239403872636612,3.0913311360237437,1.2498582277401828,0.46373880464605544,0.2378509844188083,-0.8919457731784736,-0.19798363783613693,0.3018285314585659,-1.7253922251612523,2.3662925481019768,0.16484128717181135,1.949401799017261,-0.3001398715260307,1.3409558506652188,0.4103122634239554,-0.20230937028585416,-1.7897624036518422,-0.9501115410813152,0.8218989743245791,-0.3907828274974314,-2.6305760534918017,-0.44398499772489847,1.0355465423430117,-1.3294144467812663,1.31635050281323,0.43126849012400403,-0.11982599236710689,-1.0307064909177721,-0.6971065968747909,-0.7936065309846205,0.5202868638136264,-1.4991054268410007,-0.339340583262178,2.284615381732685,0.7945839333102191,-0.09701998551218738,-1.3789688648851803,-2.189731189104417,-2.395314920883564,1.2701240208851765,2.30724532680566,-1.50600788181905,-0.15491699974124074,-4.032198374097932,2.1933196192880615,-0.1507365600733817,-0.6372282007901189,0.8391977490047747,-0.13926312078344083,0.7089226232276484,-1.2246840333287117,0.8933104785427846,2.598829533554282,1.1331728774871017,2.0232959588099204,1.167705873629789,-1.8196352624416972,-0.4371504121846351,-0.13168100322276935,2.5827448510554243,1.4622315277481055,-0.37632409518697885,-0.5122856550035819,-2.3900239681214206,-2.58519931445636,-1.6662926642051772,-0.11970141802313217,1.6605960056458142,-1.562818714067295,-0.7736120008242056,1.7937718816363937,2.8247680757047884,-0.4458275024080459,0.1687663119392136,-0.8633463040182296,1.730684583748784,-3.2013963132102408,-0.22470433444410645,0.362285098864031,-1.2379966285816126,3.52605949192054,2.217249635149054,0.09814644629626379,-1.4582773899857315,2.609959858800919,0.14443220270776483,2.661864574933639,0.5965662989065867,-0.7621112677285204,-0.8575292275729821,-0.9557921990338785,-0.9219498935885504,0.4211086016838203,0.00867698152191157,0.6875728164261966,-1.5337269205958495,0.3535188640680398,0.9742845601183302,-3.126745852122054,1.2840395487209957,0.40285927444250924,-2.292596172026009,-0.8920958282008955,-1.3900454108904725,-1.3004479694022393,0.5074976729594409,-0.3615059272944978,2.740229245211161,0.2811566420392777,2.251256689363032,0.12539031135924344,-0.24478284245131285,-1.5819057178729887,1.2110939655734334,1.697904410565985,0.0859296536148287,0.5746653407056515,1.007007066248087,1.3327740619107717,1.0367558056375696,0.6317799741896999,1.8048289900665693,-0.5104158303258575,-1.5050829913642016,0.8494116833966487,1.1380373249112612,-1.5499320165583028,0.24617466174596125,1.0037773188158043,-0.4923560142732669,-0.7329293208222131,2.0144077807134164,-1.6033661516439994,-0.780088641251381,-2.083476758197924,-0.04632310019240149,-2.500341797321235,1.5724855207334847,-0.8995023704440243,2.679369057372366,0.9132804062958453,-1.8589379065256346,0.7639114675974141,-1.2942506481712266,0.0864166409547518,2.0695094337817235,-1.0393241153307415,-0.40802859820801674,-0.3286455063672037,0.7957552423236446,-1.0055473790916314,-1.9922854217964856,-1.4212387729859102,1.6886932856500845,0.2669589802919277,0.07112827555597256,-0.2424541542035063,1.5902999735882224,0.30229536978485516,-1.7174922829921586,0.2128988122761912,-0.5375860455473632,0.4656849571215441,0.26381810883168894,1.6826441367052722,1.8526223912050805,1.0711328515393133,2.006958959732786,0.8771930486388264,3.4420847293643457,0.828700820029286,-2.109787386221268,-2.134532159218712,1.392389781677719,2.132050307665272,-2.074154255172432,1.0110945871695054,-0.8739962765369813,1.571031496587448,-1.5970225707604526,-2.0146447986328693,-2.37157580577712,-0.9020964197968321,3.1461602797177224,-0.284047269410585,1.9401986133669527,-1.1276329316425433,0.017946935568736,-2.1726203121055443,0.8631757155153181,-1.4085443636556045,0.21465215708543603,3.8147414925814767,0.22488738471419595,0.6233012057666003,0.03400022941772837,-0.48068522708490397,2.468806697591772,-0.8619266939695592,2.2078637491237902,-1.4006354231554676,-1.1129672202744236,0.9269184239589208,2.9965912432131705,-1.4056691950911175,-0.676482902152148,1.487233198141433,0.09565215211036959,-0.3251889019085022,-1.6645216714163307,-0.029781581464293883,-1.3822952811662108,1.7623191843105932,1.9511741315890967,1.442012238893743,0.6306518773654869,0.807464703229461,0.44404810653084037,0.7024248737395363,-2.562932437997881,0.9129118073536375,1.771429882059376,2.3707195977024424,-2.2943595080142436,-1.1718225077796687,-0.6079933668497846,0.2579743477369889,1.7482174240345016,1.1118665622107642,0.8652883474460524,2.1745833570701416,-0.7371114604278528,-0.7726641104285399,0.8833855353640828,0.5452680302146494,1.0496304738726665,-0.5769316353432118,0.7874221197023332,1.0719447908282338,-1.4530411431339736,2.4932353707210586,-0.3134773036956051,1.872448119588118,0.7997516585616267,1.3134273579229663,-2.274848508935619,1.2359203127988614,1.0755655054970938,1.266697896719923,1.5412218221848397,-0.8634088344987121,3.444699728592595,3.005717905421676,0.6815659622469696,0.4450989860807732,1.1518342514919822,0.31909828628677733,-1.9898317575617752,-1.6578759601714845,-0.1807476185364651,-1.1298761167665394,-1.20652972645909,-3.0094731485597013,-1.0805955099106614,0.20228058055199832,-1.5761041785054861,0.485447171906357,-1.7950164254557772,-0.754619988734669,-2.008005913616309,0.40280181501608014,0.18350863579143295,-0.887896915733579,-0.4398499854582885,-0.32783011724763106,-1.3682803673696011,-0.8771946425985675,3.809576300797579,1.147240871679847,-0.42305355929413846,-1.9484265565414933,0.017173086169693624,-1.5674457457440236,2.5351615182092195,3.3061607352024325,-0.5412069707466902,-1.2059926072708438,0.2695213546957944,0.5464480179914165,-0.7601114168581964,0.8692773517009055,-0.9440421419376388,0.5899867382611818,1.2175237071727292,-2.700863848716753,0.24426920396514373,0.38201052428006144,-0.29352379970498066,0.009044858774252984,2.2259118403892177,0.42711978972541753,-0.7533795717293881,-0.3145650423774782,-1.3174880467421615,0.29956094946200473,1.6715680458738695,0.5967161676138802,-0.5694280389787559,1.0518540606301534,0.15733453075916615,3.188052387674222,-1.5599864306691726,-0.9461185992766297,1.1958556981094515,0.8938421455451928,0.06268931802586603,3.160353983513546,0.12684207375420214,1.9352392773812475,2.3410953781745,0.7448412365903089,-0.23870411794943425,0.6347998762377498,0.9304167724659361,-0.10556868072039412,1.3797701462875578,-0.25571970579710424,-1.1893721807401993,2.1727224352301784,-1.6714751312243565,1.3848278278295119,-1.9346560565246942,-0.40517544653297,1.199837570256128,2.6935367245405946,-1.3377017118787928,-2.627403873564614,3.044352520714025,2.6218861533096023,-1.1923445373140549,-1.410774943407267,-0.2711510303097175,1.4361348522778568,2.1356225296988924,0.49073224600523174,0.5345394095552929,0.9679165267988324,2.6513404565934486,-1.502750232315766,1.7602422177294734,1.0020367390411444,-0.31252562684361784,-1.1992689470017597,-1.3054795431053896,1.5282604497517012,-1.6274805417647968,0.15661421149317525,-0.9682458231863819,-0.3367883225191566,0.25408007509918573,-0.6475820287448175,3.0541169198613556,-1.6170789987953615,-4.391442787601724,0.8545985657458746,0.540850667434903,-1.6897920153082708,1.8980226898518362,-1.3705794859260572,-0.9494346330142075,-2.2659157159573873,2.2586115417664585,0.38884509772470044,-0.29937447766536823,1.6789670868408646,-1.7779728639019203,-0.8338527415229128,-0.5133845723938374,-0.5219743868965715,2.5445295479315724,-0.5286488614264477,0.15553827377136364,-0.7818538511558224,0.7841092603223692,-0.28353276128926946,2.056716616274034,-0.3956559685565303,2.2616010781839657,1.234099237489012,0.7233790613803501,0.5528224048447508,0.22593174812034839,-0.05173347431237785,1.3390938088397042,0.091300744408012,2.021684544763539,0.4201774627523646,3.242684002704119,0.8507964218321311,-0.8236418842266675,0.9047658354571458,2.628724179855969,1.197880401914896,-1.0314205193028865,-0.04285581485982504,-1.2937062593570388,-0.8156940294953992,-1.0834780885485145,-2.1176209280476277,3.1454409856544454,3.113476263401501,0.48685272277904845,-1.0008852048533021,-2.87812594835783,-1.1145917418749725,-2.080397300931409,1.2848274585801778,0.48378438619705694,0.3473001408726055,2.010940809116305,-0.05235476624077162,-1.8209699126317243,-2.829622906884952,0.665693911321674,-1.5910516854299541,0.4308169430488517,2.223305617350257,1.254597553300533,0.2655983616251525,1.4245655914873547,0.07292918380547103,-0.7741000357683168,0.6003188881185083,-0.6672292229511774,-0.4155970344598603,-0.8218472306409101,0.7075466334759796,-1.3444259139882133,0.28256837819246916,-2.563130929842806,1.8744069699338886,-0.5322986658286742,2.047906817655225,-1.674176150458429,1.0698071942476197,-0.016841515935311968,-2.1423416714728325,-1.3292815032891268,0.6204456066879701,-0.012962400741122093,-0.20183647597688947,-0.6593202193211049,-1.9643468319721784,2.8553994568731085,1.7348968434525416,1.369525754555427,-1.1127419543463066,-0.3991561667214013,2.4184516433235803,-2.9816946342490787,-1.4890849158839807,-0.6513340377231556,0.2166418505950339,0.5552653767836264,-1.7388220643935155,2.7961318020663946,-0.7878233008202802,-1.9771248067381393,1.5373301280479892,1.143479807317493,2.417143756231615,-0.6787640787191145,1.3556414707396902,-0.1542281733832474,-1.8773608169265112,-0.5407507860071543,0.24283816452874188,0.49210507299336653,2.1752750422663847,2.5626683026251196,-2.7951245975374492,0.3693297374029462,-0.1536455617892967,0.967887206574306,-1.2750485621322771,1.3659302108051121,1.9064537317984454,1.1063323122799371,2.0276094043913546,0.37373478834942175,0.8850957050168011,-3.772227334848517,0.8020074368224964,-0.2518586054404653,-1.7951801321551857,-0.5363795407655895,-3.119924707489381,1.3317205065435225,0.06851777297309086,0.2774526846699128,2.1251804543920607,0.589391179999443,0.5706483547456922,-0.41406189076459976,0.6260954902228678,-1.8413381119044172,-0.8636024229491369,-0.2648118157867374,1.0075901197871149,0.5627015970138718,-1.6487548192738668,-0.4293812635382035,-0.09535788542334543,1.760827764298931,0.08983296613430891,2.633229453036055,0.4300636396877522,0.4432178293735647,0.6231186742249015,0.7699791474514976,0.14435205841738763,0.331235619982529,1.995858068877582,0.8416668785589039,1.1008928281156793,-0.36281236742288836,0.27415646006387484,-1.6419090658957871,0.6638356697933874,-0.8851900500443549,0.5100306439640294,-3.000291295844354,4.092615711738867,0.2721396326169676,2.0390679811226473,-1.7382130514495315,-1.9843351447192332,-0.533637070955014,-1.5000412721235137,0.8749662080051193,-2.6023526960477343,-0.8346224479885862,0.018312416118011127,0.44065431872889194,-1.6497076865566953,-2.0039041352811338,1.762786455243275,-2.422939277614289,0.7093790230942809,1.2224428686434332,0.7845574713024559,0.46286506553142515,1.1921543713361722,0.0827050518211841,0.28816656973290156,-3.0611562028605173,1.2934561103477293,-2.533392011601914,-0.9747065344852905,-1.058557527369172,-0.7154676690531951,-3.9698944630244206,0.6342826298352273,-1.2616627040711617,-0.07418029357143488,2.4269436426207043,0.18042976936519517,-1.4094493614819898,0.5885606624375193,0.876422077116343,1.8003759235017909,1.1533658307291503,-0.8811075741875998,-0.7082360922692468,0.8822115719022143,-0.21100190456851975,-1.7694002063504577,-2.102989401483216,1.1606380401478271,-0.3113565308462745,-1.839083116803961,-4.430021061537435;-2.2774619180279787,-4.559441600391635,-0.25447803984004713,2.355028491726136,-3.17812256095912,1.4097130931476725,2.182256912195466,0.12504844655615754,-1.8491312660556651,2.1747707588828415,1.3060218237333823,-1.7402941176468654,-2.454983936971315,0.9007765741928677,-0.4739469517026692,0.5550968421575952;0.0674446247025471,-0.0960222744422593,0.11814496663462398,-1.1736262835286027,-0.7934894596538498,-1.7199177670235786,-1.6740513610983796,0.5446561232921291,-1.4391942670636961,0.4763047783533275,0.07361387604455698,1.7654896724404496,0.8797257139807589,1.578287442064773,1.0977006050795846,-3.255476778148848,-1.2432854333508765,1.2861792848657847,-0.2622325221410718,-0.770874665632417,-0.13799307895834043,-0.7504158356985546,-0.7647038875737775,-1.151719456424057,-2.71594823870635,2.6874564798687715,-1.666636620020792,1.6654639960281352,-0.16298108246208554,0.22370980155169884,-0.13001330498340552,1.1176894991092063,1.2588482704515473,0.12516261924750527,-0.05745526205187623,0.11110181050137105,2.212632030190138,1.2509373380565616,0.2609040772067407,-0.645209320514145,-0.3241931028946754,3.3415479941890136,0.27206844056446233,-0.5182157124824537,0.6713557952676765,1.0185177673209782,-1.959029620727529,1.1450739848888871,-2.5452176060876037,1.0812006382178057,-1.664322683403073,1.3454796296570848,-2.6038530280293717,2.100283277506862,1.8511982990343685,1.9550155084502026,-0.840174262064111,0.031114070105625516,-1.1886004473044767,-0.6935136773140619,1.9692116202368557,2.378858172413761,0.40690295005654964,-1.1465226867672687,1.2348662835039232,1.8937329472770028,-3.558615839290075,0.896396035698365,2.7163595554108304,-0.5373920740030915,0.22146913291016956,1.5158090640000612,0.013018748194194074,-2.0811915536149983,-0.6988340345828358,-1.7228771326975565,-1.2232392173513176,-0.7534020037110034,-1.8026500928316522,-1.3543048221873617,1.8514944491124263,-3.835138544182649,0.9100384417669363,2.570563357501668,-1.477559602416333,0.8223556277824781,1.1612779226542718,-1.567901926732539,0.5560045628514904,-1.1424543970622536,-0.8289260064414358,-0.9368936634310087,-0.30261657627976984,0.33759145875919994,0.18437023048455298,-0.2703169976726188,0.08689767802219253,-1.0125643019227677,0.6362509050905975,1.1049256595057186,-1.1934048636484451,2.9729259993613413,1.64992811990461,0.6238050578869094,-2.2661196867163387,-1.1582141111873052,0.15464051499282716,1.8132848729277802,3.455041844760627,-0.17767104433745684,0.5742991324586747,0.4891278631398385,0.3076052449918469,0.713573939429389,0.03250508947566583,2.4396556990458755,0.1516662111842821,-0.43463247858581294,-2.72704170111537,0.45375588554573343,-0.12437614308658662,-0.38657055643090166,1.4217816474104688,2.334648144505203,0.08720183287093147,0.31533034449913344,1.5186949211071676,1.1004083489717962,-2.1202159351904912,-1.4709868951218403,0.30128142618680365,0.10105584011307567,-2.3417275405412736,1.443037921434334,0.9281248742184854,-0.7670165041226736,2.5425206807413585,-1.2267864632773797,0.839839970134789,-1.6947053637652325,2.8873102765334773,1.3129800791210093,-1.4677204953781644,1.66089789574132,0.4962302687787257,-0.8142377352060327,-2.2163415788548306,-2.1599451466585555,-2.1963513082444917,-1.4070692286082807,-1.7086887607861299,-1.1349883019596836,-0.7206300040396326,-0.5949161247468984,0.7843113039393603,0.258790455869479,-0.492766733077999,-2.6087929113651422,-2.2941946802656945,0.4305681260146371;0.5920743462170218,1.2150803260214902,2.3667003744827553,-0.05385675385446964,1.849678020655537,2.4990367834086387,-1.820765623047679,0.21851748661808815,0.2093279878832961,-2.1872439238500387"
5,3.1357699925989757,"0.1985509671863758,0.13098395580130448,2.1084440628570844,0.5127694892840022,-2.8358135260155017,0.36463777051940016,3.197957134176238,1.612239309368244,-1.8846340293837849,1.4186668493433663,-2.0060556521492403,-0.6307146655358726,-1.1276152714371714,-1.8141521475943128,-2.5614639002619985,0.5472260803744999,-1.0570212161463362,2.68932208831469,-0.4645912099185507,-2.265442091699505,1.7407382884688114,-0.8938421591819355,-1.497468902707164,-1.2229879688857364,0.592262969535716,0.2740686050834828,-3.2733341984003177,-1.4282418435366917,-0.9461211011971132,0.849395480015014,-1.9693137179721316,2.0805625311743494,-1.5661060489258052,-0.5327848973303245,1.2370455281323198,-1.1506440628523933,0.34098611281258984,-1.7585214423571016,-0.8799102387619072,0.3095327202056603,2.489863225259176,-0.5648717057796626,1.7689441425828556,0.04734247783404688,-1.67065903737122,0.11320917272320302,0.8233978911749986,1.6564424065423313,1.4572793900601306,-0.08450716350822451,2.481825326501135,-2.3507682804585572,-2.6623326532548504,1.2781284308974519,1.1170756068504615,1.7565435567867262,-1.6288657273816904,1.421775240051399,1.9305322009896715,-1.4397787120109047,0.11979862615464384,0.9513606385363014,-0.803012740621168,-0.6420570125984841,-2.268716426553212,0.11269932241090816,-1.7641682487299708,0.9455783112686558,0.6867611780875491,-0.20558023125847574,0.37402230557855043,1.8801712825278019,-1.2257223562969721,1.8416838316846948,-0.7850838073244903,-0.22923051354662521,0.6318763680115512,-1.0349519445449489,-1.1531418086151755,-3.202986625815187,0.2969508353466694,-0.033948317495149066,4.514145693951336,0.4343909988968653,-1.3876406747159618,0.13320873896615432,2.018984029048845,2.2938764975148622,-0.7254833048514,1.129750306418076,-1.1267430714971545,-1.4802517006608906,-0.89845201140615,-0.5257977194491631,-0.7689566074419784,-2.613568613049263,0.1724695868596668,-0.7724875392485923,-0.5745454429920998,-0.19409983089422583,-0.4435730919078281,-1.4850806033674318,1.6252444497791276,-1.7081434399815065,-1.330323538525953,2.3613353077504224,-0.1716977250349523,0.18806864141268065,-0.3587875168184562,1.0426550352568853,-0.753332266846312,-0.40178343897643165,-1.5708702972803934,1.1111893026308484,-0.36078033724727,0.4077761467259693,-1.1161076329001403,-4.259617017101196,-1.098490968251283,-1.3614955141098013,0.12396992572269229,-0.8172271249418218,-0.43611278480611704,-0.8008472757701457,1.512032131994704,2.555615778999605,0.25074886919363504,-0.6972729655358059,1.074197150505128,0.2680371123814415,0.28571532296477,0.4430442757289349,-1.7201914070051092,1.4258952027042775,-1.5313779917184913,2.2165463781098285,-0.22336851119571982,-0.14059677049869138,0.09898585063176682,-0.22248102566456662,-0.7059760164370134,2.877254950048589,-3.02674630451908,-0.30958588130396214,1.5617196423124717,1.7717699028499743,-0.4948124790865467,-1.3763491346311,0.057577674171913784,0.14481661997889284,0.9092913603149535,-0.7875335632156706,-3.0020019252831864,0.7731525918297247,-1.0115148374844583,-2.1818094208660614,-0.31179599321566376,1.857069939238552,-1.646399828447326,1.333030469477547,-0.1169570182058568,0.9060770075696573,1.9034933879503249,-0.5482326503144787,1.0897326404430068,0.5319178185433621,1.9368487303182222,3.1038996800778476,0.01735563084042656,-2.431087384697415,-3.164185619328589,-1.4920664930717278,1.2456786584312218,0.4700963237654612,-0.1129194340642996,-0.1864995114328057,-1.8954757437037137,0.3296554647401344,-0.4565384802958513,1.673252081224337,-0.0004112918531065657,-0.8984029962784896,0.32742667210858745,0.9871257352393668,1.472265607980557,2.5809111683155654,1.3935869492162687,1.2497398934973407,0.8347349677456282,-2.6378582373731145,-0.036236000647418165,2.3925487524045814,0.9113277464726361,-2.989674914290781,0.8682893987515186,1.3450431816405832,-1.7581397287692417,-2.360793351556,-0.8397012389642228,-1.736883476547747,1.2738266602872201,-0.2661582849703106,2.57548451340959,-1.0241352098443604,-0.7915531003021657,-1.738944538597805,-0.9873247379435313,0.981349438137722,-0.5077253372215798,5.169271726563685,0.4769800140430053,3.115686624260781,2.405653480662986,0.04650283277748879,-0.16632079985371684,0.06530589005544951,-0.4966068742807315,0.8392065796629541,2.12867783541765,0.33939732348918616,2.179751450371936,-0.25758701577554843,-0.07349192760427646,-2.1728571753020174,-0.270063341573304,0.18161072691105334,0.6645146786020066,-0.0823800146533562,-1.2366655205058712,1.2570700295042565,0.3715612446680608,1.6832550134196753,-0.37024149766843273,0.010947225894948467,2.629881381277419,1.9779039698547825,-3.0344120245823873,-1.2783657643034885,-0.6059331364432338,1.7538124368013874,-0.6768056646584167,1.6156705757339114,0.5361229002836783,1.5670817644249502,-3.3321831720277797,-0.5061734580492352,-1.0300374530358845,-0.976944656299465,2.0749256198989587,1.0630925553701698,-1.3695491936050423,0.37051759163436504,1.8636213576726073,1.0355361085873487,-1.909625614558656,1.8621673263315877,0.5532181921377783,0.9533198051972663,-0.6562285414808553,0.2978023454923264,-0.13935900920689182,-0.1316528549653293,-2.484673397195965,0.12564444569231908,0.6525868832621948,-2.1538280274611363,2.094681654283236,0.1814355410693914,0.8467751534019263,0.7769331508396206,2.3385617976517734,-0.13877131230378692,0.14274368624701617,-1.0269377826713766,-1.49491162792385,-1.0512081336853842,-0.1795462879065498,0.5544621519247304,-1.2409399861407902,0.5329651911919199,-0.36382661916627307,1.7632366221361697,0.9842520012320009,-3.869863610027487,2.332755462793539,-0.4366725500900772,0.4627924851824113,1.2834716281074519,0.8206612183366567,-1.3110813220685016,-0.2632681939070656,0.6719285365818908,-1.1378426703031033,-0.8488571717745267,-1.7765951710451269,-2.3595615059335184,0.5008596252909733,0.8127296494876867,-0.8397407453056007,1.985214996194009,-2.6688935793282407,0.6061366968594813,1.654671826245149,1.2191063708604588,0.5578761141590765,0.590128577005588,-0.03642691451817093,1.3222003768792456,2.7021900425484837,-1.2739207762068956,-0.9206786475190919,2.7805252361473722,1.4836814361047534,2.9151804125815874,1.9205107242973214,-1.582413533458731,0.027849555536889475,-0.5624839295510362,1.2805271605954935,2.9584117156627956,0.08717509410842417,1.5271238507441953,-1.2272535245544094,1.5528500364989992,-1.6954898891341303,-1.4207889356150978,1.2473099281014766,2.012683524580312,1.0220164025542653,-0.44456549874757334,0.4944660952020642,-0.10060741029809761,-1.3439979733910747,-1.3226241549525588,1.1454854231079872,0.44720645340666815,1.409013140649342,-0.4989865807436368,-0.012935293813473248,-1.0446599870467828,-2.5226860557932533,-0.6858861090767205,-0.9069783784812682,-0.8872624532229203,1.5867469286477829,-1.0110322517719104,0.13328734938162545,-4.165365452527863,-0.5862319396820395,-0.8552081370346845,-0.5467568843634273,0.9482295069694704,1.2139651276757342,-0.0030161578874927097,0.3907049772550145,-0.6989867611756584,-0.06395958439561067,0.7601954123644514,-0.21148738688623842,-0.8420106034147352,0.546523606417623,1.523972301580868,1.1605614662014878,2.1419866267640675,-0.17213003284790268,-0.9602178171019669,0.5151525040192271,0.2723415296220605,0.9453577065274275,-2.10458597938783,-0.5004613544049865,0.44195585590958486,0.5544507052246547,1.389011599551291,3.7752112776937183,-0.40773946649397336,2.5395672413095283,-0.020614167697605264,0.9255397242298324,-0.43660072305736664,0.41007970704808616,0.10901064898035179,-3.5769052948026774,0.5680092637826191,-2.2055299248517275,1.6884337863543322,-0.3073088957079801,1.6374095606606491,0.9889228457051679,0.2590989437022073,0.21633038548146444,1.2700114418548858,-1.390469256613549,-0.10714278512593375,1.0274057022770258,0.9283041308012766,-0.20290356076586813,-2.4432021417819927,-0.5528115054436631,0.8869519663391268,-0.8308648638481517,0.3807687812281374,-0.768376448740308,0.5410038603284668,-1.5539688951293718,0.07573072229670438,-2.6866850279507806,-0.018572196393272622,-1.3900867410368076,-0.4934102557928575,-0.4652938645999993,0.041047373406992604,0.19314117663107472,-0.056741061391455516,-0.16737337879489608,-2.6648689147689204,1.7362357840401512,1.541597259462633,1.8023904787399836,-1.4351667432039825,3.0132632169610125,2.957354795421115,0.2528162677502312,1.084554303345953,1.539207332003052,0.5494471984574285,-0.7242282573421589,0.3714815072687701,-1.7602507416613078,-0.40668738071627536,-2.293535445651591,-0.6929971964774944,-0.9596173640017803,4.091311512708368,0.548948010606086,2.1157643908849355,0.6737696147306385,-1.4227592398746611,-1.437017928513882,-2.594947402114723,-1.940626900467539,1.5210048630828885,-3.71749202426287,0.6420801221584223,-3.4990103231214116,2.329746741505237,0.08579751801742323,-0.7562067105373388,0.04052594542600191,-2.745554771400132,-0.5180682321979413,0.30745003246392444,-2.579109876999154,-0.26028993443859616,-0.49846208759232535,-2.2986603894624578,0.7630107723260352,-2.5701333138175384,-1.354659401990594,-1.895824198997181,4.126730632882216,0.42497824888279956,-0.11950510336678255,0.4065911380049144,0.13547174208578716,1.0458995593985831,0.27619320156459387,-0.22026664121029743,0.5130150354868179,-1.4772176815496167,0.5733069465494566,-5.282820381186576,-1.0957947283145886,4.623160217650964,2.27502738197314,0.9688174806176053,0.6710192809104855,0.818560204237369,1.8786085635231977,-0.5886126603194606,-2.1865458101923965,-0.8225172906140822,-0.40813365990473477,-0.3339487225594655,-1.3883102379025378,-2.103186038350907,-1.0734477994351797,-0.32012157156450216,1.358288211230117,1.362303514857624,-0.9209412415985591,0.9809991512782819,-0.5815313935076368,-1.758573253169395,0.6048299644405385,-0.2136413568388772,-0.014707808525330584,-2.0494230350860088,-2.6452855205441894,-0.6495144060842588,-0.11242729352685898,1.922683091531773,-1.0490578892625038,1.7408134810988884,0.396039692898195,1.525429814909202,-3.280143457421802,0.419427359768045,-1.728889125506731,-0.6355483155916405,0.5177524818724265,0.5869667545157635,3.3810925649883563,-0.9051139380824212,-2.62647402084618,-0.61080725099856,-1.0754125024424033,-3.4840083877436303,0.02764884314487226,-0.3353471491169276,-2.5753834663688226,2.0719836524025768,0.46991593625756256,1.1345169217054112,-1.9481622603053996,-1.3697474919545591,-3.2942992970512965,0.5410431850496189,-1.3881936382168354,0.4985574594287141,0.6693610101057145,-2.4076890861336233,1.5809791210361626,-2.261711036880826,-0.9072741824514424,0.1433267381704701,-1.4016304327699438,-1.445945824087654,0.11481359672566849,-0.05340231036644927,1.1836889628690752,1.9070021018306769,-0.07794053345307461,1.3308767565046746,-1.9056868683104646,-0.5561459128138548,2.5310415519396017,-1.435369894879706,-1.2668664821614335,-0.5198112953506517,2.1010971001669168,1.3580942643080873,1.2920121843751446,0.5418739132603894,-0.42032164984439074,0.4540987190586836,-0.2616667979222737,0.9256450640842906,0.4281611253933448,2.723324751485249,-0.9519661914500073,0.9690629679352913,0.25093060448614757,-0.8368822231752824,0.5349629377449417,-0.6946423444514424,-1.8685982668490557,-0.20235359563913236,-0.9523193952901948,-0.8399470295521532,2.5909205193350706,3.219530089884602,1.444375595134801,1.5347023282466097,1.4830436617177327,-0.6319096788806908,1.0477960485642437,-0.3567050454956555,-0.7583515486739816,2.0480608603048953,0.18668269853101277,1.9618878857724393,0.02995119912519842,2.071707574014958,0.09462909978659542,0.5900883856777677,-1.3841823254518004,-1.2541950046561916,0.18285160246662446,-0.690842540997795,-2.065437829907257,-0.5976357257122811,0.6703741344075153,-1.2019986010687078,1.3493679263348515,0.05831872841415919,0.3255186460452312,-1.7061954709320772,-1.5408184219949597,0.47359053179021815,0.7251208498341656,-0.8192738374030757,-0.340939570437864,3.4393331439134665,1.0558754182245358,1.0892258246998128,-1.5310656328222976,-2.5001364099221166,-1.8556448527848428,1.7308458914482743,1.9628281016767426,-0.004983832070386662,0.6683111813531772,-2.8319127458167377,2.3508187440966055,-0.20245956113580008,-0.4301438046117613,1.3383673227885027,0.2225084901402159,-0.24022730566660483,-0.6005527607728777,0.7773451977990652,2.9026403135342362,2.062919933527025,2.3441663968111075,0.5154982414505765,-2.44211562814212,-0.9973121577962623,0.4101509416394242,3.121046342382393,1.3901560495861285,-0.6528076680172108,-0.8199913825790737,-2.2337790523876038,-2.9814224982617423,-2.580796061058218,0.6862288797711411,1.9009394298505553,-0.840859652587747,-0.8263359207691342,0.78562117854995,3.0943362442798397,0.44564020503265406,-0.013878155093262928,-0.29930124162944605,1.1319409920829555,-3.401777808133364,-0.012073785329945571,0.19906080347699517,-1.5799115180301915,3.6262665118904227,1.5180802507699676,0.7245266356414588,-1.3434463870496673,2.9002421972616452,-0.06391018856006667,2.118978604699576,0.17528765427256165,-0.5451926103152562,-1.2067583453667385,-1.4185047403410072,-0.7360145319245649,0.17600007242822746,0.14877996789812575,0.6187209428560115,-1.9271237774692547,0.5074721348874351,0.8537321604360968,-3.6319947264473265,1.2621109571029394,1.1922263559110622,-2.18141216427732,-1.2691464224667124,-1.0553934867339312,-0.4404918428300795,0.7666420689589903,-0.24443422795722208,2.7644356313259797,0.7241935541438842,1.6463002569035852,0.9484255503735142,-0.08077842365522603,-1.4674379823164485,1.2251843224425665,1.3707058151247407,-0.6263865188488583,0.9356031210512729,1.2288648056600975,1.8559613862603659,1.3126798741769596,0.4937159465078107,1.3375092975672276,0.4864072268061823,-1.6921000078398425,0.9721195400713061,0.412579688475025,-1.0524255019621398,-0.14219441752943035,1.573651934314607,-0.44461658377372737,0.2927950651571645,2.012470667685319,-2.3689146946062136,-0.9570456975228576,-1.5048571043868928,0.49091635391365285,-2.234768765128223,2.418048296547184,-1.2887284739959446,2.857651029912441,1.399005941802776,-0.978825937674523,0.24097072042816894,-1.636021316706264,0.6941986589311873,2.651356878004311,-0.7095943997629813,0.10356824633281282,-0.13716374682839136,1.328468199528404,-2.2183268192915686,-2.4583274069792793,-0.886352307708723,1.286317997466035,0.49620739176663314,0.050642078922385925,0.1577041549802055,0.8244412919998056,-0.19228473456253242,-0.8616307996092831,-0.7242903964835067,-0.11380240053183427,1.0019973657821901,0.6831340063097429,2.5332727204380316,3.046917722685694,1.0231009928322827,1.3920122565202449,-0.004850042587206449,3.6547831468587386,0.7712301721621373,-2.321596401703885,-2.0392107680885516,0.8717374792846742,0.6212982263939295,-2.8877612230019274,0.48121293144598415,-1.094569051351902,0.8762170526109063,-1.7281829951218475,-0.9335858705262345,-1.7954983734860948,-0.5787499366986093,2.7736473583533474,-0.7511394691520434,2.6740245175625033,-0.8273705607434828,0.7661222283671765,-2.355045632546471,1.2802091433230194,-0.4510566392893125,-0.593232959013725,4.546060593058399,-0.565860066097458,0.6345013344224399,-0.6642530301901868,-0.4062129679304168,1.5186497986193501,-1.128826544916869,3.045847586998823,-0.8470634756902045,-1.7193527804858384,1.0411992887097243,3.41497235689724,-0.8747147723076263,-1.1780717258243776,0.41100978347525263,0.16623818181163877,-0.3508049161237638,-1.6471065708256765,0.9256394951272602,-1.9129868778840908,1.3129231623914888,1.1188583002551058,0.4694233543924976,1.3588334251560448,1.1211023814101262,0.28947546150331804,0.21179587818808265,-2.393195958920201,1.3571400916763003,1.7600820263712578,1.3852467009818275,-2.906843672626997,-1.5968676206957193,-0.20689922179475104,0.11979233890221869,2.2291357866937487,0.6569058934218086,0.7689026465209032,2.134821637576347,-0.9453981547243505,-0.08539943406169487,0.33639384870407224,1.0863483729785317,1.8538396104606496,-1.0091359219053324,0.39559029166150717,1.1586898439948392,-1.7189596336890953,2.6798374766347757,-0.34330885542886336,1.2136127248243938,1.0923104179634557,1.024085639780299,-0.8726478869167438,1.5814345779055723,0.987257333349235,1.8290722550268927,1.654533820026131,-0.6362688475127208,2.42522344019906,3.1482530422734065,0.42574277131879745,0.1657642161952183,0.7664740323265842,-0.06131166594210524,-1.554733446239621,-1.2107340417562686,0.7814042556982808,-1.322303770753788,-0.12250636373436835,-3.0274740777203757,-0.9423585180644728,-0.1812221032947639,-2.1726902714404686,0.5914906937911761,-1.7656163472709658,0.3733095772016826,-1.8688328971139814,0.6408368065639312,0.4032071785701933,-1.6173406492278541,-0.04466047233926883,0.15969147221957036,-0.9446848656818712,-0.4144812341572031,4.1308442363384685,0.8620316018317327,-0.20016393707435715,-1.3243673813415926,0.4720833122031298,-0.9500645349747853,2.2319247556014297,2.86527097359775,-0.7743233497205658,-0.5587023726988148,-0.692183114625763,0.3043985581120068,-0.8314453885740827,2.482679039013517,-1.2398708635586257,0.504987827771327,0.5766413932175598,-2.8085330201439307,-0.1942721906962731,0.8370362413677133,-0.8134346458676115,1.276078287494256,3.240287359243382,0.4636440879167806,-0.6353373467716776,-1.2654518849405305,-2.6178186366888463,-0.05577559075926512,1.5557390362505215,0.14703607667012042,-0.11763433807290441,1.5187627636276226,0.011679670281450394,2.7670398927759043,-1.993380732450971,-0.3951801558091236,1.602630322558593,1.7590682370388693,-0.2990728872802991,1.9431933356361157,-0.4491557827199922,0.28161974358178554,2.580855109818185,1.3225012579527966,0.2500628789427443,1.1751052799846835,0.24782572039684542,0.1661740417774879,0.7566764322687738,-0.4677458923084422,-1.5047470021894234,2.0063186232271306,-1.529405849710956,1.1449222562212176,-0.9823958470860995,-0.5217062175381544,0.7945063679151481,2.247472820203566,-1.1321577621912997,-1.9411100147207045,2.65652985949296,1.7687959975795753,-1.4277798403130635,-1.146424921654015,0.11867789590965497,-0.08610729846316692,2.626805587731222,0.8721740462407611,-0.10051404174464573,0.9651391861292483,1.8569831444100653,0.3362439810557549,2.778420498369598,0.11025557990514023,-0.28785045108878365,-1.7670132307154547,-2.07423238422989,2.38913642138493,-1.2647270575728542,1.079847075169628,-0.3040164100269064,-0.9754623340738136,-0.0035630298408802913,0.2605571441331098,2.5892455156518364,-1.3470763752309076,-2.689928602326094,0.08154439923104817,0.8739214808193345,-1.5928781690222633,2.5375485835282117,-1.687018825232442,-0.283176383227535,-3.5364957486499202,2.726381838496664,-0.48916712336036683,-0.21024636213999887,1.2658104322900328,-1.5041289537722164,-0.9029151521828029,-0.06799042900656771,0.10284268621184628,3.259378578211317,-1.020163137282855,-0.34419886234352515,-2.26465554275744,1.1185390760051384,-0.8891459613651584,1.7929475080506423,0.24073372089898037,1.2963114143588204,0.5460533242941126,-0.18548622390485214,0.39562232243601003,0.12546472671731737,0.37257142624421724,0.9658170041897337,0.8696619187562844,2.1748141523314137,1.0884625748849759,3.338037679615721,0.8921835871268192,-1.4632786154622281,0.7056594725004111,1.042765091314757,0.859558346295436,-2.0915198671477295,0.2634902961965755,-0.7290049229931688,-0.6627542906208266,-0.9345481522863066,-1.7669963734443939,3.461101573599035,2.064854161061705,0.1414888962754777,-0.514445399325519,-2.3944901767046263,-1.1631941843998799,-2.0226681916067415,1.821097929058187,0.12246496131948482,1.7760448025354585,2.079626342746211,-1.0159990334258633,-2.575244675955346,-2.212913826766102,0.5529117313952772,-0.6621875555024843,0.6721414026254846,1.6337746176371002,1.5966346915873837,-0.12384749790837085,1.2274238814813712,0.7462601902681987,-1.1430951216164351,0.8741599457441798,-1.140731752586013,0.5998267633110682,-2.1235135490096413,0.5893027415551433,-0.7948380466849525,0.7575623855653105,-2.664059426681818,2.2173920801496987,-0.34012955062616057,2.112977913861097,-2.4855844050697415,1.177317438360966,-0.509065391873402,-1.2135920057191554,-1.240986830522423,1.5239998316113499,0.6799721187203239,-1.3865414052055058,0.9540159385474698,-0.1850169366486879,2.635318331584538,1.9707832506554188,0.46158083287426754,-1.6751862531921233,-1.0768686930581532,2.5671510678431275,-2.746957188050896,-1.1357634898256361,-0.04373459966131338,1.0323198819876998,0.7721239539567706,-2.775164264067577,1.4363755338046271,-0.8308347501030989,-1.6095483214250617,1.2055665136816884,1.2166454314216262,1.9956135562534612,0.18010838020974296,1.5155294590417179,-0.31714578912380664,-1.3028375446139882,-1.539850304147908,0.9570046094658589,0.5750251566422864,2.559909968889536,1.758671004355867,-3.313002713504269,0.9815779754748575,-0.568264498580275,0.33258295390638665,-1.1592424348207424,1.0277407411283102,1.5118914647477952,-0.18148227386219756,2.10789423101346,0.5329176145483063,-0.5550413268335435,-3.948280410444908,0.7547512064353037,-0.757579331961722,-1.2923756245738922,-0.7163395560499584,-2.6785573780801277,2.1978221795490014,-0.4024353691553365,-0.2252781875177886,2.5002482605055727,0.6988068346854941,0.28325359206131584,-0.8760209427372447,1.060227420005311,-1.9915385941292625,-0.12680783423663933,0.08337009520358063,0.71183288914229,0.6451880578589788,-1.4047796090985913,-0.19693066473337184,0.20157997313918452,1.976877843846688,1.5738519187737712,2.4890713790494607,0.8930716836688564,0.8609247506335806,0.2959853886186279,-0.007157750544085739,0.48163099549113386,0.009539747178725438,1.659270962890611,-0.26977426323235726,1.025997346760283,-0.23654087558050832,-0.27365801213374213,-3.310107065445122,1.6215682590126537,-1.2684978182916475,-0.34607429205147483,-2.9555398857603947,3.945787669219278,-0.24302884724434343,0.9096009711949788,-1.8685667618488455,-1.7610800961598119,0.3683841978002457,-1.8143237153799958,0.4052735124048586,-1.829604120998394,-1.4625627823269465,-0.5404294026608792,-0.22020646653664805,-0.5772197109895124,-0.4526262729784536,2.572967115747633,-0.34588412275704816,-0.05289961648774799,1.0132917727189126,0.8337795800133787,0.5351511544886222,1.0113985889865733,0.6975886867752125,0.9217855930040748,-1.567410021585065,1.283241550968242,-2.4858758813980453,-0.009062288443126842,-1.7902402434714189,-0.07215494268200273,-3.7980098145419614,0.6081520200142555,-1.304851042364868,0.07318628588118264,1.9840306312279365,0.3662962469495791,-2.6512237967403705,0.655974425257839,0.9308169861883263,1.973413616506588,1.9918417099499852,-1.6756827290426008,0.6559899478336053,-0.08733350549533431,-0.6631029250232637,-2.1147754508789167,-2.8397810176790066,0.8829239924255621,-0.5268031202888651,-2.3488074995199724,-4.584026025277347;-1.484210880523948,-4.1027531924165865,0.9522662855222896,3.19639571067212,-2.3751502313844455,1.6476247577705854,2.69573293360765,-0.5937048466862755,-1.1174951561283462,2.0650370690043394,0.7364044296386278,-1.67347750359595,-0.5105114039870673,0.352481059832125,0.3376829349461345,1.4641308716348767;0.24592611610081305,0.6625163213473833,0.10578208392693317,-1.8247093644899637,-0.8243956191343311,-2.212334538156182,-1.789225126170261,0.7467221766258025,-0.35845656727587555,1.026287021465503,0.22280798712362085,0.8851805816310468,0.737955536554039,1.675977744998251,1.0880416318828159,-2.47473373751513,-2.065065833857443,1.3906584362628025,-0.2084133923829512,1.127032205531869,-0.7900440476337556,-0.5377358031462222,-1.4986411037326577,-1.2673317042952061,-2.429003107015241,3.1753040104085515,-1.6970723037259838,0.5161642793496027,0.8887972810351177,-0.15331148675383607,-1.0748951432821034,0.19387049306316206,0.8581640326077966,0.8689962867148251,-0.9494628539452596,0.5514877803088035,2.2407520199059716,0.4682874275128339,0.9892832253449015,-0.9563221536223085,-0.9366890150791273,2.6503183859347,-0.3081105242745611,-1.0242977520398822,-0.15653886354893576,1.947341545456457,-2.301783932891575,1.24126664714689,-1.7286124913702916,1.2064275333037502,0.1180872681642352,2.0361242926836063,-2.5438175106617043,2.2747209450527737,1.8462797366363364,2.5083446782670653,-0.7559351449470466,0.24635209391098845,-1.4128012091247086,-1.2135298377164387,2.432206483182007,2.9358464587749498,-0.27777675902201127,-0.3548212074231758,0.831717821852066,1.881786956267695,-3.2733703206841245,0.8798491598716383,3.165639460150733,-1.2914079754994325,-0.004291546363459298,2.1847402169210155,-0.22450159932163355,-2.361616515327576,-1.90359919540087,-1.4008427745810164,-2.6759679333437334,0.05772261671723483,-1.3045666526990394,-1.056818921870723,2.3366744825469397,-2.446117098314236,1.3369872951282946,2.5138359328274396,-1.5311241961201438,1.3590349919788527,0.7562645104139208,-2.0563731529024847,0.36994381876274607,-1.3530873829395516,-1.0044526887347485,-1.9405820812432482,-0.489970121534114,-0.11078744300917023,0.6846968441673913,-0.17372385971487023,-0.4127766474524597,-1.2490198517473579,0.5407286802592266,0.9089932667786386,-1.1135539175069007,1.7819723836702548,1.5873350346011097,0.41914332964108447,-1.3198745516182986,-0.33312545555486084,1.0854629405197864,1.7781447021488166,3.3264274931362894,-0.26003564059187545,0.7387117190377362,1.0370387267273797,0.2054324136163515,0.18228816741585668,-1.0668879960476763,2.2487387606979614,-0.5057553222068273,-0.6699700002679371,-2.8418140199994464,0.8721943438052814,-1.3300824673891118,-0.1333447049579457,1.2009356390245418,1.7805959018744646,-0.004596285198426753,0.19388974021614716,1.0062966384871477,-0.02253329034512163,-1.1670595154705201,-0.8280587617228068,0.534565770132553,-0.7920450773117402,-1.1235680344104306,2.4391931153383744,1.3336340938771158,-1.1257056319909904,2.406829248629637,-0.7393556284716739,0.3185932932525145,-1.0107984136294528,1.9863130227779249,1.1687331881211007,-1.1206287340990255,1.3093462403798655,0.4268395036954249,-1.3832850438764854,-1.943967147400779,-1.8522618413203544,-1.9055631126702053,-1.008728250939883,-0.8172534974182857,-1.0342482360559675,-0.22579927036605918,-0.38990891558079566,0.5891548935162738,-0.09179519830459931,-1.1735941615083865,-2.7794449579382987,-2.32630849478003,0.7922836111959529;0.4797758212387961,0.7588560023666816,3.4668116717399333,0.8787273847065465,2.6105681482225633,2.673139754454259,-0.9405209385763146,0.27474658215616676,0.4651160967456003,-1.5074699183236842"
6,2.9130886607663924,"-0.2213338434519124,0.07948896251950074,1.6527541367642826,0.6009641296903118,-2.887017732476753,-0.28014015297213,2.1509846688425194,1.5793219206476916,-2.9012471445022694,0.7746712386505559,-1.8718747877486104,-1.9037209899837109,-0.4440248037907125,-1.678609046644029,-1.3538100434485978,-0.07962146024435632,-1.2999222696678312,2.5036506647200167,-0.7206787576864612,-2.281078191041551,1.0886245051798242,-1.1040752568918712,-1.7060171695915076,-1.3546809516585812,0.1759346922085091,-0.3668579113894509,-2.1211130730624133,-0.1016311525709388,-0.620173539025569,0.6847268721949977,-1.5273764252893978,1.7928057401686142,-2.2266329522077446,-0.5713349913074538,0.47995157650317843,-1.6184406908886564,-0.28024509380092494,-2.6915437943455296,-1.965482188736602,-0.39368137038295825,2.2639608601386936,-0.5941612170146133,1.1627231908822386,-0.38055019840297577,-0.49313086962851727,0.5980061562197487,0.16144338879238868,2.033601276480016,0.8045247986064388,-0.14276032761294427,2.101859889545058,-2.6154074349443905,-3.001092639236867,1.5689566171585008,1.0052659246318356,1.8199592167239946,-0.22929235415551985,1.1356122132545772,1.6259123697699855,-1.4108718076605251,-0.501373715422345,1.1869877626686347,-1.2503080396987603,-1.0832539160475503,-1.3652414827691826,0.12924522241987915,-1.2125166492931672,0.9266375320068169,0.42557930571058233,-0.8465502833392871,-0.8402416100973163,2.7411254150210747,-1.345944818075262,1.3985873502829846,-2.282285170140261,-0.9191576030304116,0.6312051674781747,-1.0251004431917852,-0.8334304756169943,-2.337129087857815,-0.062443873281760987,0.28877884329855,4.960095666110211,1.5869913968335132,-1.6259261661604,0.8855997968720628,1.5625686275138762,2.3161879945967154,-0.0028143951525190225,2.1059016065071217,0.11778735450320399,-0.9361547615500039,-1.1403038770275549,0.3894844405319611,0.5497162832074028,-2.260725135757431,0.16431682668834335,-1.22594045964366,-0.5043958573829929,-0.44362580526276085,-0.2517534840804674,-0.2921226181974912,0.9924600015695926,-1.0650753690889756,-0.22468906661847127,2.349831512233068,1.0040832619095816,0.022733916110219937,-1.1344814975237842,0.918060214382264,-0.7085208113111519,0.31838632059199046,-1.185246278010888,2.4063590936176906,0.14738527790657777,0.525817771576977,-0.5632623444015584,-3.1799351599296584,-0.4944073511607572,-1.0141204252095037,0.5038633471000905,-1.6900692991715514,0.21348322873886083,-0.29439189841995816,1.6358423270785338,1.9618531159089203,-0.6383099138451411,-0.7229149407080009,1.482891142699908,-0.7529601394024008,0.26777606096485446,0.8792564258997848,-1.7933468691030798,1.6531277393899888,-2.0587244879423356,1.9022156843439635,-0.71993493314459,0.03204466308816706,-0.35567176307338066,-0.2043425118267439,0.055626006615202006,2.7876693175450846,-2.732607228148582,-0.09911660019951474,0.6672170005289457,1.709346830419736,-0.9397546402139668,-0.8408745852777,0.335499147649663,0.4650032965588964,0.7653183726465953,-0.9231155758407732,-3.176900886507012,-0.7959316573238734,-0.7180417089335356,-1.383530299256586,-0.4835257085494191,1.4323686263977873,-1.5085344508851009,0.6498440963272006,-0.489351460338002,1.596823490757512,2.519971271528261,-0.4981674800319337,0.43690242669621837,0.5249529247128867,2.05784034349604,3.191381603118624,-0.2856696343681637,-2.924085436104088,-2.362327393101657,-1.300990049783251,0.27171468344938693,-0.19533553673398507,-0.4732447170328049,0.8374379398794045,-2.1552043288380935,1.0589552021557915,0.6612465129557977,1.4796180866225495,-0.29583245014556514,-0.6485153435376855,-0.45745886155853355,0.9893475177612732,0.8516352123691158,1.3124684847500716,1.914844628509113,1.1675683908592471,0.20786288949407256,-2.12465059024997,0.11655875425100759,2.6898635970121427,0.4757581931530598,-2.331903235517245,0.9118467549124291,0.5524576333043346,-1.260994989264101,-2.4603497744940293,0.11915731929524559,-1.9116920287949648,1.6331227388927019,-0.20961694925137717,3.0481755613929007,-1.2032086515810458,-0.2634807940474989,-1.1886671156661377,-0.2433381187493443,1.9260937791406763,-1.1031407553239017,3.9498772305704826,1.370121553094919,2.6756740585607024,2.24385463590778,1.0039874145768692,0.5899101868186611,-1.185043776449532,-0.4950855742479556,1.2249333434567067,1.501579844730368,-0.3320069140325433,2.9588764712339244,-0.0886930728180807,0.29189713256285565,-2.0073645163331904,-0.9037091973525514,-0.8953438967236171,0.77543518140771,-1.3751464730516105,-1.3206357741326484,1.404101137265093,1.4580022652533122,2.2772561525861823,-0.3931258328114875,-0.23179498588183584,3.7813522166634526,2.1166140671668394,-3.129595565287876,-0.7219252404943182,-0.785538221832424,1.8298450921978044,-1.6063692635743347,0.5386067154232459,0.8021092525492878,1.0989579009049182,-3.284204905267562,-1.107713313582498,-0.3126256945724215,-2.0143784868300547,1.6303809812636332,-0.10627493697193457,-1.4850069431455466,0.2375143062206836,2.0359752877375774,1.0574376926999163,-1.3866975050159034,1.6249738022611897,0.20453107032240703,1.3021678661285805,-1.0182881810136868,-0.13818722258893157,-0.8219515536463665,-0.31363427524489307,-2.7253650229527806,0.6780641849248792,0.2620026720601688,-1.6644019503505172,2.0197841924650715,0.4646332897454715,-0.3026353737480466,0.5564074192248745,1.9866607364949258,-0.43947702052536214,1.1308923507742625,-0.8340105806524234,-0.7955470691966713,-1.4441940202549512,-0.7410871326722243,0.42620892668778965,-0.22368828287875023,0.41826871471946236,-0.08962472242111169,2.2506007657505793,1.5738726692657743,-3.6338656104608593,1.932530858519177,0.07706791252942125,1.2043445226947984,1.9209471565539062,0.24628982197829996,-0.9542524981193221,-0.11252708741848932,-0.2945224552445369,-1.581388368649981,-0.8232074412487214,-1.159060427579488,-2.871124166790306,0.9309803602947821,1.0330564644991882,-1.276622851133034,1.4048975460869293,-2.397462268163919,0.30198093454987984,1.5149071932946467,0.5982804230235518,0.28264502722441587,0.4120567553235259,-0.8653861945986412,0.6520488259497524,2.110395944118231,-1.425712232311215,-0.7608275357215271,1.796840425377981,1.5401127878815837,2.752530819153735,2.8777728288080144,-1.0505104742184708,-0.18602265355434736,-0.9635976292920067,1.4734873607542607,1.785236207381106,0.5141129934238823,1.2153210675970416,-1.1215275992814424,1.0399808781623954,-1.0580850039986411,-1.6371651511465233,1.076286041624606,2.0099124087404427,0.9623456763386886,-1.3600814755809105,-0.20423364472032268,-0.6786472040435567,-1.3147810930083097,-1.2875651128876897,0.7649161941122273,1.4555808918450528,1.4433359478821441,0.04105639949901918,0.40344396073322264,-0.7418256386122696,-3.2101319998355526,-0.371062681563142,-1.5640890053154424,-1.2286722104375332,1.0978961207562052,0.013933155771766681,-0.19624057210488982,-4.436654299381387,-0.7091749615764401,-1.2255329458658217,-0.2916825267954435,0.8738633113141759,1.880983290256395,0.3774437663087463,-0.23868918747803802,-1.4651311318992541,-1.043029728592856,1.895030530468325,0.08551861372967606,-1.2204984435977764,0.6846652950070804,1.2933089492562426,1.624785504472288,2.0001728606943847,-0.22106542578876837,-1.460789342748968,-0.089141226849339,0.8393133163361759,1.3869409481940658,-2.10922506707532,-0.4393156955875296,0.020295891650088688,0.088099896435122,1.1749946495346926,4.120359300602453,-1.0883426345408254,3.215166927723823,-0.6819296208795901,0.27477680677928207,-0.8760028035031653,-0.11438652466493175,0.4861335689191223,-2.8573028642078984,-0.03621057598888844,-1.451854822245812,0.39768851122848203,-0.19783760875352485,1.7540559895685204,1.33511266792774,-0.13565568044212184,1.0580165029082567,1.1066116121000253,-2.48806046272969,0.3069285739460066,0.5410593945119619,0.7319695384514733,-0.7952707812601554,-1.3291350122942172,0.09444879814627949,0.8832175212957176,-0.8548628431544097,0.7945263217739147,-0.6544376956510102,0.5413089814949457,-1.6131349985902887,-0.21826091909294618,-2.5606062534343166,-0.20823164929975435,-0.43232887856664914,-0.396104977751888,-0.7371278908745149,1.2678164240787155,-0.2697247016917208,-0.623131128060849,0.4023623885293277,-2.4721176306348944,1.3299492687881513,1.396407856418034,1.7993196747220002,-0.22339226888295038,2.7431178246873045,3.1983344077912825,-0.4769933761663915,1.4195915539505857,1.111569341268583,0.5836583701457345,-0.814098127501997,0.7039269767618934,-1.0985476361959923,-0.5727051255153722,-2.812464838523779,-1.368715604238605,-0.36949474738735283,4.738840838072145,0.07446560377028402,0.6596502865045789,0.7667061067895092,-1.5673752662259646,-2.746559202903632,-2.0703761044788234,-2.0264971068173874,0.0795567074947035,-3.4566983377845713,-0.04447210777798538,-3.639401143507696,2.147063893440447,0.08367436935084298,-0.9964074918901029,-0.5880872342740316,-2.89393324166348,-0.2666575853107504,0.35851989318719335,-2.1048257438199705,-0.49576047933596973,-1.2727024433096332,-2.477797061748771,0.8658833144553184,-2.0407539626766455,-0.753010307717078,-1.9788778421098343,3.4718823832839685,0.6770527181099636,1.3198171058561334,0.3422332958290907,0.6271431746574305,0.5264843807856546,0.26210791904378916,0.15112706810014895,0.1538468907696686,-2.0590319063680838,0.5014560269442446,-5.548843995077677,-1.2181103597537632,4.8590894126670685,2.761188348223637,0.4740865134901117,-0.33570803743662253,-0.5681845880537382,1.6730982170139723,-0.11473010533237611,-1.1345805331702232,-1.0719029677284149,0.6459990448838684,-0.5734885678049648,-2.3300335958731733,-1.953455852488071,-0.4594431847968843,0.4184883895864696,0.4564474234926936,1.7774624765707472,-0.7115812130198117,1.0362028622662731,-0.6696344085731812,-1.656513756736953,0.5663402833479604,0.18707416797801724,-0.01567023870082173,-1.5383199360459845,-1.8927571513517938,-0.27775623795070575,-0.384877916610493,1.3419996084904857,-1.3509564687081266,2.2351459565928224,0.8827322685100107,1.4787244084792217,-3.2399216672098636,0.287052938365252,-2.443151955461185,-1.362909604974284,0.04142582114922483,1.0939790023776257,3.5579011583807945,-0.9943560486028818,-2.075241631329728,0.6059495457608224,-1.4683374709866701,-2.5720824968066207,-0.9031358424463511,-0.20482933527725813,-2.1806019959640195,2.746185307554241,0.18039533876917632,1.8662022030619898,-1.8582108547927323,0.2573988630346785,-3.6542678555114696,0.8544021455245978,-1.4505462218010057,0.16631085867569348,0.9188023846287596,-3.045692559947005,1.344825467754633,-1.6357781204308914,-2.235481264061596,1.3276417713468778,-1.5222394445230427,-1.6803203773113211,0.7768436145501252,-0.030885648584900227,0.10682544669300525,1.1678964451138498,-0.06780726465637532,0.752850123765725,-0.6834289146443261,-0.013767586041639135,2.198931043882873,-1.2241600754607695,-0.07053761551944748,0.0316798671443379,2.186839390147025,1.8105906963137575,1.3731645937911143,0.37674455665743023,0.7400704776736382,1.0203258093206233,-0.5046245103820931,-0.6012382936839633,0.5678952391168909,2.3154932819894127,-0.3910561725794823,0.17329854042598308,-0.6905442759823277,-0.30822880890944765,0.9516364247163401,-0.3059996025794933,-1.943436156482956,-0.9601899453023852,-0.3337401289971897,-0.9039847841610342,1.6242539179258753,3.316300280653542,0.9194915996660058,0.27001145747848343,0.6325609982815749,-0.4422847970570306,-0.18810916915133846,0.39764543613250186,-1.962402251089158,1.3884009808539197,-0.16412675240212599,1.7183180761566021,-0.8993054479057617,2.0164311704269315,-0.07568652228442863,0.23318040142273505,-1.8972832217189002,-0.5923984769581904,0.44904228582796685,-0.6309329503184017,-2.5169865222906163,-0.5972799237010527,0.5184307149364267,-1.3027612061110823,1.6254102774494117,0.006654236643541811,-0.26132537297634295,-0.9592269019437567,-0.2566562965151299,0.44379360832918047,1.535726400742716,-0.8805252563498762,-0.568725396550718,2.311434393596742,0.8039865701999436,0.8439127723306589,-1.0386888640475573,-2.8092081421434894,-1.6400129389287799,0.986425731324096,2.8844247017030002,-0.7213651867601699,-0.042684094678521634,-3.213801402367042,2.6850249860606032,-0.19208380715059353,-0.22885819432957766,1.3784172564050519,0.3971230840247145,0.5873783105784836,-0.508762956671476,0.9555807884351498,2.7555728449401546,1.766423022664436,1.6608892812514477,0.8739599910030491,-1.687126942235989,-0.9710245346019816,-0.3582182885403329,2.109866403700879,0.6985311960643678,-0.07073919950579485,0.2557611016604935,-1.801518211590853,-1.9554627104546212,-2.347860445959435,1.4385281720458298,1.4320825696202675,-1.550808989542158,-1.7832624515206859,1.746770773298489,2.567327457220385,-0.3382186100550567,-0.0015919897207783695,0.23948045040683452,0.9058235796618587,-3.1630293681722224,0.10851799546745816,0.9093874407452094,-1.6653068539606446,2.874261216300534,1.868893660544012,0.08307393661856727,-0.9945134389535137,3.1680498361270235,-0.5041715948379476,1.7902398412813958,-0.6847792568989395,-0.9802602045166734,-0.6684864006473863,-0.9244024095845698,-0.7327020645193665,1.1861988426489647,0.3084519909007708,0.36506184601488234,-1.7225941938611167,0.761737222402406,0.825484116606269,-3.223570169207621,1.6423755764383925,1.0180044973870708,-2.2590150228859676,-1.0675012277049323,-1.3626488229979166,-0.17244167582973563,0.8764881047594313,-0.9765455854735081,2.89183700186771,0.3686357688731645,2.031878675290418,0.25605664765684855,0.056530624935631546,-1.6817558920509956,2.1663517938921935,1.6898043317531546,0.02794430539644531,0.2755478011878254,0.32878547822198345,2.0112814563912726,0.8658381990293194,0.6201637664134585,2.4126323324515226,-0.13188917558144359,-1.2709948819382784,0.25360894982693793,1.5464067441645026,-1.0413352437434074,-0.04616471394297694,-0.08031219475660589,-1.4223690077404199,0.34419630844109306,1.2815686417779404,-2.226056027193547,-1.1471317491198727,-1.379104398565634,0.011005156343721123,-2.0210975464492855,1.3317788740220937,-0.8298282270350017,2.145159134397273,1.4656553298403385,-0.6624413486523962,0.7728746783792639,-0.4626334084287139,-0.21512978291838092,2.2657141872636197,-0.4735393256743816,0.6472200732608464,0.18801894637732966,0.6431322853556729,-1.8485170835726175,-1.7715633245900262,-1.3086729168465512,1.5309656714481807,0.47609835928919253,0.6087217338921533,-0.5152988765080244,1.038936458965508,-0.5821592398262033,-0.3212826471851477,-0.1714832639417101,-0.570453058894485,0.6648947574383957,0.23283901336512797,1.799419415554677,1.7036110913920657,0.16529834356015521,1.6514328012667239,0.307952677834483,3.8717945084826666,0.11414176680642685,-2.357334605961722,-1.6184948212301467,0.7609178678519448,1.7689884498946047,-2.610774386017845,0.9904379575559767,-1.6455592708830735,1.2577090819114545,-0.7973254981482274,-1.3761470200606079,-1.7391536251629125,-1.4980912135130056,3.5731205099855505,-0.5631600584951504,2.0270215548731554,0.15017772765402604,0.44852596561482017,-1.6574481362087106,1.112014137382685,-0.3932203857728366,0.3106566426605273,4.244450317382375,0.8816934520048106,0.45225646701340644,-0.048701884227297765,0.07534492329090003,1.6699291615858414,-0.7242488633131581,1.7903438626990913,-0.9415699470442789,-2.116317099206192,1.3861045437861634,2.2347707090141116,-0.4953861230825287,-1.5869368998532238,1.1562659873340617,0.6119921465788459,0.08773705053331793,-0.9140148419009066,0.07180742308965404,-1.6237730452774772,1.2114519186470396,2.2795352765324197,0.04371775573386372,0.8324555261391173,1.384726446203668,0.034532153255658615,0.5416479628419635,-2.2353379462979848,1.4710946922095358,2.058696808689787,1.7130949690933057,-1.8596129722011208,-0.6375339080989016,-0.022533391879405285,-0.16905278063695428,2.804619036232002,1.2129718704760344,1.0256000862475556,2.354039157997962,-0.9033811625506888,-0.6515094422765226,1.5866214077192082,0.3341609625968714,1.4628019000894679,0.12398670034788384,0.8739497137241309,0.9303818307927727,-1.4596403216863216,2.9335245928313034,-0.5754326906521179,2.869626622320097,0.47555270968299723,1.0020531432368742,-1.2368106566330583,1.1521915926028372,0.30391097272169804,1.5917220743677272,1.9591915242658153,-0.3344868410011357,3.403076384454029,1.7532302613665225,0.17037914011644886,0.5140050049551125,0.8233060788741187,0.27743983206982437,-1.435546803017665,-0.7603975940089671,1.0206035570346368,-0.7450648282856426,-0.13956376588538283,-3.410349361537943,-1.1509981188664713,-0.061880764414086076,-2.3388853650966714,0.39928769302753964,-0.6653300964276895,-0.20490770732397864,-1.8900226977466246,0.739531809649273,0.11681507215791494,-0.828788681685702,0.5799508446401185,0.26660864850676474,-0.5551400011661008,-0.8621067416006739,3.617131515991969,1.1121768179418563,0.13391727746609694,-1.5436137434009927,-0.3130438275077827,-0.8957968154978881,2.233973874162706,3.316092565484001,-0.8884054695834441,-1.4511267674226025,-0.2562476382763004,0.3769271044471134,-0.6831878870085444,1.9178746171162309,-2.0455415453222967,0.10256391552390731,1.033834988885326,-3.2105577382841055,-0.7417931818601949,0.5781774826632334,0.40613685129920885,0.8033843529557784,1.3618531303609593,0.5414726577990501,-0.6819017367322538,-1.0230526579636368,-1.9048204078398623,0.32376824845773694,1.8073716245791727,0.7792431254398181,-1.096028537127619,1.2589857311985364,0.3267988642902019,2.871263130968052,-1.7477378476318766,-1.0063166629010885,1.8000713372898571,1.4314247837940406,0.07102198954294106,1.90958606156478,-0.21682550543755122,1.3652182084849631,1.3967295444040508,1.4512009356141955,0.7327525674793478,1.245657878255697,0.8096199716990259,-0.24569261606752651,1.694412140526773,-0.4981151490839133,-0.9696089313353287,2.100247181102245,-1.404851331852254,0.5061573357081541,-1.445678099063774,-1.2642336701047567,0.38369302404746963,1.6068059969261093,-1.3449104983572402,-1.489012704911283,2.5922176220564417,1.8243932994662504,-0.9761938562266097,-0.8781058933301731,-0.7412321544240023,-0.014369693905426334,2.185409949374325,0.9748605052312308,0.14472532275638902,1.0807119523054263,2.28235067144834,-1.419483751713638,2.9831206576931493,0.6571216761651473,0.3702128342996529,-1.1339257822403825,-0.43659984931380924,1.2857384329608763,-1.491615137372222,-0.46488970145424446,-0.9584636757496895,-0.733119010455466,0.7566571026762569,-1.2618511307341351,2.2134434089649706,-1.8080457724736307,-4.714392274162703,0.06338616510204387,1.310182669808133,-1.2438394835574964,1.9658056604789231,-1.6763262622891957,-1.1986693299715956,-2.7145526504432462,2.7221699706275126,0.7035518452650125,0.49021630709583175,1.4820013269599808,-2.4533802003595135,-0.5375445936923982,-0.46448151115997666,0.2929642516133347,3.869238868981953,-1.1436579460865048,-0.8942955355275365,-1.0399040164285984,0.5821616257915553,-0.19279502098918133,2.050900848923727,-0.905506113689243,2.0187206251209067,0.5850073821898939,-0.21631350862726206,0.8993962106348362,0.5473675806676099,-0.24229068849719365,1.113466241798157,0.3329274933999504,2.191981866015026,1.2456880768447185,2.690453974250468,1.3900899694105928,-1.1195758905491786,1.440709393114087,1.3587198999612293,0.3868759039005135,-1.5637700857095826,0.20954448221378907,-1.2588473380596117,-1.1517104183174451,-1.1281508479607412,-1.3720053534165149,3.0460899095466236,2.8602745535928187,0.3561714879022202,-1.2849727726713094,-1.7108985062723416,-0.38230392743489006,-1.776868987468695,0.7966063865681012,-0.09185063671966227,1.978474161173687,2.1994643291008873,-0.6205821777366548,-2.026652857548929,-2.687832904451291,0.08132271636010197,-1.4383714255760196,0.5280470630921075,1.379472086052336,1.4576921127814262,0.09322557790023978,0.5711898579330451,0.1915966614133272,-1.1782947706614848,0.7097286313381518,-1.3627061924137769,0.6022566688955858,-0.9118225450748174,0.6118985531385036,-0.7660384215750677,0.8588527370065476,-2.7400212931563823,1.352025878096243,0.11281037905030994,1.6791392280135213,-1.670228367079183,1.616224535266602,-0.5610306654851295,-1.5055012577661906,-1.1371457744184335,0.9698859478756562,0.7922079760956883,-0.8649725926615438,-0.2041667143730013,-1.6111105875164526,2.8924586823258864,2.0554760965931607,0.9048181692918781,-0.891383328487246,-0.0354852074738084,3.969503341204257,-2.653757706725296,-1.3910747078240613,-0.6483792135219614,-0.024139033604043125,0.8839424162494883,-1.881962888264049,1.3201376164066971,0.12765048306929572,-2.156052248816912,1.0690412223987917,0.6701097631348122,2.560792259361685,-0.3604329945430975,1.525683831244057,-0.5684625748187886,-0.9148294380622004,-1.6491605120908823,0.11131923160169166,0.07125049654501281,2.7261213898720524,1.9581735046258473,-2.255676244757492,0.1415347952941834,-0.42818079937456643,0.5203936613816513,-1.3181422495448758,0.7008050411498208,1.3174905540030217,0.15762393304232017,1.7218121013694925,0.5926707312028368,0.46838180293158904,-4.550107472695049,1.0921642939553282,-0.34047399716685045,-2.07052496776654,-0.23009095253422157,-3.0912160436582363,2.251763889015995,-0.6291912180594513,0.27002389480475475,1.7027563488476787,-0.24374399310876554,1.1666110686135358,-0.6739609043790604,0.8653386410583706,-1.619632787372449,-1.116509010055699,0.14024915181286846,0.9695138682694537,0.42657906169151855,-1.614871484064908,-0.1965765354554162,-0.5804877658875323,1.9128766973365363,0.22934257043849937,2.59810675975908,0.7374299092784069,1.2125660591770886,0.5457454620806961,1.146607790536474,0.7204044318108836,0.6432001662401374,1.4083421920318189,0.4156963674704546,1.234512340384937,-0.3165025287562282,-1.0595788883830215,-2.1000399800741896,0.7482688563277691,-0.21832808802750847,0.41710303007043215,-3.8867913079615097,4.006951406808165,0.16443686889005993,1.6647060976943393,-1.5195123985154764,-1.2655926911819053,0.6187565281246912,-1.9056269429199042,0.5681418236980951,-1.6818983977255408,-0.6552759037258628,-0.01206562059099972,0.7208011663218361,-1.3696310965903329,-1.427194503758059,2.075473847671072,-1.249120333743018,1.1466655651279292,1.106855841660933,1.6369143139644322,0.1708990181276987,1.3720841980068672,0.20945539753691148,-0.011903911738869843,-1.8418326653877828,1.4827716066634928,-2.6800402797379075,-0.5866989680877766,-2.2135090455429305,-1.442839720946976,-4.0712279409789325,0.9263416070604158,-1.5202053070300485,-0.8838557840198216,2.264992809540318,0.1958234490791062,-1.317197467291763,0.9024477619747489,0.8261567042857767,2.0091516404906913,1.6931981446155813,-0.8169087206493628,-0.5153067390848552,0.4457411624359194,-1.266612531251548,-2.2271709718570367,-2.388583520428633,0.7515626072392627,-0.039965095079391194,-1.9406272345759963,-4.172818237066816;-2.104401886198624,-4.196088148869198,0.3758388319509027,2.753180882617068,-2.178550972727031,1.0573736583480713,2.62156103755578,-0.4022461878697889,-1.4802254171703921,1.6289927000189155,1.217627459342307,-1.4288010387401064,-0.8934796713757018,0.7146596997844384,0.3794913609462276,0.9429229026015564;0.028521449687162706,0.5892938128587983,-0.16247150792921394,-1.724334507738988,-0.8262537116247852,-2.8968220101403825,-2.22238203605243,0.9176683912381489,-0.9067206018797342,0.8092574541156972,0.7976697370238169,1.399336765801459,0.709117437288557,1.1627117522611197,1.4804621105495868,-2.4203934502661784,-1.6908042580995968,1.727087658708277,0.3370018690455488,-0.05196591490016306,-0.10053602790391453,-0.21897845806529753,-1.0129036139707608,-1.2993232601947775,-2.7024538685167014,2.4944596983507954,-1.106256246139729,1.6187791325316105,0.3250240556700797,0.6367614453959067,-0.15340269418649372,1.0708355539648702,1.582080984317348,-0.2997064570973258,-0.2976390236038552,-0.5360731484450053,2.1738468495265164,1.6984244248942604,0.5402746942121989,-1.69916366424621,0.027931656742892885,2.6972919512333124,-0.14626612627960403,-1.825521706257824,-0.5358868011232514,1.6901920364560006,-1.6668580923789738,1.920535382526622,-1.4005642312716544,1.2058367525701474,-1.3985365822336155,0.8384838072909325,-3.629857595057651,1.4868623181956304,1.420143995329465,2.124207775334953,-0.14282234056138243,-0.6142252961123101,0.011856758583294047,-1.468500948750839,1.8484841333437154,2.148557670647798,0.5783894297580779,-1.0852461300473828,1.2687232018955248,1.6600834203123502,-2.6767513692834397,1.711868861744641,3.4758782649736384,-0.841678441175589,0.10518200422249269,2.2877662496486337,-0.39656848086698665,-2.0274766258931667,-0.8570980812603557,-1.4173651019693456,-2.376333316866154,-0.6838046276922463,-2.0642138850936327,-0.20923584803028505,2.1850550662679114,-2.0476450991413326,1.6714345290101853,2.0691564127271995,-1.67802441105052,0.8805862031094236,0.6849240912624719,-1.129645658172117,0.5047485535792937,-1.2315314077046937,-0.9192211312764643,-1.1732470113443176,-0.14267766401921977,0.25071568890153667,0.5749901914499344,0.5103336016775839,0.7560367931305728,-1.7075951585761069,0.970331040155597,0.8453363945083898,-0.7978626632821818,2.2783984567589814,1.41733189919065,0.3944497881247191,-0.7514536428229688,-1.2777060914182805,0.7849198563674453,1.4254183800424132,3.850191490185633,-0.4830933247427785,0.7628320042926265,0.571684520293634,-0.3158467237835051,1.2526537113431817,-0.019069294425564765,2.6811926171948044,-0.16046638908395697,-1.3202532539732807,-2.8276564734834766,0.8398149346017107,-0.7336192616797212,-0.1844664387890046,1.4291604602662396,1.8273823114546464,0.2271890400086119,-0.0806605760100241,0.8109868304035472,-0.14505195711805122,-1.057995995490013,-0.6967194125214836,0.677420836991024,-0.5298249617977786,-2.0519824830267783,1.9907420074200992,1.2586583763624344,-0.3115275846486836,2.265795130740197,-1.0745012066670672,0.06561245406137402,-1.7956830263800583,2.3142012625587443,1.3823454368833825,-1.47462085378599,1.4693639434038381,0.7628293822061908,-1.784653861681719,-1.4789742200293379,-2.710729781114911,-2.9205945104863633,-1.8210670194183902,-1.0530248334719245,-0.2651178202113995,-0.447789017986423,-0.9486772593698929,0.9927209541332105,0.5012847644988112,-1.356671778530556,-2.9457410183718418,-3.0751922042823043,0.60480434317199;1.3214220493130866,1.2187755593815015,2.6135826505465,0.4205391055824663,1.8159028221647555,2.125751508968231,-1.6094326716631684,0.4358061431179428,0.17137709829069556,-1.4158842246763386"
7,2.7777839913154163,"-0.7141850684799989,-1.002370265796687,0.8347469260818474,0.038746510713537075,-2.0486778473245244,-0.6563332220350515,2.7860722755756675,2.1779291628335065,-2.3017474754849814,1.4476461450888776,-1.593528623126741,-0.636005511345654,-0.8471168282638362,-1.8097924290017318,-2.121829001820541,-0.15717418215931006,-0.4743112244509535,3.025487139889358,-0.4904414837175235,-2.4244516806765875,1.4951790254349637,0.20771138075187967,-1.0191140945580555,-1.479290268105747,0.4707422635921324,0.03285629854772822,-2.8243036216975117,-0.6504061698391708,-0.8359159933914335,1.0577255358166129,-0.8076238122510953,2.1920534896849384,-1.934149893915197,-0.3414156188998434,0.5217324464257536,-1.8232910379803777,0.21811929416978942,-2.072229027928263,-1.4068647080166632,-0.8690530219218793,1.8576152672551292,-0.687655580459797,1.4472598762782996,-0.6367580443777014,-1.4355972319189527,0.6502853182103486,0.8239631749365763,1.228306458594101,0.15907492161093728,-0.4486172279992357,2.8392436041075384,-2.7936784323539556,-2.0990476143241805,1.9431474256071923,0.9528121060768062,1.9869331628721767,-1.569958451648724,0.774902269848741,1.8311817936284371,-1.6859090394375496,0.27334174515464155,1.681580081747727,-0.08976496765867681,0.02670280972378547,-1.4798733384998983,0.11979637603650498,-2.1121708846797067,0.6803801089398203,-0.029299498057818202,-0.31999367164130643,-0.32550828093511447,2.484114059748359,-0.19677248513075352,1.7389402034878227,-1.0364800797253562,-0.8705238564306336,0.8023994992709107,-1.4174720062362123,-0.6717038162178592,-2.708995840967525,0.40337299640144203,0.7020196940780021,5.424573621768683,0.3490477701428629,-1.4725354127097936,0.06326286021256261,1.680646842948877,2.610039223782826,0.1730902829778368,2.1196323798089276,-0.6899746278837491,-0.3872191311690111,-0.832855131789809,0.00876036141898709,0.13147429599837662,-3.1452801170334364,0.40145911880747087,-0.31654237003696845,-0.9896268341614891,-0.6759631558511361,-1.004560611122579,-1.4123540157979413,1.522067194643561,-1.2384493267208971,-0.6719672893837069,1.5190425540169366,0.8450189760735067,0.02396460896933167,0.22607327767746566,0.3928015461234208,0.12524128645490173,0.6404020473040274,-0.8931793157043563,0.8046354266218544,-0.0058820154665256,1.2964976158773687,-0.8763928192255541,-4.182696889828631,-0.9512188850815807,-1.744537076790455,0.13124430653401162,-1.5293046217196058,0.11875923217781623,-0.4284009151363827,2.1074280602296525,3.241529344536311,0.39880488280090987,-1.4318870915404935,1.2228072313158935,-1.3685219170130687,0.22668389530019997,0.8111754226523755,-1.7294947222207202,1.3085696351988338,-2.388689893480385,2.0101241173865025,-0.45318611452328283,-0.16909787828092523,-0.6230627105787102,-1.9644156514790994,-0.5619002364041115,2.790172260533901,-2.758217990268528,-0.518602598607522,1.4027722353257193,1.0385024425647025,-0.8791383810415306,-1.5465061629602663,-0.007159220848425796,-0.2261223289650936,0.43230646969259984,-0.37478667177758684,-2.9825227184382603,-0.23765417328712218,-0.3631499945560526,-0.46474609739423045,-0.5859721397537593,1.4662313203438067,-2.134561055735724,0.8521564179062673,-0.3828981093063004,1.3779918694417326,2.295776177519173,-0.9016707719526194,0.1947661336854416,0.8049800062093317,1.9674822227204705,2.7353481076096067,0.5371815413127288,-2.0514933235498263,-2.351991236107917,-1.7485632245446951,0.39348993377245606,0.6697279913438358,-0.2956922598754212,0.015060472206162911,-1.943777240554809,0.9827203547979353,-0.2935281442373559,0.7511001062601849,-0.881819229361432,-1.0537023640635546,0.8618852997382643,0.9205513102763705,1.4897283712458669,2.2852269814414616,2.430216685263484,1.0739995074042223,1.2738148196771906,-0.9025551849132437,-0.07659272412505247,2.701532565133667,0.5258166202015417,-1.8088614169106418,0.41536727585382627,0.33421383922094083,-1.2925336165820998,-3.3562521007450314,-0.02017608100529543,-2.1960698694087504,1.4541114518740323,-0.8667424029755109,3.1679382455295015,-1.6664186650113064,-0.23940280708123934,-1.48201773559991,-0.29413913930945035,1.185558900746698,0.18957239261627268,4.82996133817517,-0.21202755785727234,2.5048988468155193,2.9593874385606536,0.2179522357751665,-0.4588938294609749,-0.3109187320135472,-1.7752507313608392,1.60412629463753,2.1457595405252325,0.09057683759891487,1.5797183386497653,-0.11291057355827772,-0.1859030226899526,-1.443293554885794,-0.46078401360193727,0.2326895506129945,1.2242338344501498,-0.5160305313135458,-1.1713059480222077,0.9546942258507217,0.5153864896834262,2.177362276763977,-0.47897888139988176,-0.1674778329454146,2.6275435323199234,1.6609806842150117,-3.4175187620732714,-0.9510226761722269,-2.107275838053467,1.8817002682416828,-1.138065142821158,1.2727041138801953,0.9938406092795494,2.294845991436218,-2.664798032005911,-1.2348485894185535,-0.6326664336306691,-1.1333060455278767,1.4619497739936012,1.5087782512831986,-1.7527329342968887,0.9971642773752463,1.803036629140569,0.8607446364626832,-1.3899208403973982,1.90523102417413,-0.0022358707812590167,0.8190355630561621,-0.9675674466743521,0.0022430173350800053,-0.25104517773587887,1.1407985009774513,-2.7282114069107344,0.2595648490497381,0.25491864407396414,-3.0507583384566614,2.058057026430368,0.9247971461062732,0.2380928654374776,0.6193249121010057,2.1512563843529082,-0.3765977659947432,0.37377837542116077,-0.03544617085191171,-0.743167028304524,-1.3521361673338572,-0.6629753236847923,0.5205140198553824,-0.007307734382430819,0.5861374266702533,0.11574596889372368,1.9836302915320414,1.1042722026793739,-3.0786154956687173,1.4232677417546693,0.06390294470274016,1.507578593881083,1.38864676213097,0.8823991037927765,-1.3103308512972445,-0.2620836967845855,0.06463182522367941,-2.0102218320107585,-1.5799653609686997,-2.3584573344775017,-2.222093626097215,0.32696620423778044,0.2787231000046637,-1.0687459413703309,1.6122712052342232,-3.6626556983370726,0.646424268705511,1.3563390643890778,0.8913188950089086,-0.46847201186833365,1.2991534567655136,-1.6275499144545846,0.7484933179728962,2.311938900497199,-2.2467997850268295,-0.9304441729579602,2.171576344458511,1.4638300749581055,2.8066059977377895,2.0622252841281017,-0.6809012925504644,0.7123338121667632,-1.0081030300412648,1.7498492414452436,1.7658511327238025,-0.7554839910575596,1.1573579028864442,-0.7877328808957167,1.957173567043939,-0.8551392688584062,-1.6765986484238087,0.6983741594209251,1.5790304384874887,0.44660576742718133,-0.6631313288366594,-1.2868811247894931,-0.4796938660620769,-0.5926509676193658,-1.6864778273152816,0.12221747887596957,0.6166401797557923,2.396142284904113,0.5602673409996881,0.11832306550862531,-1.990307302562955,-2.8463772440416166,0.10773487572061008,-1.0588412042224218,0.14788786314843616,0.4505150558084351,-0.9181015491711746,-0.8903185322539128,-4.351201046348607,-0.40364798606308516,-0.8955447326297776,-0.13693652944932067,1.0851722340602796,1.3137107499254592,0.007835652563933732,0.2289726329393143,-0.9959195840720361,-0.45295806522073845,1.0306493308488773,-0.07019823901172811,-0.854593862848098,0.32133566281353076,2.6161268272697757,1.0648286614215678,1.6173108076161775,0.29266668631016524,-0.3106031627574843,0.35996049189284246,0.2449141214256258,0.7351827224981281,-2.158237831485302,-0.5905947847770776,0.41326553674255856,0.36246622896494646,0.932942607540923,4.0204960967389365,-0.6157869714297723,2.8342266413950257,-0.3528834744184235,2.267091069476252,-1.327257462156446,-0.260864708928233,0.7047694230716948,-1.9085538569253722,0.3072908799377086,-1.9590468108215422,0.6923787393873939,0.09239731982155808,1.6150999701580468,0.9541315042026064,-0.12094031037801861,1.225051941254822,1.5463552486274206,-1.889667651079589,-0.4622438830284259,0.20831398177977037,1.8757642357667526,0.3878224068181019,-2.2373925115205484,-0.7396193612295909,2.1823814089082876,-1.0749949676009594,0.22180892723659545,0.2527888637349184,0.798348505636483,-1.5658173448204653,-0.7880732872869036,-3.279777675831316,0.048020303623255906,-0.6871458518052134,-1.6527652275283409,-1.6112663316599505,0.8059432262557911,-0.2926796023668129,0.261012463173777,-0.6758355230492818,-2.2557647488025476,1.3161004681309965,1.9444854369945885,2.0619304074337825,-0.33612737602357323,2.3530897567828,3.305156103110164,-0.2754153163354893,1.7256149165957293,1.0486677051412454,1.502633871079107,-1.3328164853846016,1.2616010618177067,-0.8899218329002498,-1.0510275010264125,-3.1154548304751963,-1.386490406205537,-0.21484647095302234,3.6505008466098765,0.5074513493143131,0.9923269666140282,1.4969492893571144,-1.4422511625342347,-1.672414426808102,-3.0550482392734164,-1.6273372981932426,0.5736104391025594,-3.513032569772377,0.07854741299472684,-4.214811820202938,2.159540893263588,-0.4827237705582952,-0.8018821674992742,-0.43819138845674344,-2.919143822594427,0.08761642675656998,0.5774545030699075,-1.807478272435461,-1.2237045457600395,-0.261101943878325,-2.994695292722628,2.164840029671396,-2.6363768975068385,-0.7605903022219737,-2.6024240956213553,3.006092494016343,1.2183437008009383,1.611561462684449,0.5472607679701554,0.626963987352787,0.6687586582046073,-0.22801616269909863,0.03342779400395912,0.487837758622625,-2.101537836470994,0.029956844581642078,-5.16194329184586,-0.4259449774544909,3.9057131427188945,1.2091400564945973,0.8539747705584787,-0.2538588572229545,0.6382839836037195,1.6249991960345689,0.6360345267361643,-1.5038866264367692,-0.6363424052420799,0.6195726904004213,0.08621006050245095,-1.9249549920622473,-1.2698289544939985,-0.8740507777066959,0.9620068915938927,1.5969251485293694,1.7949414437710773,-0.07071978129473155,0.435459127503824,-0.11785069711082083,-0.9703392288134407,1.5210851791881317,0.3443432253256357,-0.08722414567985709,-1.9156564465361698,-2.9032546583285326,-0.35481946250031743,-0.16042233011910317,0.7400930581516576,-1.5233602518284128,2.278984862111602,0.6006695903704797,1.8024052719690036,-3.352764629697364,0.4316775572958692,-2.5986105891289935,-1.6050042046007986,0.6920147779015249,-0.010466321855432226,3.6561953089391785,-0.12850534068925967,-2.771890150405898,0.10172930488838519,-0.9133458529522523,-3.2317710532367863,0.1973849459496133,-0.21433312392286755,-1.1401040159859712,2.989286043640598,0.203745783831563,2.4477595654871904,-1.3156916569587298,-0.1264875834282469,-3.1148963421649967,-0.7251590692911514,-0.5995242796938377,0.7711702381096577,0.526403267779253,-1.9739783676994254,2.0479537939365926,-2.4980991235239527,-2.3635577702024944,-0.20931373624323313,-1.5820829794898548,-1.2061011262279604,-0.15029743229802456,0.29781577907777784,0.5147119599582556,0.01296703499376528,-1.0112332138698161,1.7745110959060604,-2.0285147094555214,-1.0950288950727076,1.5333110509286045,-1.5466574477426733,-0.43219498922041066,-0.5948768822897328,1.415506989079923,1.8624929176227099,0.6131827734218235,0.8206699710322485,-0.19801058370696145,0.5253059192726912,-0.10065129511371454,-0.2868475210918661,0.4550939787494137,2.8397955108471566,-0.9136510184251737,0.4860658458078791,0.3454313321952524,-0.18259410177671503,0.5672084312299763,-0.275398349798635,-0.9207127162452997,0.4531814170433266,-0.6492185390558469,-1.1645578748168492,1.765519125772318,2.770685777356216,0.9637422589141715,0.9802928029200366,-0.34150722678667444,-1.3435817716602632,0.4371507899335616,0.3185298922823042,-1.7927773072862612,0.6286615313062407,-0.19255920058495457,1.2245626767881848,-0.26441248346588714,1.8950410493582968,-0.0795038633486132,0.737590452699268,-1.0098149455403942,-1.2224824768648093,1.0682112801295833,-0.4621399946596293,-2.60430081323172,-0.9593143157898214,0.48766996033258614,-1.3087408778445864,1.9622829629256524,-0.038967277383748944,-0.8129446065957942,-1.6813147101154995,-1.4960990806943042,0.38507985086110885,0.11437491733981309,-1.5287808309964093,0.14454937682684688,3.0778636436799474,-0.27563943879811437,-0.03103889404695681,-1.3887060223161607,-2.6411496286018146,-1.8129156022565847,1.2367310584646038,2.1325230549270158,-0.04202138279970735,0.7137174798669443,-4.0724649303023295,1.971347450314211,-0.6620651812422876,-0.24150134075526014,1.4660275540585899,0.1766814460671568,0.6242605871603448,-0.8512287859977388,-0.051063071307586694,3.5771103257659216,1.6374179463093057,2.3207759259376664,-0.08325506667212168,-2.1668462633303336,-0.8707668840235265,0.3576827264016593,2.76370915159067,0.9482510878615747,-0.1210033716263052,-0.9898313639550237,-1.6113614172768305,-2.4296942494614173,-2.7254247669263463,0.6465832802622501,1.1844582402868513,-1.5880022173355508,-1.3521665598804138,0.5785299310421329,2.967282345481769,0.18285618291727296,0.06577601879255807,-0.23433457961401657,1.6420213194763285,-3.44676148886819,-0.3951628860315852,0.4358027776650517,-2.042604001257239,3.958417061022278,1.0425050687933357,0.3936979381316201,-1.7745248613249933,2.2228099869215483,-0.9219881143261736,1.4968287528887467,-0.20404619021334308,-0.7903227474785408,-0.9530790991773305,-0.8119697977849667,-0.45574870631376285,0.6361914719160198,-0.03226650828686389,0.35752247202121984,-1.9117064790633804,-0.23211595730973686,0.9377587415775374,-3.340335422484399,1.4956624328429327,1.0654281270992791,-1.8046457623301275,-1.0333696692894594,-0.477479029451525,-1.2032231964504079,0.00604328661644099,-1.0843035519914745,3.2399446261552542,0.9506908227159815,3.088311897232482,0.7100062667159531,-0.42689034362841627,-2.0532786514628403,2.170440366519519,0.3545427420274606,-0.12877725701028878,0.34186292139894636,1.4449838535683064,1.2662320051417113,0.7531491865034484,0.5349447510554741,0.9945797298115456,-0.2207972423210856,-1.3969112379847335,1.2649676502295284,0.6736276856937908,-0.8369944604616164,0.6312972717846939,0.8308069564834171,-1.2723193910050852,-0.4290269646949284,1.4836351215044314,-2.796056504833378,-1.0708239050641992,-1.8573831761065203,-0.29353159547161983,-2.3554471598042577,1.0262440188914201,-1.310765964376142,2.5625066667739937,1.3309982614947966,-0.5399031358723376,0.2846224822890054,-1.911779742331431,0.23482628713268694,1.4978795455373317,-0.6787718486910352,-0.1396434070856211,-0.6498358752101129,0.8744630674307864,-1.4793677981082645,-1.437494329722298,-1.0843774188354123,1.3871936536542937,0.4072818661848717,0.26637022479199235,0.23917037591443657,1.4949594904606034,-0.13881490691369974,-1.2601146590615722,-0.04441770572301622,-0.5023255520212888,0.5816385519762918,0.5381316791592545,2.476612027726727,1.7311734351159451,-0.15762294980804104,2.151646366303181,0.0222930037513549,3.0654680501695983,1.066478069015702,-1.901834672848446,-2.049878589080053,1.364919772340596,1.2577939987906024,-2.1148484687686637,1.4242945628973738,-1.4974586408045512,1.5145387297188744,-1.270859399188567,-2.1237534918710184,-2.4282909863130704,-0.9611953946411663,3.304530799755934,-0.5260461665849503,2.309004457248889,-0.5563216159611996,0.7973852658392184,-0.5815839598589154,0.39517859209178896,-0.9674035948857118,-0.3283024013900576,3.8046399738367147,0.3652774120088751,0.5562329708389455,0.0635054190376399,-0.007280864761318395,1.7963192090552207,-1.0713972206559605,2.696051037699654,-1.7564263000289213,-1.4965370083450114,1.3086763681209534,2.7204135698530467,-1.1309640518955104,-1.5258992187940912,0.6731962250412875,0.5716964975598141,-0.6515154706706486,-1.9955662085032748,1.2466648939179157,-1.7278387694388446,1.841984128168383,1.6410464474018622,0.04686578999429658,1.617957448437584,1.4040884896452512,0.7833011344566345,0.3762903426535939,-2.4912223674419733,0.8880467706834156,2.1091233552279043,0.8149793919876471,-1.5730424595979138,-2.1955010233691565,-0.06979892074524977,0.7381678943343661,1.9963195666207103,0.9416952556629312,0.5789952834985276,2.993635502657236,-0.9422331066472444,-0.573365559407492,1.2939840042410495,0.9496802633870851,1.1916197760162262,-0.7300374672658405,1.3013979876311859,0.9436525917138945,-1.4642390944141312,2.091838370632175,-0.30521988888094553,1.726317742475414,0.43014824392772444,0.8743550748893534,-1.7402962770722996,1.580925259960817,0.8306715442941847,1.7284486194072692,1.7146493383362245,-1.2357571702873245,2.7899586989635834,1.9258505230501126,0.19576818165774282,0.43963627400312916,-0.042446814746503914,0.3130799153141971,-1.8922627444156286,-0.16531394112498576,0.962520585184518,-1.4949177039143589,-0.9485594141952902,-3.867801009185264,-1.129844990243542,-0.30525712862469,-1.4225094367652786,0.19195626220189804,-0.8882354533113144,-0.63332548550557,-1.8771224663280695,0.49521526932850185,0.22106221118688482,-1.2828083283273577,-0.5273405367323777,-0.6898273126796068,-0.9391531167291185,-0.7462622038141564,2.960146159515136,0.3246816711239411,-0.579807432340097,-1.2882760557971233,0.25979996987393794,-1.391388438999646,3.3942364907912976,2.441244922632386,-1.1808534457673567,-0.779386997528199,-0.2873883883250766,0.18801069167765877,-0.5110085935690903,3.288461152074863,-1.6194697612092357,0.8204466639625732,1.9827737194669464,-2.6832615914937,-0.3058554490876496,1.1027685176638193,0.6357022801174432,1.302516608952645,2.3438936654645084,0.30491737057249135,-0.8725095804324632,-0.4857455984188347,-2.013326516307891,0.4771102777602827,1.9272431456496624,0.632861775210007,-0.8151667192826759,1.245382377959681,1.2369051881348683,2.0814073355046694,-2.336902496548128,-0.8633245889371726,1.5199421402485278,1.2471275998730251,0.3287444877346412,2.792126877340932,0.43823596464522574,0.26146442999564123,2.0232173984896,1.63529382227062,0.3572827565279748,0.2648843882535483,1.1893342169460048,-0.7331666294189465,1.4588232402627699,-0.11049613870501113,-0.8417981961514286,2.173794921367529,-2.5158628653387876,1.1670356740577326,-1.3215927070423414,-1.2940916914944718,0.636165709283345,2.009606103028053,-1.5436680397921663,-2.452474799253952,2.705570178399605,2.0452979904447917,-0.6735938640436929,-1.2082863938649948,-0.11581933099949712,0.54620385076128,2.398232644391235,0.47623216910593574,-0.3569909362831927,2.19365800231012,2.5486083023170605,-1.0219522683519313,2.92690979157687,0.43448288988842526,-0.20069222134859263,-0.9532335883045133,-1.0682216518195675,1.5199533917443007,-1.7719444765869832,0.2559054407550227,-0.03635458859666452,-0.24443554493190334,0.8134563853951324,0.11133456024415139,2.123541548863717,-0.828967685831095,-3.7404448115979925,0.532071940646156,0.5355723449002894,-0.9237922050542396,1.7013498466451602,-1.6115814539384494,-0.5245834706245378,-2.133340848183728,3.5862466014861916,-0.10661411533081866,0.2490742564525169,2.2972924534383443,-1.890365956338453,-0.24849426113358886,-0.20891628582539884,-0.5556311192667273,3.3380367101335175,-0.5022196065925726,-1.127228606214124,-2.0648775858687807,0.5905240199471535,-0.562687606221751,2.040879511334717,-0.6251171966145805,1.834615631916432,0.7482097864280493,1.0009482541270716,0.9681080036201926,0.41808541616425543,-0.19975469131125717,1.7367768072439902,-0.4306054503169131,2.3451319572051332,1.1365836495967994,2.3127899412308515,1.3145686973613053,-0.8457921161808326,0.9753828701455066,0.4511440322728206,0.5689995385063893,-1.5547781477243094,-0.2856947977277356,-0.38465402145800315,-1.367500268495329,-0.819040208484703,-1.694927510295475,3.1305772393396603,3.2882933190284493,0.7926700095172873,-1.8333109322512695,-2.386966150952515,-0.3953883048549448,-1.6868738516230266,0.915987094342844,0.20881667696229486,1.6733554021419643,1.1231817137593565,-1.425290403985191,-2.26549589331927,-1.8950504270915833,0.4687785791292215,-2.078361888590165,-0.08465236908835339,0.7487569529828204,1.663093525376108,0.3552394618691132,1.205888087587403,0.5845871598996382,-1.188049336319439,0.33881237983574364,-1.544067116630165,0.0006558118775614741,-1.757945524755698,0.19878080449998364,-2.214486860354672,0.9931255279463398,-2.7538209859957736,1.6362556342297436,0.5871000428552005,3.1693704008179484,-0.943990729961941,0.4240995285471665,-0.5636798997581534,-1.9419337373702423,-0.7177615835276177,0.3726820850088969,-0.12804477027396632,-0.6690529346548141,-0.5209719645254316,-0.8784198155263849,2.860150742651676,2.1774857180615745,0.5187309937506381,-1.0301865267983634,-0.4616148468247601,3.138677772741949,-2.176518734696275,-0.7720505704551731,-0.04656636727292435,0.33569395424764614,0.546117814959062,-2.1465722957226707,1.9221777228831223,-1.2171430997277823,-0.978647749583846,1.9514636800644853,0.8508100117570969,2.786348981835712,-0.07099162635383219,1.408421863059543,-1.0222266172135959,-1.4145116679987932,-0.820956816811321,-0.525173603029774,1.157376807287684,2.492587275865685,1.8779467368182667,-1.976174428968854,0.17362140532537818,-0.052415803623870605,0.8165952209741825,-0.7590754046214706,1.3218480472248209,2.2723991392002754,0.9218307588246735,2.172867083180331,0.08210171888659124,0.30018069694103927,-4.360039394181303,0.20535200164625955,-0.12137705623527129,-1.3271004595200755,0.2653915610628158,-2.146959951301029,2.33267420331761,-0.4777525238085813,-0.0666645023517527,1.2798185737928,-0.2537827000517165,0.3682834462107025,0.20695994178260257,1.3292714292929757,-1.4355526438464514,-0.5583898445204643,-1.1474348461339696,0.8235777822315041,0.5586413567891206,-1.9785749971810744,-0.7205350126280528,0.3348293170941814,2.1524898358678692,0.3403983503518584,1.9307887271642616,0.037711966030189226,0.1594011768162265,-0.0028196680025622256,0.3831707693925188,0.17995584878224424,0.5122626496521621,1.911071725077278,0.01064755042720214,1.2694085595448636,0.6403196038046615,0.22001140256519458,-1.7177630648085334,0.7226677787326437,-1.012485827163561,0.43188673646373854,-3.990573968217175,4.661107750356442,0.13255034638869423,0.8528285037321988,-1.8864717867042422,-1.258870008187181,0.2040564453014463,-1.2312976819792854,0.6597718935970776,-1.8829617692431044,-1.0365795172503145,-0.19753715789172255,0.1298539573257373,-1.4089455766196965,-0.99846009970061,1.6551308342701985,-1.58181835742649,0.26300226630813206,1.1955621542053954,1.2432954610069158,0.7236184430621416,1.6753131864479205,0.012771850592043743,-0.012721675032543955,-2.8002928735554806,2.377996171514485,-2.01165728226052,-0.3927904969924183,-1.7471619021336138,-1.610303903707067,-3.8712299138392425,0.20992066419857958,-0.8298210167669964,-0.40716178883326687,2.487643299414154,-0.024202123606631834,-1.260621588351506,0.19843357087835256,1.2107756518480353,2.3146866203404803,1.5596644231894077,-1.024590265933376,-1.2330811326743285,0.7258754156683737,-0.5126890489579735,-1.536110954791933,-2.0123002951309834,0.970102307423326,0.044045972394348765,-2.228565125675023,-3.141062129073808;-2.0568567910290514,-4.50798202937552,1.0744236357310748,2.923629982713802,-2.3957378238728984,1.3838415582295265,1.7382149320282616,-0.051830024126686025,-1.020510026660023,1.8923080431094133,0.8599823751094238,-1.3225108409627366,-0.29449656554502657,0.6846125991062433,0.9930366031901257,1.3997037630705356;-0.42630535606521447,0.044977659950015125,0.16741198987418499,-1.6413936962643387,-1.213765787300489,-2.4962247209644635,-1.850191716571085,2.0624724014948317,-0.23586271671664794,1.9051732049736811,-0.1706578244539078,1.1892684761554835,1.0496229892515447,1.9501475828168333,1.4176580683600772,-2.852289786879694,-3.1201121013336413,1.583983487469021,-0.35612783354209465,0.03378666081330149,-0.15905422232238167,-1.1104897558812352,-0.3144683735809097,-1.1552469638354492,-2.50538680290876,2.4785500814254746,-1.2341126658846244,1.6004685957592957,-0.3551245082251562,0.3477063657036617,-0.16481438535915238,1.1299677215837378,1.5175767070683113,0.9513535908930253,-0.4931781395099464,0.013765251797439135,2.1863107428613198,0.7625121687083454,1.2063889773737235,-1.9080452913646127,0.2951771146687069,2.197891486277066,0.7355212001706815,-0.8573247982894244,0.3540249505506723,1.916210073745879,-2.4955891221504105,0.9586934889572627,-1.6205066964095756,0.7605859218584132,-1.268035940734093,2.087094364926,-2.1850424202956202,1.6195942161374035,1.266378353704155,1.9700468890892444,-0.04176169041530875,0.05921057827253569,-0.988064665493436,0.11684379794476385,2.1355933063716512,2.75833950992868,0.8598127001213646,-0.8242187252186386,1.2105001070025492,0.9426484410814192,-3.3832833501496506,1.515497416947338,2.7385602920447085,-0.5044791768465381,-1.326252551118031,2.0170998822168777,-0.16839409807073646,-1.7613694815028043,-0.7974942653343398,-1.5408390871945514,-2.6585216947119665,-0.5017503838859582,-1.656781395947141,-0.29484500586757323,2.8050031574393075,-3.237234471060293,0.9525856230144376,2.6777916588264867,-1.2184283989817342,1.61030122869762,0.27927130219443436,-1.2443756399728723,1.6010883518602381,-1.4887856092060052,-1.2706455837116546,-1.0419309764836353,-0.3606918856108382,-0.49135022803137307,0.2458260648948093,0.6613433702040904,0.5988611523546585,-1.1892895788209574,-0.35515762407653095,1.1329160407617964,-1.0682961582806174,1.7716599450618071,0.9513085227848832,0.8268246174296003,-1.7038286036769406,-1.0192008041827192,1.6490725965621085,2.080247480247747,3.619993502773075,-0.2227514525237928,0.2728948032937343,0.7385995940775583,-1.0648732615887861,0.5837930479527138,-0.46920011905481374,2.29454168866544,-0.9941687184743401,-1.0369848532361565,-2.6144492225318596,0.8992920092618901,-0.6696849893201776,0.14237714506872529,1.013595447431258,2.3310596313490417,0.8874188976754513,0.1070109842645669,1.818256539361682,0.1401860758746195,-0.9309832137289586,-1.9191043549160103,0.3423747781776929,-0.5522428735816026,-1.6767184504830654,2.3195366000420234,0.9499906500525019,-1.2834279713916674,2.252231888623583,-1.4595066258453735,0.9343841565501387,-1.2923401429506927,1.9886937191875504,2.1419425850702174,-0.7022190426152138,1.203389679141259,-0.05155051169185132,-0.8423544547450276,-1.6487493853031019,-2.2643513221699267,-2.713758329803395,-1.8694191451107347,-1.1776972115960824,-1.0560030665998639,-1.2217206171952688,-0.8686985946430298,0.11115677376798042,0.9497904583201817,-1.0712895310524326,-2.893025871418714,-3.2842191381671233,1.6730064847045767;0.6946893223401341,0.20486865709059915,1.9923570515186573,-0.11223360808268368,1.8690674159313654,2.3508206506210847,-1.009972202232851,0.827716773461725,0.3512877504861466,-1.4342991017463425"
8,2.570399972101697,"-0.21766448403444866,0.2788726182083474,1.1375711406899385,0.27745315325982,-2.6544942367631044,-0.05733526025305566,2.441723910640196,2.149634815534312,-1.9266915012286177,-0.12655840653175487,-2.3552631485290076,-0.9313543582992055,-0.28266528311860983,-1.467751809323396,-3.1311411236462994,-0.4997875794519694,-1.1755361636384443,3.6021386937338478,-1.3526287873819747,-1.9558590257198138,1.2641504104259467,-0.45698371164127405,-1.9494402401226765,-0.7710027290906077,0.555992822402731,0.09263407951790874,-3.3565308564572636,-0.7134482962800577,-1.4389316535559915,1.0762401766795797,-0.5702079074416347,2.0370500540956096,-1.5682652519611051,-0.29151816380034756,0.9168274940668095,-2.1428429968788194,-0.1843542600545509,-2.633145114908285,-1.5836962077506191,-0.5583633508754915,2.448527423129911,0.2589106122380266,1.0418385704131818,-0.578318948569484,-0.8944220532242653,0.6108158728967283,0.8901932625206193,0.9043332145758123,0.5438226234853472,-1.0963267049461423,2.7503618619070904,-3.2412273638381217,-2.8133452383155597,0.6298498076841219,1.5074713202837844,1.2995401666302504,-0.6180800514366034,0.8416217046769875,1.5872437545812286,-1.232405747337797,0.3943715745376029,1.4872550280644625,-0.9597160902173452,-0.5388760360867415,-1.2515058478656256,0.09862074101120474,-1.7659124438320177,1.2271729082393485,0.9532255703395478,0.12292801647875057,-0.6278190016135496,2.4717656773653554,-0.8918073958024069,2.035756601369879,-0.8868557425067896,-0.8322827192145025,0.5916194547071763,-2.0125047039152206,-0.9860080485233902,-2.2962153774390552,0.19321470036979194,0.3179151243413365,4.468696581004798,1.6240156902855083,-1.1703207909644524,0.058022385020946754,1.6629493295455866,1.9322572215329479,-0.7322698411911407,2.3205656991286667,-0.5227499888823721,-0.46953578468966567,-0.47586017491321386,-0.23221907130117433,0.7453265046324331,-2.715052837788429,0.562023046099021,-0.6863345218909155,-0.10328090373350607,0.4480845422589433,-0.2963311595255585,-1.838809475583954,0.41666671605561456,-1.2322360315766447,-0.5148374702084756,1.9286196820866843,1.8255311047847826,0.5322438575467547,-0.16555013023149895,0.2732250084570216,-0.8920327190360605,-0.0025987518279300126,-1.4391211245931737,1.0769882909804587,-0.3479863476815116,0.17392323520507272,-1.031079314130697,-3.602099478253454,-0.5856938092458932,-1.9328341804231954,0.652517871945051,-0.9057597927190267,-0.456379166577295,-1.4531779109804723,1.5030192469558115,2.787894617422061,0.5444138852833045,-0.35575423351375024,1.321151146668628,-0.4727646468817957,0.7376013355518078,-0.6803312448712995,-2.1416741405717534,1.7312742946576654,-1.6586330772797244,1.5009437133554062,-1.055832352946931,0.3075257238220635,-0.16831382786419402,-0.9716798618800524,0.060173591365676904,3.2348697553037726,-2.3749948163423733,-0.25721538126638965,0.8704292026482883,1.5461033414370735,-1.224937557086845,-1.0788798388308682,-0.03194381176036165,-0.036231302582224234,0.8437507252541071,-1.00221233916637,-3.764540514012393,0.18134504644384772,-0.12406699888298067,-0.37795625990296133,-1.1128194804949736,1.435776231029047,-1.0187621179423199,0.5128103490468937,0.6065705693175835,1.1548413107535422,2.306521001709945,-0.6187407883689204,0.6915931991627604,0.2855315977767947,1.7139149211988804,2.0879487900259246,-0.25199905866590605,-2.9312479815467887,-2.5637399835595196,-0.35465612828691806,0.3998471717658692,0.20587723782347334,0.049093251799703086,0.18678783815263428,-2.4444603276651677,1.1009754533918563,-0.9744566240469242,0.846100759857047,0.611761279740904,-0.622441508901529,-0.07736187436756797,1.2542706345613976,1.178177621751418,1.9951401115713439,2.0661943989191096,1.5408376315130017,0.3885558003218562,-2.156687538577796,0.7826884540314135,2.544805440562849,0.5222369507960176,-2.4662258018366288,1.3756296201180014,0.798452908458301,-2.0130961441739035,-2.048294255015443,-0.08624414122567943,-1.0465096369951081,0.9516367573608687,-0.3536423893665296,2.8944085103791397,-0.6820820306003502,-0.8421897388119903,-0.7559565824924371,-0.5736123380851048,1.3367709921776614,-0.23777152009625896,5.343817536385335,0.8149776840019227,2.4799553774678125,2.559538798648405,-0.6700902471230714,0.15981910831501572,-0.7740649801957952,-0.3183097717034805,0.737558353806749,1.456641094017148,0.07759114964494104,2.0138790426507973,-0.26972005481191363,0.33237564084970894,-1.788763061470025,-0.6785650012721648,-0.3518465676041948,0.6348191570802812,-0.30537732041606946,-0.9116246603433532,1.3896594269553988,0.5644383825444586,1.9515303950012308,-0.139957727847212,-0.8338741640358345,2.39449307724625,1.62263300094724,-2.5726024845964512,0.18530615301936093,-1.0061043235969962,2.593765625863727,-0.9120876712163355,1.1207763083867652,0.9841678836346045,2.232120145738452,-2.3723415288002063,-0.7977220472757862,-0.897501969751442,-1.4053726711238328,2.217695048208878,1.5669301044020782,-1.386071061038397,0.5048872334671584,2.7436391954492594,1.2660084952119945,-0.8019225418137024,1.2018416029977212,-0.40814037817587756,0.6570672654324666,-0.7697302436496116,0.5239567476911136,0.07864130001835773,0.39016872611961817,-3.3702199639019086,0.17294276961500116,-0.5259312952883003,-2.5324346699664715,1.8598281076224061,0.20547687047365343,0.32815878530977133,0.7205338348333649,3.1751555353550294,-0.39779682636411234,0.8289463199766894,-0.29273547208561784,-0.7063389788316778,-1.63819945641738,-1.4411502459375316,0.28265757386391327,-0.2645272995157092,-0.3908570914085674,0.3324753809894525,2.198419178413593,1.0726435357138007,-4.024952334497279,1.6492060371026733,0.27807260755566776,1.1063900989607935,1.2432972544299525,1.4175746615011464,-1.5654987948672678,0.10831904051013536,-0.7040113254562819,-1.8996280028898775,-1.443797101543852,-1.9264181671816205,-2.927168718650841,1.6046056439194452,1.2287516701474033,-0.9318668327600456,0.8701931055208384,-3.5319358050703986,0.5827557999509386,1.264311696052785,0.8829921200181894,0.21486536177460705,0.5375627373219098,-1.2740092922587958,0.8579667017574012,1.6704783306484265,-1.2037510727503489,-1.344303621835936,2.0337940482746113,1.8334815359966363,2.393840928953463,2.071254331377768,-0.5577427967356806,0.4324928474102844,-0.6236203999212006,1.3898888680653443,1.8905251128826621,0.11546510558139356,0.7099561054306315,-0.9809187588400317,1.6633767998150053,-1.1128895379809784,-2.388775985333703,1.2680811157703062,2.110523638193406,0.9798279760877779,-0.6136692005800826,-0.29285853414976026,-0.7681725883685016,-0.5208154292970641,-1.398922680705252,0.7246869234793648,0.684877053771477,1.3562405061410816,-0.08458797523057804,0.11401413023089274,-1.379672632130924,-3.0462665331889696,1.1694310688799232,-1.4657628276881833,-0.46133921896950764,1.7992954038169207,-0.07556400773527766,-0.17881849607137995,-4.726305776382955,0.3913095444201067,-1.273145094917812,-1.1302019258832399,0.8607495078317806,1.7624233676446917,0.030771504215543588,0.7360119126898186,-0.2981416286654015,-0.4116078194003945,0.4142023561031864,0.5953842021158895,-0.7519861190542687,0.7409497820655553,1.2206232644448307,0.5394098201323065,2.025591012502165,-0.1334766657140653,-0.14251609303769658,0.1226552500124117,0.8129047204237587,0.7708001458572323,-2.82578031606322,-0.856396294876558,1.1896272760132265,1.3257742592182975,1.8815222532027633,3.575309340334629,-0.6103923505889253,3.4867420965466143,-0.023983259401459327,0.7331173228564846,-1.5314500976818683,0.6079911932514058,0.3536270092734387,-2.8332295416367965,-0.18275232866442748,-2.10673788651953,2.231082518613756,0.40580318934307036,1.141489790785394,0.770344443244592,-1.093747344266325,0.5434322343226845,1.7641870357133203,-1.3240785070329846,0.17276710443601828,-0.08681819481130182,1.6471933843962128,-0.8950179750612532,-1.7527144747936545,-1.0772518321487765,1.5995292986280176,-1.5475558681718968,0.1882096291415719,-1.2286857003247877,0.5879200638662162,-1.762713872385489,-0.10946990474167329,-2.4617311551255314,0.3646919529774104,-0.4765802459785707,0.1665785992225518,-1.250328885390365,0.5019228585829446,-0.35465241866506714,-0.36088746529282734,-0.013908183730014083,-2.3940934338540694,1.4647209786422366,1.3709937603802793,2.3350247998579405,-0.8551731761849981,3.531540297681053,2.604122365274329,0.24279204388136683,1.2716152860801155,2.1776323885803337,1.6459727249827825,-0.8122430937480303,0.9063069831600571,-1.6171476797938695,0.18174990058499402,-3.003956310027622,-1.8719414453066656,-0.5124157096535082,4.233347223611703,0.1810192817509439,1.0016245460076554,1.3377639476815126,-1.068834296101168,-1.4940385365714046,-2.318920257974581,-2.388319001473037,0.8047794026267081,-3.6212927166609608,0.28665658029308183,-3.044370195211824,1.9198675751309198,0.18933904700635507,-1.5315377496270117,-0.6902471228907805,-2.35316854729255,0.0362012802925879,-0.8623491645447,-2.1306552621565027,-0.4610100669981737,-0.9999167692551665,-2.4736184752659516,1.1993268323697004,-0.10984128591440201,-0.8005273357489537,-1.705858608954809,4.041872421967854,0.43152059947829347,1.7006212138614951,1.0352809009361343,1.4779047502316596,0.9476699139404321,0.19099677278087934,-0.5560278456255953,0.13292055361212698,-1.8474197761517104,-0.018618952043234993,-5.004205556160119,-1.0094080973558015,4.290297100183433,3.4243526583690436,0.6726110404784239,-0.17287115262874553,0.18165254094775912,1.322634368697059,0.16096335748381851,-1.666251963928126,-1.2816694539441413,0.1291789981263567,-0.4429029219779769,-0.6397568353660372,-1.8677141025117294,-0.438572809854186,0.613185710159384,0.2672493463401243,1.6420739119102494,-1.5523016198346353,1.4213822114375116,0.10258828752258237,-1.0037456865440415,0.7013009503626619,0.5657344556123448,0.841543948954995,-1.8868037179773103,-1.9880114624587522,-0.5192095431766639,0.723993526576529,1.5388929574940535,-1.4592835296409417,1.7372940551855183,0.7128074887377648,1.3107211872265643,-2.6165712019824934,0.10301989064411925,-2.008580471372423,-0.382072347276734,-0.31382448130604723,0.43676828890994923,3.8281396656334854,-0.8650463561664623,-2.982017402307459,-0.5409131608870081,-1.6235168163597566,-3.4745132635469322,0.08092426435605748,-0.02513036748337036,-2.6099634029314673,2.3320772517596855,-0.34899869399753314,1.1305378503414292,-1.098579836273467,-0.012947555360905305,-3.595621750961822,0.30186941336833595,-0.7971275791458393,0.1860747989552713,1.5509712711355468,-2.37519660226458,1.1832560598291222,-2.0058263099106672,-1.9129861830523265,0.4228517024788,-1.5707905544189895,-1.278429003061487,0.33186112448176985,0.24520577781952047,0.626739275647253,0.8640898549079796,-0.5102783934412113,1.3726474131026971,-1.8694259829218443,-0.39494428353170596,1.9448547874471709,-1.9717418353852958,-0.6402636325327236,-0.6395687433068542,2.1411709265370726,1.8105437197022973,1.7265975567388228,1.452462970222209,-0.23353604330724415,-0.028996436908437118,-0.5059206145105407,-0.28032109294032487,0.251576186639567,2.2930468834817312,-0.33773919794017143,-0.283226899206457,-0.44834396116805336,0.058682968983189865,0.4778884558923754,-0.6519293851929722,-1.335721834864974,-0.6730097549309594,0.17367300413317888,-0.8547884655079007,1.4735832335359857,2.7276724644366257,0.8098626984670807,0.8382231806473479,-0.028214479643293044,-1.0302778741757075,0.20638204390660164,0.5466674638009235,-1.9155456571672087,1.0527047522929196,-0.33923569132237896,1.6778103469494934,-0.04148712503002354,1.6635380650805263,-0.0918165089167512,1.1986171490242712,-1.4442868957895447,-1.819322810503576,0.6918456291505332,-1.5226734694360549,-3.155959028428788,-0.4792061527878605,0.6176955365952995,-1.3935692927011853,1.5384631896011456,-0.5507850685899667,-0.9694209036539219,-1.139865457136383,-1.0396605737270184,0.13241126940059522,1.042514409197352,-0.48943846586172024,-0.21437839385728963,2.638178288490427,0.8907221045090158,0.4552695449371889,-1.436474804830684,-2.337531678443655,-2.1021434805152293,1.525193072469014,1.5321899109712416,-0.7194401009918133,-0.20086410741322402,-4.26177694809881,3.024130945233426,0.3549564713650666,0.28819269208052795,1.4792053514284391,0.9498252132410938,0.305527440401073,-0.2990279656572104,0.67353168081812,3.2534821622682304,1.4296335535590787,2.421170561358463,0.9841853252697175,-1.9171636560186254,-0.8736187302031762,0.08776725114859366,2.776336546081553,1.0820722045432765,0.31949617086354554,-0.36959773361794446,-2.8136927448262634,-2.8561372552518876,-2.9128690420713346,0.7354465800587602,1.7832853238813455,-1.9494288474994428,-1.641379198873506,1.0269401852988134,2.2230977458571615,-0.4330706409160878,-0.3396714133646853,0.07358531943398977,0.905233217159626,-3.078360815872934,0.07443868897634526,0.9823847113088493,-0.5233267510033708,2.82023393244637,2.158362643718373,-0.49461832625645896,-1.7292330887875211,2.3445551701672316,-0.49395274910948106,1.3474339808441242,-0.03240657049954247,-1.09031032650418,-0.7898620344362705,-1.8996345178377512,-1.3445640211536498,0.7851248229911489,-0.4049896294489099,0.565223404524958,-1.3366044279134472,0.9053262091997158,0.631669151230594,-3.535915596399746,1.7482247297413027,1.4890127427015891,-2.491106353141279,-2.1238517219051722,-1.0871427084978444,0.0031300528987728837,0.37953782658318863,-0.4853976694157589,3.0816830180463186,0.16231103913354386,2.808318780977264,0.25563646425492365,0.007638937751404784,-1.4906160362277294,1.487999092332672,0.9584575940994461,0.014573344847078298,1.1910075969116596,1.4427472682569134,1.7437150774645922,0.6715955077947346,-0.03023077331195234,1.5256988611455748,-0.7509284604511828,-1.422201846626734,1.1415273412845053,1.0330091831361976,0.04584583461108094,-0.17287327340517905,1.1286725983420423,-1.5475446375368271,0.11080205052751807,1.040320477372279,-3.1771658800959086,-0.9580962865628448,-1.1791053316966253,-0.15960709107586118,-2.342156042572664,1.5573883350886129,-1.8777567419037378,2.531401892662283,1.512414651185244,-1.1449599911089658,-0.23134808582586264,-1.00366645460996,-0.34229380067432996,2.5363134012978867,-0.5115459792573562,0.14164923410354602,0.03923843489562548,0.6420738291980366,-1.2544754240694194,-2.3564011231124673,-1.4778670569628325,1.4791646051030904,0.6350955551340902,0.6445218104095713,0.16248708977652604,1.5310703672352268,-0.6102313927706371,-0.6403036438522793,0.45232374995095337,-0.27773300882994056,0.8508380932534686,0.3482332223893913,2.6016208733909125,1.3543351624596114,0.4914706001756903,2.1407487957886087,1.4387192619107614,3.407456243549146,0.7394614468747154,-2.040592115413481,-0.9546525771189109,0.922155303675829,1.1656188908031573,-1.9333290700517054,0.9528752663899072,0.15416059039000052,1.3966830706789446,-0.4566515325930266,-1.7949155068699096,-2.4402284793035918,-0.6427043128602927,3.4196371504563707,-0.21319995361683527,1.4938063464715094,0.07968308094758747,0.011414150430717473,-1.5112002530670758,-0.028442004760187434,-1.7109643230846863,-0.3337679020530153,4.088587727847717,0.4277345747103767,0.051013640707383845,-0.3739941360246777,-1.843304833369029,2.4869383689691844,-1.0365160060084229,1.9801252738891162,-1.4776100495110143,-1.9245388501800682,1.5214142383088551,3.152374095425279,-1.6318687880563425,-1.4553586790139657,1.4046179791944668,0.18454735756469262,0.14089670311340743,-1.0843848938943825,0.9811155517171978,-2.243579228136713,1.3629445632370545,1.8013625192350236,1.0159543432194125,0.6946577333171055,1.281045782235071,0.2933312412719728,0.9292807241717643,-1.583569838418467,1.145564074700927,1.4202121575314925,1.03867016476471,-2.6670783670642892,-1.2177923230861936,-0.41491775350414906,0.4554862544276123,2.0379038165892935,0.7116954057219018,0.6318174883958552,1.9792655707378373,-1.2182147502794647,0.44325123683731465,1.3733933624023713,0.3630595356814497,2.060429306018865,0.2673720375599813,0.2552205527189645,0.6236698461317416,-1.6347641686106906,2.6415187387695873,-0.8770189251598146,2.041742806057214,0.4935405061189267,0.742371139484395,-1.295579904498026,1.2347933208916528,0.2025288957887902,0.7477641864530689,2.534708153060915,0.01184989219783461,3.058922231715213,2.5691678825803037,-0.12793772556826788,0.6030489744966555,0.09079992537806342,0.24786616584595667,-1.467770585984563,-1.9982104602968747,-0.3672654037547851,-1.0575159274203625,-0.5370141279348191,-3.0408254580660383,-0.28434578377415254,-0.24981325278125133,-1.662606308985366,0.23938497697083544,-1.2895524515768733,-0.11921994796366303,-1.6912931774541518,0.026013287104716176,0.5202983543665374,-1.2431142532614974,0.5314054840079747,-0.0773192469523444,-0.5551642936808442,-0.34595232416559524,3.581459003880462,0.28441274425960406,-0.310614091832095,-1.917662585417279,0.8759256241729267,-1.6353212411521132,2.1310041013743093,3.1213078641273517,-0.3771926574872284,-1.67584664828214,-0.3457670744694141,0.1920249543302543,-0.7448925610479307,2.095210682055026,-1.6823207946066363,1.0773185595731654,0.949473641732687,-2.108806727319079,0.36864726300061224,1.3189185636913172,-0.007152505473756565,0.20974616413312386,1.6185045486658338,0.1725658808132689,-1.0429220938206272,-1.51811987500062,-2.2674671098910006,-0.5363420758191442,2.1929508286503157,0.6847426934762705,-0.6764604862995771,1.084864889267923,0.1595054488566443,3.2082971659058224,-2.279670487664113,-1.6466090432348257,0.8522235667543009,1.2784196878827776,0.6282699911205587,2.405547164867432,-0.2512820552647595,1.143628901595948,2.1562245253400523,1.6982687140583868,-0.48678495012997974,0.30739589276172286,0.694109234844347,0.2484647343414661,1.8810211882166437,-0.15930508930186046,-0.3948297121839536,2.25588559898025,-1.6992743923956237,1.5375185014516617,-1.7903014619536661,-1.5471169216390472,0.7826855109916127,2.258451647152779,-1.366620501800938,-1.997156382168678,2.2140426784246547,1.4743597300552151,-1.2878061232010183,-1.8618412750007485,0.00354204164914957,-0.3702924337578157,2.828360196443355,1.0418772019588156,-0.43166110093210885,0.39623869508494425,2.5400691275853267,-1.1801313927633035,3.0580151704027787,1.3350908101838275,-0.2945196352757967,-1.07444380255223,-1.3178663472867618,2.085947630489518,-1.9104244511488953,0.3081126170914945,-0.288420043045076,-0.48095700275437825,0.6495190573592676,-0.03123254058251207,2.2635338956337523,-0.8498482465572526,-4.954388323036876,0.5581154513538759,0.9895847280629346,-1.8098086321738507,2.010943985413897,-1.2324296602409854,-0.6092255946194122,-1.869707154817476,2.867411140840117,-0.06333890172414738,-0.3719494072790251,0.8635456258488773,-2.316480387112873,-1.2569614212573024,-0.4132954270455968,-0.21257416869202783,2.877450227621822,0.5428492951956563,-0.4429239386382193,-2.2154843999959324,1.184433008665864,-1.5403573224567686,1.7017767245929458,-0.30853309769669546,2.2877362095259595,0.5068784895877481,0.8227728440571448,1.0711485557043783,0.2501118879430106,-0.03575326515796806,0.7488239537838248,-0.20424019712425978,2.773343244690027,1.1394816960158565,2.5269927519623914,0.03544038457897625,-1.6613191004829826,1.588332234888695,1.4115203913610954,-0.1955520182209881,-1.202753029381203,0.8040551012527299,-0.6521063449366878,-1.0385196047550311,-1.1986062859300344,-1.979520989288212,2.3729288041423784,3.2616259443562297,0.23839002013859456,-1.777175492133194,-1.903707841774486,-0.8345500341143652,-2.7542645275260607,1.0886824375390185,-0.2503433813443081,0.9856552170634851,2.4039042331376734,-1.1987538602973118,-2.483353272648992,-2.520678812832671,-0.0739688543555786,-1.5751494795084795,-0.10897997492303835,1.9569657467140118,0.8496671374826013,0.609771229255424,1.825991801696028,1.1766235041589672,-0.8428065360974617,0.6764928567834356,-1.405355008787852,0.16859978632449502,-0.9611902257538986,0.2571912554665285,-1.520914995539444,1.1873667144977016,-2.7130056083383263,1.6941837711250562,0.9978964446518314,2.281497188586075,-1.7501428897356501,0.4251390831155615,-1.6865751252567123,-1.047604056298269,-0.8645443877667558,0.9548180603648877,0.16916706648448848,-0.7785649556360744,-0.0837680768584936,-1.4599404892626813,2.5542094915702487,2.1383430973472084,1.0311949301408874,-1.265757162777088,-0.47238995690800056,3.3992908638674733,-2.763605113351968,-1.9261520800202083,-0.3936930089315263,0.4890741917045517,0.16877854260329594,-1.4174480583684668,1.4093899906506935,-0.6758149466996108,-0.45643633167989794,1.6818880571119625,1.1600343082402773,2.2364325972925925,-0.664314554640127,0.8518875203022509,-0.7904820743573364,-1.9389740186291844,-0.9223016291105367,0.4474635118381394,0.3800378318344926,3.0243922616551875,1.3379197398175584,-1.917395633960475,0.044266035725068875,0.34334734829285063,0.22587941951689228,-2.1125769472387512,1.9732670437144386,1.4170458522507339,0.10166721810901008,2.028146217564286,1.314369237824321,1.1150848699388307,-3.7109091995624244,0.8744771056534791,0.01193860280245218,-1.5416808207043955,-0.3563512260111993,-2.549793055561682,1.9485748472752777,-0.48535398153057446,-0.22266003350330688,1.0562002949680687,-0.039486547416035134,0.723990243023391,-0.22060130130542502,0.38620747229808006,-1.8066369671250564,-0.6601407583172932,-0.6403774447937185,0.9062377930130873,0.28665806991409865,-1.105860190712792,-1.0484968902722256,-0.0736770911936803,1.6638123230273427,1.064658407296636,2.4282455930359537,0.030795851325487678,0.9040581046978525,0.6923042935971456,0.27927379959116855,0.9282726687159584,0.36482605209220187,1.2381768119432104,0.7801674912450842,0.9362522407865677,0.1396055661357246,0.19998263979913683,-2.385872231346464,0.6402859012490558,-1.7447657384017143,-0.6423061902386396,-3.23288070004202,4.098690146951392,-0.1780286997011536,0.8400050952039206,-2.376582924775324,-1.5540012613421,-0.08598636199317618,-1.1639009928972694,1.7603677544706162,-2.1518837938483144,-0.5284518938123797,0.527165477501794,0.40676895231629,-1.8306837746948013,-0.9648443120912232,1.932578423814014,-0.729645361777071,0.7550682199007961,1.4347892487084806,0.4818239207624857,0.8334326811058052,1.7174868227277669,-0.3312683157840812,0.49619711023028196,-2.0679346277918436,0.9089439028105657,-2.13536719463204,-0.7816837469865872,-1.547905173458965,-0.42510178941354093,-4.528385486570385,0.061714685824535875,-1.5071334233357878,-0.29605020353504763,2.47200347937848,0.3928148804110909,-1.285371416026737,1.6901486380895003,1.258500378042513,2.713401054956776,1.8820422908847467,-1.389963403858065,0.000232064524281983,0.09408377289502831,-0.7073415353260621,-1.1906534862723752,-2.6909513788595016,1.1882033902175952,-0.060003064217010044,-1.6390019219951424,-3.2704750147603074;-2.392684297737364,-3.9659105146346207,0.005150073304225122,2.4656684295968647,-1.6718627139785893,1.3837184248476535,2.568819410046209,0.11419121749226768,-0.8322479842091092,1.6313937240093273,-0.5742271729091926,-1.2623298740798716,-1.1763125054073191,1.2899223530515647,0.5282938368242694,1.2422521339172403;-0.00249792263116292,0.30100403100841633,0.5059227405279606,-2.0948733964033623,-0.9691982661115799,-3.0468071134912433,-1.5960936329567375,0.6787940765507752,-0.5399179055379186,0.8822104463480998,0.22316167932111994,2.122937004861692,0.6320204150774189,1.9750900001896259,1.69339763299914,-2.470315771901702,-0.32987176242811134,1.6959367397385061,-0.0662606848176919,-0.4125445762694943,-0.41667478668131375,-1.8141968234071084,-1.3230735143492833,-0.9802414721438579,-2.8509805068682432,2.7830646627586457,-1.5728293733689973,0.9173612600406438,0.49483302068897095,0.48593051133476745,-0.8970204318446208,1.3360610377371847,1.6143690306527665,0.0994403892716283,-0.38074194834084196,0.27898830107915706,1.970582596066155,1.178367650194455,1.3678410242260872,-0.6990288180359409,-0.913471164988646,3.833734065051643,-0.4359334807429447,-0.7890217304828133,0.04867891716756878,2.0588647611471247,-2.3721925143121796,1.3167547822538368,-1.1475857952556066,1.6386068584340627,-0.6377622840236625,1.003748273170778,-2.7625111335466364,2.34029483836175,1.6008814982163537,2.673712061858254,0.012617794139062777,0.36956578315331107,0.3209694751060016,-0.8490678377456975,1.8015844543642026,2.6086064161043088,1.2234072165879297,-1.1372174724628037,0.03202284679798206,1.2859366030146875,-3.793113018443043,0.8287289001842937,3.457774558453673,-1.1008701669533363,-0.6919789512041598,1.558373933270577,-1.014853053453644,-2.4588743805703634,-1.1733011599099525,-1.7384628063913212,-2.5454160535818064,-1.284002112383483,-1.1873134053088445,-1.0037983501123975,1.9918878439581533,-2.634801808814635,1.428852145155072,3.9219712430331306,-1.8394346189772182,0.7701018843005001,-0.30989011557967683,-1.9059265916028338,2.1624247819717732,0.10152213530554688,-0.09992334321552399,-1.2857183165210282,0.150247295208654,-0.47467090609462786,-0.11811906515133541,-0.7931528948351357,0.8593912985303991,-1.0753667676182177,-0.01167017211017618,0.1823539877840885,-0.643978103122247,1.922475110820626,0.8357535202506516,1.0794474893574226,-1.0533473416087158,-1.5205966822714319,0.5564109128291324,2.1062665452046874,3.867835257017343,-0.5225945933970756,0.30291796187690206,0.9163035869353899,-0.12231912721197376,0.4784093320091603,-1.1982010466030883,2.0518517236579847,0.23940567588404033,-0.5184292452431116,-3.779070100753125,1.2012770592667634,-0.9382326323362882,-0.09542085662525923,0.8905881066667921,1.362963430800506,0.23832675757776728,0.27493476286441343,1.6685899227678638,0.5529668986426398,-1.1144015072597249,-1.192979878021977,-0.5468677262198942,-0.5411857555741698,-2.0572752096269613,2.3203544743387337,0.3714940669391933,-1.3685849486490151,2.4084183882231462,-2.124837255876966,0.10205628376150672,-1.2722852711037629,2.2445584235482032,1.4864111734668723,-2.063183833049739,1.3296807655314458,0.49015685330213654,-0.42589885943927497,-1.1579956964551186,-2.4761185568654938,-2.1767743724928765,-1.2161770220478225,-1.3789213224710275,-0.9506549347787733,-0.21640499070765018,-0.19801857269032064,-0.40770273617684066,1.1939251268261946,-1.4133710761570162,-3.224065594503665,-3.105975517175307,0.8982386857950202;1.8470465555122755,1.2227003728993218,2.5751832662142444,0.027900274057862107,1.362885958103842,1.614323424182254,-1.6143076183992249,0.8030180634953066,0.40154847322088727,-1.376138581511547"
9,2.5315017755502103,"-0.46959261707419553,-0.2075029060672794,0.7914057470397917,0.6000067218047888,-2.146874192749511,-0.21994566714886854,3.727376872532436,2.188891188466944,-1.5997474007376777,0.9638234607810874,-1.4946164890001499,-0.8354630583052329,-0.8566427109138282,-1.8129395528539076,-2.4451862619682028,-0.6263906286635406,-0.5645030170273465,2.569866808698812,-0.48100980720440134,-2.119806132638016,1.9302747295992853,-0.4404121224590718,-1.049510496221038,-1.925745219088888,0.9130674099869727,0.47524368913270787,-2.7360975185282346,-0.24128295521099374,-0.8083119023653366,0.406812617192727,-1.6900645296236898,1.995235795446516,-2.779877297175899,-0.8097081199754541,0.3100514436596875,-1.5518954199658717,1.0706883188495662,-1.763037049762044,-1.6811395562650122,-0.7191619095341912,1.9479163890005926,-0.7408396447739141,2.4816339551033386,-0.2089257951540685,-1.0535250640506775,0.6516200627748133,0.4706097475263236,0.8350302738448481,0.5075083781210785,-0.92502510712487,1.508603173452437,-2.8824099088840582,-2.975578081759672,1.6418534456588225,0.673894889530413,1.1124978900146947,-1.6443685320073762,1.022971513135921,2.2710795142534774,-1.455392948120474,-0.20620355105863922,1.4025957077902735,-0.9723865493258093,-0.4660297695520065,-1.1677275802274822,-0.9851070475251817,-1.2996750195487738,1.43424507154937,-0.31255212486580464,-0.7663036456919146,-0.599116914718292,2.440875928260015,-1.2582460446541082,1.667796746046998,-1.1282161497738201,-0.8958603495132148,-0.0016116534549071027,-1.9257449790464813,-0.43907060886928323,-3.0006739137205813,1.0089976205552267,0.21184421919577812,5.275532821955531,1.3041309352538744,-1.5895704917743316,0.275803246875952,1.0636890569824216,2.5567198390597565,-1.399202213488517,1.3366061591637466,-0.8655944756938981,-0.243676842019392,-1.339769580001885,0.17821871218311386,-0.2322337021978346,-3.075016929851873,0.9739058884718146,-0.8419440180746071,-0.40267652130559684,-1.1184167218028438,0.118195224158527,-1.661941796816413,2.0720858138081986,-1.2463677138697944,-0.8777328147724354,2.397644515769595,1.0841213600821367,-0.8694008554718466,-1.2351563966061376,0.19392523985909832,-0.7122098339604229,0.21388785026415288,-1.456811527810998,1.2725410650791107,-0.12249798060781447,-0.17718316634700948,-0.9070993734501831,-3.149058390030987,-1.0884887876792226,-1.3100528826906819,0.7141951204980365,-2.1339111059835485,-0.05649664639868728,-0.26595795989099486,1.1247818076918663,2.4098199165306293,0.10718931838798662,-0.9682535603042994,0.8960909402538385,-0.4633523857865401,-0.18509908854287377,0.06390375989197683,-1.6136593936486139,1.1012788958921074,-1.3458161404552014,2.0961791942875823,-0.9055975493715671,-0.6151542111067961,0.10249942048860142,-1.8683260483709994,-0.6567285274232674,3.7018337080104726,-1.4583222829632625,0.006553779080276989,1.026192003363177,1.6058702855250844,-0.5101755130453287,-1.067200284015219,-0.035469258261192405,-0.171980719090145,0.9906660671516324,-1.220075488291099,-4.0974405775997464,-0.24897125718399918,-0.9392086412115187,-1.333542331030203,-0.6777498879378798,0.7364920646026226,-1.3513065002821187,0.614779125020011,-0.5929308470583419,1.0164259728255791,2.084645057253783,-1.1249876930545633,0.4984480546458739,1.200497067995268,1.9551757038731639,2.10922364024164,-0.7721595775082388,-2.950274327685771,-2.1775782495412717,-0.5134795986386498,0.7915279387860639,0.06858391497306165,0.9344157622983688,0.8953912614449746,-2.1826471137995025,1.9396746828691285,-0.8295577520426936,1.5942994518947302,-0.35237331978685565,-0.524330393235506,0.5311452449185882,0.7390069214181184,0.24272336783510085,2.3744819957605316,1.5307121162809167,2.380540762331345,1.0789176339149258,-2.058554621102618,0.5182022309047427,2.6263822833884176,-0.20244852419372933,-2.1999658149806387,0.5809736973467173,0.9380458337199405,-2.4136536032660816,-2.021853183731919,-0.25756056575020964,-1.6401637474271824,2.357559219510884,0.7093809685823254,3.997019459107161,-2.0377135941113407,-0.7405192456976293,-1.6001249266671675,-0.5789165852154274,1.7391314376391733,-0.47453181730627647,5.457859824077356,0.9725644138340435,2.238502907808935,2.5520619583682347,0.9827846987955786,-0.3300854804196911,-0.9235410661711532,-1.3192823949474228,1.655716316815389,1.8665396178615037,-0.21615623046392515,1.7964652485578434,-0.2831902007482889,-0.1521511878958006,-1.6013361778981263,-0.4843179997695951,-0.5490787438635139,0.41719827560350364,-0.9994131801389516,-1.5166982351283502,1.6114862710716034,0.41860898702707633,1.9927467436821542,0.617451871882292,-0.16486824807432762,2.612614379494515,2.246295553424066,-3.5699522888444832,-0.5361160289587974,-1.2255882876905693,1.569874031623913,-1.4296517696401474,1.745222913627494,0.4451664643208919,2.1990232262745426,-2.7051522268972006,-0.7861111560237009,-2.033390372352101,-1.2700699549616603,3.238930314316182,1.330256042393374,-2.645228737961606,0.4637664499432856,2.3928548215386485,0.22015875205741342,-1.9311812184858788,1.72620222400433,-0.45972271479827875,0.6700417570072963,-1.1313116414264872,0.18017653250472784,-1.0116168805927985,1.1334410674406035,-3.112159888078748,-0.03924470673433739,-1.1445212763023076,-2.98039078811164,1.813670042929747,0.188160170816647,0.08344047332811844,0.7075275079468853,2.2838782033694462,-0.08037080231305704,0.942301703432266,-0.3121589457051998,-0.8564282750394967,-1.4304902006704898,-0.5216901085877746,0.07324648459970584,-0.6771569063239242,0.736971144511372,0.004035384358251515,2.5843494234241806,1.661942846582406,-3.7547272153910827,2.0770531618406425,-0.588529502238057,0.5114999386479862,2.1759526034439,1.169264522413024,-1.1723783695337961,0.25135290325315146,-0.4279070277579038,-0.966518951268448,-0.9838409625680845,-1.562146591600617,-2.265301177493973,0.26978379714219447,0.7718153049866434,-1.3629977518147407,2.4064395574527664,-2.10753192008486,0.3689834352841398,1.1898165552076831,0.5674437778201515,0.440004028302913,0.35147807083381355,0.03662542701496019,1.9140518836443117,2.619357513539141,-2.0489396728718434,-0.23458714618511406,2.509940862240371,2.2012733179157493,2.1786980603926227,2.4601770490789323,-0.8307669873104029,0.7145402938729345,-0.5073289432162434,1.1287439552437588,0.8027923269502282,-0.7051270537768232,1.3155503712243495,-0.7880644960891796,1.2031895011916256,-2.0243541137526906,-1.2629464301304383,0.869506806073358,1.9734326643655644,0.7888348450726865,-0.7609716782702005,-0.18844435094070253,-0.9474258036705319,-0.6507740328832308,-2.6111864421412254,0.7137274121680108,0.2099980900805404,1.8035626188656904,-0.2628960795916159,0.9381554762191004,-1.6058864318523396,-1.4219233299808356,-0.19242868839026078,-0.991093355760371,-1.6397504275963355,1.7025731023470785,-0.6000111477953207,-0.8711031295459681,-5.215373197199659,0.5471337434343215,-1.2817744902750614,-0.728120925190584,0.589638628321308,1.1045481016672338,0.41748603818395624,0.031002403318260985,-0.8935723580665528,-0.41398423942770113,0.6289962274818723,-0.20171121140724468,-0.9911661500810238,0.05508829728945208,2.5269743990039943,0.4696428719813651,1.5401400877222862,-0.008009028105887578,-1.2085859965038703,0.24509962633282212,-0.0831299407037765,1.099921770573735,-2.5090812362304074,-0.6857111650131394,0.7865197063390318,0.7006769106155211,1.489135800667658,4.0451191652363025,-1.529558758856807,3.1202383981343687,0.3057774494146808,1.3872115464151729,-1.151340372630911,1.2794271038460014,0.5092923520942646,-3.225004144319995,1.1733206824129543,-2.828543339345547,1.4596639805581162,-0.4413929589511828,2.2175426051319205,0.2412227628004341,-1.5145562194400015,0.9095325978132823,1.903858345838604,-1.5490366658787327,0.5674533049327862,0.03211365506288372,0.42758734199809234,-0.1528627108104369,-2.3442561962700164,-0.946896190733886,1.568125830808937,-2.1142028447502748,0.9858135415349591,-0.2662571471600051,0.866720300912893,-2.110148441477474,0.3887557741355,-1.3045726174687224,-0.13682457603805376,-0.7882365035017366,-1.035117906799995,-1.5492581924244515,1.0457730609186424,-0.3166251041636456,-0.9855845846778527,0.22061068448167895,-2.0182164039153583,1.0161017721765195,2.3758278066185747,1.8451877411844666,-0.49384237175738666,3.1406999802296176,2.6657621393475837,-0.5206959602684238,1.0027446385902423,1.3953078357906121,1.8251920319808097,-0.5986026274663486,-0.2248584765506072,-1.229749524922238,-0.7320490324649024,-3.311930619611039,-1.5770301363113157,-0.2547285780164581,4.668546302094451,-0.13852897218461305,1.6112757757097738,-0.08219606930330081,-1.6636406996457045,-2.1730967360117215,-2.7594208611079885,-2.2102422299280136,0.7764445538123896,-4.111348001491131,0.05326658241312887,-3.9652724483684296,1.8282511087743722,-0.18523387636914432,-0.9483656486494079,-0.7103043049039479,-2.506477934322417,-0.45409529126472026,0.4290985906919801,-1.6302675195199163,-0.7489556882670183,-1.13123347141265,-2.8172691950403355,1.6228872209616663,-1.801790707763974,-1.2590233536521773,-2.6475032357935864,3.735101279219605,0.958350684512573,0.4568525738387871,0.7309068390778292,1.1216002772517635,0.49749477650313045,0.443718575619128,-0.9000026332948858,0.643084169648021,-2.065747316602294,0.10244539397865002,-4.803523264114691,-0.9183121832085595,3.870357475556066,1.7660632937386636,0.48086731610602723,-0.6216976923314634,0.09052138042437002,1.9645861998480354,0.2329204336614546,-1.8312351797954847,-0.2505038804379609,1.1438478379361936,-0.803920671754932,-1.5745211509177284,-2.396761615350651,-0.5677506018961446,0.32861877404579476,0.6212088432494933,0.842360408170055,-1.2808923535818095,2.094499062286941,-0.19619919042116135,-1.4467620303021334,1.3647453605224311,0.535097498669361,-0.12682191963459183,-2.0196014102463606,-2.4749369920040376,-0.8607536517678922,-0.2924457372206262,1.850880064356168,-1.9597967139776902,1.49942385828593,0.19184674608716418,0.6356001363061007,-3.860511990406862,0.6654569707325393,-1.7536927433580745,-1.8665642461513983,0.5568599049738182,0.051454056411374016,3.6442714655225683,-0.6761104335151308,-1.927788692386651,-0.16173632780701727,-1.2447939541919515,-2.7135431586979544,-0.8193442034145417,-0.28583609875824734,-2.32782658760673,2.365099661991867,-0.2601002587709488,1.3862658679450137,-2.052536593356859,-0.7021325292475766,-3.52487247717768,-0.05196761267176642,-0.771946683655955,-0.0738358558164217,1.8716927870131461,-2.1755521233135275,1.620040176161097,-1.5561587809113,-1.7588431846604455,0.406201951524816,-1.1054317749441236,-1.0548038753651576,0.8907219502852529,-0.5877582171942808,0.029159576984940705,0.052884321143851,0.29765488207918644,0.91671210707297,-1.5642225205102747,-0.029522169117876973,2.453026435539298,-2.114531835764083,-0.8791891249526991,-1.5665934359898859,2.357321634691833,1.8760948990246469,1.555557628448479,0.39007747542396876,-0.5359383783952345,1.2202127640867129,-0.27925194701261014,-0.09947268589527714,0.2763282131126165,1.7390388735625955,-0.4461604785499078,0.28086734184462825,0.08104627703276243,-0.20417676233652868,0.5847287827750676,-0.3346984862850295,-2.4355475433351117,-0.3864851636418769,-0.4691800401763696,-0.7160556625713682,2.1367245970091817,3.8379997652809887,0.4445471080063583,1.3634159088339501,0.5429342741899926,-1.082458745803923,0.7714009873044616,0.7006895874781105,-1.3393198913129107,0.8293044725170732,-0.8024907342742389,2.0928816442596196,-0.7922759373031315,2.082265179503417,0.5431960731054911,0.8874047248701521,-1.0735167466501423,-0.752248956995092,1.5052224477310068,-0.37268683339858016,-1.9901359075866791,-0.9288897930795809,0.7673415276393577,-1.385499744996141,1.139725110372964,-0.39476952388948144,-0.6950966293205499,-1.6412461964807208,-1.4290795014564928,0.9928808597081361,0.15343641855549905,-1.4954597629012345,0.023321639582621567,3.0515770280371055,0.9788608787970072,-0.4620583602253737,-0.26341444040746165,-2.520044806327681,-1.3747879966284589,1.762056967286586,1.8926004620864159,-0.9273028530937069,0.5812598820357032,-3.772918620795612,2.527705730379936,-0.177479603788594,-0.5005715127494783,1.4615326027362932,1.2967771976379483,0.17565419970881319,-0.33096146367392404,0.4710031737164473,2.360059971176757,1.407770041143663,3.0126755938976952,0.6618052800557948,-1.8633560481252687,-0.981206399980165,-0.7504802370848638,2.687258995948764,1.4111977697569515,-0.2909205370619702,-0.5769110908713068,-2.873214769120996,-2.2701273131892066,-3.594987045711574,0.21818495022685835,1.8018345633156339,-1.346369890549795,-1.1301832200747186,1.0483122727219385,2.606348054428194,0.06485333105416802,-0.7445819586676508,0.06880193619938751,1.2827149345394466,-2.739355216566855,-0.1119070943238818,1.4508746943151238,-2.3653082270307935,4.151838991219719,1.8872798439233047,-0.44467211351843805,-1.4766779724804981,3.4292091724203226,0.09540821238673694,1.8234089780793095,-0.5609958454790613,-0.5911536849954686,-0.8233596592080197,-1.4056457727656397,0.12421888193456021,0.6874942327068532,0.24232519169127498,0.36745588106645155,-0.9927312036752074,-0.36092719427238984,1.0118314927115082,-3.242155144480845,1.5570854304526978,1.0998820833932847,-2.166559257602952,-1.6695971149411166,-0.8032326880289109,-0.06799090631223204,0.15565742869958415,-0.6200538277325393,2.887243268338396,-0.40331306894692776,2.488550151685324,-0.2923815552217439,0.18723605407986937,-1.219160953679519,1.3216835204396382,1.4313802945038148,-0.5929503477088958,1.0525912314445252,0.852891875983173,1.4370361592442402,0.44670352201941266,-0.07494420320253636,1.7719534852456154,0.9859024980719079,-1.973486319254228,0.8483196732435181,1.6865054272373503,-0.10003826596452925,0.04055209448685688,0.5640612036770998,-0.9577752424926629,0.6236084838544697,0.8252958326584285,-1.2662071833045778,-2.4466309535558377,-1.736369286260924,0.45324735289432655,-2.7850268111965395,1.0777413911116842,-1.6515885569468067,2.0534817965164223,2.1021473520413294,-0.32529630027363665,0.3734271911772055,-1.559329163019701,0.6433980295731576,2.3539381337682475,-0.7259324152965714,0.13616772608269573,-0.003212580063344045,0.725419839147875,-1.602906100795678,-1.9968016031718436,-1.3799057697010833,1.365050136708695,0.0844174210983129,0.2028167402312181,-0.041831509966123843,1.257780692423729,0.13984463028431685,-1.4574340200805416,-0.8927922869823762,-0.9908998576527197,0.1761648625035414,0.10859020401720179,1.9291348609552834,1.4094734840809764,0.36330645229431235,1.9966729650458606,0.5539124654929103,2.7142264871570534,0.8653144768955732,-1.6807025442663417,-1.7146532406246213,1.3836943346235127,1.3203377451832043,-2.5938777144962297,0.8803651798033825,-1.1545959691758723,1.072531436424704,-0.448956901631574,-0.9914014115708973,-2.6422057511691497,-1.2535820519142993,2.9829750314261303,-0.2632357578503326,1.4226365937627858,-1.195090407725728,0.4374188965953676,-1.6406633477131956,0.40093325475785235,-0.4684902024695774,0.40373921770934684,3.340417606586262,-0.2977577692346246,0.605910746986514,-0.9161129804682343,-0.4134710360984855,3.3634372456845156,-0.32007794019723534,2.122305552184111,-1.2278602864180221,-0.7319043593451271,0.7660137916341424,2.714290569365277,-1.7464669306957263,-0.9171322710767034,0.9059140263030928,-0.1036889765859847,-1.079938106766393,-0.6710064606605737,0.6258483251188002,-1.745413545643005,0.8800517498454166,1.592278179088139,0.7775203455405798,1.2824218095990916,0.9441262811673332,0.65301511800885,-0.13731065210473348,-2.1837447496184237,1.339744423230894,1.6649084406767036,1.1016940383084446,-1.3548452300933085,-1.9586161818595733,-0.539785379574724,-0.2916634980756324,2.193320475359103,1.9945139550212758,1.2264435729471954,2.726103624861217,-0.6141440379884922,0.01078309399555772,1.407452982121273,0.6363015034391926,1.309558123888135,0.13201501174568864,0.5875164242161931,0.5052153095394152,-1.0367104673913559,2.1941805781132437,-1.4394168482957461,1.5922118208283589,0.7751846667639255,0.5802105520511395,-1.1559314835518921,1.168310139543867,0.4672109583873484,1.6593958758049425,1.236598032961977,-0.6663693189490547,2.2452794997658305,1.7500289930061506,0.9045289760186757,-0.048263595982336815,-0.35470532694706275,1.3248923806354982,-1.4338662427410918,-0.9044149695153645,0.2707742538847722,-1.2712213065372666,-0.8756663931951346,-3.447434760180952,-1.2660156659404076,0.0021075230923298938,-1.1187652073508862,0.6340572028606898,-1.201803892443359,-0.3520190543609321,-2.275086209035845,0.28912394055982266,-0.21712339042120793,-1.7076527054794508,0.1237484242444485,0.1925578423381628,-1.014365641239608,-0.1776149715971489,3.6882627053553145,0.5677671155545922,-0.8717582763716621,-0.3687175003063611,-0.12585242742986605,-1.402806767790754,2.166647092754849,2.771249244227237,-0.7256851267565557,-1.091238614238549,-0.3088057449043634,1.3901357138936739,-0.2361458822246165,0.7004003208262348,-1.8038473483678836,0.3081275522306971,1.5634412845371786,-2.686716354993158,0.01724679415125774,0.9833493013058756,-0.17230118638815603,1.4548048403713993,2.590073685341934,0.050112071396319124,-1.030598380119565,-1.5553305590338506,-2.4382877501680844,0.4234462683797335,1.6268910846739788,0.37663246737489264,-0.6339500940117926,0.6309853994348846,0.2649956466240595,2.335081061913935,-1.7217578477832929,-0.41262091646332844,1.4895219170924758,1.0961845330594815,0.5669766413142785,2.034216964078936,0.13921108823505618,0.9844026727658068,1.8887996317605027,-0.1835922888727507,-0.3982537993829054,1.2776078509604698,0.3435654486248822,-0.6484564585827141,2.066489758023825,-0.32758180490530775,-0.9694649209972317,2.711147341731105,-2.0747644881898957,1.247996582313358,-1.7436985461580128,-1.0351679002862448,0.8773909835557845,2.34764758522278,-1.1344900937125362,-2.561458893430472,2.5734192243611087,1.848187624829928,-0.911288718579692,-2.4123508165076037,0.007101700078306808,-0.9632947914996929,2.6774169662950316,0.5379244597444284,0.07790168822221807,1.0020628855367637,2.9825290822854305,-0.9076106101536423,1.935054865124638,0.8824919383084145,-0.5567891372647948,-0.5593338073960523,-1.6492860299571983,1.2348410594454737,-1.5320355968993147,0.429161063295053,-0.3812332877297634,-0.9411925283650459,-0.22599292862181422,-0.07877091276630427,2.8298040310635098,-0.3553576605442119,-4.9262419584176556,1.0192059113857086,0.8949290528078602,-1.1571828662169872,2.5065614393099147,-1.2902592353041304,-0.48297879089855783,-3.004251301686023,3.1278951508570265,-0.8176195954725277,0.03908341083501227,2.099313879399422,-1.8211888187565526,-0.6148658981051616,-0.7062859897264167,0.9100509443623421,3.142680135912938,0.009351938937011917,-0.6050914591383811,-2.3455508199163737,0.5801863810457575,-0.797564676140837,2.147559873159662,-0.5941651329653663,1.7905441947425218,1.9116572254013753,-0.22052528423164308,1.3964159988453007,-0.02143022258271121,0.9703531382949833,0.7492559307087759,0.5519127984379915,2.0816198888496804,0.5951771021477485,2.652622261221589,0.20960167848163935,-1.1648724649719902,0.7948457492179044,1.1533823956603177,1.0545267837457133,-1.596655805653728,0.7262793011093562,-0.8563117085701811,-1.5159989694599953,-1.284727187276704,-1.6577166392083902,2.3926315134852416,2.769263673980791,-0.4364367866528094,-1.8849110549282737,-2.024978045758098,-1.6218056411230664,-1.85712959394469,0.8135025604685667,-0.23776429608464345,1.7346428380696075,2.2374096888781,-1.0408841695465163,-2.5829346397595208,-2.3801086482266993,-0.06239029293569642,-1.7744408530214575,0.5212529820508696,1.2848741159688077,0.393528589801713,0.5175228797616102,0.9153811577915234,0.43355316077011247,-0.8472064800397531,1.0047945465044874,-0.6423855026189889,0.49238421636460433,-1.2564247068730123,0.675080392027198,-0.925911275473124,0.8865904225018539,-3.041742553243191,1.6342255801594627,0.2381920841999875,2.8922603352956835,-2.4495224544103613,1.4557283185762344,-0.29040380062502436,-2.0204940577021704,-0.31980554848589304,0.7777224569561763,0.39968538914604657,-0.7570587044669119,-0.22581647402479504,-1.0013266535649785,2.51353658992698,2.626662764464508,1.8293700990679596,-1.1038156545167088,-1.135607281795472,2.494731003863108,-2.5364907361457365,-1.6822101263100548,-0.37888327759716073,0.196255143835536,0.48111605443952776,-1.941126369369749,0.9719826263676221,-0.9890180826695707,-1.5474449588702337,1.1775914847983238,0.947507762742342,2.6468944483110866,-1.0221458068199056,1.226124048035877,-0.062919816432019,-1.2842319451704827,-1.053758024962471,0.2785799829263127,0.9853237991215226,2.845131709549393,2.211283984331907,-1.9535525466831574,1.1092869592575854,0.17814174932387247,0.4642691857085618,-1.4342388911444637,0.7630130257872159,2.6866111512410296,0.5796503656895314,2.414636266948335,0.62694466331263,1.1896279263762972,-3.8701684403383454,1.4079885471096438,-0.3052556632714163,-2.1205871427267384,0.14818894169790803,-2.5791605859086526,1.8769347795241693,-0.5809111820530442,-0.026558232326176198,2.349811703697612,0.39810979961529824,0.8815074144476835,0.013082065628379907,0.6609204871892691,-1.9890691184050175,-1.184441121855195,-0.11604397755175877,1.0702917630605406,-0.055064401781418026,-1.7241599929688705,-0.526860474050136,-0.35745923373930055,1.108682411031964,0.5906991277278886,1.9285534839288767,0.9771688675613156,-0.07344914355935661,0.48544417965560716,0.013071136729871258,0.2595586924540165,0.9138433676578033,1.510906099229929,0.4963227265772378,1.4429971339048413,0.3891105706992748,-0.6129773649707219,-1.6363976880124054,0.1534198062854334,-0.9056203075511614,-0.2849586548437923,-2.95621563868022,4.963647418552128,-0.12423012976024207,1.3839604192889692,-1.5969228051833275,-0.49325194357855273,0.4678232710589315,-1.4675432510549364,0.7281373619062981,-0.931376086323823,-0.8331222247667295,0.6833689456071769,-0.42086357051459794,-2.0205824872136353,-1.280050184857341,2.563508939919396,-0.7069370270556856,-0.03890703223665937,0.8739811392855823,1.548151320151021,1.437759364442155,1.4262277365152034,0.06909635678689006,0.5360769521112855,-2.2047092418414858,0.46835756384950417,-3.1369193191914286,-0.20809857760900868,-1.1298889289452818,-0.9817998024939972,-3.9396819787365667,0.2815910920876294,-0.9644073287174546,-0.8608751233618817,2.349490035642497,-0.13457104601130077,-2.0166593279162885,0.7383045737273948,1.202359483984948,2.527927406978585,2.325962325957839,-1.4084066586791102,-0.822440196499983,0.15309806960054106,-1.3422758716722938,-2.778667398710668,-2.0413153968552953,1.0475844444626465,-0.5099243899382191,-1.5342448227034051,-4.278480220095217;-2.4245392764631553,-4.699448100388432,0.5312352920019644,3.153452384974731,-2.4124786481515454,1.3777515689788178,1.7349461889386375,0.19188805977600198,-1.6339077109812696,1.419575529284641,0.5938371314134052,-1.4113673980995152,-0.9770020774825885,0.13922727220678,1.0391133324682411,0.8615190354542481;0.010029366919409671,0.560678028660882,0.40630746677793855,-1.6489578479227514,-1.2225120702137566,-2.402672546321845,-2.2070068373893306,0.3412909511929617,-0.10524533662280655,1.810355790086001,0.15391225210369008,2.1126932154708804,1.2612604828247307,2.0941463453464606,1.8850449411303603,-2.0277015348303564,-1.8246534568223467,1.8891652747631675,-0.36617563406040243,-0.20744441095797023,-0.3444855881396157,-0.6831167317099934,-1.2848664888572956,-1.6089110506154018,-2.8928788665582994,3.480026516523012,-1.5447451351698727,1.8056635428193204,0.2659515606192457,0.22930865200067996,-0.06247251118686048,1.6896487405336986,1.4483785807635352,0.14747407342761865,-0.12191907968190674,0.7592293934419025,2.790754421832701,1.6435637873775897,1.1905858275428085,-1.3866641791362795,-0.08797649562096499,3.9270870743768507,0.26547258510547705,-1.2958547641422213,-0.7799846254061482,2.295514384299361,-2.2223903750009817,1.6878057337671,-1.783563625438442,1.4363730034265765,-1.0881598737378175,1.212708122745089,-3.002322772520518,1.89926585397541,1.2885753939247389,2.4483973776113217,-0.4374107178133625,-0.9780590717964095,-0.6354246978474342,-1.8657362123572128,2.1088089539472845,3.1507379598828416,0.16407027966458004,-0.48069771965545355,1.1059250372514633,2.1015644260466884,-2.349265082906865,1.4349587502608883,3.2289646483789265,-0.8855124299606338,-0.5730640770185467,1.9579820164420285,0.01582488014405803,-0.9494434935448433,-0.5582132404681421,-1.8215062088014156,-2.2697241083942585,-0.24610010201955193,-1.1786468909585586,-0.8925345026636821,1.584461084725782,-3.068124741196579,1.0798269279289674,2.7037809000528297,-1.5963042065522268,-0.15018141555075526,0.18157660371156092,-1.1559545550284753,0.2600519811708313,-1.4458035891157626,-1.339834064182949,-0.6394373230136056,0.016698137540616664,0.29658087706721337,0.33265918107948145,-0.08757532408443972,1.2411992229435305,-1.2592631117270414,-0.019004225797367713,0.5590456788068643,-0.8115174641878968,3.1094984766111606,0.9287025693718967,1.007531430901325,-1.1779746746488717,-1.037789568349306,1.1187676598519558,1.7561537739256465,3.2476389881195624,-0.07636324257463323,0.9032657407431964,0.28016390886731046,0.08758274778710057,0.8530471390757084,0.09304401427470443,3.1378408393607327,-0.45553835063472126,-0.9543065636061178,-2.995420506560355,1.1346180970560151,-0.8961768733027334,-0.09729810077680293,1.5469564720948124,2.091900658450083,0.5273383967253312,0.33855959277779946,0.8836586085190865,-0.38491432197191694,-0.7102888207789864,-2.030581216112515,-0.16949965696288938,0.08520540789229342,-1.0264086519257787,2.007733678473238,0.904357045487604,-0.6534593919884568,2.067235667324525,-1.1547327507449623,0.3507684473374143,-1.3940910893582632,2.6353797476009686,0.9337788293403654,-1.346377356903853,1.5178950433024523,1.3332279169498369,-1.7859319887308964,-1.6136734048797594,-2.289020924611529,-2.2720643057663232,-0.7998114891858004,-1.3910306079528312,-0.48777705405662297,-0.5124590679981911,0.24527057659153306,0.24866899520163865,-0.0629435364550569,-1.1873967440966156,-2.5135248917926107,-2.2061695911271353,0.5421365104947276;1.0952968495682365,0.9794071102264542,2.4030381950109367,0.46679141774084565,1.6672601432468732,2.069188017505747,-1.0704898545698849,0.28785742897352695,0.672139137226743,-1.371291619645879"
10,2.4446811405922597,"0.012993571867898679,-0.3425878628818516,1.4708516216588123,0.19916773619310119,-2.7495031649527295,0.41296545101897075,3.050088185164041,2.115541712340283,-2.6965037555271776,0.739043617569046,-1.623029102748752,-0.5351978329725413,-1.1448817267987645,-1.566665780812245,-2.4860897615032855,-0.06408694504246554,-0.8741625964455434,1.9210381129556144,-0.8238962488631016,-0.9636926996133259,1.4644178372120973,-0.87568355503516,-0.8684043505381122,-1.1166532150692374,1.0413542550059824,-0.6157858434152264,-1.804056390208057,-1.2838696722088616,-1.020864932263991,1.146161226824154,-1.568106600685136,2.453984163929172,-2.205397076167724,-0.6758729461109632,0.8483204740998624,-1.4656923356647154,0.6030505817201289,-2.655971194302207,-0.7639910293639106,-0.36039399612651973,2.1041266390970037,-0.5869836862265927,1.863617757596281,0.04099124878699728,-0.7229605431783505,0.7037045616781821,0.1891650758192296,1.1399234419227007,0.05438885600552648,-0.4122789569822622,3.0660436828691155,-2.870429162305208,-2.835264909444578,1.8864702394621378,1.4724582229216467,1.543323972422234,-0.995371697832277,1.3018645992567837,2.336758746596538,-1.1411692387349148,0.585844460290269,1.6356695591479915,-0.9844624587941431,-0.4877723266870213,-1.19417525207313,-0.14188309708247288,-1.3182478990735564,0.263372622856066,0.5982174395699682,0.04297511035584911,-0.555676087107916,2.779505403375074,-1.2442685801894984,2.082957385991927,-0.8600418830322083,-0.1863903059898894,0.002167787455560566,-1.8590994520106965,-0.8551868686186643,-2.146397368381841,0.5463303064475772,0.7969687930822458,4.692208416627199,1.2623237210832654,-0.9221645439443128,0.4092044680252195,1.3868831002956168,1.5280679595802942,-0.34269018655137284,1.5926064676382707,-0.3668088147292762,-0.8815035286473115,-0.6004957428563182,0.41890933008818176,0.2951409610064368,-3.1497538448608036,0.18173410980353874,-0.8391590140714636,-1.1085482012782522,0.00930971766888299,0.16968714493768655,-0.5575603897294175,0.6622314512258686,-1.1301917468149947,-0.40275170669463245,1.6092248628464483,1.5312230860374585,-0.736286967378416,-1.1904167033652382,0.8913255498810229,-0.5700269728798573,-0.1608455913525371,-1.83782333619797,1.523598791164658,0.27831120331081494,0.7992787283137851,-0.5861594021036778,-3.0171171344748795,-0.2385378893003568,-0.5705819823489962,0.8340304558757434,-1.779023781942845,0.4326991982062566,0.06582025833268657,1.539488407158267,1.4621965312750869,0.41339389909967594,-0.8205632665295555,1.0211602850611992,-0.7292597926715136,-0.4909356575929483,-0.12134832963780989,-1.7362328092647668,1.5859994529403498,-2.747137308232527,1.9939449616305267,-0.42226315270916354,-0.5287234472394859,-0.7042292509703151,-1.7963287675320232,-0.7366034053516752,2.8847253020423347,-2.2618086659251646,0.7973370625282856,1.5233505145738988,1.212821197238658,-1.3209743814208061,-1.6760404722202906,0.050798256705719635,-0.25026634404928566,0.07011398311215067,-0.2621269867112375,-3.6044490503046296,-0.3515067381351523,-0.585955439883728,-1.6100512807635499,-0.41793828213092876,2.0471982995645175,-1.1014318773396805,0.7141804646324859,-0.5971318296297885,1.4586169257018817,2.208268498453854,-1.2233438766184053,0.36404425879864294,0.3795802418981156,2.4873391958705717,1.686454859139797,0.21134785342471327,-2.8685908629166517,-1.84849992996129,-1.8286534112177086,-0.04630297858050891,0.4340179433047603,-1.5665478703913993,1.1706648150940104,-2.116934139137971,0.45538583186764825,-1.090260909305393,1.632939955684402,-0.5118282535467126,-1.9640720836104213,-0.570489136881101,0.36706960494420304,0.6328770302748301,1.9544201687367462,1.4989955711608796,1.4302124304668946,0.5566874856655415,-2.1337673384951374,0.48387261916675683,2.7296139311323033,0.4696941209422897,-1.9507323143712463,1.7627786309490618,0.47820795143875816,-2.478050187248849,-2.5953474492592203,0.5628171697481987,-1.768111951378931,1.536300949814513,0.9374586440911482,3.3056683880847637,-0.3761112595847653,-1.2016040597820712,-1.5114100016163077,-0.8820621650453091,1.0622076477744242,-0.030627287847296625,4.70439045013747,0.7568451983570763,2.7450509353502204,2.2606750521286965,0.213777961051562,-0.6689685653533403,-0.537194672378468,-0.8668705768732514,1.6903839962933096,1.5959782055507845,-0.09269343238164907,2.1404329681377794,-0.6648290215571153,-0.42141218891324284,-1.6030089049239897,-1.5406908169519506,0.049173544354396345,1.2785427860797345,-1.355012479948837,-1.6128995133221213,2.846796514596022,0.8549768597193323,2.143294662689056,-0.42082559847429424,0.06601531345375297,3.0469083724813695,2.0139795083757126,-3.5186025136040153,-0.4414539583638796,-1.0375341113585448,2.7539060431317304,-0.8975751229432063,1.1975842231125033,0.4018322288622421,2.082853494542068,-3.2227849404495696,-0.6422724124332984,-1.5331969498624667,-1.6778126317848328,2.1978154512589843,0.7735919094747546,-2.2996134893847224,0.5693364053197808,1.940647974034028,1.06785327525494,-1.1011220587408843,2.314441753744884,1.1162362566389363,0.48923455946912275,-0.8743510881881289,-0.560332895014619,-0.513583562472756,0.2960647905890531,-2.221610597295353,0.7123709303320948,-0.9204487469085261,-2.6837981139843996,2.8095100612172286,0.4923384758261804,-0.3464346709043446,0.7346136320723755,2.277592726398241,-0.5984268156119813,0.7568600043076935,-0.4007198631943379,-1.5917006514325562,-1.4603707049722103,-0.7948013833162499,-0.050704205321013884,-0.46874294228704866,0.5417913268179932,-0.7661086571214123,1.1445333087605825,1.2412217876679383,-3.7684694293636882,1.624342933252679,-0.10534628373756327,0.7269148722376286,1.1281487614943826,1.2980313689496343,-0.6790925742392228,-0.5328190503234083,0.238719728466146,-1.4493477703996207,-1.7844017311503362,-1.746184322171617,-1.867730382818647,0.7676853425522894,0.5637278149045971,-1.0151659302121747,1.7889564893197163,-2.16652276948935,0.1507452725806947,0.5384963490479392,0.6661528797241538,0.1699526430242642,0.9839626891854848,0.07698776346722369,0.7336330304045456,2.2050369779907113,-2.1032615011161355,-0.12496047601376187,2.3107736651245014,1.8046343875867235,2.849208792339696,2.588083027162238,-0.7700595106846743,1.2042227708047435,-0.9141204322652294,1.1963907315784357,2.314543104054202,-0.48980774047769887,1.146176957491917,-1.0078989891046326,1.5598351163742317,-1.6982669180850076,-1.917060389794358,1.7093013277819324,2.075783348473431,1.0665498937893325,-0.5170322421492791,-0.26563161552596615,-0.3982007835283543,-1.5271274872451994,-1.5825615450545631,0.39620546406543933,-0.1045875513036893,2.252429296753662,-0.647891936900048,0.22673493751630985,-0.7897239155212764,-2.67552169540929,-0.3453181637916804,-0.43637396296189324,-0.369857806240608,0.5458025292512131,-0.7773857014701656,-0.28209662234705335,-4.670811391060415,-0.0831125445061956,-1.5998822120604632,-0.9517229603154744,1.1748946539349725,1.0836569272237995,-0.04024440004454266,0.6952287490899265,-1.0115163928199207,-0.5855524655314425,0.9771493055495393,0.34517001577186934,0.088691506218888,0.4713288353566029,2.576798847581375,1.0831204847121347,1.6296424294693592,0.5913071723897916,-0.7001266884234246,0.3158040745668509,-0.7732936464929747,1.2315331626357469,-2.700557784393559,-0.5553028147110259,0.3822089535472828,1.6918123877000613,0.8844383531176351,3.227554207068527,-0.9293793327488324,3.9355783418052432,0.40682069310843333,0.7661359264085243,-0.8865907640136964,0.7155983355504282,0.47573633635739637,-2.2592295754442184,0.06899276861829762,-2.2008937139301827,0.5734859768695287,-0.2366190430084838,1.8892546981744607,0.20275442971517488,-0.8222458482877695,0.02022328897926695,0.9605813028463166,-1.82315096052075,0.5991464297736573,0.7129928556608125,0.6263222815405627,0.6265193143060536,-2.2277787856691122,-0.42749665431985895,1.3283751783267714,-1.3567434191824217,0.4966702129651969,-0.6978661860182579,-0.16216114569312323,-1.5779707470032676,0.09985589079789278,-2.185300065777894,0.21446048068590476,-0.5713637078782197,-0.7386949254515196,-0.8663687478155299,0.3524760219541266,0.35583817860483913,-0.02312462630524173,1.1555517217817965,-1.9973467556449147,1.6042530630231784,1.7206206314731807,2.265301101170286,-0.20150320542837663,2.9738783853581463,2.246438570326344,0.07817754058723124,1.1712128045359327,1.0096075130696136,1.6960271629522445,-2.0020875018811135,1.3866448962959113,-1.1753746311084237,0.6648275549641762,-3.3521821960055336,-1.8688704801062799,-0.5171922242633044,4.480702773410556,-0.5062425235322935,1.4760800343054958,0.9560004032876087,-1.7946212523541145,-1.9753432994282774,-2.2747885166807382,-2.3496902466312046,-0.46231090328499086,-3.8254338824189493,0.6424876801330824,-4.539787488120368,1.3154845836787539,-0.18776754785924177,-0.8956054743579536,-0.04742934131874549,-2.6021029002820253,0.7881691852274092,-0.34024197018474067,-1.9439638639892451,-0.12159878952093595,-0.2864083318307893,-2.96612704471704,0.8594756665929074,-1.505767943336675,-0.9538327190233379,-2.0747883022328155,3.1099051801853648,1.7840440931712827,1.2010775729079728,-0.12990632474051564,0.9995496085138615,-0.28352538436923447,0.36034358719902526,-1.034515391048113,0.21722088678685625,-1.6370834635027283,0.8256451759066198,-5.675716057827772,-1.455893578663416,4.701043981651049,2.1039253584357223,0.9558516555836971,-0.47100740471491437,0.8694474000781354,2.550853637386668,0.10735467158851494,-1.7031117792352286,-1.0320732367081322,-0.7016957745938344,-0.8345900990674406,-1.0129187990239465,-2.0886411535216105,-0.49322393731522973,0.4725699969058025,0.6961833462182616,1.3503515100557972,-0.8969864681161518,1.2461294006197128,-0.6940367114391662,-1.7065486427665157,1.6221047549060479,0.7128099454603375,-0.6118375318845501,-2.0650673339371957,-2.5727292561306365,-0.5693263816061919,-0.9387198077474443,1.7012537506514176,-2.0925110429212257,1.97376839485323,0.720761623765907,0.7258579477324945,-2.737936032696674,0.35595947642701076,-2.189732280894552,-0.7035964348703595,0.07749177542354518,0.8011025581061149,3.3802432862559897,-1.3717768489972406,-2.0617213948345032,0.2356007778526185,-1.8393765623038316,-3.7747665923913667,-0.2083707462128188,-0.16337245254780156,-2.8677793360149346,2.9016828820940765,0.24911996810317738,1.1340987696945668,-1.4410089494670861,-0.6497394587794456,-4.094351072466695,0.10176284323534612,-1.0212224333084619,-0.32690670618997525,1.4118974155365094,-2.4984092095214034,2.595038085562908,-1.8801491765818121,-1.7052304880066362,-0.25695346581543876,-1.4018669270946413,-1.3479630944865864,0.7203378359917667,0.8141783837718495,0.43797712232369,-0.07231573131775182,-0.9087221512840763,0.9345119991649693,-1.705837204952879,-0.6471109053628092,2.1564016349614517,-1.5801643021017184,-1.3988536732762187,-0.61944896403788,1.7333913840171418,2.719088432727703,1.727863361687795,0.6290142989691685,0.37824789263807657,0.9995928644415512,-0.0346790360797631,-0.013134375781479357,0.2046475057973559,2.4771770156436355,-0.6174812665575805,0.26868371822065046,0.5646210093499846,-0.48665567454877845,0.06649291790333944,-0.7551258112327479,-1.917061026330595,-0.9539301047637487,-0.35951026307430034,-0.6315666630853807,2.0424835816701674,3.2193421040493235,0.8299931623117193,0.010236166924697754,0.3372245916332421,-0.46310340331562144,0.291178408404941,0.40550545010894345,-1.2492904437725727,0.8416421281773556,-0.27753007341389035,2.068651167070951,-0.4193726898637583,2.413782929366139,-0.23834031775764025,-0.004640741951476457,-1.5578594585074879,-1.7978090509973934,0.9775005748276685,-0.3924012038792508,-2.275865389011658,-0.7011431152012295,0.597766303650335,-0.7974358977264261,1.6294279196833357,0.9805077073625961,-0.4588482590322485,-1.8940855163844104,-1.5425523901995948,0.7961167284372951,0.7036183637459766,-1.3955448756121482,-0.2812451949021326,2.100189975265577,0.8708449321263808,0.6960815668260241,-2.133443577017375,-2.762204281582462,-2.4153315007900202,1.8842264039389724,1.6258613615947037,-1.845084512162031,0.06293722318226802,-3.2458528265352866,2.3876775196983675,0.015014122528150042,-0.4470994900047618,1.834409044573737,0.5657260256224997,0.9717558976110274,-0.44368945391580106,0.6199861822782701,2.466531544212127,1.6221382682886454,1.6668362070279814,0.9496110414170826,-1.9393989428845089,-0.7072939106471201,-0.12234199363962875,2.784061059616991,0.9024434312171669,0.6044661273025532,-0.24814476320886875,-2.6425691819434673,-2.7112157490625397,-2.804691871542739,0.47588610951937627,1.3926072615284035,-1.1984554905654803,-1.5337401150940608,0.8505181891941442,2.307743740763435,-0.09953627209073457,0.024691162000224032,-0.3276606171009934,2.1602342119636333,-2.964175948164117,-0.3447647971472846,0.5853097120801892,-1.6799623176538336,3.3003770177318974,1.0818246955001223,-0.8057319821972153,-2.2433295260203585,2.589495323325561,-0.07346351469696023,2.662391546356497,0.23159025248540335,-1.910173779454144,-0.40645675337791465,-1.6510356473991905,-0.6013672112402196,0.8887662273885357,-0.008412884083370487,0.9392087975681691,-0.9574100322148109,0.5060022116527527,0.1556031419287316,-2.259424933911562,1.9819074399588064,1.266590249947223,-2.492881224108119,-0.8602039592199755,-0.7982693155355289,-0.23562165987710665,0.30844837099021677,-0.6363695297357514,2.8081663890135666,0.857923238616397,2.4007466919811766,-0.06410648501220806,-0.388608737377489,-1.4999726871455217,1.780534562939824,0.45490335247419134,-0.13975143078197227,0.5568193786697339,0.9727700757396267,1.5425585932762806,0.4186373219536923,1.1542394045502675,2.261482413976311,0.31516014711820955,-2.028737976353247,1.6172245717698053,1.1023106455677545,-0.8640641974004171,0.13435062928364697,1.2915121580864177,-1.6865318675400638,0.18360851273187057,0.10455878592825951,-2.0631213882944004,-0.8478243504283844,-2.080944566201058,-0.4819078959777277,-2.0620402130877453,1.9212970987056943,-1.6748290837516902,3.090182230177915,1.1335252154171593,-1.5382797011165188,0.427521853811003,-1.451902212422484,-0.11981805414624275,2.3169362904975017,-0.9971617052846482,0.07446689102150178,0.05104775346543558,0.2885054100543798,-1.218787452944997,-1.6178608616058148,-0.8664977030677373,1.6544118269533064,0.1205917815122699,-0.07784361127998018,-0.46382912378130836,1.6486297390299294,-0.7932490185485626,-0.494390552940237,-0.6856259909893155,-0.401520391170782,0.8142604792893544,-0.011974887739713447,2.1276497824190983,1.4556779714801946,0.15205843495896115,2.0125582731097027,0.9279859269387656,3.6236253302903716,-0.6578223787027302,-1.7510319279437547,-1.3994962853590853,1.4148280763178656,1.228920126892513,-2.186258280424867,0.9183635408677497,-0.08028996140061717,1.1133650578315846,-1.1633737512263116,-1.7311972346890365,-2.4294401675901622,-2.0183356028457435,4.0136690063995575,-0.5336467538224687,2.077870444412125,-0.5571664766659365,0.1798874251848125,-1.6055248893250422,0.2819520764100912,-1.4872698816816199,-0.8900282117250682,3.2182777598298307,-0.21826804801547842,0.28364115694131425,-0.807246860705148,-0.5521749012232054,2.072111589313992,-1.03760515467433,3.0317805567841596,-1.5449851125274852,-1.2974039640901511,1.7855049575194157,3.488511828214727,-1.2879196623265294,-1.9245825138006034,1.2766412038296622,0.2559130742465886,0.6382385001353669,-0.9347152807553802,0.6483356216160823,-1.7704143854415426,1.3383415909865877,2.1385214015821794,0.31485697067415075,1.192619807695563,1.589267063287779,0.7093192605780779,0.5064081703771706,-2.536136293425061,1.5205877829252978,2.3034946591496004,1.605629676101276,-1.7682024896536457,-0.5875391772125543,-0.10868133856688239,0.5728631759693118,2.042548711377858,1.7370720565111346,1.1393491888911147,2.2901978845501483,-1.1270054680610204,0.4865061219611279,0.032996352107659166,0.6350177145638771,1.8470480447443767,0.10588930326128287,-0.1988364517866983,-0.21142205521633384,-2.303132164839745,3.0790823640093175,-1.2148496097297485,2.040973937050068,0.9275204633710853,1.2155786606133794,-2.0017253835546938,1.8212306113139358,0.23188371191817944,1.055554201395601,2.1677608996723077,-0.20185655538153913,2.5517359868975253,2.4965583939040132,0.18854272136494488,0.7542997227558408,-0.6065462686188954,-0.03681267514203912,-1.1771073394830618,-0.47178134740348343,0.16040731872870984,-1.8299389745402996,-0.6525206169210586,-4.129891280753821,-1.3271999709055986,-0.10877251558713599,-1.729070430413062,0.3471358047465345,-1.9184254434571986,-0.3093714582404741,-2.5118435953812854,0.15994262997506448,-0.6859402484796165,-1.2558356971168563,0.2885741008171395,0.007010663771997355,-1.1006982854104432,-0.7416151513173188,3.1290806186303644,0.5790420196260908,-0.8070895312417647,-0.911270712759225,-0.5551942642473623,-1.5343522567535997,2.994287566725229,3.691942260021321,-0.7114198718722542,-1.0739647332372393,0.2973365637544707,0.6157576147175752,-0.5430978730265835,2.344128266533708,-0.9802043202229312,-0.4690108025830913,0.42426433161989374,-2.4188063358615,0.049460090883781005,-0.5301435514689544,0.394652949503435,1.3376602951819958,2.26310627526847,0.8291050492988592,-1.223760222694025,-0.2718381331987886,-2.2439992662840176,-0.6087655253413291,1.4673584852288206,0.9709566348925038,0.2593841220081019,1.1456255889823304,0.3113823722472536,3.2045091146321214,-1.8158435021726946,-1.7904708977287385,1.3969550134774358,0.8642897804757701,-0.2646075197640779,2.3246329292610888,-0.08658449785910155,0.05088866192624131,1.9908650839460704,0.9930176736452451,-0.34802908054144904,1.6720176046080049,0.8285290656962472,0.13646373200622397,1.22252546206473,-0.1445713788901735,-0.7625363450535299,2.3488816610119505,-1.8941444563582124,1.9217289838264073,-1.5144543676973876,-1.2526638789951634,1.5014874460020626,1.9224520729706833,-1.811157596223937,-2.5042043036755746,2.9370714453871187,2.839508594949151,-0.5475805495879413,-1.9083358646765014,0.09204703749693458,-0.5420718492286124,2.2399077832157683,0.6455461040050803,-0.3222075174606228,2.147756410932384,2.291164079209171,-0.69619328140903,3.044174549747144,1.4449336433604572,-0.8680196420455297,-0.9660653280701311,-1.5443219355782012,1.2481425252583223,-1.4686401917801197,-0.25227668346986465,-0.006810949118239179,-0.7647818562210651,0.01234977001389552,-0.42769926860956803,3.356924187521149,-1.2681901964706768,-3.8931387680875824,0.8981334054782859,0.5563171455034459,-0.5875766317906715,1.107213916056432,-1.9061995736983819,-0.3745231477057709,-2.3435683930276325,2.892197534079937,0.13494557415901223,-0.3949965284071926,1.3500247069532498,-2.183317764121407,-0.9839177803927225,-0.5673191773201366,-0.9391679500722977,2.20255511720029,-0.6000240616527132,-1.0485878566962799,-1.8126285901376815,0.40711267981224497,-0.5691683348269503,1.9194083230760692,0.05186891601093213,2.7709120630354604,1.1738332125918745,1.0856789004182372,1.0463257364112568,-0.3603004779173072,0.6372052361208349,0.9022766515398806,1.3560965889298213,2.367674358172698,0.1983301780165032,3.7022580856733436,0.6778867535077839,-1.3895288019436904,1.0246965373794166,0.6066787389425323,0.7425647440990418,-1.4872829627761073,0.1347428021168616,-1.1963137657681955,-0.871374481870239,-0.6670158278178566,-1.8553633436644685,3.1023372330338224,3.204321316305604,-0.1429733434415572,-1.905210073785664,-2.0314501669953535,-0.6339436260720355,-2.576244878303571,1.0396151603748707,0.11531654990872445,0.8049686032785974,2.237615745824794,-0.32638251491493026,-2.4317682704961627,-3.2702990911913394,0.24585314177573245,-1.1612921031125474,1.1646629906838941,1.4679101094843316,1.2095868331704551,-0.37460647726725793,1.4137268626734687,0.6662489170122954,-1.2837679442506795,1.3053797829270346,-1.9588083617450462,0.7326487875628706,-1.3339575123998855,0.8584499879069534,-1.4230227745687798,0.5408016480886337,-2.7636634115122067,1.5609440013038702,0.06458703989345405,1.2993472207169892,-1.2291453567881645,2.1390862843791414,-0.2160590186069835,-1.8799675163800282,-1.0974762582910471,1.3976584777733692,0.27635234950228527,-0.28689331382132427,-0.563911314651852,-1.5930519887894499,2.8900347014609555,2.654834013524852,1.2256364558293282,-0.9902147195634119,0.07173438972976143,3.0432325657328954,-2.7797317798258714,-2.0182577956596552,-0.9294995862387041,0.13001758391187931,0.7794947019547517,-2.463865334034182,1.4009293595786536,-0.05972360894011475,-0.8915528905862826,1.491571701412981,0.9506016021959266,2.7247162408638785,-1.0614851045125064,1.309053400234282,-0.22637793124773165,-1.726873874141852,-0.6949824487795255,1.2461450339615778,1.6793764061001737,2.4816657853865776,2.131942954427318,-2.6644034730629205,0.681208180482013,-0.9185070375719754,0.5212607445333091,-0.9174821570475415,1.325475415736354,2.2411303189849456,1.3954448863317035,1.8202387379082265,0.0773215742042146,0.9754584842560929,-3.75560099922192,0.6020527514184459,-0.14219385951228325,-2.144330387194163,-0.29900105475855365,-2.871225545557527,2.3817219183979375,-0.9407815624994587,0.46058263799219445,1.7844178391838639,-0.44968213471504037,-0.05502324929163854,0.06455942327711,0.44221961705214186,-2.1834232600351346,-0.7045421334084566,-0.7256265149067817,0.6391075090531155,1.3581763325448861,-1.3496321164342713,-0.44473133757530486,-0.6562290324977642,1.0127743634945,0.7054470787007567,1.8905684440687214,0.9488320920272502,0.6574919620600825,0.5088673944899496,0.8082678613993732,1.3648222921002955,-0.6468546776987616,1.837635898999257,-0.15862259283374192,1.1466079970292453,0.24930425532862546,-0.09444159180710399,-2.2365415028386755,1.2984750959698856,-1.249697783834658,0.02695310001936982,-3.411744895621625,3.5029083191595753,-0.07988802443914154,1.468408263624475,-1.2285814682735545,-1.9460968081873788,-0.7251004751854364,-1.2358841954197484,0.3170102893565187,-2.135329700085883,-0.2018998024302402,-0.2943321180309557,1.7971747797384343,-0.9740488516590156,-1.3001681923186625,2.52988407066119,-0.7363637536920051,-0.12378154792829366,1.802726033701419,1.0919429658025295,1.701945157319226,1.5639292886479041,-0.1666104695780391,1.079001123292895,-2.5112164794203182,0.6155378968061278,-2.746022285589155,-0.17037481148595207,-1.0466693298542094,-1.1416294270903409,-3.3690371445971063,0.6490220416087926,-0.49272273829492075,0.29971032533080627,2.2325733178595004,0.4398919903322925,-0.8912163827583435,1.0549724166731316,0.88812581023895,2.3800049935504948,2.1539400167926543,-0.8095407252517691,-0.6479004115534489,-0.05832549124359554,-0.37354593355105836,-1.268666505897659,-3.3542996533688427,2.006395359535112,0.12027966492174552,-2.378668076235384,-4.087478535885231;-2.6481895600733374,-4.2149227916189576,0.926487676454032,2.4815013653631435,-2.1387480215717307,1.9655657277851117,1.942409161222864,0.40254352460783216,-1.0929035646243035,1.6590851759584215,1.3357014666343852,-1.3500559468842166,-0.39756686714394596,0.3364808743117823,0.6462560527563075,0.9122952493007764;0.035843098413552016,0.7987811893147692,-0.07829096329371354,-1.656568367701306,-0.8602787874784613,-2.029932262481441,-2.128678922364293,1.2714985264295429,-0.6886295826937009,1.2295690598996611,0.21103730358421147,1.7639081959683995,1.6805836246105077,2.096067112803606,1.3705332940193806,-2.194027573140805,-2.359473231622019,1.572715826026188,0.11051263684409875,0.15923902951371183,0.06061830147666569,-0.7993526373834482,-0.31808928526879404,-0.5878717935918347,-3.398073751338449,2.176132454728061,-1.8970562401181879,1.8772546283335063,0.9958100141646438,0.40655655315993944,-0.24401408885570786,1.6479043191325062,1.7204106019417427,-0.09681270762320121,-0.32877027702170897,0.053926395813372274,2.390878492785991,0.8509429125718632,1.5729644124087465,-0.41698175682036,-0.2670680975996925,2.7243716805944405,0.3011817548641218,-1.286683796455092,0.03841665890327728,2.238440435599355,-2.402594220263689,2.062701458874412,-1.4756480729355264,1.4554019588247866,-1.0563238609671437,1.3741976938373108,-3.4931171298337014,1.9934748649281848,0.4318997056005218,2.931053698927307,-0.7336689942047911,0.24072554896404919,-0.5212796377086963,-1.4127610762427363,2.2288945542658296,2.864579631788288,0.1783265441036399,-1.4533618022055483,1.0034968284805745,1.1747034224368091,-2.422703649702254,1.3182205389693575,2.798951864110064,-1.18307026790199,-0.5288155737916026,2.2618012823281233,-0.5722104758732766,-1.551957690977561,-1.2257982353309835,-1.6176050137058469,-2.402251695798311,-1.3358176701951503,-1.0948686307842663,-1.4833747885652002,2.1438046177133057,-2.5538127733451885,1.5033013258424852,3.336586968959909,-1.8730437135022886,1.2222290020342592,1.3411628817355843,-0.6422888188022786,1.4479569238791292,-0.7931618163952956,-0.9887388899036365,-0.9221340437734842,-0.37034288939947035,0.7229934572460838,0.4545272211063471,0.12979175555120293,0.12480970088228954,-1.2684884679360338,0.02450122607238503,0.7978452943053765,-0.5923660588793582,2.372079676026039,1.3960136339427205,0.9765847131173662,-1.0634545775823692,-0.8259762222107598,-0.5791488864810698,1.4872458266227198,3.1686532509246867,-0.5465825169561522,0.35664809234809547,0.40298469855270413,-0.008777011844584098,0.33916261187790164,0.19565061584320675,2.4071290060606443,-0.004462792321339608,-1.482430964386571,-2.5696627971753414,0.7360393537165637,-0.513186152363061,-0.22670708327521094,1.5296978999873878,1.756556044813028,0.4569711891612148,-0.08360608911244144,1.7391327477880227,0.6608611687779116,-1.2979114829133418,-1.2639983011290759,-0.3427183674062313,0.2707430990115709,-1.4022829319008208,1.4109266837654093,1.1928997143559854,-0.8314378240716979,1.7355472654866275,-0.8706914344185819,-0.801886860825169,-0.561469071138586,1.7434247663492755,0.6909876141728284,-1.3206352549576104,1.242979832051744,0.4466916631684978,-1.0515484327917897,-1.966773930476012,-1.1444169004657772,-2.5703486793355967,-1.664259121139162,-1.9076456747768655,-1.0583060163448914,-0.7513489072667523,-0.7362830097466203,1.0728398459851054,1.003753068954597,-1.2144839994386782,-3.4629164714781675,-1.9116683658125204,1.28564079474426;0.27585717794455045,0.07040835082547703,2.6635827243667856,1.1721076539353867,1.774506331626658,2.6092229646633305,-1.7881491445743305,0.43019136992442336,0.6824464461938167,-1.8001695325363078"
11,2.4406266349755295,"-0.29464506847423355,-0.13520262069195668,1.389301401953057,0.8091708035227876,-2.5461013418526477,-0.3470051312975606,2.958781009117932,1.2757776971778338,-1.959834789772534,0.8577987076180784,-2.0391349249118726,-1.488858805573412,-1.040600293799421,-1.9759310327210187,-1.677557688207287,-0.69222017903342,-0.45318925410672933,2.44903588014379,-1.0264276985636496,-2.549260982064969,1.0428490490994136,-0.8917710940412393,-1.4545111559970574,-1.0786821975087266,1.286997503983765,-0.5088075601995048,-3.0313190946964834,-0.20424455130266367,-0.7994667491924643,1.1583112266994688,-1.5326915289488268,1.7935075710822934,-1.2770331677252118,-0.5164476180637106,0.442575902761619,-1.7332711699342067,0.5547208700400083,-2.4950557974971477,-1.833061266491371,-0.779546896414679,2.4036976733527866,-0.660553231969208,0.9272605787081929,-0.13081223188305424,-0.8081338893248746,-0.011126649014740253,1.3319159081054144,0.7664114823638106,0.8860232999036691,-0.23228905496554805,2.4934373284106317,-3.2582559309510377,-3.356482523829839,0.8656479147313826,0.6867971418214364,0.7402923390083895,-0.9661117184331384,1.8683991877153554,1.6047035432120322,-0.5744320569292871,-0.584572018547522,0.8478492754168668,0.2624835989152061,-0.5187340351519436,-1.1842483216297255,0.10759073495098984,-1.1437023987720536,0.9357726906946592,0.18773132162152556,-0.840986251971659,-0.873662852192971,3.259570422328328,-1.6523448829972922,0.9117518603424851,-1.1473787705761556,-0.30560592258785246,-0.4784693150671646,-0.5893675036695134,-1.516780757237406,-2.546205337753313,0.3255363144778075,-0.11473963610347648,5.114637000528671,0.8158788073957762,-2.0760889797938464,0.24892129055895934,1.0819273099355455,1.907227952762662,-0.6264653064229015,1.6829400013738305,-0.835324796999084,-0.7478111756140029,-0.5537002120585304,-0.4757150678204407,-0.2921607350468945,-2.805612537657232,0.01652085935592057,-0.5013368245807295,-0.6412467015400436,0.425388542445487,-1.286393122948366,-0.5184715227563271,0.8445128843184102,-1.4162054759648963,-0.29588030447187363,2.2583205436373652,1.299706196778351,-0.11005576369276951,-0.5795157971838147,0.0626724787686617,-0.7338135109425246,0.42713761007596074,-1.9642308698055209,2.130014740264374,0.0947283110541687,0.5361358240658001,-0.26528968360815625,-3.7237943430675933,-1.1244309813520397,-1.509740427983314,0.5141115594247002,-0.9800041983139937,-0.7039815565383596,-0.1478616290250207,0.3869735009253421,2.6054858278831636,0.46520237328681624,-0.759539939969446,1.3013723932630747,-0.6888973938143925,0.20471071004710342,1.166128230759115,-1.0256459752350517,1.8449987164881887,-1.6002395711784576,3.0389945956063693,-0.9594912410130666,-0.22809809303578676,-0.488397254488937,-1.33876269180342,-0.5817093246170519,3.439568689316972,-2.6812679924331864,-0.1813614858425599,1.5443539653185503,2.0210126294360458,0.003523693724977739,-0.7152036366557878,0.237536146282932,-0.7563411635902944,0.7153969902112686,-1.1421433720536156,-3.322739231238523,-0.18660643608461214,-0.8580497149866438,-1.6220950417639741,-0.7288191109522283,1.935347762516848,-1.046627254551308,1.3098745897457893,0.054691531606963384,2.0224053292434587,2.3578181886783907,-0.6339169570940631,1.0401169398458485,0.1514236859523278,1.0897996317530154,3.212420023789701,0.06384434620425547,-2.4555092913088776,-2.3269467295723882,-1.3547185607177423,0.39660618254067914,1.0005432952252797,-0.21587132334131945,0.4578569094018425,-2.601701885287302,1.4530121330768615,0.605572506551296,1.1763708294152446,-0.5201973767458631,-0.16661131326083323,0.4135793372836045,0.8583821457735235,1.3001061245438392,1.4201895769376902,1.5126696671762947,0.688012306338443,0.7160808003166733,-2.356239224005165,0.9320463600081937,3.0982950436212477,-0.004267112830682096,-1.5311963260862487,1.0264252731762509,1.4323762461171028,-2.232760577804404,-1.7802005663543075,-0.6355738355299323,-2.58014984475823,1.4335067208185146,-0.7146089186847958,2.996813668019056,-0.5559742262087958,-1.6668184928056111,-1.241269998683763,-0.5049098370007754,0.8706593558764332,-0.5160309191535217,4.5143396917193215,1.307824749849389,2.709303607801062,2.199972533894859,0.4251493433576651,-0.2785526053453434,-0.8731896254365563,-1.327105335972489,0.8309097574782954,1.8475445894204379,-0.2681786739239402,2.2086515916590703,-0.9270994393633839,-1.3562569797279582,-2.74732183957745,-0.6309214958673006,-0.16494911751440872,0.7156165177994284,-1.4531343305353706,-1.192208457257096,1.885436065388403,0.27839801455662344,2.5093496702920146,-0.07770484770968675,0.2542231759669094,2.940358890058119,2.8013343806376083,-3.9976791758039916,-0.13609795789611906,-1.3051939460393605,1.3207774742871778,-2.3634294894992642,1.382634818450452,1.231455679874008,1.9976591412047662,-2.5688091374423765,-0.7613815513180227,-1.7768937207667201,-0.7218934459677939,2.093211072706829,0.608633045618333,-2.162423579909372,0.34132850264258685,2.1322247986381377,1.123543913537168,-1.7999854318346924,2.4522667901051567,-0.6280641605533207,0.7454182323216958,-1.298015945406068,-0.3700092013036504,-0.23374347521080235,0.40465480260523856,-3.192924687695494,1.0373011993030299,0.9953484636479754,-3.6585211432397515,2.3381016245056228,0.1375770583573207,0.4727228974338468,0.130097873160744,2.295454591445958,-0.43205893057615447,0.6593164214589803,-0.6347383531692165,-0.6187730916521192,-1.3760421685617186,-0.8109696640387215,0.769040915810419,0.06951921937424554,0.33652915665101474,-0.030465619385587894,2.312329577410848,1.3269228780344844,-3.2128306583668587,1.7214889010222285,-0.23521207486169554,0.1372423055592431,1.8738027104680774,0.6097417719023722,-0.9141409507882454,-0.04887455414764527,0.3589900248554381,-1.7187148290188905,-1.9027265205132367,-2.2230324204820433,-2.1871361892839456,0.6739117921383626,-0.2520382914031621,-0.3200539517045736,2.6153475846643324,-3.3386113292969415,-0.2422772783596597,0.8853222162810649,0.7099697712079021,-0.2813224574365733,-0.20126090124330465,-0.6887084473146821,0.4822644713754831,2.5195960659433747,-2.5843189935826913,-0.08858915997177297,1.947739084564983,1.5958514742970271,2.215875673843069,2.9070651626131045,-0.9602919297125138,-0.6218831240052751,-1.5449055363013118,2.0059558834493814,1.639957715269304,-0.1847448208859624,1.064456275199695,-1.2608903931728417,1.414906856311138,-0.5805952007843277,-1.119167811319843,-0.11606243726611509,2.1910092186686962,1.0268427669278577,-0.4502831788769621,0.21142611976021602,-0.5668104655789652,-1.6115520443186016,-1.5096933224203741,0.9880876804978926,-0.18634934247955992,1.4782946837301714,-0.12891326122473998,-0.0058644035100711145,-1.809285139003534,-2.4320310459729093,0.01861381490797129,-0.5467792011116019,-0.8371339803323127,2.0996587130921753,-0.8994455584231462,-0.12353707842591694,-4.159277664541977,0.011803311461367927,-0.48659137660548835,-1.2929676683263605,0.9235931090774471,1.7458588936962294,0.27602062530940585,0.7714195901841645,-0.96962802412548,-0.4827880861266781,0.8122056561605883,0.8122095076256352,-0.3855710686254058,0.6745700222055282,1.964258728747302,0.26484458534331146,1.7869940563764037,-0.18370490510040383,-0.8417387912401058,0.317788704082198,0.16917244474889337,1.065535906247821,-2.0360615346415463,-0.24563888682558216,-0.33945135428690254,0.19193326084500692,1.1917333916874093,4.316684858700751,-0.5120542257941691,3.1345448153231104,0.4590708250737614,1.4318675656236464,-1.7782239197837604,-0.19035327523073425,0.28193751556370783,-1.8825672991093305,0.4312138200356732,-1.6278459771282665,1.8540756515919474,0.20236988732277983,2.3223906017575473,0.5324469008487545,-0.16484567814837275,0.333001073793614,1.9411550619054936,-1.7550835690220605,0.4290183362363545,1.3040661131429503,-0.0010014164363737477,-0.7796942777651739,-1.5350803595126683,-0.8567787546126322,1.6937412105295093,-0.6004865049470355,-0.008299354976625373,-1.2293148838114833,0.16192557433827054,-1.4015775698858448,-0.608633787625144,-2.1085855000287874,0.5543943068020611,-1.3484096247879618,-0.451335766588715,-0.2759777723833746,0.4805140854663252,-0.20832549932093183,-0.10434828575873467,0.5187576225494438,-2.236600166942798,1.3054231264021876,1.3187160577708086,1.0238693198840338,-0.5645646939320013,3.168966112220629,3.019104894892257,-0.6898925460076561,1.0416941140668936,0.8852233029540588,1.0730285391374565,-1.024736021652755,-0.03920283854570128,-1.6396847247596713,-0.16219364009570644,-3.3735427745665887,-1.019946116066838,-0.10144295096926531,3.6831582708142974,0.6127427447202277,2.097962696149871,1.1092017609007225,-1.5826626860959352,-2.38644851793111,-2.916256650791033,-1.749231110493367,0.46059218503388955,-3.675253339757546,0.5924489739348348,-3.6044812245633913,2.035633776839349,0.52949391416407,-0.9176371689695981,-0.9257381707963612,-3.1430736416029412,-0.5676786236899809,-0.26171685678842316,-2.683702344426737,-0.5749697460830516,-0.8762832309395595,-2.494870186494851,1.6809235818720492,-1.512560657645993,-0.8817912730256716,-2.6432958484245592,3.43652485405594,0.62011379594117,0.3287565703873413,-0.33409682396066964,1.365938810284814,0.535148068000494,0.24588384929825038,-0.2725752025128756,0.2766304505318495,-0.9033966832366815,0.41839985720405515,-4.88490806194712,-1.3243919897868779,4.479192469010292,2.2150003589639966,0.6532834685031526,0.029350240075722955,-0.02800791653997664,1.490696597379912,-0.11546724042190727,-1.1123321721779758,-0.8791901650174122,-0.19298466035856687,-0.2967888930667158,-1.519490842311343,-2.241111191540013,-0.6221875877842459,-0.09921404996252603,0.6736668683179501,1.2073846064396907,-1.5351895704672205,0.8366416993434826,-0.17614548745756647,-1.9538759188056938,0.9197585647524611,0.3480799388002994,0.7319234090944149,-1.7199244400137155,-1.4974857937524981,-0.7378923949658867,0.5249588175568061,0.9993819470132699,-1.9878051574498192,1.8824225611328673,-0.09265505936407514,1.2198515237658027,-3.2654883057963935,0.3571554182689912,-2.388288444428762,-1.00456031067104,0.392470705055861,0.3488790996170086,2.9653651672104155,-1.49257194719139,-2.064616719147057,0.48152700883074673,-1.019238184927469,-2.6096674799131674,-0.031067392400568994,-0.29232657901591297,-2.053356789190306,2.5187277069700738,0.05734379488084029,1.1073395472442034,-1.162165723200973,-0.49670783757376774,-3.479385777411969,0.3311542941994851,-0.9845457309882018,-0.48811293017022,1.1096802238346615,-2.9190134471479205,2.2283057690648174,-1.5801861377508089,-1.3317778431860854,0.6476430674317899,-1.6357976386227615,-1.615629567550691,0.8714186630767968,0.6996897462615246,0.5372898596345413,9.271431903101757e-05,-0.03652754974318423,1.2979574706379398,-2.2197325175998346,0.058518905659599274,1.8055465266891606,-0.6290344591772158,-0.6988830400302515,-0.38250051840756805,2.5217310437915277,1.8091095288382935,0.5074329967212486,0.7943842392498349,0.04502522030502623,0.7294915961239885,-1.0227912461988895,0.6440672638150702,0.5397917079514489,2.423779457780215,-0.372880903848974,0.31755892135620334,-0.2316490685723261,-0.262121988625927,0.5053477471960893,-0.7124007770376195,-1.5602597493139427,-0.5647141900133248,-0.9319693813158556,-1.1048915619922992,2.420520611013654,3.154030232763118,0.7948610859928875,1.1955247611195217,0.31475363434748216,-0.5391247968047795,-0.2322242820250887,1.042329622275823,-3.000263945705983,1.5379717744011026,-0.22752097650632874,1.0443047310175417,0.11142533963463994,1.497926912246887,0.1862122095006987,0.6359347355980416,-1.3548756274382932,-0.7702754701019582,0.1816469037750944,-0.7742632511561763,-3.0711083265987353,-0.19626870810151664,0.6533728928090763,-1.7345305690923138,1.3267810971161735,0.27291919276812027,-0.8612931501942223,-2.694498453599988,-0.5521875211300891,0.2615112334701065,-0.3182634752389939,-0.5210501467447283,-0.884724479878499,3.0470316186977544,0.7995637032379093,0.19201992703818616,-1.026172561733958,-3.055473703415209,-1.413076375309426,2.000064272580162,2.3502207424053174,-0.9985209093435015,0.46538121728262816,-3.3266538073502687,1.7487523852736098,0.24037770881061563,0.5355929369374068,0.8672231337934442,0.37037269250253,0.12314451038003169,-0.2239771458797356,0.7781197839156659,2.071461358420464,2.0339719043253157,2.3811089776880783,0.45020447111585793,-1.5161013118195814,-0.30225024603273565,-0.39318561347832504,2.4414993083642083,0.3752636265767334,-0.7863559090707766,-0.4387455132292072,-2.058498206205186,-1.777438130822698,-2.471677236771611,0.17398451242506086,1.9921476945526408,-1.2527601420785395,-1.4876950089790777,0.3367724340057139,2.853480382054359,-0.12025201897742158,-0.1398587631193323,-0.0354925121433915,1.5438359308110274,-3.0056474098746127,0.11356619340774923,1.553258482059338,-2.252078043252182,3.665437063189083,1.6460780347375057,-0.2659021199374859,-1.0757871321499632,2.4455337470728336,-0.06767140573441024,2.0190755872699677,-0.19569303189536116,-0.36904732596625006,-1.5696591461566964,-1.0931413129126466,-0.13556942388145798,0.7243538670018724,0.1556912952638851,0.03235135856060717,-1.7997426787676558,0.03335172287238153,1.456904016814337,-3.6398271422288784,2.4669446559019264,0.5811106459658688,-1.7168352370668587,-0.9326984555263484,-0.5525077113647384,-0.710663150574361,0.7695107527805661,-0.8678516605612734,4.021342389101824,0.3948907478260872,2.276142620975889,0.6423912118466073,0.11242773745339618,-1.8486202347544252,1.623617308531568,0.3656512293468831,-0.33264927161090724,0.7320860766967935,0.9232093789241371,0.8621418308467137,0.9645179527732248,0.9421133205024683,1.0747561297590513,0.1649057580559779,-1.968831378818527,1.2677241936926689,1.546175544714741,-0.6530338724847062,-1.0143575664165387,1.4263531717451543,-1.8489730397553905,-0.42242604296808567,0.5754716621500899,-2.30553537933541,-1.4899188555117169,-1.1834345397466393,0.9625327154908261,-2.233492919416863,1.5995643268540043,-1.1319266882812364,2.4576097769287535,1.1841186959969077,-0.7048602124466452,0.2558325666674085,-1.6000750950124056,-0.18279940434280323,1.2582676090341263,-1.0483673371929254,0.013181877562536116,-0.2936669493046053,0.13511018773211347,-0.8273900800714429,-1.7821621341025031,-1.8492232627503273,1.7441623610074999,0.3981381389869293,0.453488552650887,0.4656880840560766,1.0650084851785984,0.09587250422618257,-0.7871045266500011,-0.16781132499849025,-0.6326452635794424,0.0019031491162500025,0.09102959725802151,2.373887755708006,1.421866487937544,0.6439702389746537,1.7624108433367072,0.6348826819110566,4.155213692877943,0.430953093273051,-2.2668457738490106,-1.3457471498239346,1.8735484706399685,1.3025421618899413,-2.796923877788247,0.8170430239310089,-0.46456768358264,1.3938240421559205,-1.3428759958677114,-1.298022224056402,-2.470170456367105,-0.9376589303292442,3.891432657911717,-1.1916739914773118,1.5600010422510757,-0.5303323435218256,-0.5918032603953185,-0.6185806381493527,0.1155619263224657,-1.0571823868977261,0.08866360903182643,3.36228765442669,0.8217464277880568,-0.031172375681159215,-1.4467315669544951,-0.24087518153497528,2.7107085213389315,-0.18733183026837308,2.354499030027243,-1.6295220507133108,-0.9523837131648533,0.7154187381206799,2.692433244471243,-0.48515047763519936,-0.9133187057521419,1.263066690442125,0.09493560072688179,-0.2587312208266732,-0.3557301714587956,-0.05124843922997868,-1.9468217454806234,1.3011954867567634,1.7702989313727338,0.09318752786431472,1.3323486226177184,1.5081178640058184,-0.17218591144831746,0.3357142039086848,-1.6225706629757688,1.5410743236706312,1.427881474278949,0.7624161361169586,-1.6064065436755672,-1.4430311877574475,-0.6018921836727433,0.6603160966075305,2.2632385345815575,2.6117270133996877,0.9215370587960815,2.807175223694844,-1.1631376477395008,0.16515494817228793,0.6630836199516774,0.8178193936671679,2.5624909085190017,0.12154473447815972,0.7432919576933813,-0.13125290529870282,-1.6897726938250393,2.3895568947116663,-0.4357666099485673,1.8146894436203036,0.1603726074030123,1.0682669741418607,-1.4098215466851365,1.5730128930544462,0.11850275640759694,1.9155516496136733,1.605356412290887,-0.17627246322018836,2.8471669444343384,2.7597959993149592,0.6154132012733976,0.24603804011999175,0.28529538884077904,0.2749496855317868,-2.4663008249498657,-1.6718739760037442,-0.596267325521483,-0.8397056103828072,-0.9461288543264899,-3.4425523484368266,-1.3951108706778987,-0.33593430764391974,-1.3837164849086134,1.0256845569941677,-1.634850872518456,-0.8786586222545654,-2.7513302938099833,0.369532146194991,0.06827416700955118,-1.375269876447475,-0.3331637660482612,-0.730827185681376,-0.19006063937346407,-1.1493421478862063,3.1664421327696166,0.3571142390128644,0.4096525957171814,-1.4028463946686291,0.6390915530740016,-1.789092499169041,2.985035273921342,3.525941906737807,-0.7691760189481268,-1.377455449090337,0.032935457564444603,0.8798032599406396,-0.9591594059922799,1.2683734664947184,-2.5700567749075653,0.7007455488783455,0.7430781904801216,-2.682820046189617,-0.7248567540800814,0.21209440827492082,0.6031788557127595,0.7756425049942616,2.7342619013690377,-0.09167989112352504,-0.8996587060789716,-0.6087020528083863,-1.959561701096002,0.07727587120906752,1.0592906853977655,0.7270263195943102,-0.9056177129630534,1.488892917526201,-0.2401851110720312,3.3103606370460623,-2.705052759264871,-1.34820397534057,1.788965353112183,1.0386528560925101,-0.16938692041438821,1.936678506531005,-0.44656937550100945,0.5110001027269225,2.336371745916881,0.4347646114785283,-0.30269635707424203,1.2372486294226857,0.11937080266999056,0.4063710585876121,1.4055281025729809,0.22788557140718876,-1.040081571798416,2.29022618438821,-1.8920905566780186,1.8273589365747016,-0.7316475009286623,-1.8878499977156222,1.1881970580244272,1.68920603704742,-1.4257993314429593,-2.0471799212117006,2.938766184581376,2.122550182969707,-1.3600662442342262,-0.8220315626712533,-0.016187733210591814,0.6341647692937726,2.475548778976768,0.6548870002881563,0.35810912010577167,0.7553082611333806,1.8346950488385239,-1.343483449439705,2.6995664168477553,0.33950864858814994,-0.2761669876059246,-1.0215281760147805,-1.2783724095776536,1.9100859856408243,-1.45744624014584,-0.471778461590026,-0.6668858798017199,-1.0073436393966626,0.027712996215228186,0.24245161188089437,2.197772171460632,-1.16611981979079,-3.910072236892775,0.6086624792399301,0.5668871717479325,-0.24824899057688432,1.4675612242627918,-1.5429795124862136,-0.7523264626474488,-2.0604719181279396,2.43352304625782,-0.435313243158158,-0.47691088089154093,1.6417114175184768,-2.094858588564984,-1.566268869991445,0.03296300990259177,0.29007988802828155,3.1482716587135022,0.04848533180811121,-0.4304763505035323,-1.9346582519885644,-0.2790149119357186,-0.8534832801353129,1.7134030312694493,-0.4849078204255415,1.6982535262879286,1.1912217291614355,1.1156138460925291,0.23850594702763017,0.18601141068532442,0.6682236603574004,1.2625201845198317,0.6238749863041196,2.7127456188953247,0.5650072290317553,2.576452124134662,1.213154235108398,-1.611323518377546,1.2963520137371602,1.278669749604398,0.36777477603549047,-2.441014890792798,0.7722740434004203,-0.7934225774533802,-0.6713742085902993,-0.8578681647908495,-1.287293501114236,3.041570996813609,2.3264062003969386,0.4518867699116679,-0.9686152292883379,-2.320585275520571,-0.6677146483391099,-1.4387170610651272,0.6908882340673068,0.24604419873247851,1.5434720248962066,2.3116407404004806,-0.847018500331015,-2.199373184373506,-2.146623538366999,0.6780101803979711,-1.681936023129771,0.2723456667847306,0.6436002808269956,1.3931780461837955,0.049630360485001634,1.0575892413861603,-0.24484970167268233,-0.6871342486391502,1.0850542473489908,-0.9536595187579964,0.41575795236820545,-1.0601204854934707,0.11591305547099323,-1.5872819224711987,0.9546151829813165,-2.890940526208901,0.3613028328600012,0.4840489198696688,2.3412165583901197,-1.7644243092617176,1.4918767465099267,-0.369851591301471,-1.865412688318254,-1.0152716345942419,1.4847460725972583,0.1919955141979876,-0.8063908240627776,-0.33552549479440563,-1.9245225688833933,2.4469051651826477,1.209005830995824,1.0888036203272808,-0.9435811518265801,-1.1930873186162665,2.80417272434763,-2.569008217116213,-2.6289514701761303,0.026128477609310863,-0.28683081583678643,0.2869759683734787,-1.2120995437863948,1.5503749120887382,-0.5175508539153566,-1.6792395906938782,1.024507036485834,1.2363557254933595,3.1463315537245555,0.10100260228161484,1.929731184090043,-1.156534615626283,-1.8001150551788871,-0.9836066146790071,-0.4247293819242724,0.9676075413471009,2.815208379121254,1.7268411069797813,-2.0750594996151794,0.45289362617803014,-0.22101077883015352,0.8528109401409892,-1.0152520615967093,1.2105178721234546,2.0227878248638014,0.6274138658598911,2.3480131122629073,1.1893958984675217,1.0340841658346753,-4.403325269058767,0.9599606998593806,0.131302328934012,-1.886499221736446,-0.34952992468604444,-1.528203366205612,1.9828642021737592,-0.17372721572889238,0.13378438120244068,3.1807686876866916,0.2822393396255001,-0.3139511235035255,-1.244366234827968,0.5461131048446194,-2.4005940035360145,-0.5703838068502424,-0.4954517688264549,0.7177483016538788,0.8877070393128788,-1.366032406777586,-0.6409967167555013,0.5614839482239344,1.6106221294564333,0.7407013275843374,2.620389881409505,0.8037103071052945,0.38006765246252405,0.6366469527036063,0.5826344924117843,0.2256744960011367,0.04172264206040453,0.7207512068221454,-0.20212862950986893,0.8566555747411931,-0.6403161838213118,-0.6323731166029133,-2.5607922755587027,2.1941740077079235,-0.6328303405302989,0.22843659544744743,-3.0113654901621087,4.2636946584162,-0.4164236419971484,0.8326688688422668,-1.4369467457195562,-1.300253286070393,-0.33823509941094637,-1.715302759572255,1.3814773989095537,-1.7529017011114374,-0.8601190421497945,-0.1464474153406094,1.0646827935744974,-1.3508090184237997,-1.3886260538833104,1.3347612694061906,-0.1634494703890923,1.51090854656863,0.3765974810789686,1.151954468776641,0.701759930385544,1.5971793442101299,0.22570303177269618,0.6637667453711854,-1.7297882234473456,1.219560971097983,-2.010012984327225,-0.8348707025996044,-0.8576215886540622,-0.7685374146816281,-4.039961155118767,0.4387106582336253,-1.8832123230214337,0.08053598803580875,1.730969100229685,-0.6815787192724813,-0.9233919336836348,0.685308415484263,0.9911568894387308,2.045216466488337,1.7805221210824782,-0.8303969919375866,0.11840071648645345,0.21727305440504166,-0.6756692066007793,-1.6285893241536689,-2.1656875630556347,0.9268146247385125,-0.29523814021925154,-2.7527229297761298,-4.41010442403557;-1.8895147963992016,-4.897198940954303,0.5428962193517094,2.5238327790295534,-2.2346352401702996,1.7904109250264504,1.679716025689569,-0.7517605724383125,-1.4033943699553584,2.513375057093376,0.42874642844642413,-1.349023942350582,-0.9073756654746492,0.2577481392729072,1.2141308494049576,1.1606260223580451;-0.27157886683109717,0.03318108283275345,1.3465112034209268,-1.398827072736069,-1.355089429798092,-2.691136679347542,-1.48401841588164,1.0984774628792038,-1.4104722951283781,0.8500022904743786,0.9707272711854991,2.5441354981617468,1.0804638194305087,1.240286002838805,1.1883713752238543,-2.1858723876087165,-1.94366306838816,1.147964968684996,-0.36014446458512295,0.6772117015948145,0.012252780871388369,-1.113782465969879,-0.039417480457342724,-1.4438690912514012,-2.595531442820897,2.2784327659586063,-1.9205948104541475,2.3063753095555337,0.6281949346786384,0.3038877683032705,-0.35031731665722066,1.4989267202880387,0.6780602115483416,-0.4774944180624767,-0.14684454444166117,0.1499577788397879,3.41028526613305,1.593688867730084,0.3431748148052478,-1.309771949099202,-0.45111762002769384,3.611096418604089,-0.40178063537533054,-1.5464256954274789,-0.5650738601385583,1.6200409686129293,-2.454931327835454,0.8341443362024246,-1.7894712782284468,1.6028951359230872,-1.4181377704817182,0.643066206842462,-2.9366054635677887,1.4766120068713269,0.9361423006572115,2.568133287082694,-0.7042945310939084,0.9959534442660781,-1.1849864051825292,-1.6593020878807754,1.6624826383920526,2.8792648700743553,-0.23696103256544848,-0.5555192061159965,0.665253464006275,1.3494815891694534,-2.56252696862244,1.0685587510470418,2.836365745377214,-1.324747848381455,-0.7096496636840797,1.7821255124432587,0.25883146419159714,-2.0834409556538924,-1.2617869874125478,-1.962213061399006,-2.212095938705094,0.18802735276892518,-1.9399859508324944,-1.087715899338693,1.709776951110742,-2.132442944015962,2.064466889159561,3.1788162059662253,-1.4374875920982582,0.8401050049569089,0.2952418480194402,-1.8451793673956036,1.8349163455240693,-1.9049559625652361,-0.8973974938552409,-1.2128769020893937,0.2655077658538404,0.3464215184273041,0.47048126516307265,0.4037362734932238,0.23944111986851077,-1.1703239240385632,0.03983251613705008,0.8606059485517412,-1.8196090890993748,2.407791134471833,0.943879265319421,0.4707295943932869,-1.1811675718683663,-1.8784426682745148,0.15836064933475136,2.0077030121320747,2.189724820992569,-0.02969206746810639,0.4561399992250055,0.6620454045200462,-0.10118241941379556,0.5113323176920797,-0.12485501293375154,1.788115468949648,-0.013975747310097764,-1.0955513764232863,-1.922926806079313,0.6651482918814757,-0.1451132915202133,-0.19496322105995734,2.165563295759439,2.2990713469990682,0.9923967915663701,-0.43103296113489475,1.760275147840815,0.9114950400127504,-0.5550841754994403,-1.715419339365205,-0.48999069336822554,-0.575947030624016,-1.5707594296353322,2.969984780985055,1.3790394555720895,-0.28483098999102074,2.9994153930603016,-1.3285963721755982,0.3548383510144171,-1.5975783242224357,2.3130752311391904,0.6087864169833463,-2.0304183296706224,1.2914683821783406,1.1549662931146774,-1.0970487335120551,-1.5081508085772966,-1.977566955455592,-1.852491625086242,-2.413515714755876,-1.0606501950659908,-0.6769069121219147,-1.602323902980446,-0.4324756513436582,0.09074753801024432,0.553418705072658,-1.720199430890231,-3.9942723977461423,-3.395723580555422,1.0634879145637608;1.514645720964415,1.0349570725757529,3.3604484024640593,0.569046496522528,2.1159739947859846,2.46270576044614,-1.5526481608113278,0.5350446914615072,0.4487007713580642,-1.3883509523954392"
12,2.430462125039442,"-0.2106891250440276,0.24291518138258153,0.7118378903120683,1.2954195281709633,-2.901405129201546,-0.10564103358857095,2.6119036860553706,1.7370089766289571,-2.7160326751076203,1.2072275066429619,-1.9845278342338806,-1.3237846058072273,-0.6667910793655202,-1.8754295847531903,-1.5088105519397637,0.48381651479733395,-0.15892043666065436,2.3919279299728218,-0.8704683314765309,-1.856631067084743,1.51002290096195,-1.1235266748646193,-1.792227369577704,-0.9793659781929187,0.5470343659797958,-0.3696858025111237,-2.733277474592402,-0.012722389347871954,-1.394360547941775,1.392401537976774,-0.7490453481707926,2.427570993391347,-1.4256700077915705,-0.40802169439956154,1.2578298654912228,-1.9892164665102692,0.4445293517318919,-2.3445865224615354,-1.8896592699564785,-0.06680990158446998,1.8178562707455752,-1.1032300341718304,1.6334475196846387,-1.2561043043548912,-0.8850315437737618,0.7448217077032503,1.163806336826521,0.4028664028924879,0.4453501671052318,-1.2002483690875343,2.70299656786626,-2.389003218985151,-2.9534475792068187,0.3203208590065638,1.5422930031664392,1.196372939955899,-0.9745758585467255,1.0062058689890747,2.486338838984379,-1.358831458046822,1.0450207183004672,1.3546048442074758,0.47641034125290993,-0.10077296234223881,-1.6728475625220338,0.27619072064495553,-1.4388795642162773,1.035729931332381,0.0036547629849243146,-0.0550587966840041,-1.2346415525602432,2.620653068658089,-0.7181875751641041,1.1859420158443443,-0.8581476288321972,-0.6638790701516285,0.4605451003654639,-2.1361184157330504,-1.497512862044015,-2.352937932856406,0.21190212937471037,0.22764335313917883,4.468750926181859,1.2875811913060586,-1.919181097640669,1.4275237340560754,1.6524741630303694,2.905008148825448,-0.8261132175185922,2.1423056220801553,-0.5021536920338658,-1.274298183003584,-0.6611487474126525,-0.43177734568785836,-0.4358460816709736,-3.600343789962054,-0.29666643853342856,-0.412373587757855,-0.18725277126511475,-0.8448792156404897,0.024736962518192573,-1.291760252436768,1.1288539599022036,-1.1332713986073368,-0.29122078426893433,2.224053417674517,1.0774684393851806,-0.2017948593015216,-0.5743246485444244,-0.048643540459758605,0.32519523950853246,0.7130337114165253,-1.37027210035064,1.6850616158677159,0.869680223963255,0.09339220748998933,-0.6769929973503804,-2.3544267724908554,-1.5959540310044917,-1.4577425096336407,0.8085337950135836,-1.349770608722229,-0.5928822267207386,0.028637248638232138,2.2737057460286523,2.091713617675906,-0.12944214584229866,-0.5702866406864986,1.5251515933704205,-0.24415209412503086,-0.23623091496427379,0.44604676153085665,-1.7091493640963222,0.642770664659988,-1.724512749551151,2.6460101110051326,-0.9819169225222852,-0.6546440324430362,-0.3667006309381091,-1.207911954770171,-0.20366866261372757,2.7351955601092928,-2.2600041441855057,-0.18629952220636958,1.5174007019461238,1.2403100967332885,-1.3319752146490527,-2.225687065104763,0.2652094406741623,-1.1630144919613767,0.12558254169208005,-0.6463929012779356,-3.4643305817083645,-0.5445491044222506,0.1321444349284393,-1.774874027343915,-1.196770664372596,1.0002042080883586,-1.0771632690398587,1.0539645976581475,-0.08984912656935629,1.4289391019509803,1.6223987676620797,-0.83669322771018,0.39855040990100915,0.61115680272529,1.2151754916339694,2.657914240559636,-0.4529916839867627,-2.5925555138908885,-3.3800429391909406,-1.1566808525549763,0.7348920307953057,1.1076057619193223,0.21624396976817234,-0.022799173677511775,-0.9839780978899902,1.414324893972753,-0.8789832029618622,0.8984662389154909,-0.16918508596817125,0.18099982744577658,0.015616975682799406,1.238420847326805,0.36716370138179943,1.8801776785610405,1.8265503454446783,1.5325763425127163,-0.6224153816260447,-2.4199386785005004,0.6864577205595837,1.9382200051421061,1.3166248623022976,-2.8634670888102565,0.5395296658763711,1.0421610285273373,-2.2372843610322857,-2.3472757485607354,0.14613217348592394,-1.7452974161378993,1.4558879262558888,-0.5732240034404215,3.6395920225658074,-1.984141618200691,-0.6707152507900809,-0.3513473940237172,-0.48170583577274545,1.6064474724306566,-0.4752168711700829,4.431667490735209,0.42794193287642507,2.39546029807775,2.070058652218114,0.08891385055970114,-0.4728073812423862,-1.558965006494099,-0.6152183468607482,1.2834095122960978,1.2668937166993623,-0.6697449325716598,2.220178871784934,0.3431869050921075,-0.3976896410456122,-2.0623129326607073,-0.9916183653062504,0.038040535976602355,1.448140374941492,-1.0078912660533579,-1.449991239018007,0.8127591245266772,0.860893006455833,1.780792360569779,-0.25916417313403084,-0.2208153450712151,3.2423626046119765,2.2883654520961425,-3.4691435343476718,0.11251526967948078,-0.4513958837536156,2.145609459883006,-1.0423719555056121,0.7767644868103262,1.5408877749357512,1.7699238502432397,-3.4625289925864307,-1.330452881211612,-1.3807667050564723,-2.086523186370684,2.137538997545677,0.5109064703576385,-1.6830969166840475,0.7967126006105305,2.4841633609506655,0.9283856177021039,-1.6084119977101674,1.3130486053369155,-0.5113163763663958,0.8159083113902128,-0.7478283042552777,-0.28535769061147903,0.18428974758754724,0.5671526257505547,-2.2682661996529516,0.6540415838401494,-0.06756604280055203,-2.5766441650796237,2.557901199716225,-0.061555658997832,-0.3889978132569433,-0.06889346674229935,2.195696847280268,-0.6014590216818212,0.5991327185558745,-0.37927573272654114,-1.0550474086284243,-2.024823945920419,-0.5190728749329889,0.43872521429441175,-0.7202463773012536,-0.07707592472268282,-0.5280310915300666,2.0283164014599713,1.0358986657153038,-3.4275313987368565,2.4743507759889334,0.482089883114421,0.9926457833237478,1.8786240115705823,0.3629878564631636,-1.5276492627386078,-0.28089654459753094,0.0007868953964135506,-1.896060994413226,-1.89587361806796,-1.5127791166940137,-1.2411486256955744,1.1002231379247511,-0.38469979144448924,-0.27300679276410333,2.1252429282588325,-2.46866613390423,0.19392002872378492,1.71996844330961,0.5483142279428027,0.007325757605910657,1.5499655979444755,-0.4784247951801264,0.8317497149965922,1.8429101492703757,-2.179970005207344,-0.3333112739721802,2.534878334348317,1.5698936315788694,2.979590842787019,3.015537357125045,-0.2851003979939073,0.6382095814828774,-0.4437071542468267,1.003505503457769,2.0954270586723873,-0.3714089012560628,1.4357467425934842,-1.1858017547012218,1.4198671287020288,-1.1463324665521202,-1.0484393386071393,1.410032805053144,1.7194387557013329,0.6236949070522877,0.178253762950563,0.36170324344434446,-1.0355540061517785,-1.162820353223227,-1.4669194340377925,0.04745517710976732,0.5595594618810151,1.6813009428015298,-0.7142107259248172,0.871373185833421,-1.9192871278973074,-1.8231617205270843,-0.5919547661231679,-1.6236825740754193,-1.3978859636891683,0.9925494754209676,-0.8167649617199828,0.5641303143799867,-4.678309642391519,0.6295768877702584,-1.3025083015350762,-0.5280517713007775,0.7024408442255632,1.1268274608931708,-0.25570084375447893,0.1726097247639695,-0.56585025602812,-0.2730981478056737,0.21307932617816583,0.054618676864446075,-0.30319272960687466,-0.1276416900362196,1.57869415787275,1.114820425676565,2.0724570090536125,-0.3375038041629583,-0.36208598763077254,0.004755036431496079,-0.3297521641283808,1.1078696817397748,-2.1405215574615206,-0.019161322170025752,0.6331487757332648,0.462842220947131,1.3079944305784998,4.363393275569619,-0.6446978595578419,3.838775815978727,0.3616905959499017,1.254967269688638,-0.45382172189032177,0.03300598639966014,-0.008107933514211185,-2.319638458465244,0.4309645681546321,-1.8788766928679919,1.2590222917342446,-0.05048313817173736,1.1304868154868157,0.42809389314507384,-0.0018166279956948195,1.55187345911283,1.1500027043862153,-1.0106349710449494,0.24573600272609897,0.24517670897293506,0.8063591618411926,-0.6039429721420064,-1.6028371949399995,-0.2732321456183664,0.9641931682724127,-1.2188532534601935,0.47984959388749504,-0.8015733716841855,0.4041936342741673,-1.8353843006043007,-0.3111135915270286,-1.2163050367340156,0.7947210242902161,-0.701598030455406,-0.43683251078748886,-0.44623199291377674,0.6820354003628731,-0.3015761024324737,-0.19991616205297844,0.07218757523283774,-2.987007175844287,1.8066599328312114,1.178707040849206,1.6914028917097854,-1.4322409434430976,2.9232097594395787,2.8788262706151952,-0.21672333285014794,1.080313226221654,0.8244223198731789,2.087897449927058,-1.2763834719693223,-0.05786990960143701,-0.5435052463653116,-0.23884192065784365,-2.70653775336657,-1.2223319194694058,-0.15639251365199236,4.0549904665203425,0.8791116889237732,1.5972855886093702,1.4417375889930173,-1.9841603930966474,-2.517780552483105,-2.2583733735423657,-1.453904387863303,-0.06143476850417223,-3.764105338211057,0.2603461944478352,-4.217703851444627,1.7524842376711574,-0.8325481582146009,-0.509817917833087,-0.47853386865722936,-3.076509282393038,0.16161147543502513,0.7523745784061499,-2.1506389443260328,-0.3760506215869697,-0.21082511050693958,-2.252360815276546,1.3982781402241307,-1.8577464459911093,-1.1988959020384606,-2.093579968458649,3.7050819961091275,0.43779256901820784,1.3660274276216,0.06822052800342417,-0.059237568799300866,0.8326122165362864,0.3470474889014642,0.1571995873313308,0.19949991044792928,-0.9759471008741667,-0.8080597452378266,-4.704738152523424,-0.39671160145659234,4.389961249280219,2.0651721375691907,0.4056373885535436,-0.319612515717568,0.2218003422166537,1.883775383190439,-0.3160975955626061,-1.3952789547144022,-0.16035302945179142,0.2839367421690099,-0.10448857786833804,-1.0916337788752335,-2.431277610284604,-0.6558241231767276,0.06899848057005453,1.6381198964943344,0.9680070251621082,-0.49456017590292944,1.2423389316411972,-0.19637328172016394,-1.0538486678698353,1.0782708659630975,0.44480166772598256,-0.2260430976478291,-1.767205724130879,-2.085262137330464,-0.34698739676405327,-0.5790342678976683,1.830503388462868,-2.5869093939150942,2.2742049070769323,0.7795466065292032,1.94612610098141,-2.5723887240649272,-0.321837304639769,-2.590017648300254,-0.6500349902613058,0.847713579008522,0.6675039492865436,3.6014407904460626,-1.2540394980951253,-2.291143201331389,0.08757596647458418,-1.3020192673572804,-3.1009768731921894,-0.582162580512335,-0.1878943490353283,-1.9814285827443645,2.5485085596436785,0.7533763019365579,1.6347610409303903,-1.7056208891717395,-0.23516620907959407,-3.3682783472921165,0.20688713123495509,-1.3111022359628006,-0.29177591161129024,0.31139501236921896,-2.3340115564336394,1.7299325321608499,-1.4613118551243214,-1.9333355896546205,1.02821306690594,-0.595732686517934,-1.643936726578892,0.4576124165841726,-0.4083840282349303,0.7554767097161098,1.2742612552056944,-0.3868277774138864,0.7369502000339265,-1.1945409971860852,-0.7627028890244791,1.728739441727136,-1.496115311233962,0.13014578531458476,-1.7696211961335222,2.4032146184697276,1.7323345249921973,1.5146327048716415,0.6379100397684908,0.5699816226906562,0.6533189023805492,-0.377466072228724,0.4866542656467518,0.46010338584606636,1.7468509135562273,-1.244992453411458,0.09520014771417575,0.2856322426734107,0.14335994828683418,1.0463285748008464,-1.5229686938825062,-1.668981563534645,-1.5880477385343863,-0.5720506173587827,-0.4911383526663795,1.3325777498333027,2.8250914847108484,1.7147184481396587,1.415060100449823,0.9171315685137008,-0.2326719585124734,0.3559807605278134,0.9636064314484147,-1.7990345492036366,1.590840413557824,-0.49689033561962986,1.922032877857731,-0.49428527498343167,1.9728581351948389,0.47096002424090555,0.42812170006400124,-1.7627707036244264,-1.389107450999124,1.729839201521831,-1.001285332076871,-2.5859269188333642,-0.19867883004551812,0.48287274000868063,-2.0963248101200156,1.738907919091832,0.4747557286682268,-0.5773907611231939,-1.9813761413827817,-1.1429828237533932,0.32612135983443746,1.0506573762337692,-0.6450072165225041,-0.2813784234687088,1.955986208800677,1.3015555466235238,1.0282512619690736,-1.1536396254924501,-2.740778162840915,-2.2426053187375476,2.0362680509987348,1.4150582515928605,-0.21604978720271034,0.30102665430177444,-4.083708412663218,2.2339104546434303,-0.5741140155473561,-0.28809354631156237,1.011958268654045,1.2151971011782714,0.5365338796930168,-0.6057634757823034,1.2169607809936034,3.1512828314787966,1.0874814459261075,2.441463028765273,1.0074068074115226,-1.923319826602439,-1.0904805956254715,0.13958974721935108,3.0606703548719287,1.3609317051827574,-0.3929227436562663,-0.0979058945917643,-2.8435732130387,-2.364278703323906,-3.3552610630195367,0.9464246008173967,1.2808735415831085,-1.4755791476122875,-1.6281615907069846,0.6793679017436681,2.234396292985979,0.9398763557267262,0.027303265617610928,-0.46952278301966477,1.3800911117720198,-3.10196654909096,-0.22184247591338682,0.5819069806697026,-1.86457816458103,4.355616628647287,1.721511892259953,0.600443086231099,-1.843868480186637,2.56090025379696,-0.2752187832187976,1.896885290698307,0.06298375898837408,-0.4372936711098196,-1.2029166284804285,-1.1109529124467996,-1.573496741570134,1.0290139937479137,0.14442382392888573,0.15049907878594665,-1.9112673350577334,0.3309192354204844,0.20129381420636971,-2.9588321616532687,2.5717167783971817,1.12871260245468,-2.652696063909611,-0.5848509924501057,-1.1390769812245913,-0.9050951638138326,0.7616331667084236,-0.20868981180259216,3.0605672907742423,0.389922444457237,2.5065564310472905,0.05924954564254037,-0.11925122639780135,-1.9558207268902397,1.8011052119443036,1.4934760545753873,-0.211927121013694,0.430770103591391,1.0214472455749801,1.1132325831220287,1.0163928845858514,1.1818597714003682,2.035492041741326,0.1807180455403123,-1.4420467534653674,1.1926499439094322,0.9967042861602519,-0.7289793678055912,-0.1042563277807033,1.4536705861884691,-1.3272168846515682,-0.10969057361556825,1.071320254736178,-3.0207387357919253,-1.079256869331916,-1.5816114253526323,0.07163996791615512,-2.2109122279995566,1.3215578829478478,-1.064861107172077,2.5547095321608166,1.563220038706632,-1.536033509489325,0.17659308708689664,-1.2005289499239702,-0.21409710856163028,2.0288628794538734,-0.7336375513779716,-0.1953777759681507,-0.14959826088434097,1.1996049232230162,-1.3942590616115187,-2.2368521290938985,-1.7038131043777964,0.9975378059758705,0.3310259492439868,0.6617706528854326,0.23639244224335107,1.424925709021954,-0.17743504187647471,-1.7021982496468282,-0.8952855412572579,-0.04151451234807724,0.7672165302792101,1.131039234899095,2.6799412232195574,1.203966195578501,0.6516591768695992,1.8412264015560966,0.4423069485856832,4.153999811836414,0.5255313797198801,-2.998052889777344,-1.4537296182428883,0.7099055515226408,1.4059717644424217,-2.0174037759946764,-0.030641386923905056,-0.35531280551527644,1.4046766132783826,-2.11646022327289,-1.7959704820641247,-2.491177595117047,-0.3580310801303169,3.6248562465106136,-0.041566868284449,2.49699085425265,-0.2741306836681129,0.5031062793926209,-0.8489237892555243,1.0073183736500666,-1.4337444468218152,-0.9237224218266191,4.604299265184131,-0.06836516262068904,0.17924763689040168,0.45627222970945946,-0.5663940476649791,3.0531084618157776,-1.3122679553291632,1.9137367792186577,-0.732533855699802,-2.0687760400706683,0.6107005743037834,3.54858193753902,-2.0666154060659765,-1.034842481732027,0.7601953126372387,-0.5568622387791635,0.07701756922628403,-0.8015178732203128,0.5484323773649115,-1.8590541106558556,0.36863687284212354,2.544994705441304,0.2782536872025144,1.5456537223373683,0.5149522106236175,1.0871166866341195,1.4145776520521218,-2.5832475823680094,1.1988160993800456,1.8079485690452262,2.632055459357287,-1.8179109066337038,-1.7621707236019284,-0.17211332842675087,0.5347831717862519,2.3414097163698115,0.35756976263386164,1.8129740869856201,3.0800065217208275,-2.3351285954140653,0.23692644457351913,0.9668483794757275,0.7924181934726874,1.7813595329840333,-0.04819356106361561,0.6036452411490603,0.9288099453716024,-2.0445431761439044,2.6877207702267425,-0.6739073442136929,2.3221975676588436,0.616298457362002,1.175377603533208,-0.7112592531592303,1.6600136541238044,0.9734197664859862,1.161888548257661,2.280165423509174,0.041430005694989225,3.054527262201518,1.9913690755861635,-0.09307924057950956,0.7444094019292447,0.31440684980963607,0.4950632595073485,-1.38405291218669,-2.274527597961651,-0.10191940298770769,-1.4119453983694852,-0.5747536364009119,-5.061671891055962,-1.5675212613355778,0.19062506311289917,-2.122120389245556,-0.26653834918512054,-0.10459156849311424,-0.684771261147768,-1.7552572313074881,0.2005748452814708,0.39174199639331586,-1.0088691588872178,-0.15642307020786306,-0.038570021586736,-1.1745001463916522,-0.8575574284469115,3.4935935138729834,0.3091439352687996,-0.2341120843745172,-1.564688906896762,0.6755364118028632,-1.1990351297189294,2.595496463927192,3.066436657924067,-0.8719696830695932,-1.7208179596789162,-1.2099724909705856,0.6506906714613517,-0.053535466256353414,2.3661635958110754,-2.442501748772122,0.14291017454005778,1.6266424655082996,-2.595710158607409,0.17704385269860612,0.8088819893288496,-0.2630458434993077,1.2147913593896495,2.4369640995417887,0.02499734414164395,-0.9529577501303901,-1.2711242007201586,-1.834842224530397,0.294236862341523,2.461865738453118,1.010248038262732,-0.18499559904426688,1.4138753740212167,0.12393955023746728,1.9836572753097712,-2.2059764157383697,-0.7165723718709749,1.6518723446051495,1.2171545502153456,-0.041856714464349326,2.0885341534454565,-1.0478900237213051,0.903771345486275,2.207012436618086,0.42580854280963976,-0.03365931778493206,0.8300838745968901,0.1901136407254453,-0.1749670513863486,2.557314883304945,-0.5835609921793729,-1.322768892582057,2.7532927500168385,-1.3208401428025958,0.33339570496901083,-1.5017335585962213,-1.6074938236439995,0.5832731621718003,2.5893630559735064,-1.4951195282775576,-2.5341100159106538,1.9349691798715791,2.3373987335651165,-0.3334338969311812,-1.0427628414805727,0.05478329830231186,0.7066892085017565,3.374714103339464,0.26304424658260284,-0.016804215974577562,1.3541514198607552,1.9068459274346843,-1.0319289316251075,2.559129069101476,1.1678882976910008,0.013374863060179931,-0.6569745296679547,-1.155748454572044,0.9724562790849034,-1.1795918802643794,0.14822307302005855,-0.20889718804434804,-1.247324560888869,-0.5332647350879536,-0.23600944887878916,2.8583589019111213,-1.1090099068821742,-4.367775844110257,0.9752393413248954,0.3772926824047773,-2.244421426503041,2.1886489857871156,-1.569494322071778,-0.3790512207064801,-2.363814625707842,2.795128439998762,-0.3417039668182425,0.19183542614693805,2.197266251504628,-2.128510773800473,-1.995418964655759,-0.15065953231360674,-0.5536102947065463,2.2928369213014337,-0.4263463617127652,0.0020872756275526205,-1.9081856049035237,0.8672385593561582,-0.2741484130181703,2.376609729755177,-0.02424496980940727,2.0701991832669355,0.90199319505407,0.6089781825264106,0.8823390697925504,0.8360866002784606,0.6308314553863905,0.5839549136132713,1.1994540047131403,1.5179690385265867,1.0480814660726383,3.2398474601899467,1.4453072015978232,-1.252755099927565,1.4896073098195481,1.4325269028671601,1.0699393285178112,-1.5117757655009372,0.5287591116777839,-0.8331681866257081,0.04968765605252423,-1.2953143642983145,-1.0650872249851284,2.804272510707806,2.931541291858906,-0.061493608849214954,-1.0601414900138517,-1.631323802523514,-0.5686488247121974,-1.610998220563198,0.8399539144390448,0.01644991045757603,1.8705215427920656,1.734270951751438,-0.7778674426998577,-1.9261671200495938,-1.740301614310749,0.3572570173843597,-1.6320888473167336,0.4407628919181088,0.6521311860114254,1.2107511366122117,0.6615425086145801,0.7927717250408526,0.1794772486826568,-1.5278722247965635,1.2194985247891954,-1.2106749389690827,0.20227344365197686,-1.652228562077707,0.33411205008394845,-2.0507859893076934,0.8822479401578488,-3.3622881515252425,2.015538643737183,0.2146306585290736,1.7231588994206262,-1.260696664250955,0.7544250198731649,-1.1741470341481828,-1.2675355960125858,-1.3475531465004278,0.1102368883434538,-0.37535039507270773,-1.6693774985236918,-0.06679024030621088,-1.6386433289974742,2.833898873851909,1.7271746873781633,1.2376466414797263,-1.9450588284445955,-1.0011546399530804,3.202634289772757,-2.866719870290739,-1.726714904834363,-0.7589698847486115,0.175007582065867,0.4620773470682218,-2.2008119688346928,1.8761119366032346,-0.07245729791028266,-1.8938113038888973,1.8702954362575517,0.5402247326699431,2.168812992554371,-0.4363954189934409,1.9374679201378295,-1.2123670428118631,-2.118590321716466,-0.4414680078223525,0.05690914254355928,1.4291670471574163,1.7910305524088492,1.773194708490284,-2.338847508084447,0.20077561613568168,-0.39813171656419394,0.5796994535532284,-1.1638271885964906,0.33966183046877463,2.4874656559866763,0.6873826908942838,1.9996555296688354,0.6784093717259762,0.5870187215728275,-4.17832511031985,0.44968537272829434,-0.8820153283948579,-1.8653726411853628,-0.10685240533997534,-1.7657966436358887,1.1617547579850487,0.08671631934596652,0.5393443871184271,1.8514487895621663,-0.11337396504255082,0.06563465200022134,-0.5630653275108698,1.1865641021163416,-2.474489199271666,-0.10629177917106569,-0.36407678328041515,1.3081956931561702,1.0643526296775414,-2.17723597636918,-1.1077282809120717,-0.22159088411727018,1.283279651195078,0.6183649099012885,1.151778766726644,0.8980981178112211,0.45848654246536474,0.48887305284292437,0.12658808157902407,-0.03154238830661704,0.01610173970121461,0.8529545549901186,0.666916084797299,1.5105553281320334,0.6086298130111973,-0.04076330690240473,-1.5441409701157953,0.5958438249267015,-1.4558117673731472,0.6154196672288115,-3.0919550342986026,4.14730263235341,-0.1860430375594211,1.3489005705387305,-0.9814216616780039,-1.0403845144528714,-0.5017608310931096,-0.9919505813972982,0.47186572379473235,-2.2713076561648227,-0.42429842357187314,-0.9547289057121597,-0.3944039404725313,-1.6548393484088755,-1.6011651525481112,1.488615079584386,-0.9514245168504003,-0.10327256386254713,1.60535938515081,0.642436513214044,0.2553470879574481,0.941872642119772,-0.14504768778943034,1.2473968046026904,-2.3442471692966023,0.1981691059210453,-2.568554610458685,-0.1803881689422187,-2.0566198503582673,-1.2765075904673295,-4.7380593607254005,-0.7674102822507094,-1.600560393686759,0.2400546407077851,1.7428824877726357,0.26630638841317417,-1.5157365330069403,1.2178093370728513,1.1077193409834294,2.5034736927966166,2.2415489941095528,-0.6879348906447064,-0.7965730766034937,-0.0655569255289265,-0.8933625143669612,-2.2127746484756647,-2.858317388146575,1.3429820288465062,-0.21350818509082892,-2.597351178028636,-3.9541578395395334;-2.4255154539102857,-3.6142013650641736,0.6957915141412465,2.367133254404863,-2.5346196753993526,1.5885512593129913,1.3827871001334309,-0.9628423604315077,-0.6280466250630687,1.8077297893879263,-0.6232638781644864,-1.345540919815972,-1.5017489071821026,0.1639944375970549,0.5216525891248793,1.0394978978011022;-0.46537202271375205,0.596864403925907,0.3776974827691116,-2.539807045383356,-0.8126967793258553,-1.8348769022414781,-2.2216155380211915,1.84679067808654,-0.6084154241858226,1.1246749119838686,-0.1335223461727032,1.905364365343637,1.0637081152187877,1.281369676089088,1.194824621301008,-2.519719070103358,-2.2047624196190356,1.51086574593474,0.1227856749889681,0.3955687856277484,-0.7029177407940144,-1.2079613840993284,-1.1931239469590817,-1.7211647605990552,-1.7646387396657301,2.4552982406397272,-1.7031692603074877,0.9778896621549875,0.5692088037707482,0.6128406054325337,-0.41375956118329515,1.8260134430596833,2.0682138314412786,0.22507358308724187,0.13114153919890148,0.46879333760757763,2.4915788477233938,1.3259738253812383,1.2371797370549702,-2.109686591033867,-1.1423171983319382,2.4143391677564816,-0.3835714243835465,-1.4285088401561519,-0.28099416876034433,1.4325008382725533,-2.253699164621437,1.4750215811672434,-2.1888599566861733,0.5173726587414884,-1.1653569873968386,1.0691423369541373,-2.2375569718579715,2.26483659234386,1.6735476097764963,2.7471185752695804,-0.40535417644449573,-0.5411952314824189,-1.1525049489468426,-0.5384099191276503,2.0777891223990403,1.879650851678631,0.8599590967013399,-0.6627687471797561,0.8310022979402473,1.3602095302056443,-2.952690138554042,1.557165857063731,2.9621907268593155,-1.388868441217292,-0.5761133407605729,1.74676321488344,0.3374522202779319,-2.028856710781248,-1.436661104426661,-1.7965426424035182,-2.414157177738919,-0.4214418785752772,-1.0222605754827265,-1.191284412625273,2.1823198553170857,-2.376136715803789,1.6060816266587739,3.660488223437497,-2.298869263624501,0.19762564885980405,0.7476198331430476,-1.365982107104563,1.278536219922292,-1.7236949379962876,-0.8810285368819014,-1.4712976803743083,-0.2134908125357327,-0.020992938900430774,1.381541827120813,-0.14853948963748956,0.7959268003153728,-1.364073535192456,0.06097872801150139,0.5173451184943215,-0.8414016420763865,2.6487109765002823,1.5694239942750536,0.3390241243596801,-1.2872028121793415,-0.6586123071389223,-0.4947594144269022,1.6800550901018978,2.901257541036106,0.220326132289432,0.524075551458677,-0.20339191647302735,0.1278042208382597,0.8021560463976024,-0.054814483462469615,2.4704929742041584,0.0902838080920478,-0.8088715340745228,-2.1595128904017282,1.174531468723114,0.2675118836522138,-0.8163873940245381,1.6702424259729982,1.5628608307134129,-0.25541879339432616,-0.011532163483719007,1.6658538136761132,0.7454873911205564,-0.8063700261575988,-1.631320743720756,0.21219501425095777,-0.18313291275446805,-1.812107747977357,1.3319906734019846,0.917593309079956,-0.49768398936536684,3.0447589690011325,-1.0342397296804002,0.25540673415769,-0.838170907344872,1.9115622162657981,1.1178267518648708,-1.537260992593637,0.3304130780536919,1.0662197411760554,-1.7496967103276835,-0.7530994204310879,-3.007309333432543,-3.050222688519249,-1.5844268333828582,-1.7440065247922056,-0.7408988009426009,-1.2847715466205012,-0.8043264314085775,0.4490139493903567,0.6575121623776754,-0.6125688869331424,-3.7304397710836055,-1.9326761543463402,1.333267748160135;0.9595158811279306,0.664063946396059,1.987356568126029,1.459141849833979,1.1475040521664899,2.836314816884176,-1.1738625750913296,0.8863469377487728,-0.5958733968105256,-1.4025626207767012"
13,2.409081438498616,"0.819586656324584,0.07409899746344104,1.2326908919636765,0.997100572985427,-3.2442801758074067,0.1826334704611726,2.9965109658942377,1.7746916326365605,-1.9449612683831359,1.833563570829227,-1.4250950062100847,-0.05391791272037916,-0.41255900534116907,-1.6141287637213368,-1.8510992054581537,-0.20546663329631276,-1.0013319578507265,2.4790327148530826,-0.552981592031548,-1.3980548497433398,0.7185254699803629,-0.4321061857704588,-1.1667765062940392,-1.6581911926972817,1.184374534415518,-0.22752201118996118,-2.301428488054025,-0.0666289352695476,-0.39869340019872035,0.7127477722642832,-1.2441624581362976,2.2854052194219747,-1.229773186485806,0.015421827716921077,0.26246505237370016,-1.278808016638186,1.135617989750695,-2.044396315523958,-1.092911754817991,0.05921101586918187,1.800097752189339,-0.5524322243094834,2.0475510613071903,-0.9076063392118914,-1.8289328783979193,0.8790965167905105,0.4190412813824098,0.7570661537643817,0.3529127558346264,-0.47063745833946136,2.777524505699477,-2.809418163496536,-2.3639518907823116,1.3577014100288654,1.1032154135156718,1.2915139227018873,-0.9756192119984313,1.060834771607341,2.642014513788893,-1.2778037845759767,-1.0328006657685427,1.3704650075196159,-1.669375316943515,-0.8390901267718249,-1.4223927693446743,-0.16860114447596827,-1.2739397778985422,0.6713057317120772,-0.029451428246857925,-1.474119369223868,-0.3155089472635955,2.1670913354465564,-1.3775166779631611,1.2336124767185115,-1.3036952646952717,0.021676269124612554,0.26305458506725593,-1.7353740655997265,-0.5309623774981331,-2.5060936055491196,0.012540760324562139,-0.1492352486443414,4.726817990671187,0.25109432281264255,-0.8312355599137461,0.5259045503339654,2.397165036670871,2.375478747991166,0.37910186083795383,1.7403696266608895,-1.0068972861615466,-0.9011839404033543,-0.8165183707112492,0.961457890435789,-0.14823789365246492,-2.841163187327843,0.1874242066407126,-0.7312478485567416,0.17282212671096486,0.7449418748516848,0.4138416385945161,-0.9224784734123908,1.1765976177637365,-1.0223839939112376,-0.5688041067958209,2.483229437226744,1.9594097471742304,0.026765361163353707,-0.7898624569705462,0.23847131039830485,-0.7534527222186231,0.4613749302998591,-2.158394804082965,1.7186940428808155,-0.24567375362825586,0.2847223513663541,-0.8730214337916042,-2.8386914763147724,-0.6161836214539904,-1.4164272026895282,0.026320711588885937,-1.4946815885040943,-0.2686865609913106,0.009889693817759171,1.0416565967193305,1.9567824905983744,0.028424875756702356,-0.6459351737861233,0.9731915695868949,-0.3301605960912094,-0.05087710866707751,0.6390100312503509,-2.0181078223534112,1.2783911047043282,-1.1340588743420004,1.9686933630347743,-0.7604534895303985,-0.24608719916198535,0.2351569649135727,-0.8680436867752133,-0.1860250368060532,3.0435056303485406,-1.999847005707863,-0.02340245728900442,0.05509069469847638,1.9332742118945505,-0.7241994299387977,-1.035627808871487,0.7962640774592081,-1.105057422624406,1.213944485679374,-0.9873474258334116,-2.9555746771067604,0.0638268236514403,-0.5253049983193303,-1.0683001548640627,-0.6782050635490217,1.4370351068291205,-1.8323188356627438,0.6950416846094164,-1.0621512602839935,0.48266278778438665,2.3646429045104025,-1.7761777884028733,0.998020831634447,0.2010226809100098,1.2002822839444756,2.6663075124393147,-0.22793064082708167,-2.345010962825028,-2.758887121567005,-1.7034899501982523,0.22118698491046418,0.1668666851566572,-0.32546283705530044,-0.287428678296976,-1.7182851675598878,1.8021188241005779,-0.04395886042492794,1.639901616599313,-0.0038526635881199756,-0.9614595337767562,0.27595401173209383,0.6374333958525931,0.28555792728582274,2.16786849523367,1.4749704519566555,1.0359349504320496,0.2566618972114821,-1.9308904727891627,1.2756985883635283,2.2659934854513706,-0.1865523603300045,-2.9342098249132023,0.7629138701629448,0.9236862516518513,-1.7424324770163404,-2.6521794892724024,-0.6995838522611033,-2.6106533864582437,2.0848137554229718,-0.027568360523352944,3.6389045540564937,-1.949017530950804,-0.5263948744574504,-1.1704834780110334,-0.06995490347521222,1.244205132720376,-0.5145637197444871,5.518867947482686,0.3940465085658906,2.2248016566978506,2.342654713864877,0.5902996128593824,0.23507140307134483,-0.3395729053570414,-0.5259428075683218,1.0136207381527147,1.2155894647380885,-0.06321434028997994,1.5965644191939175,-0.38949591608020595,0.29997816479002415,-2.270594052565447,-0.6148330831749576,-0.256262893863106,1.1356721842146666,-1.567630498546823,-0.8968399548871171,1.163977961987915,0.5738215568933784,1.8167534529717224,0.551534899976509,0.48815125546109756,2.5723790688518875,3.26588473329976,-4.384771460712056,0.26903993766992174,-1.631751636815981,2.7394014759631005,-1.293663884547907,1.5206423437632723,1.7693499425228305,2.0595316206338334,-3.4337329158645393,-0.40251642958726175,-1.1407596077072988,-1.893834868608411,2.7520688078294047,1.8701565505647681,-1.023978781014864,-0.20824533406280532,2.1597637351170222,1.5492403489227242,-2.217029098702804,2.8403402908923447,-0.010310051142993798,0.5076419335348912,-0.46231660767001115,0.10776677748364444,-1.0177777163568162,0.01024433956982318,-2.638764506233259,0.542308448139256,0.28909785032040036,-3.1978428698253287,2.245865603960341,0.6951259494510347,-0.44155196027894894,0.515923203754912,2.32455820888118,-0.3690623794929836,1.312958321486097,0.03956018567755315,-1.2707606119055583,-0.791636736928823,-0.8325903965500314,0.04324570410133638,-0.3642812402633912,0.7388455149473574,0.13147667084156,1.8686160960045282,1.7865798983580072,-3.535976106280329,2.7380770089040123,-0.06797266735362814,0.4487883025644326,1.3349983478957848,0.7918999168988323,-1.520983189575014,0.11320815877632945,-0.6766636991919095,-2.114194662356079,-2.2581493524295224,-2.359320862821566,-2.7024901955815457,0.6307242050003153,0.6209864237293424,-0.2569556578582658,1.4476603676214288,-2.7357771493442735,0.41036364533469877,2.0686414936138675,0.7120823369964829,0.03707630529137887,0.7487626613517674,-1.211392716424923,0.27031770636271923,2.199114946953903,-1.5960653826749265,-0.7910765065695219,2.776451005095058,0.8759821349324758,1.8722995117208574,1.7996418665679204,-1.3236821843599553,1.1035741882986505,-1.0519979913431008,1.1546920064644157,2.407585658367987,-0.30294917763026213,1.7245175816477019,-1.5956016389781458,1.492841762388999,-0.8908940465879175,-1.5989814180941755,0.3004184815909028,1.4078889545060962,1.1427465425324261,-0.8771712594255037,0.1910919006480306,-1.1804276387487949,-1.5373541751350857,-1.5495868070894474,0.8276959721575924,0.4579472351281667,1.8518772840347175,-0.8514709723182017,0.2867961577643844,-1.3818317505617987,-1.6699259623238252,0.5455049701859572,-0.8948361513378594,-0.8033203794347449,1.3203426864649703,-0.26770640291195213,-0.6573705670606037,-5.352801998971268,0.08699224108202241,-0.5548123056750525,-0.41893761019346415,1.2011161733552465,1.0801735771775691,0.22901650975046595,0.5266831305272354,-1.068495979835999,-0.42036348027078213,1.242991147466729,0.17142283140063175,-0.5792321525700299,0.2502412131604877,2.7181557441399775,0.714224998103056,2.5543286945720207,-0.0991227725294466,-0.908296200473458,0.49524050337780323,-0.2913967598176819,0.7552777005226284,-1.9415721873144351,0.09761997307978154,0.08591427735198373,-0.3325690821635812,1.0308614909842695,3.582326772066355,-0.7525906598020596,2.8390173947722075,0.2163783758260142,1.9285433443873128,-1.264345361277902,0.13647052192971565,0.33813195180689004,-2.610398968810747,0.1492357768846273,-1.5571688109239543,0.7889404232623543,-0.5548817763198686,1.6222292058414576,0.5503193533952403,0.6403592127974663,0.2254192272012684,1.3622511714600025,-2.0942410460552456,0.35388061328776826,0.38088467867467757,0.32566164027637745,-0.6120311964945913,-1.8532059340953286,-0.27059053220384705,1.8286357432016183,-1.2419203160536416,0.8148319121326917,0.6923734992847783,0.23980865568338086,-1.0129155913506596,-0.924046459390527,-2.0422255925743347,-0.5673785081478835,-0.7437114594581593,-1.2979041070343378,-0.43400798282965863,1.182513699131089,0.8723295837405988,-0.5243607396949355,0.06639008809955374,-2.781359045484343,1.7014481133533774,2.121482756755098,2.199891542984921,-0.341663409118079,2.9485013800364466,2.770181665275519,0.0634821285888945,0.865077442094579,0.5278953641202285,0.9791874457365694,-1.2798953843491794,0.7617830032663881,-0.9810268963091471,-0.8642586027930059,-2.974692342409655,-1.7213929648005053,-0.6408232596554192,4.368073880773253,0.3110620120037716,1.7337599833687254,0.6630055225625369,-2.4494893866244722,-1.161154721745851,-2.2898156901050224,-2.0526139636122944,0.12437612890725158,-3.3062940687562077,0.6156810417703312,-4.088534221777448,1.6268727178171183,-0.08269944263263723,-0.5313777472516454,-0.2640320958881812,-2.677431974426743,-0.4382778773352316,0.05025965227312593,-2.383741057978427,-0.427933424798165,-1.4991061646100947,-2.537669678947648,1.1479503837036693,-2.188633709823315,-1.748216777547991,-1.6163829123182394,3.211780422536937,1.0712746711432055,1.4808447074857245,-0.7555911715984173,0.9273380959626472,0.8377248544089325,0.13830703500441702,-0.2788685555771295,0.06279794683439677,-2.276090879894464,-0.5856258524363993,-5.181685277833841,-1.1112839322917418,5.333058389626858,2.1407188142071503,0.08586987253348954,-0.6555202543256718,0.6226950392921169,1.032127005010694,-0.9619958802879728,-1.1964455603412436,-0.19445334340349452,0.10505303010912564,-0.8346573455560068,-1.35860001948523,-2.1804108522733032,-1.1320894226341733,0.9366953138842347,0.6610659979390396,1.5185874480826258,-0.3232787036910958,1.7647492602603172,-0.29694296988544333,-1.7522285126568145,0.8312180671005349,0.0678250565720564,0.579469578552087,-1.5304008187316496,-2.3332239629893676,0.2911590145463143,0.10341562250426553,0.6142313773054459,-2.098246685244923,2.0067788589891284,1.5892503157479954,2.1305496978530236,-3.3507942688079764,0.2868810466610811,-2.61530088110472,-1.2297882280659977,0.7896668664463515,-0.04827594920375505,3.6027221823980904,-0.9265959451186333,-2.041836694807649,-0.6863249239386935,-0.9616434387735875,-3.2247690606001767,-0.9191082444693004,0.6522003629123696,-1.498252519078076,2.3402509786228176,-0.2676867550742421,0.6804377469235483,-1.4688115048926575,-1.011876225167927,-3.639457891501714,0.3819390880998472,-0.6024261498008964,0.24234199332709316,0.8911020866830932,-3.023951272976851,1.8905149166944928,-2.3389864958144706,-1.8464305575521571,0.9854268934741679,-0.9267947828427341,-1.5182677963664912,0.13785045938774693,-0.8238840943915227,1.2652281496968087,-0.33250338850266825,-0.9326243223961231,0.9614821578353737,-1.5550635870257852,-0.45324438696749925,2.4392407665721594,-1.4665733104463285,-0.5976045208890548,0.3873300987872774,1.3902723855619774,1.620873546442823,1.7051767950800776,0.40397827097841876,-0.11424712894831623,1.6939955647512384,-0.3909322451610776,-0.08262327887945509,0.1472517597360729,2.125164882820419,-1.1144296006790593,0.058383989874059065,0.6560542666699392,-0.904332639916025,1.1023415845376792,-0.17597920658356703,-0.7375485627983471,-0.3846575705068116,-0.5341945609816485,-0.6376490871619591,1.7212390507819186,1.8085921037068033,1.2840498382014978,-0.236810271388179,0.9225973158997305,-0.35906257096994076,0.2051919634991895,0.2682949370871122,-1.415246596412148,1.1940047713695168,-0.038447681322683974,1.9361198032432516,0.039639487501842735,1.8133603123487256,0.08586272557792639,0.7436454449444238,-1.3977520297612878,-1.3568453248738543,0.5244749089892706,-0.7455396958922139,-2.13487695942866,-0.6909136019862786,0.5085303183154761,-1.4183501986818612,1.2719045027965805,0.40412559520593094,-0.8883809037507968,-1.5531697414863548,-0.6447749979194489,0.2775443001312616,0.4397198079010225,-0.19144128186434883,-0.5710690132486713,3.3634829525190364,0.9803451215333541,0.3991598821079662,-1.0696789262115383,-2.4915468894005763,-1.850150606654209,1.5100423260992915,0.9204127301865681,-1.0837053450372038,0.45524940185789675,-4.1828296821869,2.846864248044733,0.07895563381339446,-0.6002731112324791,1.2380239800820947,0.19084097007682121,0.5088679702106651,-0.5881895408933216,0.5974880535125637,2.4989642872325386,1.4205429042376174,2.322669196667446,-0.25533391819592344,-2.1106269356407923,-0.30678858241656903,0.34741324857065503,2.6097017906101097,1.143843767409795,0.5702197417629825,-0.15386782251736886,-2.217454381178867,-1.8403555053446732,-2.923921762526908,0.6790178442674849,1.8603768389020305,-2.0012472888638437,-1.5239619876165302,1.302078098175778,2.5148030312060934,0.40209599479802166,-0.5698466896180373,-0.3250032989772923,0.6820298046832471,-3.4355846564018626,0.20555546563486932,0.7808590015068175,-2.4764068034359434,3.5747500629865723,1.4814444547401293,-0.7816197544154098,-1.651042235026706,2.6543719723966666,-0.560332961935191,1.9145622538580958,-0.06916500621181114,-0.6909052533475497,-1.0401911613325348,-0.7455085635405363,-0.042098614507432686,0.3379921214055298,-0.0667772871673033,-0.04546185608724995,-1.5206983556241414,-1.1150635955549797,0.5869355407355079,-3.0336729233375004,2.294068830939685,0.9008210906358253,-1.9183285251002882,-1.0512722017500908,-1.1774521803855982,-0.7563377079732386,0.08828310552047086,-0.39736989233250875,3.448176181781962,0.34999962248483574,2.1732748697261393,-0.2684447125250683,-0.37082855318954283,-1.2441075124870478,1.38813206211298,1.1222759469866816,-0.32628573396176713,0.9285888999913482,0.6519191060150666,0.42998002703354343,0.8193561376071847,0.37741566962878104,1.4483485223833823,-0.14217619895983868,-1.0775474491097436,0.5442515649459626,2.173378215045103,-0.34518973798691793,0.9565180188487589,1.221065000297828,-1.2023125311300993,-0.6200523322710849,0.9418199668813051,-2.4231214663028897,-1.2131179317278147,-1.0159673201266353,-0.538450855878621,-1.7231498482897853,0.8054134362254485,-1.3610851379628934,2.5419182613787217,2.498271981632867,-0.47925883825956633,0.8436137742188902,-0.7824441045811954,0.31704387862221517,1.6211505978697076,-0.3247009668915205,0.06494786410626067,-0.19207658637545055,0.6346181260445034,-1.5796131768875226,-1.7235168620966737,-0.6081813299552766,1.8585223972044016,0.27369716306810976,0.6159990767794039,0.2724795712901091,0.6780646274034603,-0.1858626858114887,-1.1753758931474751,-0.6887419229661547,-0.5687278511773379,0.7829459368805112,1.0311891041069872,3.0211830739703145,1.3313949830424099,0.5138278432708817,1.6471649994488662,0.6210935671943345,3.362196847631633,-0.11139620085019275,-1.9392372926230363,-1.5536864737311538,1.025420179236559,1.2525916930413095,-1.5850499268373048,0.7293747127430636,-0.5563632391912212,1.6710688829805191,-0.5344351578426477,-2.116101590469025,-2.810835580983189,-0.7780479414878761,2.8270682941843956,-0.41323308436238965,2.7661183503676634,-0.5761705237510408,0.6205320997005049,-1.527007067400096,1.3637162497492334,-0.9594598675030561,-0.6408237387510555,3.77465702986114,0.6377552746293774,-0.21836604624744216,0.31812343599302995,-0.030134575828862753,2.792052166226134,-0.5472248580398547,2.193703244957466,-1.5715587101731339,-1.1232737476015835,0.8613013757056146,3.3459278438592506,-1.0794515925542578,-1.6136725913825802,0.8427849720792598,0.2476596538769812,0.20805485285548378,-0.8448360991577537,0.44549560281408007,-1.5026388223587668,1.0389630499294067,1.4577328725265688,0.20572979308786332,0.7665382681508086,0.986894656037586,-0.22671756588440112,0.6629576855509794,-2.7323930711636133,1.378483386119524,1.8161582211345337,1.4372219721959831,-1.8588889175338799,-1.2439127434194577,0.00958604934602722,0.7535202129707423,2.306170164955864,0.5126104623429882,-0.43256564878369186,2.1463222385775333,-1.6697808146913693,-0.5795878430923614,0.3329341391048296,0.41590195413014946,1.2496130201569837,-0.2815571522371195,0.8782185967831934,0.9983492593736822,-2.1655255073158575,2.328407434491926,-0.4736811378216884,1.452747714457308,1.142815050893557,0.2443389561877698,-1.7421295444737668,1.8322461124449352,0.8150165755432868,1.2000198455983095,1.8441924249719683,-0.4254082488047697,3.301689214953125,2.7475770660638545,0.5530920322142727,0.16206925895290913,-0.09691565293333193,0.6567226559676516,-1.8166624313926556,-0.7211856254648332,-0.20123046097957903,-1.2143027780142563,-0.35414634985036525,-4.613065550441862,-1.3185307632189733,0.4270780133949905,-1.4093321822275744,0.8872319930810398,-1.0743294654341917,-0.01286729735679154,-2.0126781307766297,0.39034674257328456,-0.6743173819154379,-1.8036951108453678,0.4154599334727912,-0.686343662081033,-1.1849784588904582,-0.9800261678106177,3.8909637942764004,0.5643034569004232,-0.5919599495822081,-1.3085524381183218,0.4405725591834391,-1.413977886176751,2.5864918097268506,2.221904575133284,-0.8891755876942699,-0.5486130432656675,-0.7335739440473006,0.6440858818202331,-0.8302249383680493,2.4024620736410305,-1.696999436195165,0.6242570575068286,1.8351124842998325,-2.5657750910756887,-0.27796129239917167,0.2026936681157233,0.35188042642979633,1.3059012071080676,2.7033584838959226,0.8915240923495995,-0.9179861111327126,-1.1297936440367402,-2.234269401437948,-0.47033921734990874,1.8900289254748408,-0.07049210078304874,-0.7916016774814976,1.2474276958328276,-0.11719785902461652,3.529375494572266,-2.121345614308494,-0.2877040592415837,1.112732183019209,0.9551425716738197,0.8258164497210817,1.5746875593775762,-0.018468044866220945,0.487804476265121,1.8225818070015827,-0.4631255732629419,0.07882301016691978,0.0521183578759139,0.7012768189891145,0.3950192897475357,1.7310243568199473,-0.09333829870574598,-0.9569797290572173,3.0804286310229037,-2.910926575717582,0.8856812723196588,-0.5476581036109263,-2.2831626307986004,0.9290139294867045,1.6538125439168183,-1.4332480044961808,-2.7737030755670813,1.9659362630291681,2.7937894813781616,-0.8385802522855702,-1.9092368542919447,-0.6387038706048597,-0.23527327650409738,1.9858415739119257,0.21881452996383569,-0.7454930632256427,1.460914146784962,2.2830189883420413,-1.3738450251291723,2.571861400063426,0.08071105093893283,-0.36472445286295485,-0.9560271108833693,-1.196433062122161,2.2095687181684656,-1.221808362895828,0.2925367910530866,-0.13208048968602168,-0.8168368736584963,0.12095256402386087,-0.8380605036585509,3.202373198511789,-1.3737493867209554,-4.66582006888795,0.8605304250816935,1.1002388667086354,-1.8603947060900012,2.0267813040846607,-1.3035122149415554,-1.1790006901499819,-2.8751166341950847,2.0346617283095645,-0.05078246065658018,-0.28914336698600707,1.5943124027488902,-2.6386226933651216,-0.8607257356468925,-0.3465833379206168,-1.4020847174182929,3.168050113538763,-0.296262701083651,-0.03274887676234356,-1.9131877725585422,0.9000001518871905,-0.8789137405832996,1.2193825384531585,-0.4254626304356286,2.445689139181186,1.6301303345050357,0.6274050707779382,0.8630281692870744,0.36576237110719384,0.21793634738562045,0.9708226474985735,0.7107279995288298,2.6857084760054963,0.45854880758713373,3.449110310677888,0.8591266009501791,-0.9109010904424186,0.2703050395305623,1.4938539882028419,0.5549588993251667,-1.6601026577505285,0.500954429561062,-0.3847081667222412,-0.943368754212785,-0.37434481900903394,-1.3244671085200754,3.2718065154590814,2.8031609664774675,0.34254112444073154,-2.1290480337795015,-1.3882366895217046,-0.00026455685074200375,-1.8887035723173298,1.3354456138747852,0.6861607688120608,2.1874031806053345,2.6136387312536957,-0.8680693735939682,-2.6549441204646986,-2.357213419168442,1.1144730599997361,-2.370104753647271,0.5759080903005307,1.0036083223280488,0.24616568338665723,0.9448400349589338,1.4654520360079535,0.8472631316969588,-0.727777692171328,1.587623248467964,-0.9097461987131088,0.16303079586033586,-1.753138495031224,-0.6119839376768128,-1.201639972262731,0.6908607373557141,-2.7934693066847465,1.0433363381750493,0.037520696335632486,1.4158297418836305,-0.4802307907853456,0.4639651961187783,-0.938326065110676,-1.4324355264656248,-1.793516145528026,1.3206467193321123,-0.3061531433417758,-0.7924685463585823,-0.49274632985176114,-1.8298904802120617,2.7485546155057192,2.6853211880140186,1.6090649987491052,-1.7973666041909615,0.1512151516084198,3.21119505186798,-2.6687878549705952,-1.8572560943175185,0.10787401496238713,0.42469473439309313,0.01931942530283315,-1.9206370636202164,1.589739743497862,-0.2269639164647711,-2.225675013992503,1.9957059996088968,0.760517278526007,2.3753077987379445,-1.184778962700007,1.8269760861632058,-1.1368925541674968,-1.7770350133157755,-0.7391661106976194,0.9908992227211402,0.9267783322806286,2.216195850351276,1.7139784704890242,-1.9114198017473314,0.9139727696799734,-0.5327392433268058,0.44315485258759296,-1.8367813056232927,0.7307454848871768,1.7139334507880342,0.24949351221659566,1.1699520691748284,0.9897243469934692,1.2250157659030685,-4.318325534349124,0.07877163563179779,-0.9604936073940379,-1.3913831534253553,-0.18532693377629164,-2.799302212819566,1.9236249839573112,-0.5137133879169606,-0.19831910860500784,1.547638229823059,0.21897831795677677,0.08759706659297245,-0.02025791061543375,1.5632630052236562,-1.3452009421790774,-0.18644772870059606,-0.2760016106679116,0.4103967708289703,0.20563732437213744,-2.0385099481897337,-0.8554293226622682,0.13207915668823972,1.4771712579727219,0.36556105592309873,2.929940656965275,0.861867860108071,0.758532763895825,0.5163044853192404,0.23917727899776337,0.815163355514627,-0.3737036092316776,1.6557631843817093,-0.37500273534159995,1.9612082955606684,-0.3305003414105716,0.22700057593233847,-1.7912392031899187,0.7542133835762987,-1.7795418526343831,0.1420269698509592,-3.047566815037975,4.123189307722894,0.08317402017958275,1.345630677655554,-1.7862182929241543,-1.2661139965273673,-0.0053766857510080535,-1.9576419648685581,0.3815924642252878,-1.0525334015980097,-1.5088316830509492,0.9261582745530348,0.6515235949993552,-0.7379791417641162,-0.2702078396879023,1.6679988530679721,-0.6606332447858199,-0.0584519668463912,0.687915087309142,1.5165420415560145,0.9773544042431207,1.4494450101082634,0.4372654264515144,0.5294248873026121,-2.9769958026755496,1.4793586375357266,-1.418314280641631,-1.4630862412733738,-1.475558707277061,-0.9485975351114313,-4.560572062584802,0.8473216235499772,-1.819624510266226,-0.5861392798633416,1.9648030296112668,-0.38712558454082824,-1.468934538570591,0.5595238269275515,1.2847701260335178,2.105481582271183,1.5278968728844375,-1.0986305327907082,0.017373962082882888,0.6234357979575103,-0.709238293597783,-1.3313149418959314,-2.403377704788063,0.6823786201584101,-0.6603226520350103,-1.2587804834761604,-3.8406462560585215;-2.048011417593303,-4.126991379444449,1.1877541860375074,2.427181563461498,-2.283389699111683,1.406308689745777,1.7383428204541163,0.11519056637235359,-0.929842490783994,1.2353289539580463,0.8467449460508544,-1.2766962217472788,-0.3466182525212025,0.7233278999868662,0.631794896910659,1.1220733353779415;-0.19774269593934785,-0.08501355226838714,0.05009152525688171,-1.3138991187331608,-0.10077403121390105,-2.6920627710637293,-1.05932530434664,0.9709813397475628,-0.5772637874593894,0.9181221439117113,0.18081826172633791,1.1070556352070984,0.2931106287312605,1.9192817224210257,1.292726543738143,-2.1820961308662263,-2.330713291619708,1.6865977797361815,-0.8351461864369935,0.40389130955477864,-0.5496260968866568,-0.6428998852830722,-1.1502526595814089,-2.1998632520741284,-2.3906869480677173,3.044676300539249,-1.0015649967992237,1.3329953541557744,0.22522107541366698,-0.28497053350530543,0.3757937323326706,0.5306099567742746,1.3924811476123327,0.12055823896257689,-0.23814666549194194,0.2966925900809356,2.197017475971272,0.718376063635951,0.7650123451073012,-1.1802184512110263,-0.264721102731996,3.0047242625626565,0.4229805885462965,-1.2888329346205638,-0.8770833899808901,0.2519721416205465,-2.2740610631469145,0.9643920948696629,-1.4143205499105374,1.9079103428232578,-1.2327324950590526,1.3330321878074127,-3.173642795179323,2.083232122134841,1.510908712117317,2.5137915565635014,-0.445177139401191,0.38624456051843636,0.2414935196539446,-0.8620694333839148,2.42615753307586,2.852300464829902,0.4253841087359846,-0.9585452197432823,1.1884253552297102,1.4388459760240977,-2.784995346386632,1.376535464302489,2.7712503968059696,-0.5351948096697152,-0.16156175544782653,1.6634205705510516,0.04998045347560587,-2.2883565109086086,-1.022701892149545,-1.5315906902397358,-2.692628937710889,-0.7975031321452528,-2.5743899740479215,-0.9560292094101269,2.409104811122488,-2.814831926474508,1.8066295299168744,3.301375795182614,-1.3774880043201154,0.8599095349012417,0.23241677712329267,-1.8137916839495962,1.1227251703328942,-0.8669713305275435,-1.1820473931358066,-0.7617699465288498,-0.13605301310722545,-0.026654526992301017,-0.35606799966254354,-0.4030529182026433,0.31782858374824047,-1.5511127506369364,0.56292426281662,0.9637763827731449,0.1349799163310128,2.4206256692232913,1.0227077464336145,0.7344478752650596,-0.9820519420264113,-0.9398709809441723,0.7016376981043153,2.193967121543989,3.652425485835618,0.5163159506320968,-0.6524104203738769,0.8958107753452774,-0.7332637688520411,0.46075391516465747,-0.03728808735522798,2.5299865464961884,0.6951548528366754,0.05369051689948656,-3.775919657377973,0.7913409000657692,-0.5878674034777994,0.15245967658494336,1.7747115944670926,2.2433787394256726,0.4533560574085647,0.3209684445531438,1.0384228348359086,-0.012687191390778625,-0.8164016002394592,-2.0437778886740245,0.5297065202217497,-0.006080179319319312,-1.6230340263146348,2.1991778409919513,1.4685610546733388,-0.6979440141721782,2.562549838460307,-1.3305588359649885,-0.20218792516724327,-0.6535775173077382,1.625224653430506,0.751332232429738,-1.3193964275759624,1.5568987478951817,0.7277138292811224,-1.0561269202746721,-1.8429891898997839,-1.5428446639451017,-2.398914713594377,-1.641398871064565,-1.3699856582709782,-1.500483786622919,-0.4563209128768015,-1.3976769773576376,-0.03027457246398979,0.6920975296333652,-0.6258233197485231,-3.1588345551553783,-2.3614625109690035,0.6610408665190108;0.7526509192321342,0.2133530782393831,2.2413366132882384,0.9816412247196101,1.5577989438889754,2.3741748234913773,-0.9471360713366135,0.02855076237705434,0.09622608567655197,-1.9020900369045792"
14,2.362860963565288,"-0.4958712536349088,0.6168184474860681,1.054272560700531,0.7373243845515935,-2.0352206185719655,-0.8579810288994663,3.4677042294471323,2.2683653140375664,-2.1477066009612735,1.2978871186522036,-1.9675420890425495,-1.534918370110141,-1.4302347240397244,-2.189551761935953,-1.3644745680037913,-0.3620206712230413,-0.6158205272402278,3.0344019786202,-1.2587042017532322,-1.6130589013570846,0.8223312698054939,-0.9860480870333889,-0.9540868085397518,-1.0362063944413502,0.8804077590186407,0.3551542382032082,-2.5423228596943757,-0.43128766376570604,-0.2827778830126265,0.5860962703969075,-1.2104158994963314,3.079397364150705,-1.1716085495339175,-0.2841145000531804,0.3184112297159336,-1.2717435164054054,0.9354755871781535,-2.4356764601850927,-0.2896659591345352,-0.07364498439550149,1.8630803115290868,-1.6303512250905352,1.626653073196612,-0.5175035699472095,-1.144462401451387,0.563056460900347,0.5914727525176424,1.3866450496544132,1.0608846804776073,-0.2032792815915718,2.2584437049492525,-2.720709480509145,-3.1095309016888844,1.0250590179727408,1.3105333354145388,1.3037105837249943,-0.9920586299611346,1.0846280274833988,2.112602553980801,-1.6075062642519455,-0.4529351318043858,1.2830966348908917,-1.1227402542250546,-0.6115658943847507,-1.0623296141310377,0.3085200545683482,-1.6714007040679384,1.4612271437546882,-0.0582594865902793,0.06814896670739129,-1.1759221879096955,2.209986368388037,-1.6406308301131942,0.8792717098804296,-1.9348055744232022,-0.398432661900774,0.692913892916288,-1.9189434062672162,-0.8812004506307299,-2.2102831848222206,-0.3639188635527252,0.27376921857406333,5.271222129702846,1.824953244293492,-0.8117478032451629,0.9789822030454964,1.8094062123388608,2.337722215777495,-0.6060177446941313,1.6872821850663497,-0.8771112975476265,-0.6551326051619406,-0.3627224644225008,0.2845590776010252,-0.20281525469247702,-2.4751252129073715,0.44223453447634364,-1.4155547388191765,-1.0006972570706112,0.30211483878440715,-0.08062029184131679,-0.23993941274653963,1.1518373226557888,-0.524380809618975,-0.3317920874284941,1.8267944135308558,1.3087530514316332,-0.3291694033152385,-0.992049590275396,-0.23920314707122792,-0.3387351505599626,0.6440013360843783,-1.0615797935024949,1.1910059617820699,-0.2913423770935828,0.39538568108082417,-0.8541434085652142,-3.7441178975913703,-0.6547146172724605,-0.6449372986066699,-0.6373033827890003,-1.8635203760666426,0.29216855602319564,0.11817463109240522,1.5833990997225835,3.039847387931431,-0.2204632335647538,-1.383632444530356,1.205262969793293,0.11664578988420254,-0.12391785592565258,0.23468701509715784,-0.7745429815530649,1.6148829596513665,-1.7115866930524237,1.853624308973789,-0.3970226262874371,0.8061717079490796,0.046831097986118245,-0.712817460356372,-0.575967956552831,3.0649336726960854,-2.3726268145764475,0.24299042046485253,1.307801999111165,1.3990454372843943,-1.4626459551980031,-1.5843467102854758,0.926428081195362,-0.041221217631329854,0.9321188448076426,-0.602098312403186,-3.000979264197566,-0.31364740090886767,-0.6039542869496479,-1.6286783202922965,-0.8080483329084691,0.9704851191271822,-1.2217789186118928,0.057774650491265844,-0.9538698802264302,1.8356276191216594,2.889913396322044,-0.48676481469978716,0.12299427754663195,0.3542151902356526,1.884385648770685,2.1949000764144664,-0.1138578833438677,-2.668437216225631,-2.18685967494973,-1.5746302502770129,0.6956788647343048,0.1537001157350859,-0.3566697466167502,-0.1763607232311296,-2.412502442776775,1.206070711032993,-0.11403736180301641,0.9508775237974965,-0.20685187689538698,-0.580209988583077,0.5622168752940162,1.0932287444008761,1.132269470767675,1.3908424329343334,0.6158082961948534,1.7011396905407987,0.08714840480412867,-2.297434303255735,0.09456156228134949,1.9730218848780656,-0.1947431019935275,-2.0073004753216024,1.0775566490113795,1.4265051031450255,-2.2041719359207343,-2.8908902474297546,0.23181822046916234,-2.281465872357519,0.5086867234659606,1.1456409875330866,3.0585250909298405,-2.19482611125075,-0.4592741394427433,-0.6084690585699902,-0.7864549034064972,1.1683040957896336,-1.2174038522167723,4.963345734134026,0.6702634818731192,2.29405576698863,3.18942278493432,0.6474300959868821,-0.7183520999009996,0.019628825319820797,-0.8997375727061149,0.09257043984621638,1.8633443951428454,-0.3838777496868818,1.8381755663307136,-0.5075649513295548,0.5043303497150962,-2.0428874473473253,-0.9090082875208648,0.33378313888789235,0.35103655032597875,-0.9398166341099542,-1.1757387403259818,1.3522430771215233,1.344999667003048,2.0032408693431503,0.5333989792747165,0.3416954105634859,1.4569384949486996,2.0864005950417575,-3.78378260318987,-0.7285610518712805,-1.5294678254302119,1.8192613443003658,-1.8067611050403571,1.3715269474550587,0.5278182339166368,1.9385834097024348,-2.6359634454199554,-1.2929855772010335,-0.4817461546703655,-1.7753168267345998,1.2791695470964273,1.1158157596827512,-1.4133449484392282,0.5834585948762201,3.287865078008384,1.7280851109012714,-1.174605979829574,1.569180081856811,-0.7705487352294882,1.2932571604689647,-0.7804771894792166,0.2267569590294719,-0.914884591763728,0.058182933896421596,-2.9423635254817615,0.8153092354895866,-0.3058442426412279,-3.0020385806047827,2.055717341486645,0.9549014601289223,-0.9152137590354348,0.9950153047112144,2.209798368328111,-1.1450104287367884,1.6446294849639687,-1.8473005227438035,-0.8232664398345193,-1.8965826455377324,-0.9340728804563582,1.1657702324852934,0.33383256215394597,0.3439791989010454,0.15149812707979698,1.8235842310698236,1.6799850816859385,-3.7720180683904827,1.2999590966111794,0.2654496140922916,0.9757221566687283,1.3736458777469192,0.5054728859004545,-0.5291195941224198,-0.9793157966358899,0.6323700485854077,-1.319024802963011,-0.9704029484758964,-2.6435804801406446,-2.1026496792402045,1.3007055941816152,0.1779128926972381,-0.9233365194739424,1.6056980587082272,-3.67762028564137,0.37333103041021565,0.7552415906730743,0.7074969043225995,0.07417482232148234,0.910558884430793,-0.9664982862571576,0.7490573057449941,2.0864501086948644,-1.4140806030950268,-0.682585390313767,1.4361648884153682,1.9177658622175224,2.080863311696444,2.49845163319379,-1.3231750642479243,0.5981220109950013,-0.8051348483757161,1.3557052423802654,1.967922453839831,-0.3747853242370891,1.8925860432094899,-2.155889603089583,1.2105427743233421,-1.2261226137265995,-1.1837886130064512,1.101935772461566,2.774831292824189,1.5459829704142611,-0.47855983827016757,-0.4745926240495182,-1.321929423847386,-1.2737106613985762,-2.288438571493459,0.5097623033991755,0.10727347697870465,2.2469489552175386,0.18786516863612507,0.686977802524858,-1.530954566830921,-2.1819910995031186,-0.3255085147918828,-0.5828674171396447,-0.7417454178759826,1.2756508545671075,-1.1950833097076583,-0.5490231967238769,-4.361608914606374,-0.6265800594204148,-0.7211688207206347,-0.7703312521076396,0.708482214523221,1.7072965311133903,0.509527162631273,0.19164920244146078,-0.8832000917146631,-0.5045424925031383,0.6396984875714098,-0.018077549291816042,0.22250626340011315,-0.09255306789507373,1.6642866728693224,0.6718657012237254,2.1036682286152804,0.5505983242631869,0.4097671097471848,-0.5036224595732897,-0.11694415934445611,1.1837374851731584,-1.7134026469955315,-0.8634443997462597,0.09840905871966445,0.35668879400685854,0.7234812632245093,4.233010081804888,-0.01806960734916363,2.471607245282179,0.30921028624313485,0.8725084750581042,-1.414505616285188,-0.22022141377944388,0.4795395079873804,-2.37784548249076,1.084706947992876,-1.509998445055381,0.8775236572837793,-0.17587203180106326,1.5148448441638056,0.2520547842715192,-0.44119108538715,0.25990877709207183,0.6649992210162957,-2.1122601028697643,0.9114801849668874,-0.16205377952354927,1.906042837765476,0.3920586271362919,-2.022749477690021,-0.45058461480856254,1.3883629641191648,-0.8564176264027892,0.18972576397499608,-1.0866859240649713,0.29615058765318325,-2.328374995219372,-0.5541471719623116,-2.859254276429703,0.2723707717074918,-0.5723592353891925,-1.4742873341911695,-0.7440396069365647,1.379531780259295,0.0016939319209849646,0.4761812455104707,0.8725085400655962,-2.2257885411509104,1.821154233939715,2.456395228486261,2.0170932995937694,-1.1658654897605074,2.996516825544959,2.6599017717728213,-0.8230399984536594,1.7612893327616954,1.4251034816563717,1.6247916360143322,-1.0272417087880323,0.11970785165213788,-1.5120366093174733,-0.6283177255520055,-3.25921534258651,-1.2392362606039233,-0.808344664368346,4.094248545873403,0.29015652495671,1.2698742430837302,0.5138027672971452,-1.4724119435555236,-1.7750370665613142,-3.0773419444931953,-1.9803054493729566,0.3499086516276647,-3.5160130406315253,0.28092855242612347,-4.337140905385587,1.2863185624650182,-0.03612792207051283,-0.7079468564496963,0.007509898069530285,-2.766437054421661,0.598464055612099,0.07934739120173197,-2.5087932028390316,-1.0764757826559614,-1.0068911935317553,-2.0391662799384154,1.8555291520645016,-1.96047324640979,-1.3258038536950019,-2.992642617594293,3.6222009130746127,0.0018808183292902125,1.1172372275631264,-0.11682872449040341,0.9380437708590328,1.6351447925825202,0.6709859986022295,0.6048091852626534,0.12652916574851641,-1.4418490500055106,-0.6023199077808034,-5.190213095341811,-0.9994740453637203,4.45016553684159,2.9270725419699497,0.2252648099113438,-1.8795176087025012,0.0431502826623098,1.1277662934067196,-0.39058683463678584,-1.6423370673722333,-0.6167326410703182,0.2839411576828994,-0.7374673447048664,-1.4806279981446036,-1.48338543028345,-0.3604763092802966,0.8653137076135032,1.1747938197554024,2.1837586444528,-1.6707740416624934,1.065439714925168,0.008174376113570553,-0.9566318644238975,1.2177064273268576,0.6331662554321185,-0.06909858680296932,-1.694746947906849,-2.1223693675085133,-0.023487029545500082,-0.037074961842909274,2.038613100467826,-2.2462873470223963,1.2886648779097996,0.7985941914348831,1.3850096771117222,-3.0932158565238854,0.16926835584874403,-0.5561565714717158,-1.1035081877031296,0.2318170140521045,-0.7530652475720581,4.285012573914482,-0.2583543016238488,-2.05854552764825,-0.6754394624364319,-1.1119505624098327,-3.2289792677437554,-0.6876592006808482,-0.16644668141015467,-2.209646131391112,2.0861880336508545,0.8046463792656953,1.275125446343441,-1.8819321337130452,-0.8636661231314314,-3.7102418641088897,0.9651138873726639,-1.0839489185436868,0.1607913953280545,2.1660167714073557,-1.8628918867814537,2.224676959969116,-1.1272061148604737,-1.4157019414662027,-0.07835802044935591,-1.667772792524015,-0.595844871424112,0.5125700327566637,0.0312866177655291,0.16536611663064765,0.7694674204751466,-0.06761347904350912,1.7790961387193527,-1.6595528846568872,-0.6473281471436203,1.9904150634655375,-2.245835101038372,-1.4671000319500394,-1.0308693855352096,1.9985429055029833,2.1344128314307067,1.104754622287894,0.4703250989960497,0.04109924119858013,0.9990342092662899,0.572956241592879,0.5495555119114264,1.1302732844439247,2.3897708464380307,-1.4469574519954795,0.020684641139628646,0.4486662163205879,-0.25703922337802637,0.8469916251878797,-0.8287716765516009,-1.6477406139716182,-0.891025722286196,-0.5400627585874302,-1.2593470524455972,1.6777512204899196,2.2942746253337125,1.7879185939353195,0.5356351631740834,0.29177817795393285,-1.0718709065207386,0.6057021692324459,0.5361451997568332,-2.947020821240993,1.224980504367627,-0.14474174731591935,1.5010128998132235,-0.38438688623891426,2.1129452666666757,0.47582352209948525,0.5776794008608569,-1.4247100858247959,-1.1724710422446294,0.456481411283056,-0.7298578195963902,-2.555365289461262,-0.027240340787908823,0.1530080803452406,-1.2476967030264094,1.1107638166141949,0.09640437064152552,-0.2218649540318557,-1.9446318525807205,-1.0072742578514502,0.5828616124404935,1.2738138199480011,-1.8258731475621295,-0.48203947366173916,2.067822533733716,0.8807869929391017,0.8725896137361809,-1.5566603870066884,-2.218140614867161,-1.6511918111817994,1.3196239741584799,2.534772115764594,-0.4513252788438188,1.2672235539573098,-4.3725320315622085,1.9841921858433869,0.17317043995941303,-0.48889509890497906,1.0759442328782023,0.6197308721975836,0.39089954792703774,-0.5392126448265848,0.8912065626474097,2.726218599882241,1.329898739862621,2.1169855967619013,0.42261915689224383,-2.5702376247865173,-1.2330167183213325,0.3658320873797227,2.218757389914824,0.5007007514372057,-0.3077442864233948,-0.5540260014388374,-2.202197901817088,-2.55420774359327,-3.6771507394525984,0.41441620830031334,1.028599369964117,-0.9855286320128183,-1.586505522428883,0.43835284299133676,2.1492386882306684,-0.20802066455040136,-0.4490132823520861,0.49110287447438317,1.426470400073206,-3.1383373399451315,-0.287033090153361,1.4182847772920626,-2.195461842601546,4.201897495500664,1.4338325697767786,0.11399168844905966,-1.5779334573569037,2.602805537833201,0.45036517923265496,1.5416896646736766,0.30212640310448885,-0.5050075701232959,-1.2531020233877486,-1.5531764497902016,-0.5660962150466156,0.5983368474445238,0.7153548383533208,0.09284480043312182,-1.4634341625646314,-0.053166342633383434,0.6638840933368605,-3.0951312197966736,1.7025282308421532,0.5274859374639886,-2.1665333816793235,-1.040846089883707,-0.31156254928313565,-0.6881688887276527,0.787892200326246,-0.5899569361213833,2.8315256989537656,-0.020709850168228128,2.1050008584253406,-0.21921053073758323,-0.6543434006860958,-2.117077121515007,1.9437545150935143,0.718857324439572,-0.43041151480014816,0.6224736143872039,1.1698292830268107,0.12273108039388081,1.1479228863705582,0.5016180923226586,2.1980540381589204,0.34746193527026736,-1.3103159959453272,1.5583127928788973,1.1285840491910226,-0.5714007154097506,-0.15355915132986525,0.141883058707038,-0.42172279860089135,0.43354388717600734,0.4748384016542341,-2.3304648319154273,-1.5120939000619775,-1.2757744267579232,0.41612150491092387,-2.3094332354801774,1.4015043751006147,-0.8220018802887552,3.270710507638225,1.726726710803935,-1.5623167772132507,0.5338664139543254,-1.7471965810792573,0.3253099539674642,2.5440820349953444,-0.4911258855307875,0.2709066132293869,-0.9322470284506066,0.602702164169174,-1.4466675465070629,-1.850417554735614,-1.1339042069961944,0.7132386834008897,0.4831330012472892,-0.017497132172706598,0.8826876847089288,0.9528312688335655,0.45188595869147474,-0.548708357667519,-0.5704527058121005,-0.23238599729432569,0.31047233316622236,-0.19928779263609725,1.892711872172095,1.8845710564298328,0.20678500513243586,2.5567193827406327,0.3949759090094141,2.889837661393161,0.37442742901996917,-1.7459385891694625,-0.8723683038396927,1.6071738294511562,1.2220916441632441,-2.5409122917083606,0.21890933436402882,-0.855306602079305,1.6090587358135904,-1.5001165059753632,-1.0957133719207208,-2.4035995409027597,-1.2093212497771557,3.575428000240292,-0.5909009460534179,2.2924831673822466,-0.3508752210052009,0.4810099063175775,-1.6232250670721222,1.1922288776656065,-0.9529091445536757,0.4940167782445737,3.7978372712775643,0.8955925137610726,0.2366173789860583,0.5304404633818388,-1.04113336291667,2.46254548738214,-0.8495532547086778,2.2736546021983095,-1.424425224696537,-1.8418199933836013,2.238501683772437,3.1267521339173845,-0.6519773681781499,-1.2096116573755173,0.9692691070956092,0.6984728342089102,0.15120457515468147,-0.9131378625779799,0.040696701012546965,-1.873789488655027,1.2787772663509216,1.7212031995015362,0.7492581399244079,0.7393742728593136,1.143551096207779,0.7092850153583659,0.2547769457738006,-2.5786986773400886,1.7329582587433654,1.4564996507965986,1.6202258431283998,-1.7993467226612907,-2.16626468601339,-0.3210411841824501,-0.6401358190636077,1.3260200851458754,0.8180167533174637,0.6777633903690448,2.3700046497513143,-1.3308152623148803,0.7786923345250822,0.10530802031109854,0.34011696384821793,2.1693253374261667,-0.20287518217597728,0.8329840570177842,0.6315811860490994,-0.41044416363970915,3.2393236793044227,-0.4208602596821106,2.7773628792793703,0.872781839021695,2.225206003341428,-1.264028137096194,2.2116196817836986,1.356866838402321,1.58037089325827,1.764765471573983,-0.3750516435780531,3.3932151698625725,2.3736032533473463,-0.42222389982527003,0.511376266725479,0.7500747062590012,1.1039335599147617,-1.3633620535467885,-1.3496232525487466,-0.5811534336514838,-0.9388181614715942,-0.9773555846721046,-3.9657563442987445,-0.8262072769553659,-0.1994478710590448,-0.9730114879118744,0.20430742456374112,-0.7588584383249187,-0.13592150325164765,-2.230719532197103,1.0861653976003511,0.11159591520176312,-0.8119662642061425,0.09669417833106327,-0.5942287660375416,-0.5362603766880633,-1.1036097691788649,3.526726793044586,-0.3840117462453493,-0.7156087821557312,-0.9823359194657568,0.6009003475089335,-1.1077710385686415,1.9453195217262331,3.4359871239633315,-0.6044373030875718,-1.2576686083854243,-0.11285530881223238,0.9749706217152481,-0.3087999767383804,2.3078900042178896,-2.1266854276953966,-0.09013403284549942,1.5238514896144069,-2.5229269358927566,-0.2937071079633513,0.5604556390495973,-0.14943029756641243,2.002365245849645,2.4410281579431774,1.3644944585763363,-0.900005580552124,-2.071185083377492,-2.3095663156555015,-0.3423280523868706,0.715073715637468,0.012725388310313612,-0.4316007315524857,1.073471089813695,-0.18466387802600434,3.3517326469546753,-1.8476818932163908,-2.1812914894757753,1.8607269817318552,1.249615751991197,0.1556433307615228,2.7018683125139713,-0.8358835290612194,0.3790115649711111,1.9602436775130836,0.39919724970925896,-0.26983406111285796,1.2042505166033743,0.11195721031487144,-0.25973041997770624,1.2676736878182575,-0.49659008752943523,-0.8528515758377673,2.666352240463463,-2.430880043842827,0.9652564712727829,-0.5174791752335427,-0.9478934569320318,0.5632875739444961,2.4008665838726917,-1.6454157237981621,-2.495130583517023,2.5973198356918283,1.940899488662845,-1.444963513908271,-1.5407140130452757,0.3399662896616843,-0.37187481649007087,3.261500749109024,0.611953993771272,0.33523251605499627,2.0182086384480042,2.726921673403883,-1.1867345430287957,2.0429891830271503,0.7361665581412054,0.5973243626388174,-1.2309720406221265,-0.8320669721142202,1.651027710045341,-1.2939491230615283,0.04747178995500545,-0.4916013008757846,-0.4254582000289695,0.14342722222779872,-0.4088221532319205,2.9392792303667683,-0.6851860664992422,-3.2862999902172225,0.2670821527277501,0.9529700136955127,-1.5730439438045163,1.7155347233167428,-1.750649699860583,-1.636389874064624,-2.4702105674312844,3.1143165698057773,-0.06695921910230679,0.15221546470014835,1.7785089321917193,-2.025815038332843,-0.8242967669871979,0.21917566995329235,-0.7346750398133528,3.3110303504261105,0.19793318282232325,-0.8650322930408763,-1.6728561085556033,0.4540330097955764,-0.12019195259778748,1.6807959185850758,-0.3850509144408181,1.087604700206414,1.1386443571723437,0.039423858190928474,0.8993276903819749,0.5011543692463795,1.0013176332067815,1.1474424186581504,0.6787254148934293,1.86516607679409,0.8985721836556628,2.955103401962499,0.45508787122636146,-0.940736360669339,0.5544269251778454,0.8397935429724996,0.9553504858396485,-1.8786204783618703,0.17013416447839624,-0.6641009391056394,-1.5554704110582513,-0.8053295933393768,-1.848077155571806,3.323551424945072,2.874317734364993,-0.15344909846870813,-0.5589760509499876,-1.6301856992207546,-0.8483029992151303,-2.259282415964064,0.6432984568351854,0.2570802300726938,1.9549557802055053,1.23127896196474,-1.1060008149044342,-2.335644777381673,-2.1845217970161044,0.6117384618228255,-2.2331020326662268,1.5027587031944112,1.7572117484678946,1.211942204215155,0.9934970261514418,1.6987538104797109,0.4415472143977295,-1.0332653603153148,1.0656486022318272,-2.0324661159000565,1.2543195080827894,-2.0582965954484025,0.21603549239761874,-1.3075783523300069,0.9600849661395405,-2.7965181532422854,1.4982307406768662,0.5910283231033944,1.3022496220565292,-3.1000745875600555,1.1155504874634836,0.41376918982229277,-2.4218767174990363,-1.0063099640277746,0.8438333527656475,0.9364859862542868,-0.6417486917836637,0.17979551379307274,-1.0035252034409616,2.2354779695562494,2.343958262980596,0.5554345040485644,-1.417122943915261,-0.5272979295874873,2.395731283300557,-2.9355822503203326,-1.6599014781042152,-0.10531012423126629,0.5651389785500307,-0.5468769068285398,-2.396250959685196,1.8284883616690362,-0.25616186598170476,-0.9446272541326499,1.981602584714735,1.193918102952217,1.8925609541613735,0.11716832300796143,1.3501195340516798,-0.3714394664353208,-2.7209937163499,-1.628023517165894,0.48748048760913043,0.8063759526382128,2.205473137116031,2.0749925791263095,-2.8759891452804776,0.14926072960059927,-0.8233219340100497,0.8721013466002849,-0.8613728228952968,1.0668779618241915,1.9119952182870528,0.5113852664649694,2.300980070260151,0.33257321375342824,0.8018498931534429,-4.089913289389467,1.0073669673994556,-0.7947469399186107,-2.3994712448576316,-0.5945816865154518,-2.0243235098393457,2.0664815266891416,-0.9085228122827759,0.7145565291588372,2.1886395778602283,0.28643552562715724,-0.18907362553739504,-0.12030826688477,1.8428177045699399,-2.00491694803406,-0.5235824023770503,-0.9702240771444511,1.0625203345336864,0.5537872653417532,-1.717058127882551,-0.4757304088918259,0.7366921700881535,1.2979739888944866,0.3928704890539666,2.730411285956452,0.602407695578001,-0.20395521340156297,0.8434412268821649,0.1344232299768643,1.5761211572610798,0.49019088048545306,1.325929713651116,-0.22941045249373493,0.6081230226752022,-0.10827197852288842,-0.6310187153638425,-2.513721708347596,0.5759186876283354,-1.040864102706813,0.39286573885995846,-3.24186964648339,4.339666014543839,-0.015082155884327292,1.2581607941612352,-1.4567386101562496,-1.1952930949986371,-0.9468275866735365,-1.5640241985675685,0.6800590713068877,-1.9996102525254162,-1.1661206335991472,-0.4370843406328653,0.45157936740067417,-0.8377934983244679,-0.7802571805927554,2.2446903729916183,-1.1194502252623557,1.594922012410683,0.8855612300071731,1.0175253484668336,1.0259491629959154,1.1870856372817475,-0.32002005911194487,0.43715768796683113,-1.5951615161064288,0.04011942507446964,-1.4927520019175775,-0.19382410949331874,-0.9962510889144004,-2.175025635779829,-4.300113019477514,-0.21406202669061192,-1.155395796414195,-0.5938779593425021,2.431800052542295,0.38384434432780046,-1.031072411755213,0.6969391834182099,1.3216639498373823,2.7921698692378314,1.2994641961456286,-1.3386238243443838,-0.219127791603502,-0.42220098261629485,-0.9677871551564501,-1.6747223130237057,-2.668346989246839,1.2023053904695111,0.30474262983562633,-2.488847273430791,-3.810364638102782;-2.540629241690133,-4.299103860940063,0.8262442611669467,3.0587831982729985,-3.0143724837269095,1.216077795304022,2.033786320666559,-0.9935258037898529,-1.3870119931471594,1.4364495916409266,0.9788039037103904,-1.1258091395679672,-1.1930004259285483,0.9690285307831641,0.2676490448505139,1.0082790087670435;0.14348364069239528,0.10523534155855185,0.41366728574719513,-1.741511417622355,-0.2548746295480919,-2.7025208752584957,-1.8211720648326386,1.1828268960432897,-1.0791593245954558,0.6416719004499756,0.18791490544825637,1.9749691952537087,-0.023441977569408468,2.40021749137908,2.406912531625516,-2.3295354535429547,-2.069598442578192,2.1267123476429948,0.27912614984593953,0.7664415658977068,-0.04623787978692767,0.08228920363775227,-0.35771850755272355,-0.4726974865092458,-2.7834954442104056,2.498067871877012,-1.1603719366234668,1.5133376427098488,0.9331803880987302,-0.22762533312335825,0.24588519210817822,1.7087790416413218,1.3001996877070154,-0.47326359642626514,-0.11457958957948161,0.5335765856240307,2.121928833544689,1.293629879930259,0.17354983989981587,-1.9931533738110814,-0.3906507904226814,2.4371581262858126,-0.157790846064377,-1.5166051919538857,-0.7357191346072979,0.8505183367632635,-2.6289546982816163,1.3820159062143815,-2.4907521784762148,1.203890799783496,-1.538316413645884,1.3101680404685823,-2.3489842346120704,2.0845014987992903,1.565188192993815,1.7847643700872504,0.03460087759691999,-0.2656577268828578,-0.504485228745285,-0.8933159337616494,2.12944563625336,2.6920109717032945,0.4259781469240631,-1.2408917605239047,0.5538471960916866,2.017591252574265,-2.5316615186868137,1.7506437833154713,2.8260630160039057,-0.9056458653582328,-0.9487448493284032,2.1890568622649096,-0.15086555100054233,-1.7395138105868988,-1.056275168133908,-1.8873012943736949,-1.9316199917321546,0.13021395057195934,-1.7303611340206726,-1.0833842312028883,3.3725412888621022,-3.313163119984658,2.0868028333675914,3.0008799644132433,-1.7776773970876547,0.8750028128333255,0.5506826408189784,-1.9426659824920227,0.9689335908084257,-0.9910099875077925,-0.12057830857194685,-1.3577043673418596,-0.8065353862223353,-0.7520326586746284,0.3702176686021247,-0.11025845605879692,0.6289434798341687,-0.7069253530640115,-0.15251232644776053,0.47089527733865294,-0.9795673070638159,1.9122808128477586,1.5156886180698592,0.1461596071425531,-1.3779190482623058,-1.3894620775244326,0.3985631885826018,1.4247303860981901,3.5752389850833626,-0.29445283280420526,0.5937788193247447,0.923675046979707,-0.10645852819347752,0.18048816109909893,-0.221645473920518,2.6429355471765996,-0.234437250609118,-0.9704012623755621,-2.0555866434451238,0.838696936995136,-0.2557836460910377,-0.49257347946318236,0.9877783264522462,2.007173752012663,0.3346814247336716,-1.0019801423806853,1.2032213704175712,0.4039607345456378,-0.9715917333285915,-2.1278153855714055,1.082785903793713,0.46423364455208127,-2.1768119938705683,2.214592608759494,1.7276288356995555,-0.19127006574047112,2.016060782875727,-0.8701096889363138,0.2768570395160272,-0.9063309442917806,2.5989788731564545,1.4042383165841166,-1.1695929637643703,1.1359491815654634,1.0520403321429321,-1.1747514357890116,-1.0478594094413198,-2.3780450534315962,-2.1789411116277146,-1.8409669471206112,-0.37428708663533805,-0.7832905251066586,-0.8730550160106971,-0.8517869250533665,0.860840433781086,1.0654621953726087,-1.2708126949952363,-2.9205610076408424,-3.533064777023555,0.975098264990279;0.2775708628280842,0.8317126212713764,2.5536024696646846,0.4303335416620663,2.0378000252339197,2.364277177811584,-1.6778251831771716,1.2661471041569583,-0.33078852574140727,-1.3820079611399825"
15,2.345911208235252,"-0.6881633824444302,-0.6423073736375805,0.5198976884223562,1.2543479507628423,-2.321490241227518,0.38509006463806683,2.7727335422395196,1.6577194898171728,-2.0535749149881006,1.0821108874409662,-2.0559383808911478,-1.413419286553577,-0.6958792268677492,-2.2912690695158706,-2.690424108062091,0.17694564118550588,-0.856574419171538,3.4506388226928175,-0.8858450403309284,-1.7215855260741555,1.4408149493304157,-0.6137480632004152,-1.6725991740039126,-0.28385112095247145,0.9836261161167338,0.04159775739705862,-2.009941534337255,-0.31495316793604033,-0.7128547058237842,0.7526590940901279,-2.15979894720448,2.060854876018574,-0.7409357942064921,-0.0580893534957177,1.0606021591467125,-0.6579149274742955,0.6176494513191446,-2.085749931540115,-1.299530655640595,-0.10317179311865543,1.9268043207521677,-0.02715074891887187,1.2660342490647942,-0.29984640015196856,-1.006142440868987,0.36979125490686554,0.7900378783401119,0.9467074892527965,0.5035074017269059,-0.22173468372608338,2.6125872063520936,-2.8526504723969843,-2.30781093848532,2.1918672516971234,0.9155120812063521,1.2829150416611095,-1.0549181231252995,0.9739914954033847,2.290114265697567,-1.2816399753898342,-0.3493877344783453,0.8709717273539499,-0.42681919611827573,-0.616100853244799,-1.3035606393666637,-1.523348714772019,-2.110534590821048,0.4679612369908791,0.3835121575959025,-0.1549558161826851,-0.13702298415787584,2.6674034897447485,-1.17082946201485,1.4179405266242746,-1.6698086095250464,0.12956863575526642,0.5874481172473445,-2.9465658648875657,-1.4751894419977,-2.7935413178978608,0.2013738454818247,-0.13326425264838265,4.711986716580983,0.9625401238377488,-2.136890398972959,0.9938303616610908,2.7160295805319126,1.7360008631136599,-0.3421227612216744,1.642244744476535,-0.15540787707044906,-1.151298228204095,-0.024670004681889623,0.011153009826704419,0.3007616614687559,-2.444603229736223,0.8158894933821419,0.3351282849818906,-0.6643118916502733,0.4068646477895478,0.3361161652229478,-1.4380079626545494,0.777391811933126,-0.5117274119266826,-1.1229971991956567,2.057724046098848,0.785755847244367,-0.23012179039019054,0.09692853430207016,-0.02285055409216774,-0.6923673157021523,0.044967916141439995,-1.1705575088460796,1.610112561346088,-0.13848893045592803,0.7453948663313963,-0.7423391961947454,-4.0980428026942155,-1.6089123531182956,-1.1884565830268243,0.6583535092823338,-1.554287931188577,-0.7918084204416165,0.0705409980520062,0.8421402992525493,2.807378503042289,-0.6279584293152146,0.11804436623150649,1.2574616461033372,-0.20044341444222785,0.9714502927064156,0.22348269007615987,-1.8205826552064739,1.8404549287997864,-1.7248159692967036,2.1643824981039574,-0.48515400700031186,-0.3173401178362977,-0.10073148584866548,-0.8457021098072748,0.2708640924633843,1.9658122514376721,-1.786472046542952,0.10763956206019437,1.8633985254055039,1.5324003500951877,-0.5026298160414894,-0.6412589123728663,0.17327941259756624,-0.2845132509712286,0.9926865841052437,0.3197102537890336,-3.086670347782532,0.5289295237648355,-0.7348391105419708,-1.8881842257955488,-0.26660156337917484,1.7783462286607987,-1.086844953398676,0.6323679196805135,-0.16666910765997894,1.1534229308696813,2.83325732751282,-1.2879514622069332,0.11092496197671309,0.31537433210764587,2.264462090280319,2.6496387688546483,0.6663654838639302,-2.304635903769637,-2.278551805636153,-0.9830813678843892,0.4560128358868377,0.6404087181754954,-0.08574946563801024,0.043117089250822915,-1.3459338615049932,0.8244263459055405,-0.26573208472636584,1.3979729144808142,-0.5179047910053473,-0.6319053335067153,0.25357551810036955,1.3822012323766193,0.3835577900733309,2.4313813157076636,2.4919953750550934,0.7710669805927215,0.40818745872608253,-1.0684610217112813,0.6092433212332495,3.2110030298592616,0.06715414067077966,-3.0215632854586674,1.4625697362028003,0.27610002652040616,-1.8346661960552944,-2.7182792669964293,-0.09368923970577259,-2.089266785712444,1.0569585912496557,-0.012540586235088136,3.114301333041457,-1.2851849015303907,0.04522629345312157,-0.43016957393935046,-0.36194068357992953,0.9364715808397622,-0.3456244207179058,4.2365422432276585,0.10787205845807557,2.5732816973137886,2.4135957804139565,0.8938928073244854,-0.5279552282676683,-0.5507914083482509,-0.05131253825415405,0.23169842753424785,1.3154531125051687,0.6472205100736116,2.0011647460025386,-0.442016340277011,0.05917973850955799,-2.1711505736766687,-0.29558373582222,-0.11900275170104477,1.4402751097341655,-1.7233969213058193,-1.9913513639002005,1.8570967569794452,0.51396330576257,1.6254686588006644,0.06612421246134675,-0.32574666450122575,2.393528935154926,2.782773953644815,-3.7200067132533525,-1.0018033885544226,-1.1200725190148526,1.5749046201356713,-1.37684255974907,1.3795774715328275,0.4809384835095345,1.1121989623456878,-2.960158768919524,-1.5029791341491325,-1.6687134526656964,-1.3216183569372049,2.5114640848783227,1.4017743341242097,-0.5979263486143152,0.887091702645839,2.2100223755712056,-0.06686385025311303,-1.6019403040208915,1.0538561666993116,-0.2694966311473873,0.816104123442701,-1.34126782831064,-0.11524652091377872,0.5535722953547055,-0.35465941485111696,-2.845882656240867,0.7781757018891124,0.5649881896182982,-3.4041475509596113,2.2133854833731346,1.0598809160119556,-1.0907405617094472,0.7470152244760165,2.6804699920486126,-1.502416050154022,0.06756318316275423,-1.2566134177112611,-1.0464182500483574,-0.8096178737319556,-0.28084794896586274,-0.28664057967458667,-0.41253913918911644,0.5595785346100697,0.14520291421280251,2.0388633863021965,0.9742179690131705,-3.0416423162675725,1.3926558827032802,-1.0278434866344095,1.0405901146288294,1.8127576772183627,0.4182242984318937,-1.0821242468693344,-0.08922411103190037,0.18659759438786797,-1.9675371538838151,-1.5711205921223637,-2.155598194335249,-2.2932476789292915,0.4350819429829861,-0.003997295005320478,-0.7701132384129187,1.1998677803942956,-2.4659494778690174,-0.019994539552551843,1.9075320207922486,1.1220766314212978,0.8107444498950181,0.3920394938127095,-0.4975284617886562,0.6455378026512658,2.7921833585049645,-1.509455276198429,-0.11849284580539493,2.127640102304718,1.4212379796734942,2.0587809531794377,2.574811797819753,-1.1723714042104296,0.3776468239127933,-1.2340837068794301,2.289977979346415,1.6116208729773156,0.5502583963060803,0.8371356114819418,-1.8985341179251574,1.4185369130380419,-1.7156525282054342,-1.0371789473145163,1.349423267897901,2.864371557469905,1.1236087030402615,-0.5352302025662299,0.3476724104234662,-1.085383908990016,-1.149998835257851,-1.1511530935584462,0.6189701484591326,0.4538904811975598,2.2898252363522165,-0.34525862742759195,0.4837752836470074,-1.9451246912284117,-2.640499251107811,0.5803143829475761,-1.8739886536916335,-0.7489816121056596,1.6406037536177323,-0.05548400588867031,-0.8197107329488089,-3.7676264579093215,-0.8031220359835547,-1.280611805264103,-0.8605803802914086,0.7670542234839004,0.558652883879021,0.2975423812794024,0.08610295952802338,-1.5023316839253853,0.2744925773625624,0.6333248837592581,0.14379582815575903,-0.7869044825878097,0.6877392729031269,2.641134060359928,1.4336939959215789,2.0365517693475588,0.17152542926559547,-0.8804737401142559,-0.406143622837248,0.19678716164458956,1.0882257928926613,-2.4310304154956124,0.6325239916732668,-0.12131923169572176,0.4392915247972048,1.4974670933907375,4.320444237519975,-0.49091758454170553,2.7571807197092406,0.15808213567519636,1.248910591873047,-0.7674806832975276,0.10452791080438281,0.09592960921549276,-2.7005676201036053,0.32626347829134095,-2.4018278495709215,0.981167134223307,-0.415221358897531,1.7791923030016479,1.3734022024704584,-0.30535572351847673,-0.14443977362595084,1.757474585296472,-1.363168952112832,0.7881508840958757,-0.2795611611169917,1.0716762593092657,-0.8809038858775329,-2.4466738750835604,-0.5762952523493979,2.0084787565209297,-0.44489655974301545,-0.28313836822710303,-1.1111533979939607,0.7016089502313609,-1.750085796278898,-0.38163802174507283,-3.1886787872511273,0.6044275005926109,-0.7633270201228994,-0.13938662843505678,-0.599663214029114,0.31932678420876925,-0.12082525024843217,-0.7480108723301431,-0.4042639769139823,-2.5505449640442515,1.7625597520167253,1.9459221659512331,1.61752042660997,-0.920942571326104,2.490468731774214,2.409852088976684,0.11809879779197989,1.5690199123759536,1.390198006077144,1.7102775186459993,-0.5995337460452018,0.8611242075689372,-1.2232247132609344,-0.0590821718569603,-3.087573922681058,-2.289295451152567,-1.5514057984573022,3.2703264007595845,0.7966217672599144,1.0272010777983156,1.3451772411201655,-1.7465290835075316,-1.511713657993616,-1.8113640443661998,-2.5112985718439007,0.9114371750615189,-3.4510477840027907,0.7312737371258358,-4.153738971358302,2.1433463071781764,-0.7312986510019729,-0.8047998937085735,-0.8693430122434742,-3.2033786207849397,-0.07844289283373478,0.2987364613440058,-2.2268841220598143,-0.12201064896775826,-0.6951819643132862,-3.0694760842699256,1.0254281270374919,-0.8203058025778118,-0.6969086680363996,-2.350348293716596,3.348217315377105,1.1181865624010667,-0.09830707186531085,-0.051469499981292494,0.7645461246005908,0.20729420113266056,0.511046432878256,0.5942092731282558,0.18871144224636216,-1.7387642582334217,-0.26046669846324266,-4.518168539709966,-1.3630343923516777,3.8961263067767176,2.808409621711205,0.44084308949302003,-0.5374374587319952,0.5182059164055198,2.5119314113846043,-0.4118783274173301,-0.999059643814421,-0.30229040509712196,0.15516550156262385,-0.6881371106631161,-2.3352482660476603,-1.848520433896535,0.2531440695745286,0.8284256246279558,0.47058248139425046,0.9889535110226787,-1.1356054269778908,0.9381128390152089,-0.6587773800632007,-1.8045942722720707,1.294732737606683,0.6315791541173741,-0.03139287930956267,-1.5451253034956494,-1.802928707705064,-1.2503488428457552,-0.23094595159540773,1.162719785905287,-2.707545427631418,1.843330303458261,0.7168251133635686,1.5867724989563556,-3.5058308622320427,0.5958815397229685,-2.0583760573259777,-1.1393949562370722,0.7261682348906391,0.7361823157167786,3.42870039760928,-0.5278005633592893,-2.569584172130815,0.31287906898209406,-1.0864913587399538,-3.7183004358241454,-0.8466464129418572,0.3326070526904436,-1.7401574507779125,1.6151122380780403,0.08321426048555902,1.9828996571989101,-1.336947834855659,-0.2124480533180908,-2.914652906708872,0.5017037397039932,-0.8056198299524878,-0.5458495836549332,1.4356626375043295,-2.7026923038301636,1.818310058382874,-1.6225224915688918,-0.6641525204495642,0.6648743613818693,-0.7334587120904454,-1.2402272300931705,0.24851128655005317,0.5252251405436701,0.2947661384606354,0.7776906655767124,-0.18340137338014212,1.5285722005223314,-1.8615896614133665,-0.5079042593264709,2.688682328537366,-1.8403738124582496,-0.9195811263820184,-0.8491049889163185,2.6608495570216517,1.6198615400855372,1.5073143924945687,0.9224060702829593,-0.13767358166862048,1.4346692080615857,0.3186147176178827,0.5564112044336279,0.962632941342842,1.5449190321637158,-0.88500266046592,-0.2731673240489245,0.042671629288079244,0.21502253915115993,0.010612918193649401,-0.7771337264395654,-1.9297724603062012,-0.4725058278784202,-0.9940876673249115,-0.926935274653388,1.2491990587773127,3.322380943941881,0.5465872751358087,0.18426843065385412,0.6525616619792014,-0.5850536147596088,-0.19701451299658002,0.08710164709357343,-1.2383653820341136,0.7136660589039094,0.26934616786261456,2.0632026027082593,-0.629721363724387,2.004207279260618,-0.868273949623892,1.3980667633337056,-1.0064182742542978,-0.912648389319934,0.04660533090220986,-1.0030448928090305,-2.2647805506274663,-0.7932336720710775,0.7806753307296815,-1.1982664066167483,1.5440746166734978,-0.0013504327630192159,-0.8207701287812126,-0.43562338853347815,-1.4589533465874864,0.13766434358588764,1.4125060975434827,-1.166956543458014,-0.9018180483119002,2.2296403816430543,0.45848818617747966,1.0336278875608889,-1.4850887223380347,-1.99850878214469,-1.6926006390062696,1.8789365423069224,2.2620275793210283,-1.0861539555545574,0.00948531619119275,-3.777253326130869,1.594057410363694,-0.3553379183880743,-0.07217359816365995,1.4502639148281615,0.5919930817080264,1.080515042630825,-0.9138990889144778,0.5824566410781487,2.074776231480587,0.9220541704038469,2.4957099616850025,0.6063142468186432,-1.924779517564013,-0.9973595892548375,-0.34332767191863334,2.7046358597340547,1.3761656382913672,0.3244221637097985,-0.5681269723693239,-3.4465096227209764,-2.5367682136432093,-2.7253217379565875,0.2593357076830983,1.2903176149687787,-1.7152314739398775,-1.7901612377944636,0.37637453410884614,3.0446596731826236,-0.06802739428900312,-0.435275294011507,0.1778249545032412,1.1819790590805994,-2.9633818631816333,-0.42405972692459715,0.44553469586407285,-2.0702011275745185,3.862873721259363,1.6562319689372027,0.6307957161238331,-1.9152484207476026,2.951050455660083,0.31398954400160306,2.456707225958874,0.10706811626885204,-1.087381081614744,-1.2395275907148806,-1.3746918106500976,-0.8480054478447184,0.21096952949062175,0.33401908795715735,-0.16112612835476126,-2.4871623094298547,-0.11787639648242468,0.9633068466775235,-3.597037163161925,1.9811281821240838,0.6756401479174972,-1.834359721011771,-1.2042322784814228,-0.8130149794343074,-0.9458669453797597,0.3074490302951104,-0.48264631280326553,3.2748624007429115,-0.653600786524835,2.5641752548690784,0.4956543194234489,-0.40607787365786924,-1.6051898458319191,1.3238170275560528,1.4522903129403015,0.010965480132933705,0.5284664792207869,1.4846265883024703,1.2170970630770008,1.3039825972443642,0.8536966700750606,2.465944902433982,-0.07184515180723183,-1.6894298463598876,0.8240279780249569,1.362736783266242,-1.245613216664908,-0.43245486311424625,1.1743344507102953,-1.2961736628716551,-0.2669415200877332,0.7120651008110699,-2.7325404830017033,-1.532993475216157,-1.4883800715723403,-0.03600505363641632,-1.868823383707885,1.4192255664548197,-0.8536643874553747,3.2992669203139684,2.115131565089718,-1.4813949873327785,0.6528455101146451,-0.9107512732631973,0.17797732441373995,2.194532667499271,-0.12542665593481328,-0.14096634677961836,0.31515003537662556,1.350155778104091,-1.0734378811078589,-2.538608693393533,-1.0392284960536315,1.7705058108389216,0.39603501661866647,-0.2150787540403738,-0.28504028598443365,1.28301795320929,-0.6263304003260345,-0.902730023357146,-0.6373882143847517,0.149955858665773,0.9860499423483282,0.43855650206377944,2.0253104409158538,1.8633202893879213,0.582569959338203,2.2271167897947266,-0.1669833266140206,3.8449131333119335,0.418198372449798,-2.5339490060503698,-1.4632145977987916,0.5423517349242573,1.1683458350168443,-2.4654225025867826,0.2461768396259872,-1.684776363783649,0.933546883971326,-0.877688154090632,-1.9917420357329405,-2.042122718818571,-0.23523897547167438,3.4669577133564324,-0.052259430720009825,1.7784958047065416,-0.18381164022158347,0.05034936963020689,-1.6582784566902136,0.09877810219206418,-1.1234470339855074,-0.3022444758307037,4.041622743913948,-0.7848609534617629,0.40916093449713287,-0.06266348932420979,-1.164440234700868,3.128290129548403,-0.4420409209127865,2.4714392710867368,-1.5473142996202183,-1.172652862404425,0.9786361370347122,3.2923568173272524,-1.1352381891794996,-1.7697076476911509,1.168004831382941,0.7072055774496091,-0.7315714066558844,-1.276417551698299,0.8173218547983252,-2.448636884049183,1.396648519956065,2.224151853328331,0.7179153977436553,1.3650238030885602,1.1084368037147152,0.462043905037518,0.2716559949967972,-3.4718603899862264,1.9323069420745629,1.9121343686351504,2.0483481996693276,-2.7250668808624376,-0.8134978817261569,0.4396433543789895,0.4342670766598737,2.3931494557508928,1.149911332730174,0.9115091482885057,2.522588057638206,-1.2102038317339856,-0.6588196539735258,0.9127974520327992,1.402336793558074,1.4012360615486859,-0.3199516176870932,0.2960520811608842,0.11315439614839073,-1.4682616629932825,2.498657131663306,-1.5306385149320694,2.015600146245727,0.3307231273942902,-0.04031711147337991,-0.9143279598653196,1.470733755461957,0.03218203725083779,2.4319674528681556,2.275400637034749,-0.3610078666774147,2.5397661456021208,2.5449236569064437,0.5383573245734966,0.37928041548204755,0.44328237684055993,0.5320871640625351,-1.349164519696667,-1.6009174180425876,1.0232656402480145,-0.8776684619933044,0.17120657958665797,-4.476107747347119,-1.6441614428492315,-0.45955745635905954,-2.0254392137965542,-0.1911193377395074,-1.0128719502522785,-0.6597872815324866,-2.0873810684629057,0.8368275412159771,0.0652671666949161,-1.3844512748978306,-0.20254350504279317,0.7311223011134234,-1.1770755802576054,-0.5060719621359683,4.028009931359047,-0.047381568556359555,-0.8108848916136068,0.1363219426847866,0.053439390264205716,-2.0898889282866278,1.8417996098689982,3.8591097592849084,-2.057764304521711,-1.9771495689593772,-0.7589427446352013,0.6725837959776285,-0.5111475321240776,1.7290566307796202,-2.086171835894127,0.594036224579626,1.240569811878556,-2.7528463673075887,-0.3219200163406385,0.7300898857755236,0.27355829266411347,1.266828563380866,1.6711819907138565,0.9207742292426371,-0.919427197351846,-1.2904295243735155,-1.2330338152216398,-0.5349157284707313,1.4688725736124049,0.06888321299352901,-0.31975287694470117,1.4279717634626041,0.7398336818045379,3.144285246562068,-2.2220472219616525,-0.7948220814976077,0.5982754097811046,0.6640813788252248,-0.5380169274165338,2.3269981022955095,0.8378775785317206,0.778040308040505,2.082676218160165,1.2674229891782645,-0.2897918865319314,0.5957919350986856,0.38466713002983083,0.6166941786092868,1.6038703118880804,-0.20544489092276186,-0.8174796841619822,1.8052886125148362,-2.9776087658937973,1.760992892424884,-1.0383905516536598,-1.3426710559816384,1.330298115210062,1.9613042490196757,-2.1128169443309917,-1.7844740872221867,2.677501161568055,2.9006795303177864,-1.446507956734777,-1.1266094606038761,0.31592955563647146,0.08588727960517517,2.8531277948507485,0.7966171583649022,0.030248886368379815,1.2815648646318478,2.9968150637814754,-1.0421291497444274,3.185327337841334,1.1127626403635658,0.23909352979891188,-0.49451172057030757,-1.7757356634079389,2.109826510084843,-2.0826367866285573,0.44167776026433536,-0.2997011997402475,-0.3962636904285858,0.1589985907833548,-0.3181399929289735,2.487997332388493,-1.6595964670360224,-3.622715177573145,-0.13413857056948209,1.5507324694202527,-0.5128752650022682,2.1676897461761295,-1.6869074621035218,-1.2495732752953637,-2.8398915190238845,2.894137874161661,0.07116204933286266,0.017163441946534463,1.057931118214979,-1.7547399224687363,-1.4261716849359842,-0.026975957636070524,-0.05297814558499933,2.9405049562698498,0.04213289459496411,-0.019157081539596443,-1.4014275803296719,0.36121572591269785,-0.6337285043096546,2.3923955101493055,-0.3881629100987969,1.8810676042022205,1.8436383712826725,1.0490237170817478,1.547234987259829,-0.09259837285630285,-0.511389049440278,0.7923982570403966,0.9637919080356463,2.81891264209216,0.765886154306265,3.2228036212664866,0.47997030331056256,-1.623140254502883,0.8061333747316815,0.6556924983663113,1.199419435127999,-1.3942005041143677,0.36374824085384705,-1.3361629372364667,-0.9286472638917015,-1.3586640509825347,-1.3689578733387546,3.375711168101984,3.1501298828287223,0.5620521027021335,-0.9519044931115794,-2.520385183965883,-0.38661464250865496,-2.5501840678557635,0.39082062096808734,0.19036022429037253,1.5621650608873534,2.413284977159419,-0.8933801577381372,-3.1087305824262526,-2.762354429764179,0.19798310822311976,-1.6337730357169917,0.4120305230127539,1.4946302235419522,2.0039423048511247,-0.3197060961684266,1.5135772787984796,0.6933767680770686,-1.296196792298403,1.5631723378152897,-0.7270954983635777,0.11288475881405435,-1.1987720927091954,0.941697977513704,-0.7040391080392003,0.7364307571686309,-2.639587740276589,2.126790056748896,0.4635092762816598,1.8106069623565293,-1.5821012261234568,1.2416864873234175,-0.6489325826493683,-2.2082174132341357,-1.5618633915710567,0.6889329289242242,0.9898836652494395,-0.46397517481493517,-1.1452344031693125,-1.1701482506254635,3.1556179489844736,2.3414358324481914,1.8443702789610756,-1.7315157259383902,-0.791186238713368,2.871293007380108,-2.5907479544995105,-1.954960453616182,-0.6977704278571883,0.2046082885798844,0.31655923158103155,-2.421915968527239,1.1648261881492556,-0.29389558582497455,-1.6629604145739247,1.399439045607212,0.9656771199482084,2.696596611727636,0.3047509670519756,1.9278945553873865,-1.1586711729808412,-1.0622922971689999,-1.058095976639558,0.023397780515449218,0.4558653107167986,2.7791326452694305,2.0688517394130415,-2.3747950226405545,-0.0596615767695593,-0.06570246582656729,1.7489706242516467,-1.7584099256828027,0.8075430972192121,1.4984249677974992,0.1998965079380372,1.5935208133002983,0.21235856240875794,1.5029415407465687,-3.717799497842289,0.9019739173251375,-0.4530871335362064,-2.696080018796625,-0.746683697024563,-2.7023019705624303,1.6595432873295473,-0.3826104045416012,-0.3504044091821764,2.032790295723832,-0.10853347717321576,-0.24063203209215678,-0.8640432244133522,1.5701480629870366,-2.382039248483836,-1.131225208931319,-0.7463431140414747,0.619409378489607,0.9205209962543774,-1.1647586464408537,-0.47144842913644436,-0.3630426277892409,1.796701152509347,1.1309501118636323,2.7910010771933718,0.706491915736756,1.6031082156327128,-0.5572228638121965,0.047476462540345765,0.6729224073195162,0.26152362387856737,0.3686679344437259,0.2866249108816108,0.2540737033344035,-0.6363389843167075,-0.31571891860358464,-2.4886509521094595,0.19424645004469598,-1.0321031368990663,-0.408173633523,-4.088281996813631,4.482082716304507,0.4886496244935751,1.3153545915566023,-1.3328512428578323,-2.4500866110273636,0.5923378432350924,-1.9333692030709533,0.49262527493279895,-1.6447072346881275,-0.06345935463637598,0.19091529009076738,0.1655923605776113,-0.8520736535612033,-1.781222885962173,2.141633040301354,-0.025779405194911398,1.0395196597333212,0.9419377102487436,0.6505385703908514,0.7269542103652983,1.5078160683345363,0.6118513761796626,0.6841383165761983,-3.4561464623706324,0.010214622024176445,-1.9927063875594775,-1.1656576967944399,-1.1778672778085224,-1.3293957455247538,-4.355315826626129,0.6654460087363891,-1.911021635160198,-0.5695030802950527,1.8239418869258412,-0.24982839262368411,-1.288979351771107,1.0205285930027814,0.8717331832928652,1.9078436986715774,2.2861496161401327,-1.2949405609146682,0.2886422381422223,0.8410681240065241,-0.8906753066253297,-1.4172921016145512,-2.761630745601192,1.1697747972967942,-0.3464450341233593,-2.2995796630255234,-3.768854156795893;-2.353586265587548,-3.912301612576584,1.021404427145511,3.173932912522647,-2.2199027231416126,2.165750560505141,1.7088116489958962,-1.010200996940004,-0.9482985941875121,1.7395486342273214,1.0676690828204047,-1.196192713699897,-0.7433347837112688,0.48208362300856944,0.8562746294610646,1.5840829244792696;-0.24320744935780203,0.54455969719198,0.4433176129649227,-1.6470443193493052,-0.8248258480875826,-2.8439940269827506,-2.1856005723884424,0.695624244889338,-0.563222673024021,0.8485794401461716,-0.788595505996506,2.2599481590740425,1.5415290502871013,1.2957424692334705,1.2920750990954213,-2.4450767160631073,-1.9072687905586845,1.4411696487924823,-0.26491324665246246,-0.5132079922750286,0.020958663939027955,-0.8345417641381518,0.022477347993417274,-1.0561511977108655,-3.286425320729371,2.715514521525899,-1.8682975656179848,2.0006008206257775,0.06121776676537005,-0.14494565911845889,-0.11724969795254209,0.9862836561577526,1.6778671555637281,0.06503259176858417,-0.1873226885811789,-0.8803925917906457,1.8000313178870173,2.3907653165777223,2.0536515048431507,-2.0749476753254013,-0.5633380621360996,2.850381254897033,-0.17613603979136,-1.9193506888199634,0.2228243947012456,0.9083248776323315,-1.595505149215672,1.6638959314101436,-2.5104360450834333,1.7938328870756342,-1.0299037859607751,1.3374028145607952,-2.993783771360219,1.8174033556246108,1.0277772616334393,2.2193697295935144,-0.8285028645656602,0.46625400314506227,-0.5598773754941466,-1.1192501950438725,1.3732904439132558,2.669355907465981,-5.77735058035489e-05,-0.992301691905788,0.490404363488268,2.045980584869134,-2.803151054482365,0.37222337714486564,3.2511856685403857,-1.1881424543058337,-0.9163524640296865,1.780886185694949,0.531868518784274,-1.7256642190657931,-1.0855296611825964,-1.8254814049319759,-2.3080878216825513,-0.0483389187844136,-1.4585059914246732,-0.33137071267065754,2.685776283731191,-2.7823702348831785,2.3063902454278877,2.8434425814683015,-2.1614904953214458,0.7392165609302028,0.729315742747012,-1.89765908742304,1.1427652142026836,-0.8670751587194616,-0.740355778089373,-1.11588637912885,-1.0311636424391857,-0.270845166814586,0.3337333426771659,-0.8165099602112473,0.2180611374364275,-1.1672707423540276,0.38688381132029925,0.33924777506360404,-0.029727763542704455,2.770612016393989,1.0926274135745162,0.4197281212010742,-1.4093523048936274,-1.6823302115969434,0.7435427604159179,1.181702491428807,3.0359638026605555,-0.25476682897536984,0.42438252508571533,0.04483278149775949,0.7337378635457255,0.6921457250860116,-0.2526654571263032,1.9835457204185203,0.5566761968804214,-0.599603704287968,-2.4272085738469173,1.0941757678099904,-0.2772555022348721,-0.16525827564497883,2.1364912459607304,2.083918309880641,0.5920465572287367,0.18304083904368612,1.2404034258751562,-0.08684424000023011,-1.5231481990579852,-1.4031263551828999,0.7615726339863392,-0.9832414219873034,-2.4038565812183226,2.271368325959315,0.5707307792107255,-0.6340487859232455,3.0462316848502984,-1.2472320468310738,0.6193309934347484,-1.09642312138989,1.9846437632075107,1.0475800036083085,-1.6380417643584748,1.616109498933198,1.0689367444200066,-0.7249377760886742,-1.6186384831024752,-1.7450909822151015,-1.9050473646890596,-1.1008586264081182,-0.9307477999652392,-0.32813286001175757,-0.7937171336479969,-1.2291895395585448,0.5486208635313159,-0.025008250659691478,-1.5571618855854994,-2.6616477560917784,-2.8198478342425477,1.4901107887065157;0.9925191135601346,0.7564939865279013,2.4321761937548296,0.31569157947264137,1.2478707663029243,1.8656124191371406,-1.8492334301134954,0.4651607209220534,0.4707071889988427,-2.270064018252483"
16,2.341480819623419,"-0.36498620782664126,-0.11924655683575695,0.6541725510700055,0.3348201599502944,-1.8520021947277914,0.10450372444664915,3.4534211526181378,1.295629184678544,-2.2213948076935033,1.4270902686526772,-1.6989005967399902,-1.5953206004658698,-1.0877757771241143,-1.7399975629677376,-2.90101091099742,-0.12896393698086908,-1.1829701166954523,1.7332934984356592,-0.6760775330349258,-2.884452628908048,1.1144572861905688,0.023967210186761956,-1.71799869237924,-0.44545305032948823,0.14321460260471452,-0.016991486360060707,-2.979461513434709,-1.3089503019239856,-0.739995821440782,1.1729135034378513,-1.1725698956242816,1.785435778650526,-1.5169400179219652,-0.5900679634769268,0.8582102211667599,-0.9146909444280391,-0.04588757046545022,-2.5702564152649137,-0.9500751206617997,-0.3991966933264956,1.7351701674067095,-0.06472613191054849,1.7091074440586893,-0.7648300226622347,-1.6087295771347987,0.4274287897513114,0.603424102261894,0.5271878024842728,0.6324738228932183,-0.9627893383772793,3.0200965971046707,-1.756887356310835,-2.579931354307519,1.6259188604853834,1.0490763558775673,1.4238731503701947,-0.8601364094506874,1.4344068384116928,2.059701082558091,-0.8584733910619959,0.18454195013661495,0.7967449814958922,-1.3265230474938874,-0.356155050757899,-1.0392232763233609,0.24842223405787048,-1.9125329450158248,0.5757162601864605,-0.597102876521032,-0.7980443693994947,-1.6678349105444963,2.90074010006626,-1.5497659259629857,1.599461634239952,-0.8886090593723214,-0.9462360886649733,0.5928826110585057,-1.4192544753302982,-1.537318797002961,-2.038876056419258,0.26517195454409864,-0.046461267804798256,4.509186879055158,1.0727209919995235,-1.3706917271332397,0.02073239802854243,1.6823835326486414,2.655327448938389,0.20067306915088856,1.1374711082643656,-0.8598433830760098,-1.7571039961604198,-1.594070609949115,-0.8152470096575136,-0.2585263735745996,-2.4349201901262365,0.5288537035805814,0.098741277525491,-0.8490106831054427,0.3321498603214454,-0.3546604323047949,-0.5950821635128248,0.1751187459325333,-1.0369052137128059,-0.8465215347349563,2.912285361556831,1.2442589440879805,-0.03466133654104732,-0.4643653011405912,0.12121755273689427,-0.1804471595900064,0.2540660577899227,-1.2286129779991835,1.565437763955887,0.26943540803978405,0.39870478540607535,-1.104002521941251,-3.973155947208752,-0.9843753508519721,-1.7498767322851994,0.1311947721414197,-1.6666554581924156,0.4225426683618719,-0.6256212345228822,1.8043657261065211,1.9700892859903996,-0.3987049159479623,-1.8167050621984981,1.3387693454935932,-0.3552978150486162,0.43856993497168784,0.4867050785348562,-1.3201616881538245,0.6396191952008673,-1.7269685633450582,1.8436989581609442,-0.14651204175765775,-0.893315095491145,0.07505911470413959,-0.4003352110231556,-0.6304224026260535,2.40132787452521,-2.5718143126683746,-0.3995465571741302,1.3369736908045429,1.4403028555523893,-0.8757317014585388,-1.4061427327834317,0.7627846972680667,0.05126029908376262,-0.0964538257942903,-1.1063713541720308,-2.3440270597120905,0.5851288204688522,-1.0504023299048986,-1.3537442331600864,-0.21191278121338214,1.2466733811811817,-1.4633203397340402,0.3624277905399619,-0.9111294161843029,1.6148380436613448,2.12396848280547,-0.4453570309279483,0.2527948203267133,0.1503021315431331,2.2516851864009286,2.6252223678121163,0.05880962630266903,-2.7378733616269226,-2.3386180364224805,-0.6065978660642546,0.18568269611282795,0.752772219096002,-0.8324858505185132,0.30466592687794036,-1.7307009821459671,1.592303407814366,-0.6742551476376413,1.5962997547472249,-0.6745063655296311,-0.26724582425438437,0.6155954309505854,0.293872358221102,1.2146660551232535,2.1326146617110098,0.9431544484762023,0.4565426319635353,-0.3519124982272214,-2.023170062437172,1.037500859958115,2.5393094644176926,0.8715131499579375,-1.695760399674239,1.4895870378749385,1.0644661673641562,-2.292762793457589,-2.8579828839835875,0.179302819614797,-2.2665586922299825,2.0614831758378536,0.08709843082260901,3.23364404535795,-1.5524113842598548,-0.43418048458596126,-0.32718457770090037,-0.587011202634537,1.3003709272014556,-1.08826127151562,4.093412440607121,1.4480494192711484,2.5090506510474504,1.8387328326969756,0.22833003680960412,-0.5057868706815403,-0.28535801453331333,-1.0075323120913338,0.8544712998444355,0.9166821534410046,0.33330830908020537,2.3172057239322212,-0.6213678021698936,-0.0368203312292313,-1.8976874074991397,-0.01949951846706688,-1.1561397559607498,0.6199571040765977,-0.9805065438943485,-1.8409220431174018,1.9397612292001503,0.7881720047624341,2.312765344572774,-0.8816063863610107,-0.12240147810014151,1.9808939278749929,1.879458185321419,-2.7578909548207373,-0.3332942390970614,-1.8785554981719204,1.9381098080706431,-1.3143406775201842,1.0542264121351468,0.7473227516128471,2.334589538849009,-2.59541638878635,-0.1544638600437812,-0.41729841674597346,-0.9019203235257751,2.4245480857693296,0.7559276172934924,-1.3901362535552952,1.0733252264159838,2.485359474589843,1.5432766097024375,-1.3425985782890673,2.0791044008161434,0.26375690933002327,1.3353980459299182,-1.820641613595806,0.2932646469590252,-1.1185574512337455,0.49364904561060347,-4.009849176137141,0.7310446641487789,-0.03605747593895206,-2.5782302148296488,1.7986412230689535,0.2502999579734582,-0.4027983613172215,-0.3617120597252004,2.0441690069712912,-0.9218153891637737,0.8055316836445209,-0.9536655778233761,-1.4409011744894098,-2.10336598297752,-0.8938581112024038,0.16546108286433175,-0.4957654384537979,0.8833572382336933,-0.23279650047919698,2.6748867729728305,1.7586095260516894,-3.207421395849267,1.6542908004002042,-0.052366833786137656,0.5630090214841638,2.1132854213626198,1.0492458834822105,-0.7444378626544774,-0.44493421220243423,0.6049203309592469,-0.7799045824157088,-1.5534242051474965,-1.6410880726544845,-2.57605820454306,0.8806407843786395,0.9552065525135678,-0.4996060490529136,1.9378050773876072,-3.4034555883741064,0.44696114150084654,1.9705183796540473,-0.07055019646758176,-0.21032503343244924,0.7156243920619922,-0.6137330216686459,1.1913199226599671,1.5495812209974598,-1.4080924631425868,-0.4069435560712821,2.8328526173028066,1.8350964797727776,1.78265825429835,1.5916635413158948,-0.9771373837639271,-0.562512535279385,-1.127135042784243,1.1543107206376724,1.7687752787018676,0.7139987423383556,1.5079603941134514,-1.379243487900669,2.1841300400397516,-1.3494774351355914,-1.7910677462422497,1.0239270216826222,1.5276214131327677,0.029951446649172264,-0.6036678751816958,-0.10669752696315246,-0.7474380770154356,-1.3603377272110533,-1.8491560447707642,0.4295196283762756,1.091565681695112,1.2466184067550712,-0.2981918565477114,0.22393328118802902,-1.6835225465967407,-3.526541835193262,-0.2670223061771083,-0.9171656491891175,-0.06715702739733653,1.3791007655108363,-0.8848632802772937,0.09307816944109204,-3.8944884252986425,-0.12204797672635309,-0.9358669192705136,-0.1152006328328542,0.5158040858882811,1.2257166868878036,0.10744661204102797,-0.5711243951452643,-1.2271695395857,-0.5021176660734462,1.2507466580955184,0.45161058855789005,-0.579213944663656,0.640883901166017,2.2654950589960987,1.575426579020991,0.939203215054072,0.19503049784023194,-0.4748123523317154,0.14882843057804912,-0.4232527372608923,1.1777437890048597,-2.692577989128632,0.03961909455472057,0.1779196281432548,0.5412753212590345,1.2221220194679758,3.402049451101349,-0.8025406172811649,2.5700833177123514,-0.4391388990711079,1.8812203666745453,-0.9089190689818529,0.9556786998187277,0.5741969003551511,-2.4399665883326893,1.4617074645828807,-1.2736033832577354,1.0614288052163354,-0.20191199429745466,1.225716772382111,1.4054378750479086,-0.45396250683348954,1.2799212035468637,1.6702007403885049,-1.172275673823588,1.0518613072692935,0.7397608338594774,0.5089023480793397,-0.467774048733823,-1.6851703138864067,-1.1922743521225891,1.515178499795291,-1.2723774239989027,0.6764780168216147,-0.5207798063835202,0.3934842532612108,-1.596788897894865,-0.339697659297325,-2.1479148250234394,0.5498337739506572,-0.1086193644127319,-1.0747189816570315,-1.2963158425613532,0.6183609762639728,0.6550739237058638,-0.7468097830822736,-0.018915434917724273,-2.2538847780768645,1.716819276782748,2.096039424713863,1.7916140005236012,-0.9332853171490298,2.291578413916979,3.599238832824347,-0.25596120612488943,1.4253565772265695,1.347441960648629,0.927659550897109,-1.154460040819011,0.6660766303994934,-1.8275793628472177,-0.15272321418498966,-3.3226803833810123,-1.0236187473515774,-0.9800532116201055,3.792402062993501,0.0981254609971162,1.6682658618280028,2.3081670460880748,-2.2700889629171925,-2.5086032271463066,-1.8088806954591892,-1.7415376114795564,0.9050389289720582,-4.4848938060433845,0.21504963683983735,-3.8829513621191643,2.255791517438513,-0.5787109074480911,-0.22900336096160145,-0.2992878975432962,-3.2149052429828084,0.0855857702854907,0.1342902252315628,-2.4630107901964924,-1.183142459070071,-0.39667887091440995,-2.629442962685552,0.803302312016103,-2.0229794116752844,-2.1163095988965193,-3.042200999788478,3.4543094933891045,1.2267018471066704,1.116369543924117,0.26722938760690557,0.4827080282345827,0.5323805081179287,0.17364194526865542,0.5900447121388323,0.6442270977136197,-0.6213696989043042,0.0507248675928165,-4.879244458386889,-0.8611982417846642,3.6252514113384398,2.718661566117398,0.9816620374483329,-0.9492161431644,1.2311199604056122,1.6824622912835703,-0.36583909741565457,-0.7781179027501739,-1.6723892724896916,0.1826005843738081,-0.9926976297570926,-2.658720944776076,-2.2416705121680676,-1.3435131593855,0.3491847862768121,1.1861574311584437,1.0543463745813946,-0.7211904050336975,0.7654056779200061,-0.24441393781576495,-1.597090217091921,0.7545425407127291,-0.31982841106197146,0.6777924919116046,-1.7962812865506679,-3.245734438726736,-0.43867932686934114,0.4968377462482297,2.105074638350656,-2.7960702424461825,2.452427931695844,0.438694814545574,1.3067249141833652,-3.7660380647164833,-0.8727770446528703,-1.6651307149805399,-0.7570341830570027,-0.26974033589840873,0.6809697682867458,3.534582537388251,-0.1863101938893037,-1.9210639084499772,0.23705874541105074,-0.8116932756822398,-3.613714837880205,-0.09133145772216811,0.3130382263153188,-1.8223724181415757,2.3582436530722197,0.9800343825115289,1.3049719161930602,-0.7010807909416473,-0.277027322613174,-3.6864268821354043,0.9514395533396762,-0.22978722891025544,0.0534105420520079,1.4670713030132936,-2.1931191355614432,1.3146420851585512,-1.5339456964919833,-1.8918911749224832,-0.15996578571935038,-0.6225528393867481,-1.771471326665809,0.15138964858755416,0.09201934156283342,0.7111388925423274,1.0656745794095257,-0.21949707909046606,0.6171983595057486,-1.7871193143887465,-0.3037908297890172,2.4635374782591226,-0.818923381963618,-1.5108026587874344,-0.23646493334622143,2.632575284088752,1.556815661800305,1.3207356348423094,0.663428029657775,0.32119563609014506,0.9917456383139921,-0.2866367875375193,0.5686745359543905,0.8772873355110904,2.3952029248854405,-0.4066308030426748,0.12197725808277232,-0.2580193394267363,0.03150607100533592,0.6427570051656543,-0.7012263353792144,-1.8121842008430429,-1.0964567509541792,-0.8896206024745581,-0.792857866438412,1.1127219265342752,2.5451396793282837,0.5619968488432128,-0.021552124686365026,0.6877213542102472,-0.8748650866325656,0.22474383193900943,0.5870470386663289,-1.7537981743091033,1.6017855503283371,-0.311588999999055,2.270544672949887,0.22384823541596585,1.409383694401778,-0.15812019931913318,0.14445422021854504,-1.1872524211931312,-1.4075195280429647,1.25588720116943,-1.0686688132004352,-2.332166448689056,-0.7073988800952833,1.7617949237364257,-1.8183951724296565,2.4074274568483105,0.10247651406904179,-0.4558557261661874,-1.5527365682692968,-0.26575630270130557,-0.16842729433025783,0.9840544260403695,-1.4028622691526975,0.09222306905011113,3.5528541562670317,1.321507083176812,0.19286530939180735,-2.3241770768222265,-2.6934481947645716,-1.9176824967070845,0.7646241381321205,1.8422428430380815,-0.8978246587622457,1.2593251967793508,-3.2073873401326662,2.6233993829952627,0.5170913264406778,0.7002149758686251,1.1665465556344126,0.9350828569119695,0.4398690892329818,-1.4322774358771095,1.4572968789020098,2.7489545152914747,0.8404984921219005,2.879264345258134,0.19868430303732365,-1.9880395465282668,-0.9912388576145237,0.5432648972581297,2.539981495232963,0.4477763784673877,0.12967739601178285,-0.6844887306550065,-2.4452480952678735,-2.165722660707694,-2.229266722942362,1.829878358610249,1.0089669308971825,-1.2119597488796883,-2.2894161184301662,0.4491552314719926,2.649016590947064,-0.3567324337645559,-0.31634823401312734,0.22963958302037613,1.7523766623348402,-3.095919798256185,0.14368362031985132,0.9523670902629752,-1.4108787712468016,3.2996216667719898,1.0945574190914371,-0.7063397353797347,-1.7541422710952415,2.494197829254821,0.31206313244868367,2.6502475519931825,0.013543075118921593,-0.8013955852117522,-0.6111315116644698,-1.7253571502996272,-1.1529625126287721,0.286000086700467,-0.33310809975134226,0.7738266129784908,-1.5527764258336525,0.06372163401371964,1.51291300635466,-3.881162985876342,1.246176620374621,0.9790527919605371,-2.919595284070625,-1.2071603735633076,-0.06489483886059544,-0.4973684157931185,0.2813837617049186,-1.147770206629176,2.60220142169148,-0.3218384773586306,1.7766582217447977,-0.043226950295646105,-0.04862023855470757,-1.2913060530521097,1.7268597002128814,1.2830987783128327,-0.22216184495288416,0.09629188642681252,0.8056444117420138,1.328634841508982,1.0090814786335705,0.8042517244815524,1.854727921097966,0.10584685982380972,-1.1617878427162764,0.8520491584121062,1.6081740903748936,-0.8857500976242807,0.056385919879792884,0.13563834723379042,-0.8760435472891345,-0.1591646467896907,1.3267214360652946,-3.143589819369629,-1.1934276159526522,-1.2428503754747864,0.585786328974905,-2.3494608494441542,0.7937342327735547,-0.7507521291492981,1.9047995568542437,1.426658151047855,-1.1645371689566608,-0.0011283767745386974,-1.765211374618631,0.520571599922008,2.1493638263193553,-0.7804635542928108,-1.030703433572868,-0.2977207958425238,1.434667298453439,-0.6750751983362397,-2.045650295575318,-0.9507227462743572,1.3745888382458753,0.14254954246271143,0.7123197498203625,-1.2875173936285178,1.4249257241513233,0.24262049330002136,-0.7620223381043488,0.05928990374030013,-0.672002317993726,0.679999862112779,-0.053117003114634465,1.8230191552915365,1.2618840145568497,0.4796433768364426,1.4870613448155852,0.8486268549026323,4.208657820042738,1.3141048712586543,-2.7915954288989933,-2.2065626011348973,1.561869066242269,1.0121326515707725,-2.5714859711803233,0.5439794665931166,-0.5663082406329341,1.56487036772733,-0.9191987299967748,-1.5850548786252627,-2.4895457549489746,-0.5913885181367928,3.560662251233202,-0.44047767091043055,2.27018754676211,-0.8032037694372473,0.3278375270988062,-2.014870992904374,0.48755000671342286,-0.742367278680625,-0.18062918110253964,3.8762990313859325,-0.31515734871971635,0.31092996644844706,-0.41647046871249094,-0.7709417100915876,1.6608381845493867,-0.9748318005819862,2.332234438317137,-1.824340159625967,-1.079675879195379,0.9595419582147872,3.8416280306661887,-0.709461171606474,-0.611388929122168,0.43316543593349077,0.44209802157314737,0.02414715261450639,-1.3018417855912812,1.0130995253185997,-1.8135409588276916,1.3264558077569661,1.7022798684477283,0.7134122153059583,0.16340128407875165,1.142516745873676,0.5730514908416741,0.6646319734395285,-2.949474195902277,1.5155615077916014,1.495915774409249,1.7640402143620064,-2.517461329654954,-0.9918690831583179,-0.10400684912331422,0.42517866577329094,1.4335979031018757,1.2476849565907613,1.2394935193775414,2.545464598657794,-1.984918614968806,-0.7003511752877222,-0.0057912626265709255,0.52375115616647,2.0728707751627753,0.0969516228591164,0.5416389395937479,0.8759538271245519,-1.2442078530502814,2.2150192031707228,-1.0017376645472231,2.2384269442956573,0.2192751379101191,1.1054445658421157,-0.5934654278866922,2.43788113362731,1.52178280071777,1.1578168632682597,2.155567202129118,-0.26759794667684134,2.104108415875582,2.78832380662696,-0.0413325899546238,-0.557791492261573,0.6708808408910432,0.45814541857430496,-1.1939076860618492,-1.5261705731884359,-0.09536692044264572,-1.7242515033583445,0.005379623367136821,-3.8289517724642317,-0.8732152671550479,-0.3130093624107494,-1.5620379303504914,0.4527940521529951,-0.925051760914521,-0.93384336106344,-2.139460829972701,0.7521019211720388,0.5118003934851535,-1.151541003971475,-0.7305103055097274,-0.8699201420964513,-1.1251752229447054,-1.1039287172306063,3.2838628917707124,0.0829361454477755,-0.954650317439055,-1.273451927159876,0.6569122112376373,-0.5571819211706233,2.3643807807068544,3.249506706656768,-0.47251037713663696,-1.5999479805220649,-0.5012436941779114,0.36660834935552156,-0.7619416698146614,2.00415763634938,-2.020149182324844,0.7129327464989889,1.128460229558867,-3.190418330791031,-0.08892623199191976,1.6089849952311703,0.5809383328932832,0.8246340491030083,2.460963586735864,0.10503812570650767,-0.5790904417652737,-1.0944294920212108,-1.991066522506261,0.5347385539216527,1.2565429837679525,0.44965684613337514,-0.9566556197637217,1.5418112132312132,0.3966112174008146,2.613493184857589,-1.9890166056247574,-0.6617746825843485,1.6976685694427722,1.2083186157127792,0.5217734938458236,2.102982367429176,-0.5205626045190095,1.3662378837936027,2.6163297528141776,1.549801919731007,-0.7493098601585212,0.912450836491328,-0.4167944804576625,-0.03320396147065763,1.500481148105693,-0.23645260957068362,-0.6860405794722131,2.4672275733976403,-1.5359738288337037,1.4561076886717799,-0.39345081432540807,-1.3987548179605427,1.01205072166555,2.6505847656798087,-1.535938757354318,-3.0166001722172986,2.744210112408802,1.621365713886132,-0.6702616752716364,-0.38708294006984645,0.21325340619250152,0.8590523499691598,2.3442906183452465,0.7604750741239631,0.05927469459433109,1.2131028551114573,2.8335813335822104,-1.3762037282598003,3.6301064098737603,0.2121922254739559,-0.32255893581470946,-0.6367601043312248,-1.7839156779932757,1.5452993838198572,-1.3305023821850064,-0.424163286253484,-0.017626317335925734,-1.0810557411986248,0.09308955980071454,-0.22545445811702053,2.5925104530556236,-0.8564389574385527,-3.5642772325323686,0.5664834547767448,1.2733129440472564,-1.2190980232173425,0.7999407928620449,-0.8301887851814506,-1.091353285776112,-3.382004014762292,2.9089057819517823,0.2713028925571106,-0.003416463392887925,1.4936801063338878,-2.7660413764021836,-1.1858225216720881,-0.2862952107121434,-0.2147951220491226,2.7237216808319964,-0.7449722148345943,-0.30001860102196,-2.024076610764862,1.2430530554839767,-0.32436903116757226,1.9288326580484798,-0.8452391470600247,2.3274930107352976,1.0475297322739878,0.0849638377796984,0.7959554535469627,0.4182028446271757,1.0277100486049073,0.7740485872239464,0.33342973425141476,2.3647124295813993,0.648421499844976,3.535221805630275,0.513422727560487,-1.676172678077033,1.5430614434926566,0.9172932052351752,0.7881889605196707,-1.992495930919763,0.052558919121060255,-0.8708244064650634,-0.5206547942073168,-0.6106857456466472,-1.7441079230718566,3.8651939835113107,3.2188866231870064,0.8100500275536178,-1.8403174900564532,-0.9758723102358324,-0.6869414384091124,-1.8168852592882045,1.4191833541406167,-0.18664513781883163,2.2689605739615,2.216685905960464,-0.6264814634080762,-2.1667594903773564,-2.10088720379648,0.13525748368719015,-0.7663069347630801,0.43151106699467723,1.5866190551184793,1.2824941879418843,0.3797003750715532,0.8450693928715323,0.3656308214994738,-0.9660614032118197,1.0129933290973359,-1.0365527949153344,0.7309628467511557,-0.9656277611235073,0.1057735101184305,-0.9715924122486936,-0.015665711932135618,-2.0731156542782423,1.809731661210209,0.02072255983165522,2.303645239665816,-2.1661903705667096,0.6584054261894081,0.09389500873989359,-1.480690340177955,-1.382308361619853,0.5021787479581468,0.26195151945095513,-0.1522502319145711,-0.16788289063466919,-0.7627565611004785,2.991685777401599,2.3396193004382577,1.2737588428246542,-1.4233659342921352,-1.1649718636759168,2.7669715761945373,-2.1371858428385093,-2.3423564086694917,-1.2209678687167551,0.4137726069880469,0.5152856910493873,-1.9665953511138625,2.277424573756683,-1.0896421557399545,-1.287549085589838,2.097717244395443,1.380623122687903,3.4399564631441484,-0.17757021652471905,1.1108696594119536,-0.7240594249512515,-1.546890338249301,-0.8894392267323817,0.8396886785396885,0.7701744095925706,1.857371333496323,2.379666780372724,-1.5257002174033314,0.6944804582150564,-0.476637554816839,0.7350138916536547,-0.7996403712818552,0.44223224445800213,1.819754658912026,0.43334186419482346,1.7805658951401457,0.9147072295926895,0.8642078394950076,-4.148900658687212,0.38811632042066674,-0.249141181254211,-1.8337672251429298,0.0481130919044766,-2.420298464653464,2.0244562093803617,-0.3794967457900134,-0.5420142494026688,1.4190686969008683,-0.4169907857232267,-0.2906927042262164,0.2183709197034409,1.2280949286331646,-1.9569206131481185,0.10528382895642918,-0.2909078705364956,1.339381957423782,0.640123553646395,-2.5821224115198147,-0.13590524769467516,-1.0351911389066195,1.7057979621760877,0.799118295999582,1.9453749872961468,0.7823764667355142,-0.007522232838756415,0.1300311291739068,0.7467227145857906,0.7061029572043023,0.5605971820131644,1.1629951652101773,0.2692729329065244,1.1115891474230906,-0.4131210377019978,-0.1820339731700048,-2.1805229764552307,1.1693981200693173,-1.4003941298036808,0.4016920102529993,-3.307617878568471,4.431702560168764,-0.20681573366069217,0.9277156713779813,-1.2368852155802568,-0.7833924623300346,-0.32310378644638915,-2.1831005829725822,0.4921307851785237,-1.6155623415177438,-1.3094601775298471,0.20926145750624411,0.3150077688088936,-1.008206930211291,-1.2279351535000622,1.7085552481596087,-0.9140051409120903,1.3116484136958968,1.495792010901225,1.268750439891626,0.7730107226622656,1.9690722685810615,-0.1362673477500969,0.8638518060849536,-1.551546875145096,0.6742391154176277,-2.187799318501668,-0.5970557235419832,-1.290043307224463,-1.741029269811767,-4.3381467531469005,0.3497874047492285,-1.3554860546363339,0.1270699826645343,1.9022482267070795,0.3246227011908483,-2.534759717811502,0.7311941016420456,1.9190395697736533,1.2861548160790863,0.7755195799644884,-1.2375459056169495,-0.03009421341558166,0.5373926037686643,0.07852203996568996,-1.2855883056164321,-2.9360303475378293,0.951159196103668,-0.10950241552136489,-2.469385826753292,-3.5173106548396778;-1.9474731174009003,-3.3303036786477067,0.47305481099290947,2.457736277066921,-1.944528652372629,0.8161895690987255,1.7107750993741466,-0.9178477142699522,-0.4613357140213089,1.523948752386718,0.8035450985844473,-1.5834495614182407,0.016303658685649314,0.5801065588061909,0.9182157273796725,0.3800794583645667;-0.5632783022278361,0.5825688902833401,-0.3046402402140136,-1.8857652802086344,-1.1084686898146354,-2.4106937563789046,-1.6079612184113685,0.7855567523173976,-0.6045201004875682,1.010332779850051,-0.5847638632708979,1.5293640756780578,0.8626581862900502,1.4975504543948865,1.0653644080790534,-1.7920093610328878,-2.546730856041631,1.724178407088107,0.2362401637940949,0.1018127890950573,-0.12487902756647618,-0.2357459456300678,-1.005345131210089,-1.0561311932960586,-2.3739670310216874,2.5279103820025197,-2.2207481807186147,1.2409802413807909,0.6770431805550733,-0.27958787389786577,-0.7944399604312034,1.3562132630682122,1.9014867092123457,0.44298775168745574,-1.426571610823283,0.36921764002140517,1.902785591690463,1.180305324578525,1.3061815558520964,-1.8401058144557125,0.26020184457981066,2.0893307915162325,-0.18084934662105484,-1.0957768256325213,-0.42709947287818323,1.620775269393866,-2.2926527549352613,1.8621643753832648,-3.009418974054129,1.5503893536729338,-1.2668210627296164,0.9077594267274587,-2.5659906558396153,1.8884473596861986,0.7129919618942242,2.1298059635067967,0.21651737782420055,-0.13824994840841076,-1.041112060483102,-0.5637398030997516,1.3969948006523627,2.454215834678756,1.039971392116045,-1.3677407408992137,0.2707920180914264,2.2184406729397765,-3.1324705312436647,0.9159356887110115,3.7836666356625717,-0.8324054822250249,-1.4629867630712636,2.39592167886694,-0.6761986864251197,-2.670500807380586,-1.1430975830341823,-2.012058657387265,-2.672256622844942,-0.10273274376193925,-1.590724269346491,-0.9537476957683857,2.4765222632131554,-3.2202430958145407,1.8153010779509975,3.1471451409096254,-2.50816708805082,0.7350658458995063,0.3305768214502038,-1.5575837855945098,0.9971903490197865,-0.6013087525454758,-1.5329560546514944,-0.8347040891238318,-0.8262779847101138,-0.28795616921180467,0.9371864957676728,0.24642527479526813,0.6228841895985537,-1.4253017936632324,0.5973882837138013,1.0541884293498192,-0.9930681358244181,2.795461706608375,1.4245012602842335,0.6635091408432985,-0.8759873001332855,-0.2518986692998584,0.5013162709118901,1.7190599482741988,2.921071253306606,-0.06319609657613773,0.32266147780519816,-0.21635497044459295,-0.6643554100924038,0.6869282118997403,0.02654309822405998,2.225244534549772,0.39305789378224437,-1.0614180701313911,-3.120841965360068,0.5894614409529777,-0.031958825593947915,-0.45669814628517463,2.193302197167353,2.1757677119694363,0.7987360698976291,-0.3984667493302724,0.8772097816208135,0.9543323860307158,-1.0216061830580956,-1.5117301099626248,0.36489843594187754,-0.4019252079961277,-1.4928397173962105,2.5192854280990638,1.1956947988479298,-0.2503983337378224,1.7434176138860016,-0.9535228314907347,-0.22510633744931768,-1.5910338893276064,2.897342314047445,1.4513742612230698,-1.2967851103024182,0.9940981760906891,0.7515158820088867,-2.221419331135878,-0.839615486113798,-1.5977921232867671,-2.934633782507012,-0.46687409464581275,-1.8899018336802629,-0.8295488551282548,-0.6070209427847629,-0.1910931717852561,-0.13234008191219299,0.39577330940479793,-1.6293930328051716,-3.320983856117344,-2.8256272549857546,0.7871971693386486;1.227097301375263,0.8383375422538971,2.2480468293725453,-0.2727953412204799,1.3851628200596546,2.187192208429256,-1.3576692937099255,0.8778381964075244,0.6673006304924769,-1.5996819803679803"
17,2.3157471905085183,"-0.2337839729623702,-0.19408243834077687,0.19853798766636865,1.1640766322258425,-2.7837080764258046,0.06969293412663832,2.558077258571854,2.0908833570627428,-1.749735628345268,0.24895301528582547,-1.5955901463301765,-1.5195430835105972,-0.699564517628092,-2.4296372217297266,-1.75732764900128,-0.021208088005223835,-1.158915243322711,3.8542355365192056,0.38957402491687876,-2.5260437791515162,0.9115435100038064,-1.225885035442798,-1.1322369580406222,-1.297849817919589,1.0893181195957398,-0.9472968256794199,-3.0945112786672877,-0.5878903220865899,-1.0582280189943645,1.074568712560744,-1.0146355889140757,2.5868729580042165,-2.010577597807367,-0.7743707155143282,0.8855524805655877,-1.2879194571528363,0.4913460230759261,-2.657090437531067,-2.0640171873676243,-1.2208587406454932,2.0117209219043892,0.6598504866579824,2.8290628894110923,-0.4904150718578299,-1.597614532920439,0.4327903238912807,0.13550556768779404,0.9251890727805392,0.0011104860228354219,-0.06629682036783219,3.190955874322996,-2.587983414099828,-2.6188133892600556,1.4087620363843174,1.9259244074358741,1.913627509471005,-1.8222540924128698,1.8984899014749907,2.39145833898437,-1.3251894102446795,0.08089005365759487,1.3683946975575048,-0.5408058546171173,-0.14018257706214288,-0.8980149070498334,-0.8117037477811798,-1.7816790319865405,1.4981161357685429,0.2169323713325146,-0.16527409003754095,-0.8116914043903378,2.644231119113732,-1.9153466690933962,0.9385192235735488,-0.8462273584344681,-0.9670507393468796,0.602978160762481,-1.3070621051399298,-1.3020162287839847,-3.4197133956159185,-0.29411562699176064,0.806481507902127,4.722266326220698,1.1592983096276015,-1.7590117147250606,0.576946550962464,1.5171899907369797,2.3884507151097742,-0.5129228345352379,1.6941102301212212,-0.97026659855183,-1.1612096000025813,-0.4728281174256077,0.22546663543857037,-0.08165383221688165,-3.0846142899512605,-0.009937276673024353,-0.8791746712999424,-0.5862919319729037,-0.11890323930706803,-0.6549321231182637,-1.265783706313484,1.9945320568501046,-0.2823911940477043,-1.0894161239220084,2.6142197126294326,1.5345155017402123,0.1439147268579266,-0.7978207160484574,0.11676324328945295,-0.38480561266101193,-0.23637992837272911,-1.6102733017041189,1.182534554333205,0.7001644046989175,0.5823559276181086,-1.4226836314839542,-3.1874425210162047,-0.6684409498111192,-0.9564541541297571,0.319585833764652,-1.6086213586967288,-0.4384265950607585,-0.15520566912542297,0.8961809906787506,3.5179520347864406,-0.21692899997847612,-0.7909111995782436,1.8214441975027271,-0.16502987788419943,0.005445314894904435,0.8628112009805311,-1.9637699308335208,1.7094845290039142,-2.2709225993942743,1.931076681718125,-0.7640874571677105,0.2844902067808156,0.03399422742985227,-0.7818633629428277,0.06442092540870759,4.396063051283957,-2.4309588485153184,-0.24827408341729745,1.1760840528771965,1.5686105104369676,-0.9464581617770257,-2.2340932334482,0.9156525059323717,0.3623123545521316,0.6549590783230174,-0.7383621484175821,-3.563376969468992,-0.06657315434622015,-1.044849821515358,-1.1874891265791236,-1.3272150875610764,2.350423765743813,-0.8418208181210056,1.104494319987632,0.010078778692045876,0.8362454225040225,2.4802528287718624,-1.200097248744358,0.9661078014452157,-0.041955924818270374,1.2620057179145343,3.6198438108168687,-0.3275618903153671,-2.544740653762846,-2.417362385018085,-1.9153871296228617,0.9200346149271681,0.36069316573858623,-0.11659875050430585,0.21330994128557307,-1.7763980424958032,1.1123893422108233,-0.3398405779607884,1.3690004956789552,-0.33640398965038454,-0.7371887087964603,0.25152915759493055,0.6376443170964261,1.0000245854444598,1.891718296727774,1.5072793956716715,1.1954434505558549,0.10070754072958382,-2.2213965563397786,0.11241821402915192,2.835742068242192,0.5602030092441068,-2.1725902150553433,1.2965480827600033,0.7395708863859469,-2.720576484441145,-2.9854114580584374,0.3327732409191025,-1.0578620666171838,1.8269539724751827,-0.015767597069356848,3.2351838346745,-2.1501591778531264,-0.3778082711926378,-1.0554653873831477,-0.6230665743554782,1.369736639498058,-0.3160436962706868,5.400783634255708,1.370652038499363,2.276232791764345,2.542956006833201,0.5424639056573395,-0.23024010389018057,0.03853509084837414,-0.9941445946281032,0.7980112729489937,2.2082654755302396,0.08815986773201707,1.128184718729337,-1.1858860324384728,-0.31560181948628696,-1.546963427559189,-0.21255474163695015,-0.3597180746636472,0.16688721762912884,-1.6367636788616289,-0.8923418172302039,1.7053148296019123,0.397843999577104,2.361612817638515,-0.4345389023374864,-0.16681976340716181,3.742935342752168,2.343753114594184,-3.146391844666888,-1.126332282043505,-1.1530315639237136,2.1133546918871597,-2.3109839147214,0.9280687347611489,-0.2426096621933187,2.31358803031778,-3.594159004859473,-0.8589437500273385,-1.3474376232637393,-1.3023850113242808,2.21193106501629,0.8786904826141139,-1.4742923314835839,1.3153804837570762,2.2547450253413084,0.5735068347122378,-1.434959446877417,1.367777221383293,0.49942788752717027,0.41122073023057615,-1.2951237159208089,0.32486050725616733,-0.4460005209365271,-0.09009405475164134,-3.115992740911333,-0.00010151663510515885,-0.8595082363862012,-2.1400391368844685,2.766632369377442,0.6296353802221398,0.19940888029055392,0.11799173077536967,2.7718084858244323,-0.22008777150616549,-0.06897999012746214,-0.14369001978857399,-1.231362476810448,-0.9742668308200921,-1.3989019255521273,1.00574381498309,-0.1648722662229707,0.41205670244034753,-0.03667932273848701,2.224712692047041,1.0353923136418715,-3.4557797000739705,1.9322074939355414,0.8312842166413238,0.0851562520282092,2.111822521806536,0.3342026184215557,-0.7539853947478588,0.08022351180429016,-0.45337128969085383,-1.1476670837573975,-1.5308478761079798,-2.123709372484462,-2.427721972191444,0.8881703306243601,-0.08797215908354566,-1.228076173870514,1.8003915828092265,-2.142102005916201,-0.22806818673323995,1.2786049190939417,0.888638559864634,0.11969589531510402,0.2951664370416883,-0.43760253536933136,0.9088545995781405,1.9074739471964604,-1.1273463304869908,-0.8771221691046256,2.5401471579991575,0.4986576538321985,2.4732350305771003,2.2226413356156076,-1.588893112554386,-0.4046817187213195,-1.0518719339614335,1.8349491318267503,1.6126189060038003,-0.05859318744909578,1.6060420728896037,-1.6990620189581942,1.6264270638499436,-1.4765555162336723,-2.195213148187979,0.3832505365931492,1.6681975438500865,1.60668056119304,-0.08533556013442117,-0.029655519463000574,-0.8434959264782115,-1.788433842748262,-1.0237014724179208,0.6304257407049705,0.22447353879778234,1.7902076111326417,-0.45004857535413995,0.8619527150975891,-2.1813907954397056,-2.583654586360403,0.5161886075513088,-0.8630417591978724,-0.025332744169589638,0.7329289332126865,-0.871740308404162,-0.672666032119966,-4.418179603083382,0.045568942478164565,-0.08045401068317426,-0.7860218664402974,-0.0693952582314179,1.0082154411552748,0.9159217733320646,0.010678203176812534,-0.43959662958709966,-1.072325796874186,1.091221234960489,0.7966480159565731,-0.2301943462732015,0.4808946647084903,2.5100560112787536,1.3796535587059264,2.2079740024826933,-0.16662371332101267,-0.7869068437491049,-0.6410355250905604,-0.24769412157100487,0.4858093329654315,-1.8346281649299283,-0.34523063269548704,0.4553777666258204,0.6553665347217972,1.8217911750443243,3.334308084403661,-0.8187902064314703,2.305166693489402,-0.8507385272189388,0.5183872505185718,-0.5240659924245393,-0.6709483279529003,-0.17602294499385202,-2.5362684642848365,0.859884344860151,-1.6846950469485884,0.8273238936806973,-0.8353680357695976,1.6050956605191578,1.3690754498436024,-0.3554948750479754,0.4593656279224215,1.794981991402735,-1.8664967350711883,0.4644571489870755,0.465048741068386,1.166996088631666,-0.37037447090597153,-2.2829233246123635,-0.6644129376077611,1.6476920110135918,-1.3289712777490927,1.0516575389064469,-0.5495736804375198,-0.3878584125607137,-1.1886330600123138,-0.1453084278755276,-1.840179351817361,0.00019150424491121143,-1.1382316812086664,-0.8054627258073922,-1.0680780275820503,0.8535927640054308,-0.965521113519807,-0.342640679475443,-0.4069833983462985,-2.025204887508803,1.769435904757437,1.9150400050290937,1.9007230140144118,0.08691222522178399,2.7936327699877688,2.2984709249061184,-0.2856262975489497,1.5656332110468003,0.9271489685964074,1.7050747043340582,-0.8475747467481531,0.8008395481893024,-1.2767150293481566,-0.2016532636382699,-2.518220848929437,-1.7501183133851435,-0.4626437294418612,4.11626516671194,0.4567670668413998,2.4878290396164204,1.0779953554725632,-1.5048350579508438,-2.197283390611872,-2.6015090231512397,-1.2278065584321145,1.113965967405951,-3.627937660272973,-0.05465357583200414,-3.5409333790768813,2.008370666801598,-0.17032451471413113,-0.25430965628231383,-0.11039596223594239,-3.904259898733883,-0.5396432410268389,0.9077956309568084,-3.2230209156291187,-0.9915081093562758,-0.18661746621145325,-2.772683205805678,1.83241539768504,-1.2854256943316926,0.011877169964203738,-1.5895687866677348,3.344550153643753,0.8345934064107198,0.6289603056814355,0.4743305453813875,1.625369829635626,1.3648746922296042,0.7094793458815072,-0.020071941412943606,-0.344980789413321,-1.471269933258551,-0.15257985479370864,-4.575200695388155,-1.7252082186558937,4.378439523013773,2.342239199294901,0.9465632119854169,-0.8445367784362113,0.17170501761833767,1.0316553828357928,0.15356180256348928,-1.8574375850924918,-0.8514466813994082,-0.37500094132674433,-0.8034366650972395,-1.5756732822340178,-2.1807761467290305,-0.5555916185100207,0.6027476960274865,0.4255529206681388,1.2924021189482513,-1.3046498271433382,1.361370364534059,-0.28268672210124807,-1.27696133691647,0.5535929039459856,0.6691150622935487,-0.2330473357290634,-2.054476839239333,-2.3900471744586533,-0.6620366929764138,0.2341536076671166,1.857352715151321,-1.8930325165414685,1.9886732623268844,0.7426743395627791,1.5758220535649865,-3.547811713406898,-0.26344881203034876,-2.0292520169631003,-1.152604294467492,0.3194282325388559,0.24356792562683824,2.915664471854539,-0.3977559744414227,-2.5974567889986098,-1.026368573140971,-1.28866598527586,-3.8656214970737297,-0.5183135194095239,-0.4057301373944915,-1.4603131792140196,3.311933161941162,-0.019269345707009278,1.2546022332628732,-1.9614368703614222,-0.6376827772319433,-3.907682572778053,-0.20367730541123924,-1.6686459460536018,0.10531002772863898,1.7782458990803907,-2.4444710087626307,1.622982106636512,-2.2588367732246795,-1.8665061563274123,-0.43314770613564824,-2.1695697396419638,-0.9850739365464483,0.8714216396959743,-0.2984072751321411,0.6624855411375168,0.9065467890457215,-1.3854754292893086,1.8021045348084133,-1.6187920667320288,-0.12502650339700405,2.0402353696464,-1.5895610296553024,-0.9897755849149703,0.4871526231289798,2.1380870599560327,1.801101457761089,1.5612588350309924,0.29572643208213084,0.23585528224799793,1.3598202007127476,-0.211489243276545,0.11899262878023995,0.7324443706875339,2.155679327210536,-0.4901119106986118,-0.15943450238059148,0.45655582612291057,-0.49805472899242453,1.2896784345788588,-1.034391314822599,-1.5371754639373183,-1.2507896620543688,0.22203292249862527,-1.2464228641685315,1.5380857778887314,2.729793981160119,0.021912239785016108,0.9900093496244933,0.021344819711981766,-0.8730371089904774,0.35659480840840957,0.5501519687350971,-2.6628027704432595,1.5209726540999673,-0.4311256739494759,1.6729064674977483,0.22900114007661201,2.276802578238236,0.5519844801033292,0.7796921891691619,-1.2391747355854879,-0.7314287611068467,1.772279798464995,-0.4629142149486708,-2.962299045877913,-0.9725201120043742,0.7920544404419163,-1.5796234820847577,2.2150671708287444,0.7601294396517146,-0.8865681288155232,-1.1314315294722401,-0.811538472854487,0.40350591585720547,0.9056422447100577,-0.37739936687730546,-0.272231862129572,2.359704599250301,0.9646389959785713,1.148635143874377,-1.9886934751236325,-1.636741440270774,-2.1166070093252207,2.026623545416688,2.2415791546636665,-0.712994008041906,0.8057376897853352,-2.747026254517183,2.300800738819117,0.16553753177215688,-0.09897130429983736,2.0037420583401224,0.767194972733379,0.3246528361834588,-0.5811794375032009,0.3447446293256343,2.62711099675682,1.59315176425119,2.4723642745434873,0.4750849283037143,-2.102975038011508,-1.0322091422087514,-0.03733936441524649,2.855350432913802,1.5924901903635142,-0.19339217931491184,-0.4794459541550866,-2.624018565845093,-2.039750089064425,-2.7314834302576827,-0.3184062328907268,2.0967899183676515,-0.8364241312933484,-1.3029569944857435,0.7095807738428747,2.7945807738059045,-0.23835406601359266,-0.6641668103838075,0.48516207259287036,0.8603048756760943,-3.465028890065478,0.0034612497975900075,0.4490143560452726,-1.9529762549329883,4.1148207772755825,1.2022741435075943,0.47881758562654547,-1.8646535175990702,2.3586707309380475,-0.8080554977706802,0.28422421263570574,0.24006790118638613,-1.4243572722613154,-1.2884231432150213,-0.9401375100710357,0.04591420735576601,0.9932036090366203,0.0007992921686023613,0.5887517422931137,-1.6744246159880671,-0.7842195465520396,0.7143989525847804,-3.272665162121721,1.8189580050890226,1.0672829261177772,-2.309614048910772,-1.3906545646584552,-1.6081252879616112,-0.34356143333221567,0.7338013782246466,-0.5223976174137855,2.589396890073076,-0.012913895220819926,3.052422199299789,0.3115170827527658,-0.6406897225842092,-1.1357358874025807,1.8171169243515575,1.465128769807532,0.35604515026782046,1.1548869685984016,0.7518166770754017,1.386488169899472,1.0809808773814724,1.1218237439154943,1.8338777481981647,0.12719697181350786,-1.3321179291614564,1.5969025665635668,0.7441853453987177,-0.44088261951020624,-0.16633011186510432,-0.043376402808323555,-1.0331518288278687,-1.1858508159763481,1.1121947497439952,-2.498773293139393,-1.157598640390213,-2.1776626165290014,0.31624901412746337,-1.7753540085830148,1.7377239912806512,-0.8928113851640801,2.472509880729267,1.724253184827848,-1.2824680241036102,0.7649904901746134,-0.8964645714942112,0.5900148192200528,1.9706990914854938,-1.1805783349717365,0.3191592390345569,-0.016281257450197456,1.116879582430024,-1.7516864742201328,-1.882870709229659,-1.237371890188092,1.3513565052374348,-0.162371027880587,0.1142939191940473,-0.7737235269554057,0.8870070168708223,-0.5160823722978535,-0.8056745428406599,-0.11747185080801491,-0.29660788174619257,0.18870662877354955,0.7926949768956928,2.3306229892181074,2.254062426398406,-0.1415054519114074,2.7314450880598518,0.9803863343678217,2.575484764778192,0.4232648180588945,-1.615582604161844,-1.8808311190024143,0.4846648586818667,0.7937358212239185,-2.6556646371635924,0.4292900543829803,-0.19604039162379472,1.2030572706539566,-0.585755271076399,-1.2457656693611667,-2.4704835836452914,-1.0883520461640197,3.269289580574802,-0.08263250117618526,2.2107720615447106,-0.8763383831049163,-0.21930952688062966,-1.3977338744479493,0.4633622543366386,-1.05887456180787,0.018128075970245544,3.525354935926268,0.20055943234825652,0.21760952848748882,-0.08918318345924547,0.26269734125767974,2.378197904702837,-1.1979333675114863,1.4074377941556373,-1.1204895505165047,-1.102150798410257,0.9051914526139851,3.128831597916787,-0.9136620402874316,-0.9552388605019875,1.6071295931348133,0.09345804124542911,-0.387756676804713,-1.1581565585697042,0.6428589242307428,-0.8292865451098141,1.3630985969787426,2.2233607151808457,0.5752954749111425,1.1865447416163686,1.8186267004157473,-0.1287878679668556,0.9228462058568367,-1.7624586242953328,0.8641451783813308,1.643598056694221,0.9222838962933857,-1.2970192133767902,-2.2617782273701654,-0.7867700047079739,0.876932646119331,2.188685741745619,1.8291916791732938,0.8402480154063836,2.0267238646657915,-1.2371814984667906,-0.04018066096709553,0.11163214861477566,1.2341896802321872,2.1211261498899425,-0.8734423904524022,0.10992411837336136,0.4966949388831877,-2.18548045532786,1.8869975388807516,-0.8593127465016974,1.7472379013460284,0.910009230364054,0.8806514764484218,-0.7535966901173211,1.8034415448984784,0.3212838613098055,1.2216894162301155,1.5827794188792021,-0.4656366349710122,2.419481537418352,2.1092643584391477,0.30579943823551037,-0.21204943077808663,0.014144461110516149,-0.21928379928511776,-2.0105171038589025,-1.2858531526318628,-0.36128436061588565,-1.199711918112786,-0.16519594091681644,-3.512722417845012,-1.070757457370123,-0.3172793263821294,-1.5815567208218262,1.007615937339783,-0.6849471148786062,-0.24648067415449057,-3.2328141710989664,-0.5822668553180319,0.06540800423805994,-1.4385533794274417,-0.41380867252125436,0.04016834284002155,-1.4437043268098717,-0.7002791297745693,4.047967991068299,-0.357031910466457,0.2041726302298097,-1.398677297700278,0.009417157127870251,-0.8272489031511105,2.7022621013986896,3.0682703078238354,-0.8661053126870677,-1.9259177639587028,-0.2414967891982749,0.9625625674631304,-0.5602500984118498,1.6053292671896653,-2.34364375758007,-0.37125437574613745,0.8918570695935243,-2.21191181861568,-0.4522874532242761,0.9244590314463044,0.3461487841329731,0.8218826351333582,2.118523527854068,0.4798108565741564,-0.5752287205632749,-0.5096823888483342,-2.30540874723053,0.3308052369966553,1.5518287492589398,1.0467096488779402,0.2027100404011749,1.2006271530507007,-0.36960161426142424,2.7228573498296575,-1.8572881569169148,-0.507442586114748,1.6370519209309242,1.2057201397637078,0.20285663614175106,2.7739421512841846,0.14625647862457397,1.5432187436765523,1.8350093365055233,0.7540233260086595,-0.32108601950547067,0.23833529736950365,0.9032454131164109,-0.30283209283285906,0.8255661285757279,-0.6769880522477661,0.49749429286534186,2.333616845053118,-1.7806171498384469,1.944552505214252,-0.9689481661393662,-0.855431617184116,0.4301027837318894,2.5440942033089127,-1.8758986152710366,-1.8157174757032828,2.6166891642941277,1.1052466824883447,-0.604196701289997,-1.1133892110256722,-0.011036425442789911,-0.6645685788413574,2.315384151357106,-0.0853383129381583,0.40064906754757657,0.34640057696945037,3.059958700065315,-0.9550189605808914,2.736938552800084,0.8720094597067543,0.22390495363241805,-1.448657814407877,-1.114681887878303,2.363259782778292,-1.3735641022266387,0.6760869512253922,-0.03197357905226628,-0.4955767474423445,0.16639838254272238,-0.532645159071188,2.89516080095972,-1.3226697805044578,-4.0157288063863374,0.1626201905456255,0.7949605723157114,-0.6539459622682393,1.7092083219589738,-2.671537021234297,-1.0137348162617452,-2.2722367847184426,3.3465380906495596,-0.09975243404722355,-0.41697616241498836,1.503993359846282,-2.5431947977614575,-0.9748928725103013,-0.9002642877527008,-0.619111431397979,3.442737197929635,0.05288477239209677,-0.9317812354902856,-1.0895174316982115,1.2023939305970184,-0.5459581599230638,2.6369532900990054,-0.2581572786314752,1.749046877204259,1.0257079354781498,0.7790503415711523,0.5865563708868414,0.09473856002029624,0.6148167941407462,0.8761351791974461,0.24825153220683588,2.5668547791068472,0.9949135556686836,2.714437113515044,1.3608560127268245,-1.4774030012237616,1.6706643534479317,1.0369052953144322,1.0912813495238185,-0.9587815659153736,0.2884310157598647,-1.449331345331378,-1.0144079812303566,-0.6069409999389046,-1.4225279865919633,3.2495437237638765,3.0236422584119236,-0.3845998610365736,-1.4620116108021637,-1.5184803140801688,-0.17671688142031178,-2.091249593599203,0.9384855708106514,0.622794394667644,1.9919476711704682,1.8555040679903263,-0.507496812816908,-2.2477007770986663,-2.9336382248001565,0.9121900826165805,-0.615481879813095,0.5192622223418623,1.5217281999168455,1.5060604873926513,-0.10535268183271707,0.7497644785862934,0.3899686540783448,-0.6090844335492385,1.6775729405043065,-1.086169670091325,0.8579579517003272,-1.7455655941560086,0.5360523751406457,-1.38778575546518,1.1117329102754763,-2.446566562931299,2.0167174274805437,0.7362323834614296,2.0764560572083997,-1.447908547362527,1.11777984645031,-0.3239870122187922,-2.3065110337432846,-1.575862485897942,1.1859520890317519,0.725520048319708,-1.1366146455306803,-0.6245849024525937,-1.4012790159981658,3.1874917033823285,3.0075018804182942,1.064095766651872,-1.2923075912532387,0.1333383776712434,2.979688733730141,-2.7865186050997144,-1.6646328923109028,0.14996850139148898,-0.23326534998271847,0.6640530745253147,-1.8915781889786012,0.37428336589550937,-1.1736896427503976,-1.5750937097423598,0.9864197575079892,1.5018671448985867,3.4572799479816614,-1.2757853252526696,1.6429648428753185,-0.33531355141582886,-2.068364006034931,-0.18309238741008693,0.8244264972472191,0.6540864477927038,2.4184474103119777,0.518796418686144,-1.728835346649495,0.15399450426087502,-0.8462494275421206,1.299018254512879,-1.0668225791600718,1.246557114468675,2.472797579030485,0.5400604708119673,1.5090086149658917,0.24927856097804268,0.8480963611734632,-4.5823942148734895,0.7067344320780193,-0.36378876565340734,-2.253722399735847,-0.2835056616018438,-2.2593737351172325,2.013526459109605,-0.8781289116607767,0.41677074214544385,1.7950662963686725,-0.008885838875267227,0.770976444863006,-0.717282381778259,0.26454420116456745,-2.370077861694536,-1.1265470625200067,-0.11464967935411946,1.2484891267674763,0.5413394609248741,-1.527820143241811,-0.3337446919257273,-0.32270590077065586,2.1249615896364404,0.3544095237905426,1.482785170149505,0.9553953232768291,0.6901700334032508,0.11106479336932107,0.40775268216076366,0.994950115197424,0.0528331889682641,0.862630599773021,-0.5459036543105618,1.1543976876616266,-0.14961651197620024,-0.37179614268341393,-1.8081934457443873,0.8447439877941817,-0.49392130154039127,0.16047731705284257,-3.1322404197487477,3.991039208545864,-0.2541198446696952,1.711296484501457,-1.4869183995796509,-1.419242684526275,0.4616425768689957,-1.4779763056867066,0.21052815017971283,-2.207921554162385,-0.4635874719949885,-1.0192270750379404,0.24560024827954333,-0.672654931309836,-1.525722061176197,2.861732283567132,-1.1658224877900996,0.4764506685046169,0.04066072885365957,0.8994499281299821,0.8756149406264084,1.6688747788504967,-1.0298032503627592,1.4167464670103698,-2.2059862183783325,0.5593954632092597,-1.1928851196693862,-0.40778192538098196,-0.6974942686894192,-0.6738357705234816,-4.015566805443224,0.8931257787718474,-1.4308126629897302,-0.6917079773097667,2.3750050937018243,0.23802782532779687,-1.2283786740433282,1.011469223177486,1.735961066716884,2.4194000058099854,1.6909572148097138,-1.7470512741815578,0.15271668278590728,0.5113418092913115,-0.8506425833521642,-2.0554293943431317,-2.1170036788416615,1.5756113282312714,-0.532735249773114,-2.47309842102264,-4.1838432834164525;-2.9118093534246525,-4.39017773480964,0.9034323657033525,3.5011714894245385,-1.8517912463604813,1.8736735426750988,1.8420311258266888,-0.2713545853799751,-1.022368098980555,1.0199873630622305,0.7885540583842503,-1.2711586215869948,-0.7701669723378708,0.20987080627584093,0.609619996519262,0.3894630037443739;0.1568893012732338,0.9268218916427884,-0.012123452578135852,-1.605344554962404,-0.1707098925513193,-2.04556565299573,-2.3181482784019267,1.3243465892996915,-0.24901621357494635,0.7148322390985985,0.6227134683998787,1.8904181155325184,-0.011894555360098202,2.3005257461505533,1.5600509254990091,-2.160117642647476,-2.528843524174228,1.660553784807555,0.1162813894261079,-0.04557704739301227,-0.40311329105175575,-0.28556740549774495,-0.21245072752590244,-1.2089134687753156,-3.060545413725637,2.583298167861132,-1.1897022142265126,1.486764100277848,0.7737129879692397,-0.17987838732889494,-0.33534657363905196,0.9144101565681042,1.382057151790948,0.7074224000071669,-0.4544289906571213,-0.7267729123083173,1.3240233739421803,2.1650614531450536,0.7166048786147466,-1.8940667999628844,-0.5208990956307379,3.138641435764695,-0.32137306116044734,-1.3159244761389444,0.2819224528879648,1.3642193853982842,-2.1783426833287036,1.80898134589606,-1.3113396578274727,1.3335896102306708,-0.7020820957030737,1.1541938274112926,-1.6093416219049856,1.354794380435498,1.5537903049318496,2.5035161702636453,-0.918371765492464,-0.23106999471106782,-0.42887112195422294,-1.3204048157587753,2.5336064559261864,2.6197060456423826,0.028825444575395404,-1.2554614259574066,0.5853431701008398,1.9825515353332712,-2.0611091612571952,0.9963605309250453,3.3330189285061884,-1.2168944468242209,-0.7605911894876609,1.9929537678100955,-0.20437577477511035,-1.695593643149481,-0.9325917254978521,-1.1363077326411757,-1.8298809450435152,-0.21583740552003886,-1.3181227489948637,-1.3023494246514757,1.9617393428025225,-3.3662677000391135,1.3051917516303093,3.2468964634659065,-2.435970818590609,0.976616622943798,0.6332844822750826,-0.8238705112664547,1.0191335346395027,-1.268877138436676,-1.0446997602958628,-1.003539958924882,-0.27521515771962285,0.11520296111996144,0.4542725165026181,0.15663757855496604,0.7620260327561944,-1.2700830497613744,0.03938149983509359,1.561942427918636,-1.0271012732441243,2.08684222979623,1.8377325154563817,0.34442421919120175,-0.9501407513699098,-1.4574344524671008,1.03345523452531,1.5582698201255207,3.0028389687265475,-1.4918637569742077,0.01777669627669204,0.40039984380452753,0.0305386983128777,0.48055386864984956,-0.5170208274938245,1.7616897996852314,0.16325109996462356,-0.7834475865565796,-2.441526121126345,0.6297615612304672,-1.1627693015346976,-1.3170035967830886,0.7304994556962434,2.2561972783773316,0.5399801090835175,0.30561118714510416,0.9055614322703245,0.8667187335257506,-1.3509517590377231,-1.6938780553550496,0.010861826625182092,-0.703621697564911,-1.0110288777886458,1.6443111800532908,0.7005870478617949,-0.07235588953703731,2.6009334686694014,-0.6181667474198513,-0.6732124939823045,-1.1933315263710202,2.120502380729741,2.2846887522565944,-1.386830081334855,1.606515141105838,1.0127951249172156,-1.2219554428429547,-0.9609955416014948,-3.0861884549569023,-1.6155656371518634,-1.4915170282994934,-1.3542350070214955,-0.7589235273433801,-0.7897126361599381,-0.6082956423298481,0.3490295674045789,0.27214355156948067,-1.529581040015559,-2.6807245903290604,-2.7468599424017555,0.8439806822418608;0.841738002043531,0.7189134087021386,2.754067016777765,1.2039926521517228,1.3700702706269816,2.502408316165046,-1.6663425431660168,0.11101009178392046,0.1509402707673541,-1.1414163563451007"
18,2.289214584974021,"-0.09719551629386323,-1.01955779089821,1.4699251299702163,0.3307951503661772,-1.9538406535392823,-0.2718505030501662,2.7632988286623466,1.4752499293745025,-1.69797026671816,0.935038160893367,-1.3092851574995854,-1.1073293084542475,-0.8776383427155424,-1.303211586174423,-1.691463807927645,-0.3446035592550962,-1.0133244914130382,2.8386806292838815,0.636555032547087,-1.8707226792446767,1.8840060326012087,-0.8656084036293814,-0.7897660181011268,-0.7185775435676276,0.39457739398682123,0.4020995727675188,-3.7341315411124825,-0.390818301812324,-0.7927178942039129,1.264279717230334,-1.1954513600539969,2.0974680130139216,-1.6629855213222287,-0.8885641234666501,0.03712448742414054,-0.8034143235794918,-0.7230831581671351,-2.438458879383405,-0.814698820944254,-1.4058141241449578,2.6264478370229387,-0.4130464817285919,1.8884318235059725,-0.9112570913627089,-0.8167711325199477,0.24805299333860448,0.6848257218835142,2.181729557784203,0.07626170346120598,-0.3136161837111041,2.614743249346107,-3.027334756096652,-2.3836121331294517,1.1400743019074757,1.1261511019568915,1.6017156786800888,-0.5930456236211241,1.8299606575934009,2.213658388102059,-1.2848438965079199,0.05831759016779482,1.1057081491688048,-0.6744200422323051,0.05403298113956512,-1.5687798981412946,-0.4899237353702055,-1.8806870989556312,1.2410684382951085,-0.17292802370791266,-0.19451945735400328,-1.0551796182629285,3.2038417042179828,-1.0102866567981765,1.4457420441669915,-1.0416905651586628,-0.6257761682929341,0.1053019508320453,-2.020440502550722,-2.2662127577059628,-1.9606564903509918,1.2925742223489811,0.12849625634145806,4.716949601275613,0.5685391425894981,-1.62721575519211,0.8205690323825902,1.879079299710757,2.2499685277498562,-0.8512066956088837,1.2168236538501478,-0.5278101675265395,-0.65570968852771,-0.7255639515496656,0.3949395486324314,-0.14337129051678804,-2.124344003472288,0.027153978385379918,-1.7194296564344023,-0.749536301237095,0.25480344649007697,0.10447786262009899,-0.8277684124082281,1.6720980933942697,-1.1704273649575747,-0.3471081061985336,2.565691123641965,0.7588363899855984,-0.046947722706611336,-0.40272619450400965,0.3525987864042186,-0.7861981030085822,0.8085151875927284,-0.9329329924582146,1.4924286733058223,0.4598752684020835,0.5214453206541175,-0.5464210297883296,-3.907683926137766,-0.9695696281587338,-0.6484983723471585,-0.17621107565100527,-1.0194041841113504,0.3045931555264658,-0.9128322976734273,1.0351613830588398,2.54240662271033,0.048867658490387,-0.690141355946189,1.3342304366666524,-0.4455380012200002,-0.10636673214307812,0.4590728713623438,-1.1966360919330223,1.6681989022956998,-1.5949192229290894,1.763114676171611,-0.5674452302460969,0.6488353707520196,0.30252476893024427,-1.089186113582659,-0.33153587686627295,2.35188846202306,-1.9831519502656771,-0.8731050261964988,0.9759100755816499,1.8173266585421168,-0.5272628493092657,-1.7101929003247962,-0.267830833450162,-0.6574455502214207,1.0313408613699757,-0.1075009344131641,-2.7197482142256693,0.17166321169272383,-1.551681562581246,-1.7540640421490443,-0.5775467382053904,1.5662318328263771,-1.1187471049962794,1.07600777320263,-0.5670584614069295,1.2097265337043404,1.4351452813548033,-0.6547597504042585,0.7367066787310191,0.4348010815312136,1.9806399009271374,2.0207533576042565,0.48804938068053827,-2.8639257069125503,-2.6574003173170566,-1.0792432279252209,0.020033524565574,0.37372845785832376,-0.5225968853652874,0.14870673842440685,-1.934236277764314,1.1834845555854667,-0.8903256449198759,1.2168774017617305,-0.26286260077303636,-1.53364654585272,-0.4168404432088574,0.3710823953715925,0.9534924343505429,1.6535193313081886,1.1649005571422828,1.2182126470731185,0.5408878900712363,-2.4515987258893963,0.22736058473731285,2.430881016232706,0.5718717712598123,-3.0411855826618113,1.5724198467714467,1.4621238877238492,-1.6068432687435488,-2.433204604124378,-0.25626592563893524,-2.247195707947367,1.2870433677827622,-0.23923261642877375,3.2732940991146697,-1.219147240962829,-0.3049382895986038,-1.3100035089779207,-0.30751891433900536,2.12558581861056,-0.6312768529099305,4.902528526457317,0.8438134019027459,2.968326893834776,2.3087632626056855,1.0060020201316422,-0.38281598592508786,-0.03393349043307642,-1.4174378603232576,1.0507128987725034,1.6307877224089666,0.101318012015431,2.619391761683451,-0.35601197187029254,0.4613782720790539,-2.0815591718862416,-0.5038203349138369,0.10367992209960629,1.0127856809061706,-0.548065461797648,-0.789265199228054,1.5862389555832397,0.22624908928322507,2.8453148501229393,-0.2647178411400406,0.40408136902742736,3.4096203630930466,2.773256839117247,-3.6177243535179295,0.3411139928943935,-1.1788243055577177,2.342992259256862,-1.2315965758829384,1.328741521060701,0.4918375327316568,1.26970524905932,-3.1104318778967763,-0.9524955546380922,-1.930621840540723,-1.1586621819243714,1.968726494339256,1.2142812603721191,-2.3598113304529917,-0.22815204563773894,2.9049478531742774,0.6826497613435139,-1.3545726422031312,1.9447422383653294,0.2648741226893786,0.8003036486196127,-0.8572860230010102,-0.1641683430713316,-0.30234819644108113,1.158784478004157,-3.483595504233416,0.3791882628130278,0.20894137263024246,-2.8899311443149998,2.559501539961074,0.4175155910444247,-0.15641745939857118,0.3788882689850642,2.917901206606031,-0.9923077392506784,0.782050009452718,-0.5609705478082256,-1.605800803952481,-1.3294431556724742,0.43190557643011873,0.4367008148078947,0.03909678181767989,0.9390542660993771,0.11303293655292601,2.5315668482262623,1.8467599759539297,-3.0957781411955345,1.02553943159318,-0.20936312895366646,0.4419540191644448,1.2662565583619583,0.9136333212789871,-1.2116618406481896,-0.3827867741041902,-0.29549889481733427,-1.4261804127438236,-1.87217263182213,-1.5911298628892792,-1.8134102107493568,1.4629054314371386,0.4345506731132606,-0.7607455481278631,0.8802617702372505,-2.4014954838389486,-0.5794967671711568,1.1895302994197026,0.8016570534862277,0.3878786176530813,0.4363876087475853,-0.3664666793580469,0.89126294055949,1.6624966217605568,-1.5752472945498555,-0.7086094566816634,1.9471785795982675,2.2508991054061083,2.4439062186140355,2.3492947661447916,-1.1987769815672866,0.36045502090866066,-0.8468307096281593,1.0638881085594054,1.7296914731985327,0.11025008011972884,1.7319346032850442,-0.66233091856724,1.7574925272978577,-1.223325177567052,-1.5307212358715454,0.9276368752070225,2.030668006775759,0.44514699076510694,-0.006899930499528084,0.4327366991149687,-0.8103582690748187,-0.6628972714035586,-2.2037333242246597,0.7916701567211666,1.1988838998419562,1.5396929456180681,-0.605677121520166,0.3461900173451203,-1.9261429203773548,-2.654649220556246,0.4477212364398761,-1.470450570536201,-0.1803919432538441,1.567885085877437,-1.1684851562997505,-1.7431131475301078,-4.3023003721877835,-1.0354032379736888,-0.49319770049974954,-0.7576641613050468,0.4474713398654405,1.5071368383401906,-0.5201928549604591,0.2570391542609948,-0.2687165300629768,-0.6127269031346112,0.8033567077713143,0.6757126039600005,-0.41475586611178406,0.5829664365233367,1.9850469871317022,0.4167573259892984,1.7149137539704833,0.6961717102922528,-0.2792849303866728,0.8233105245410959,0.5965479426318685,1.2215796914091293,-3.04003764465306,-0.20076851704437507,0.9214756016839064,-0.255546841474886,1.5791213216395479,5.548745206273035,-0.8547588296094603,2.653267768793362,-0.1497172602385084,1.260688571708368,-0.8320091692106379,0.42251059228520277,0.3386453426020601,-2.553636662820112,1.5389616056612867,-1.1372394697894332,0.5168858112014276,-0.5025026013295447,1.9248293914776533,0.19423702245949448,0.05520963966596648,1.1570015389262556,1.983413199340215,-2.0486864951073986,0.26510565470550085,0.8958136218400817,1.416338582516168,-0.41848449103267543,-1.2249027720540249,-0.7271054506605042,1.804732271113177,-1.0740953942415865,0.6962175297712188,-0.5961090320516106,0.5533802160464034,-0.670312264892312,-0.0713476906556626,-2.155402891184645,-0.320010996118254,-0.9288396551142166,-1.3326973086933402,-0.688066570566508,1.0435236804880188,-0.14313326293820683,-0.5607816469377782,0.15605373678020662,-2.440633528643419,1.4462313930860522,1.5950684670205582,1.742746123972582,-1.65832560769759,2.7870748898155018,2.3541928670604233,-0.36624721921998615,1.702640157748145,1.3639200306020072,1.5614171459827595,-1.0021635814243648,1.096593079636854,-1.0933050538283149,-0.2561357712049825,-2.6392547477034602,-0.7606740931040253,-0.673831820320808,4.842491108123192,0.774541493988061,2.024334344336265,0.3708706530980067,-1.6628421832846063,-1.3586991602008207,-3.0770087725815576,-0.6507564864637281,0.6007244365366152,-3.7022924239609263,0.9804555131515444,-4.156695855729807,1.9591209234092384,-0.6495537763896517,-1.9640688560960218,-0.8678445708661049,-3.2374249649686075,0.22472477356024606,0.2859505581285433,-2.2131699901533097,-0.7262339833493576,0.062374045601308215,-1.8327427899639204,1.5231869742196444,-2.0759594244137736,-0.8923443950141274,-1.700466617181875,3.240597989856165,1.1347663626595694,1.4471346702193395,-0.05057325112507807,0.42945431274607104,0.1779009849904113,-0.9344756870930659,-0.3927797137233795,-0.21611615411371277,-1.4540512743772964,-0.18094324990265523,-5.285250949898693,-0.7402977833609483,4.09589062139313,2.4502676620040886,1.3718801869889603,-1.227677715364739,0.109939789531388,2.14098290668052,0.09028443473316972,-1.6670164135709995,0.11250810610217465,0.4785763688457457,-0.33119491494369946,-1.8571390144645734,-2.6358910920102825,-0.3636010682064918,-0.38239417170337786,0.37731965920712857,1.6805560987669226,-0.2805266760434889,1.1977207481781909,1.1007064436622587,-2.164108334882115,1.0852791229289465,0.711355291069182,-0.361696790280932,-1.7574928876581197,-2.0185145694504594,-1.1455826791317318,-0.036762077767445264,1.1070767499586114,-2.205607888195995,2.0900159612472944,0.3569376878813667,1.4168542993943347,-3.7742251334037835,0.42081515458986185,-1.72023392040102,-1.4746181462718448,0.13936075431236616,-0.2808518500091962,3.017193040151609,-0.9055251648998104,-2.181910281318042,0.45869293862067906,-0.8932944741292677,-3.352343824567865,-1.439254608212177,0.5060884247781274,-3.1335652110456422,2.400585701519225,0.3819336859151322,1.1249838388774447,-1.2003010903466782,-1.2462622263862517,-2.8943153533314008,0.9084254778836278,-0.8992579236490639,0.1382425153267104,0.7045286629961651,-2.782957705903142,1.955076598784481,-2.1047583587518015,-1.488818418305695,0.6010614779936088,-1.3864408262587582,-1.7585847298941717,1.166971771827023,0.6078206537889868,0.13272692465779895,0.9260413863472703,-0.6186874697662814,1.362504596906925,-1.876268428487724,-0.2977968564013258,2.5893886365539713,-2.3303274025887615,-1.3954015287651447,-0.2893856269103743,2.05042380663572,1.5087067642322838,2.7093410787461485,0.7656164184194681,0.659827021253504,0.7165722839134832,-0.7556099617331343,0.03767854673773452,0.3404296316621805,1.366872595517855,-0.6075122762469424,-0.5157639293399521,-0.27561424856774513,-0.10467903802377637,1.1270648366694058,-0.6706131082952416,-1.1614294024386744,-1.1768958482102634,-0.5583509110580678,-1.3219815055245765,1.914194836178549,2.5303600594896154,0.6328880079495794,0.7259053307117901,0.5022421872777112,-0.9125338127452531,0.06634768978203898,0.7467351086594423,-2.695748347410404,0.9318562564407356,0.202914253829092,1.2433153170075268,-0.42613158920326255,1.7718241766410614,-0.06280105675513692,0.8732040592267358,-1.0327442257153563,-0.49682621030782637,0.21759866229324065,-0.23037732399685562,-1.5841633118402276,-0.6506920001527916,0.8361245913005417,-1.2470024465601215,2.033379325252677,0.4424498206140956,-0.3005796515703639,-1.1929191475904537,-0.9827604258294359,-0.17501689981095891,0.6531478847484842,-1.5465584989509735,-0.5159063192313358,2.4790036494106524,1.5644380084733291,0.3650272645603163,-0.7072258309780804,-1.8758385266946656,-1.7452637836156026,2.1730473003760045,1.930541103925177,-0.1946041535589138,0.3334161187605579,-2.7982351798747542,2.2066182247204917,-0.29525587045371854,0.4009292356949172,1.4855118348800145,0.983386494533276,0.6269475284558138,-1.0195443771672057,0.3714432931968225,2.0617782339342305,2.046854916774978,2.5070660302982897,-0.21943621405033997,-2.174293416266343,-1.636649227667526,0.12650947829885828,2.638379151650291,0.40842518631202773,-0.8125959873790869,-0.28448135756371074,-2.493536384633161,-2.3228113779896677,-2.847833917121809,1.4323667841693937,1.8150604396401244,-0.6871548751212803,-1.4390085285401768,1.2167720248552212,3.9296369917479987,-1.0278789950549216,-0.012104308559647559,0.2193642286803853,1.4278647535977258,-2.283759675097246,0.5438592326967474,1.0515662359788223,-1.5092379944718342,3.831525689067154,2.201378754933184,-0.3410956021508534,-1.7034484005536359,2.69873028569029,0.6371932850476298,1.706498986256375,-0.12675079233078834,-0.7175581466687871,-0.6842225848519888,-0.8067380199443825,-0.8352581510312072,0.8912769769340507,0.14153793014659943,0.65424200823246,-1.1061452203366813,-0.15517404751708525,0.9329077618465444,-2.8279723526160763,1.4584570320972348,0.820814988649215,-2.1136964706491135,-0.7299591036779037,-1.540585531976812,-0.8709539957215549,-0.05286330039041179,-0.6371802404717106,2.8717174808305432,-0.09576810479523529,2.762771138122903,0.5262038687495133,-0.21335258567718685,-1.8398054108450588,1.5761499017976863,1.4737687555012162,-0.34313356755464963,0.5636577872889807,1.0612617051567699,1.4176871169850542,1.4422350676516027,0.4487056338399005,1.4946113111453527,-0.4666621124867752,-2.144553083626733,1.5474163065411162,1.118986047780642,-0.8810283572780258,0.26890737183839286,0.062187717235785644,-1.4549351909005477,0.2454263704619397,1.3661708656087643,-2.16197853303254,-0.44330586461775423,-1.2831496122213006,0.7430545735597714,-2.1035785961540103,1.471624140864201,-1.1924310803662985,1.901535534054838,1.4075587747676186,-1.348675896579254,0.23299848165709164,-1.7401267658899329,0.5836196341303515,3.2249187316004875,-0.6835414256698464,-0.06365478168629915,0.15526804871547387,1.2066156135877566,-1.1615513307897383,-2.4095840578630576,-1.424817842474965,2.2668305341440584,1.3011306522239696,0.17338580673449827,-0.3488229460271589,1.422063535887054,-0.005257529524307636,-1.047779378639586,0.2588873768587503,-0.6028413414449181,0.595019308370013,1.0908745814749323,1.8170336830358103,2.28413732899687,0.8578292073920146,2.076330714188291,0.5387489359658237,3.7296260894586704,0.755007438141551,-1.4846496323856386,-0.6955322742851419,0.9134432218980166,0.5995384222745346,-2.765506716908987,1.52649519641019,-0.6603156283295113,0.6174144536086436,-0.8361843296691439,-0.9456849083213588,-1.5797853050096555,-1.5389488322262257,3.636971443624577,0.057439382494487934,2.7791227447443734,-0.47964394122849785,-0.18743269755629166,-1.7215590862296213,0.3517254551094745,-1.8204942378342142,0.4831696673720718,3.2710056666827523,-0.38925347792361864,0.26121409454436006,0.013843481701697552,-0.5474987207220562,2.5888250171188023,0.43942006830999236,2.5616532705931188,-1.6574976982930758,-0.8504223379233825,1.099344872528856,3.0357513422336275,-0.8643161079289557,-1.564018196628466,1.279906088127869,1.0846077222758028,-0.5321184352478552,-0.7100535030961859,-0.07527744254755475,-1.8867285098606015,1.1231594431414067,1.4595321346164738,0.7465663381503246,0.8190133152799299,2.0316679148511194,0.24423599674024804,0.3941205074759647,-2.16109282683057,1.9127652616302742,0.706398944295006,1.36959766734137,-1.2966404240354659,-1.514075335771866,-0.6452780633736382,0.12066997074339669,1.8711134875635962,1.1269957719479569,1.5443301124470512,2.2469142385931598,-1.1096266150332512,-0.6972502195445286,0.03011107132003299,0.6119002279966587,1.6846409375994222,0.36425631250678614,0.7240768302063181,0.6893440818858205,-1.4988308774367483,2.598530566626646,-0.49437008448710595,2.0810810523186687,0.5624847464417041,0.723548088073533,-0.847390464360076,2.3591140218038817,0.37992055108851597,1.1235534854891145,1.195691964881588,-0.10476440755691102,2.7262478356753252,2.511586309502853,0.40199441041421746,-0.45936388024559144,0.630910436796623,-0.05153145802905923,-1.3252868903868442,-1.3538290674505784,0.591747622036209,-0.9233211178441034,-0.10133193782508321,-3.4042470164948093,-0.790838250293953,-0.5901419652543067,-2.3961711641578143,0.27334214378756855,-1.383857486722027,0.05420010056544666,-2.1399244668554225,0.7369148650737796,-0.22380723557488488,-0.40031644605239936,0.31574164703773394,-0.26306173333333377,-1.0185867633590864,-0.3646865121971273,2.9562334289434116,0.6340001468592084,-0.4296686575795835,-1.7610265546921948,1.1168222007929631,-2.042202147070147,2.3518587443890833,2.586089685973602,-0.5222547262221469,-1.389487535457015,-0.48045434548739385,1.3602656376182565,-0.8841102167875123,1.945576140026955,-2.054540811388257,0.5752716504808548,0.990542528581508,-1.8894843217894217,0.056368026717612596,0.4101424954967307,-0.1378623396974706,0.8650770674096615,1.486537818710247,0.4942723264265193,-0.41640682969736004,-1.45380708754124,-2.116709595032041,0.45632726671570745,2.0242042420106983,0.5595394942697742,-0.11013470871198361,1.5330318500023115,-0.009971266677821555,3.0875567159813118,-2.3346315612935378,-0.3951072745704598,0.9948778388867182,2.191720479211809,-0.7033439632053333,2.443894158369953,-0.9093018325951594,0.8232136894157376,1.572587073326058,0.7846589798263115,0.049719891746486444,0.9295846345986781,1.0802349387496604,0.18621145484094928,1.6821900859188954,-0.14939811878799175,-0.858721053155432,2.9136977712003134,-1.4632542030570186,2.6240857489963583,-0.9138190816537946,-2.0350517650610893,0.6249819807596448,1.7430133310433273,-1.703868617266376,-3.3954351949289707,2.021319060856436,2.1083858092774967,-1.172905881936211,-0.5345539168527197,-0.12049071574518619,0.002835155721132125,2.8804168132827073,0.27368321446570354,-0.39945847111180277,1.9646933650392082,2.6489138150982123,-2.0304129479258295,3.4451204160615374,1.0724760508146167,-0.5397902166434989,-1.2413783634753428,-0.9434770413983751,1.31350367854429,-1.5910255187058364,0.5940646104934943,-0.367769051407562,-1.165450956579633,-0.18666320502876427,-0.26439288925866145,2.022977461118199,-1.075250640393388,-3.584095611784607,1.2368554082685501,0.7655005582997247,-1.9808487930790757,1.73713126002428,-1.702565340315201,-0.7168163491929882,-2.641066830101843,3.6440792578696257,-0.07404784974970735,-0.5602969521317718,1.1069119067796676,-2.1862476249029665,-0.07394937315985406,-0.7352555034368364,-0.6913367475908547,3.575169230125161,-0.4088256056732167,-0.6250468079415676,-0.6508238280754188,0.6133291692184718,-0.8640814081653343,1.5990907782780721,-0.4596826341580972,2.5130369944122677,1.2412528190434065,-0.3314551837588815,0.7425037747572217,0.05937793608387784,1.3621202864488444,0.5800349515854779,-0.025790849712291397,2.1069558278166167,1.3265646918831293,2.475812732797544,-0.00655856174899927,-0.9233301292536377,1.4740289640388948,0.9947103335427195,1.141891015482238,-0.7847086624883078,0.06244516308313092,-0.6925607203610773,-1.1786608237826397,-1.2017124654566351,-1.8669553253151558,3.5918934794007016,3.306089327323522,0.5173004098782555,-1.3420395562618717,-2.7443747116575405,-0.9065713561414628,-1.979737328287708,0.9180309878355899,0.4864933342360932,1.8311509120137783,2.3605638184966407,-0.5129703712337723,-3.06285370336872,-1.790096462262265,-0.33521016860916425,-1.4799406863540618,0.35407758156884866,1.6073878584660195,0.5097833542092111,-0.309712615529794,0.8540536908973252,0.3275245034483294,-1.1452102434214209,1.8789583756260373,-1.5107170065506623,0.6672501569509225,-1.3639606449527348,0.5657857078616697,-1.5692365432173807,0.7304917842096228,-1.8978404556781014,1.1872758309394273,0.34714197868440977,2.052667254245763,-1.7946693722551603,1.0078914392785365,-0.246969641003046,-2.063664870587114,-0.9119558502454594,0.8742977348247123,-0.1642919598791412,-0.9091030601892239,-0.4745505518188779,-0.7371528779037531,2.4621337958042804,2.0800911669356714,0.9529364648345049,-1.4401934578876314,0.03903281762474192,3.377834762396441,-2.2932792602797694,-1.2617337912045994,-0.03766371484036485,0.8328596111135403,1.004204963342192,-2.1060403510372114,1.8198497071445972,-0.5958705933220513,-1.2997601431086512,2.425069583271661,0.7983551906201152,2.052159658049916,-1.2076492136481272,2.048875310250982,0.3411602330158974,-1.8043443469207536,-1.4888647791671343,0.551566125049672,0.5669333691208013,2.4985439544153705,1.478288218496496,-2.0877871371905385,1.146622531303931,0.09894311749304843,0.030612968581475886,-1.3951808349512034,0.641269631417519,1.8784108601622511,-0.581792167346806,1.7345186514259343,-0.12794787421063714,0.019672518986267318,-4.567498004971197,1.5580213383650854,-0.6507390895975792,-1.8221009127274221,0.20981862948382657,-3.2364587713146022,1.3398385686305498,0.7870827885203511,0.42244093428677165,2.535899097476948,0.5049505463045859,0.2190357616978293,-0.319174467139848,1.9331784336960767,-1.680943984198394,0.13539177255840895,0.07034526083516202,0.8049780932715958,-0.1329753393037233,-1.210594380580651,-0.8381026844386688,-0.6642214521770009,1.4363683838645425,0.9488934506234743,3.003878420968656,0.4445575223366268,0.5534688727341586,0.3924600551681937,0.1534551375672537,0.7062104012229536,0.20340719970412136,1.2462478199176028,0.5352075086769299,1.4669184770524233,0.28006877379328676,0.061171030511385616,-1.4124013136444795,1.0583721698980362,-0.9931911109964954,0.18999205987872322,-3.8197616808106805,3.8802554022129154,0.9140889631966834,1.3868831889269044,-1.6683310443845032,-1.6203787001959837,-0.3763521601749585,-1.5155178939281835,0.5443022597219732,-1.6405733605014436,-1.1527235200169552,-0.48864808076677024,1.2999096892981707,-1.5199203653309727,-1.1297613999009362,2.46794494364262,-0.05195197875997459,0.9823894654370177,1.0949835123006775,0.912478557979922,1.404790627883164,1.3677013065278434,-0.30406432911756637,0.3066351823993883,-2.4314364844497116,1.74332086325686,-2.2870749102697685,-0.7300946494593533,-1.7364536187550215,-0.2679929226023142,-4.917746928930419,1.2177228267443432,-0.5509581568917672,-0.5707863859995934,2.101413026464528,0.0009665625940544903,-1.5263272118383204,0.4301088805926219,1.176778117760965,2.194714823003786,2.239487875928724,-1.5315217177409728,-0.40610274333968804,0.43948532072003954,-0.47247354556778043,-1.4577881087324431,-2.639368864462651,1.3494427359416317,-0.1643441048160822,-2.4372235949984695,-4.362186234041753;-2.4390907258136547,-3.697143513685808,1.0600088374403596,2.9164964323315092,-1.5926345342308896,1.4031731016648459,2.312862779661356,-0.4904233379065826,-0.7133246832425636,1.4536275047094562,0.720210951709899,-2.1280392989587216,-1.2930335396345414,1.026042186717742,0.32147712799174666,1.3593490840153353;0.5512131249562602,1.3091703647786166,0.08591280972868026,-1.654246191638266,-0.25299800332422995,-2.0843662420551823,-0.6195734557864863,0.8062342389388389,-0.35226749416854214,1.1002976511336278,0.2183367934964995,1.4840081242724015,0.28930104624081443,1.82019349286883,1.5515439147257557,-2.6410116779925956,-1.140691042843509,1.4240155095013083,0.058458599247719775,0.6024961422260704,-0.2102845982325462,-0.5950976552231316,-0.9535133769428328,-0.5445533360755508,-2.5695865431820613,2.4289636845463787,-1.7155815593437473,1.6227998529408225,0.9024363464717465,0.4614800419126142,-0.32892355203750234,0.5263393101626023,2.111137169417242,-0.3923810020078834,0.0628929867090347,-0.35237284884220854,2.351651914136581,0.8412888588498095,0.6481878958278446,-2.3372193137451007,-0.6873023507827025,2.029162830040585,0.5593952373611463,-0.6124320164773316,-0.41331362152853895,0.9100647969863898,-2.041466826793898,0.30588954553861414,-1.7777762370354213,0.8442829638987539,-0.39219628284579966,1.0943288737221977,-2.742572769513971,2.154577611413028,0.9595926701061428,2.26103825109794,-0.2743089177581704,0.17544973449334428,-0.5145792965052907,-0.5223677676636516,1.8437173721189797,2.7800789260326253,-0.5655377139976313,-1.0502112231988496,0.8377282149036239,2.187926324607495,-2.9878373337599924,0.5604993403139025,3.0084864749558355,-1.3669850429811765,0.6373148934087997,1.860152178714356,0.03993810371814105,-1.2094830546440178,-1.7100962548811163,-1.7217890161607017,-2.2798239172699484,-0.2654224239141335,-1.6679563626798974,-0.8989513019012415,3.025188459710391,-2.6621900734088824,1.0395018009833605,3.3107265912698542,-1.7303101766568818,0.5552465508770911,0.6593319301418239,-1.7141214396645519,1.4338243422515375,-0.8290991121296221,-0.43111039681652275,-1.0882993434059245,0.352251036343453,0.16784665968713797,0.4265374519896317,-0.28669337361259867,0.8935886700569442,-0.03145273601433174,-0.5428160802839219,0.7864218049037947,-0.13674915208838778,2.4047685938139374,1.630524196672988,0.5050188656718136,-1.2741546715566212,-2.1014450719281417,0.9946779091024864,2.1403174607160893,3.7443336759434933,0.2728400869716842,0.23726281113970688,1.0213715452822392,-0.057718196940170774,0.4117331777922733,-0.4705850111491976,2.4650669563931387,-0.9034898405802491,-0.6896203349532075,-3.2087635240311436,0.8480857833275296,-0.25351272595476776,-0.45376508401164395,1.2801552601628887,1.6909156215011656,0.3458408844504126,0.45732915937816954,1.5849171925855334,-0.15261975461225966,-1.099390763513901,-1.4690948764458014,-0.06538431719498078,-0.19948802685940636,-1.7480058266781955,1.6135695293763739,1.4445136658514866,-1.2198584409037163,2.392642919141937,-1.144419430758202,0.5042060789082848,-0.9856017207094308,3.0236530643091295,1.0819989907659124,-1.5363927960337882,1.0820662058798423,0.6319984015494933,-1.6537813236257362,-0.9519167992927914,-2.063489657030781,-2.847049919379728,-1.8947323832380882,-1.6395810973234135,-0.49563758815404585,-0.715107654670438,-0.11740124333988011,0.4924990029668132,0.14608316535113763,-0.5997764204242233,-3.5086953407193913,-2.6258136312168223,1.1387647596360508;1.6045912490109377,0.4186614788484314,3.6886753559555046,0.37816430747684215,1.821896250752503,2.3441930408475447,-1.2212139244715845,0.8318705431540123,-0.22881098323821047,-1.2589066697110292"
19,2.1870829800405596,"0.25077361614884697,0.1997692752774007,0.862214951001407,0.5199151975813796,-1.992691872327231,-0.9267136453942421,2.6904202249813394,1.329050363528206,-1.737460741390923,0.7785124683934768,-1.471283672368969,-0.7629477876993755,-0.9742771511493957,-1.593127887020093,-2.2191754979365186,-0.37300668036814644,-0.8077400848133061,2.9703645816536124,-0.3954340176418302,-1.4804146758129368,1.6870355923688256,-0.6679039586070254,-0.8791575006865131,-1.774360887821892,1.0643135765532536,0.4092527477258305,-2.264687426097346,0.21874016010742847,-0.7937564276495365,0.9416853319839914,-1.5102481068469427,1.4676190540632321,-0.9673437077894373,0.09508863419803049,-0.01918887343066311,-2.2336872584733363,-0.11697335520956209,-2.04046779156805,-0.9247252670394064,-0.3676026730257579,1.6533392106669067,-0.50204367876447,1.7448082048491422,0.10510282128506526,-0.42571601522350666,0.28811337157594635,0.21837141670027915,0.41990308198171256,0.41893600433735423,-0.20860808643997714,2.659492634015961,-2.3829127105659134,-1.7658283547312683,1.5993981095788887,1.3544574355507568,1.3707320988228462,-0.8753796620249433,0.8546499770703364,2.0513063625606693,-1.941748315412389,-1.1693252859023238,1.576323815206906,-0.6043216498757784,-0.5590579550041284,-0.8173819701690164,-0.053676243746046126,-2.125320962936608,1.366458071905353,0.4075477601539202,-1.005469417926763,0.13412979057237395,2.3955017467692024,-1.013273672568622,1.9945785231156463,-1.2583867155862103,0.04313251117445953,0.24783824423614914,-1.125872272271485,-0.6366093509931215,-2.9208370203407465,0.45426793923779046,0.11670503329010591,4.24901179270242,1.2590313991402415,-1.5322164147974475,0.371721187144619,1.9035465195949257,2.889562802252416,-0.2612866486956767,1.8889711858289389,-0.9219128678230748,-0.4655355319107835,-0.5341303405835173,-0.01943525945310126,0.4613077967712526,-2.838084925206913,0.2872073921709416,-0.39167002770613013,-0.7383795657607313,-0.3485874947489892,0.19103062827175032,-1.3594385356275223,0.48853049074096044,-1.198618858527726,-0.7562755806648698,1.942545831990734,-0.04522354464437872,-0.6313350237918471,-1.2338050132208003,0.41048751272113654,-0.7871038451027034,-0.5591309318080272,-1.5431875045757095,0.998978771068445,-0.419740188898323,0.37527437786669704,-0.6891102853120245,-2.8007571505672306,-1.0687089443204973,-1.1277643471906922,-0.24070698124287002,-1.1830249608764085,-0.2800878125355958,0.22422262605565485,1.0420020514357526,2.0907633644572323,1.0229831629071668,-0.5981105438239049,0.99509993197505,-1.152349943227831,0.37486563381400334,0.8884799582567899,-2.15949012631413,1.4648616250163458,-1.451150775674235,2.017762491694087,0.09300657705286974,0.10580139855157558,-0.3731446421863255,-1.1467153910748804,0.25443482994595124,2.4684546901664617,-2.505618355482191,-0.4215899973617573,1.8042129082096374,1.3341814206391716,-0.949301524488905,-1.2911929883037214,-0.4003704426942659,-0.3530103715265964,0.38601022714080113,-0.9676786864779185,-3.3203126506563496,-0.9152807758800598,-0.35566534452316045,-1.5113607541350926,-0.6210611261125832,0.6878576033492609,-1.396658457389602,1.3633586293882345,0.19177317519732895,2.2055362336456033,2.774195140455298,-1.0084795618470344,1.221471934551354,1.276927036688038,1.447389410053685,3.768316670202947,-0.6735253121588751,-2.540077419379024,-2.2615800224381144,-2.277542846393063,0.5794724637459281,0.7598318415213914,-0.260413297849425,-0.9563608959186873,-2.3919279817074206,2.121584609992955,-0.47801478658068675,0.5083445761236979,-0.4091533587513656,-0.26032002697978807,-0.16596679405123693,0.5166287799402117,0.6447250529057116,2.4707822864538906,1.9732229732098499,0.3751224171358446,0.46152822419828443,-1.2985102967821889,0.8257400622358824,2.9077513150598158,-0.19413343791063792,-1.5519356815349292,1.4078528358301505,1.4756149389437392,-1.4411410202784702,-2.5795297371829786,-0.2061668118777567,-1.8319957096503507,0.8494796128055686,-0.6676824764004801,3.236920376798502,-0.7184466592605632,-0.5364433937545642,-0.4553151085025825,-0.29368732869088254,1.4382722689606884,-0.3637998120580125,4.737300026987375,0.9550442342507095,3.060256097204373,2.9470428457949054,-0.016524484129166572,0.36083063078002514,-0.13776120084492194,-2.0167607630716144,0.6833556558807239,1.624149185947099,0.36575962909550735,2.2781663481232854,-0.506338533855014,0.09744839280279047,-2.4711041656703934,-0.7012697027201433,-0.7993715448272831,0.5757343888053021,-0.8584213713551161,-1.3182754179460614,1.554426138408377,0.5551844724634812,2.054916067308783,0.4370699392611972,-0.31217314157708353,2.9863541191955982,2.9480927965064776,-3.2998085574823186,-0.655346660146013,-1.024506731708305,1.3333732081467276,-1.6750363271263384,1.357287134157743,0.42364636364334096,1.6923311761626885,-3.818874550438,-0.9888076057890113,-0.8687186845177381,-1.1505959304765576,2.951410495787768,0.8263077115336788,-2.2633981820116946,-0.04003378164014837,2.152790899577359,1.421936912587673,-1.050520681321128,2.2208745541025854,0.3644960942341906,1.2797631851547568,-1.0589843431143429,0.3118118517175034,-0.3027286813915366,-0.0656413708607374,-3.627690326587583,0.9153627100994772,0.34816268501155945,-2.6653407263278734,2.1789793799386783,0.6885400111748415,0.6661841845688121,0.1503300324681185,2.878635928988835,-0.5984011499804334,1.466023372678153,-0.9082161765352573,-0.9942188507915171,-1.5802791985488522,-0.920830319776636,-0.1296743064339101,-0.3245451633040727,-0.9504030194234532,0.10547981338793122,2.147421397154018,2.218862904647266,-2.8735279885541076,1.239180465775565,-0.977551351801407,0.45560737951607844,2.452848606742881,1.149241551224077,-1.3029278482677935,-0.3900402683614733,-0.03847901079734702,-1.5199879074565015,-1.9295299652052855,-2.1600388835045687,-1.7737678270495691,0.9709444089282856,-0.13248702978314192,-0.840786729992983,1.3473996388434089,-2.704397231014767,-0.42398220452827984,1.342501163805613,1.0142617623783496,0.14117524641167328,-0.1293130706080231,-1.0134172318708388,1.345146359411055,2.4419655969769174,-1.3176504641112288,-0.3654757013409917,1.6819621903639894,1.4872620431220136,1.8243950989462723,2.4010881115166014,-0.10863244570676489,0.5153227046816742,-0.21492104180759197,1.220021974410799,1.3940619640471916,-0.04991410815729129,1.062986442672194,-1.3929946363796317,1.9748143965225509,-1.5889213135506899,-1.5275625959477257,1.2440059343670744,2.3877216105345855,0.8698058054478368,-0.8010701445758985,-0.26382011339512523,-1.2398463427956699,-0.47818726429392033,-0.9494945720036653,0.8279833213493024,-0.07279437755810236,1.5899295605502204,-0.7325158607900268,0.37259441246763003,-2.153203160623657,-3.065790810852647,-0.4851020330240344,-1.8063294927446314,-0.6188200727942158,1.1359910306127727,-1.1248625547735425,-0.6053052388911361,-4.386988419461144,-0.6895077416821844,-0.7400411322118857,-1.2764990100975226,0.6431544159013161,1.6895740811289914,-0.060625669879738275,0.42518719910307545,-0.894549390311493,-1.1738207014374993,1.3052484024036346,-0.10022786994633281,-1.406075874255817,0.4404596348568721,1.9804163374266943,0.4211325348909017,0.8218021330795185,0.2455012239609201,-0.31370125903612245,0.023488835359934318,-0.11039140702185385,1.6523609664788004,-1.2748140561300907,-0.6456332881404148,0.5351640055538156,0.6955642698617959,1.2245470152377078,3.9970008674096493,-0.9461813846418452,2.944298631068889,-0.36633739438964685,1.2725193904048249,-0.9077005771262877,0.17400723207750543,0.35939082206736916,-3.105054701649688,0.3434327866051604,-1.9679458292585852,0.5926296159664891,-1.0154039522168317,1.982976052802139,1.2404293760917913,-0.001290100821211393,1.529898105299305,1.4764576184741474,-1.7377655834339916,0.2991101128454594,0.7028180280684949,0.29147360031438063,0.052348070109354106,-1.7749281671817585,-0.7968558358948576,1.235928651175886,-0.9096248510448872,0.9436301953180948,-0.9861388363170495,0.3054732924851522,-1.6160614116939507,-0.49097780442475025,-2.6025773932291334,0.6446000806515688,-0.7671810087377038,-1.1713967521796878,-1.0091548786874127,1.3954453427100033,-0.4986941376820945,0.24437467987779682,0.077771152075344,-2.126696824075802,1.8671717500160754,1.5007810670122308,2.5293662178543284,-0.89104303702409,3.2120737672016366,2.92692909965636,-0.07136326552563851,0.8266859735895128,1.5903235308901016,1.5543332721653427,-1.2524784503087092,0.9253462210707248,-1.2333394696637971,-0.608326641947697,-2.9888543414895716,-1.5790299513708332,-0.07325915476456724,4.868292962563848,-0.04723347265351116,1.695987628607994,1.7068515052640691,-1.794172185243291,-1.9853156946422785,-2.468529964983733,-1.273001465530407,0.16633006851817822,-4.030461665908097,0.519794435426665,-4.193827329570567,2.0494000593259827,-0.5078843412096374,-1.663029871128073,-0.16840491228532836,-2.6502414717032754,-0.8226375794472158,0.2871026187151423,-2.236122235372161,-0.0835812111646429,-0.8624978600039421,-2.9508002075977333,1.0258913425343157,-1.2743392933732935,-0.6937899540943919,-2.6552194772456263,3.5505815557917475,1.2795371358675003,0.7305562370958334,0.10769978743267211,0.8798914101524044,0.28926526909253236,0.579960360707334,-0.5472763757449098,0.09872024524527742,-1.4542112996705066,-0.49315152653481653,-5.01188687351761,-0.5928221986481723,4.595685780548699,2.173888217253986,1.2459442156509168,-0.765918364626921,0.5022222296646828,1.375757722206258,-0.007493334915380179,-1.006787804427017,-0.7593864590392522,0.5504391472973889,-0.9396989407758242,-1.5889935353887297,-2.367858672668401,-0.7960333589246571,0.6582614086371235,1.549951065914065,1.2984709720808358,-1.2242760382133895,1.4364908789510031,-0.5218453700944453,-1.2683812884208556,1.505100355814837,0.41545684427018936,-0.04628357480335823,-1.9868586040200222,-2.269429384831783,-1.37344705965761,-0.2635014212782672,2.0578780722923886,-2.8234675546484755,2.1002550246557132,0.7195847241575788,1.9445539190294006,-3.6955417924883074,0.11025186986129046,-2.4570190916706305,-1.7907322688559675,0.49141688118806093,0.051087088299542005,3.5832371004680508,-1.68008156128657,-2.201465846928225,-1.2380225024227638,-0.631069778382609,-3.981056936856987,-1.225420844822183,0.3939439007090828,-1.3956292006737114,2.761915986224542,0.21090050474872463,1.5212074846639516,-1.8149797261724758,-0.11679039108497935,-3.8204097179218097,-0.1265047710853291,0.1371759919833052,-0.4658612954591989,1.5793115125394732,-2.913520468537758,2.856325994568052,-1.3523146672650745,-2.318131091571204,-0.0069387578563820385,-1.4019229790044845,-2.2753715751149883,-0.06203545891158074,-0.08040008768736179,1.347075408774121,0.7029367408440966,-0.6358722110590447,1.7371478429101241,-1.7552361325913917,-0.30651600404924395,2.984651865426542,-1.310810223779493,-0.24578145124868817,-0.02588856190770278,2.4404856942480775,1.9552026391740296,1.2949686798357476,0.6966151429568044,-0.4266508964646329,0.5906111032540726,-0.4590008110678451,0.5437452869060645,0.7965551057435415,3.514447389549489,-0.6372959331205927,-0.4073384961270215,0.3259816855379741,-0.019216443421081864,-0.20517950498362691,-1.286077752690837,-2.1787946629934636,-0.37103901123518523,-0.14258863185272916,-1.8316403118081455,2.4793176742392458,2.9476004138749428,0.04695415072589104,0.6982529165820246,0.601148871005473,-0.779810795526587,0.6499215508511373,-0.23842272558734634,-1.8226208127827743,1.452439836581633,0.5570491414349514,1.1010760297350644,0.16175913341502132,2.06509802731891,-0.36479442023496994,0.9534186284044291,-1.8112144928108993,-1.7030448955628161,0.23447221968604348,-0.7478045258537325,-1.8211029098526992,-0.6906002580962782,1.107070999069116,-1.1296351565962643,1.3607385161698136,0.041725554083999694,-0.011630382380927395,-1.8250868781736176,-0.6747700427172396,0.9971010273510689,1.2448341047526146,-0.8599344455074573,-0.18337513506087186,2.7649799024960995,0.5474379894199932,0.3866664078047497,-1.933037930168093,-2.539030049663604,-2.1067679249228664,2.2746050534809648,1.643444337705189,-0.682796047529625,0.6623016104187758,-3.348836057389964,1.8803614760257754,-0.3382418645843543,-0.506098970780112,1.1959454383942296,0.3667257515047652,0.3529824095146062,-0.4746338577707037,1.020722952764616,2.793529842047561,0.556204192669138,1.9598588613031438,0.5038822292351227,-1.7871263309816814,-0.09269025103514628,-0.2137272892358451,2.943147123591932,0.6498966744883912,-0.5555352794918977,-0.39308412255635117,-2.5148223510808556,-2.319041833434643,-2.6974405972678923,0.5095740974497615,1.1762776189682171,-1.8132702072508298,-2.166798201635748,0.9676880026444825,2.6750803075507514,-0.15164904056145398,0.23865694276271304,-1.2487247017511378,1.5092743936899689,-3.052986270045038,-0.3125666911709424,0.8319055301586733,-1.4124929629930312,3.3586398119540566,0.9843595633355143,-0.42003857816875567,-1.0416031864746198,2.93419500167114,-0.6132336913690616,1.3657411863533226,-0.07016871643616722,-0.48323967154741143,-0.8262448206176957,-0.18950543147600374,-0.2937921723272671,1.4125801687790958,1.156854973619753,1.0282235518726983,-1.7643296210994617,0.21690293140942044,0.26933521825177564,-4.1304960547856595,2.2889830968754685,0.676428429094653,-1.8944297368870315,-0.9481989762545389,-0.9547492736127241,-0.7689944774554038,0.12291289004364121,-0.6633859052688761,2.787840151607896,-0.4874106137823271,2.2509805592489225,0.09283393991695948,-0.6034281399109033,-2.3709592335511207,1.9824840256406393,1.1460568500087052,-0.3621216851854636,0.20219982005827447,1.5995810714722642,1.1015557832027618,1.2456063389873282,0.7733233471534414,1.6869994308942728,-0.00424232631344347,-1.946499747704248,0.6129367612093504,1.24925059127538,-0.3652512660003843,0.969236431043702,0.8953549682661752,-1.1875729312825767,-0.3892975134920421,0.6640749744868037,-2.7360754279679163,-1.3890246803506778,-1.8350027120972774,0.12551818186902763,-0.9853444525156003,1.6153584383389028,-1.4012302710133235,1.2819749813264445,1.3347091618452205,-1.1246701406024506,-0.07648360308016744,-1.0499594369354062,0.16942971116862038,2.775556290810247,-0.7571485621075982,-0.4278008199548496,-0.4226614991336701,0.3465209520359605,-1.072597697256485,-2.204651765416912,-1.6580360414642674,2.1327746716200466,0.3715056890815547,-0.23054064970304144,-0.0739633781640783,0.7395274750131875,-0.05843241196968538,-0.36707600210690494,0.24202691286240205,-0.09462119059478652,0.5245648507483894,0.30095871477161945,2.5051251953058435,1.1690578397481737,0.8457376247054738,1.9135752988585972,-0.3266184270129605,3.114953457570321,0.13299698038609292,-1.6285668317511899,-1.4857366005031725,0.7945004574206153,1.0331893035181008,-1.9550144768759359,0.5867145005463402,-0.025879426029348895,1.1556874272856372,-1.1145503074022423,-0.9466635414516456,-2.2631519701801848,-0.733669535251933,3.185554868901494,0.19798228731204132,2.6113427495980788,-0.5566813877773571,0.11482225304649214,-0.8372491441218092,0.11818526921443995,-1.1134131609783466,0.19674744864214247,3.1831784070698212,0.6647680775139411,0.4806056129928652,-0.006150158178480303,-0.849385860621622,2.2934710891437478,-0.5543072909028279,2.5590143999656894,-2.1281083123955415,-1.4593077198299413,1.7106685955902234,3.314851640609662,-1.5907064605708694,-0.8174880550573105,1.0974028740517503,0.7000724645312233,1.0280831119545506,-0.9345967584145853,0.5734512062533363,-1.3741838974447618,1.641384853861448,2.1529219748960644,1.165903861659046,0.8912205755495046,1.3521598089309697,-0.10182365171236929,1.0424360324975357,-2.5912359656578845,1.4558776914564813,1.7472960814087508,-0.09072114478142779,-2.1909448556958155,-1.656735543486013,-0.7293717226057082,0.4943915263379469,2.805446969988506,1.5162404351938346,1.4817834646914818,2.8891040698989365,-1.0804062019640046,0.3362765754261313,1.0260015986681215,0.962344786908219,1.9800169544392654,0.3555863222130966,0.6661665172719771,1.0614609357139622,-1.1516554256798488,2.472298774416614,-0.6841120776735905,1.733080233261227,0.604628555577118,1.3550769121201989,-1.175573532065076,1.3697678955641293,0.364914242545327,1.5763162325435505,0.8472625132534268,-0.6211003642365155,3.2017676056780795,1.6657528644099902,0.5221151632309127,-0.5955749871511362,0.7088259238219833,1.013651479975621,-0.9366675202203306,-1.0832733149662164,-0.07074368030893563,-1.035655522872196,-0.4082164500181106,-4.378185624964567,-1.4842066001067538,-0.029878026899730792,-1.4359949437492934,0.5263162192613582,-1.206151152652521,-0.3834078745345338,-1.8471628051596714,1.4854412612049885,-0.626819432243356,-1.5759380072264573,-0.6735573145962049,-0.12212146141034146,-1.6586401202937804,-0.6327494746348136,3.140710080103985,0.013005948846165294,0.1774581311221094,-1.6139342820903648,0.03772977598176119,-1.3887627342721844,2.507017143495892,3.6599319922352747,0.28984021899898216,-1.8202566675606917,-0.8176595967833706,1.099792773642421,-0.44413630267713433,2.7086540587441523,-2.0312320499397765,0.2711411409498201,1.2426632156166575,-3.257260457238929,-0.19417521917394845,1.5056457709072126,-0.06438672023715936,0.9946780830621074,1.931250330326898,0.38865610464171124,-0.5770080982275303,-1.2086578713775167,-2.1563901541373607,0.41619875436086173,1.2257905249334593,0.5762187952141884,-1.276787604431208,1.7643127872563258,0.06005129368980233,2.896416544846913,-2.550682435110175,-1.2066848566296677,1.6159742028022073,0.33732358549037356,-0.24519503157266545,3.0788479924848655,-0.86811485930166,0.8281308136120464,2.3426805815240885,0.6687736478295181,-0.6215823664739384,1.3075270726890564,-0.1369815291792837,-0.5489436344084351,1.596253178414146,-0.47235436138773845,-0.6193100419533936,2.197941533893295,-1.5894869589779068,0.7615835502516279,-0.4906164731764189,-0.8791192475573085,1.0139311124215404,2.0800160774354963,-1.4816383543447507,-1.9967376012680809,2.536347439913337,1.69268754407985,-0.6999816811645688,-1.5890963391736679,0.04487778505304312,-0.3701454213106892,2.872808269027288,-0.07707952255462314,-0.3702854755290965,1.2050478735087606,2.298054412142758,-1.2235629101123393,2.4607910397657773,1.0116695673897804,1.0805896774247168,-1.7295818649190076,-1.5375924756973915,1.7642556640422362,-1.4178072269636575,-0.1272926782321881,-0.5185966480732004,-1.297120269260921,0.041085730000333665,-0.9816289124974211,3.292355183795923,-0.7901860050933918,-3.808726686254262,1.1632782145121752,0.29451846433131024,-1.980369183291885,1.1420676663826423,-1.7147601133219208,-0.875956609683989,-2.698775927185422,2.440528795037559,0.24560046102168506,-0.5138796339891221,1.2609818318730874,-2.79451829897625,-1.75732370098592,-0.1353218021286609,-0.24414397628588963,2.879351102257212,-0.45967877570886867,0.06617973199983662,-1.4731526445396648,0.7323412638296161,0.0619404109958418,2.1265264555149925,-0.10683594888059161,2.313957985133056,0.6765198176087511,0.2488785895662823,0.6853238234460128,0.19871941956793826,0.36815418088075763,0.5335598629852332,0.7352555032861259,2.3864683054093216,0.41351148523266157,2.889016209892738,0.23835514185281304,-1.285416444037903,1.6703708386694438,1.080437029655978,0.6078724390431198,-1.705913848113318,0.38189921842869445,-1.5639584434650327,-0.40112120195609374,-1.1550554666887831,-1.550878584113978,3.5873888697636658,3.5731087627167035,-0.48759063973799377,-1.5901800654623595,-1.6800104098540678,-0.6659863021399327,-1.9007670568773058,1.1546274541725694,0.08527494637256587,2.13016600046306,1.6710115411810047,-0.8432251515992915,-1.9403373076682984,-2.645171818939558,0.618319652182983,-1.5346308267225952,0.233071745795412,1.2789273455338988,1.37475209392284,0.006571305309072073,0.6047643380954737,1.0030126001329598,-1.1910893204637847,1.1077877868172532,-1.930723086522277,0.518449255125204,-1.2362505573669984,1.360715418723906,-0.7211618334258985,1.0091607617687308,-2.459519386781724,1.8384703906282467,0.7522399225098475,1.8925512687714139,-2.4554611372875432,1.1904228930235974,-0.36692401970507144,-1.750751056355291,-0.775961379332549,1.2682169411650712,-0.16126341609434847,-1.0384231274184441,-0.0033363046597286727,-0.9670662980732999,2.2475666855922265,1.886117971069249,0.21175970843953285,-2.2643746479604023,-0.0721719410851775,3.865055238587628,-3.05503813827428,-0.8894274748571622,-0.7839824044935981,0.4041636775025385,1.9658007143067437,-1.8077694075874455,1.2541663587520095,-0.6490219471639496,-1.5447088475735045,1.95290594500534,1.755217846448772,2.9858386410829745,-0.39805067326008664,0.8009072425419671,-0.4775821747966023,-2.169193173100795,-0.6651021395147142,0.4597113193887138,1.197397591966682,2.6401923969181835,1.9922307248280544,-2.1673939466213947,0.8096899020894148,0.21286710019216779,0.8067648550362974,-0.984976233871466,0.9669396487570125,2.0877747645870675,0.08941908206473514,1.963301088847012,0.6530735723317673,0.025344596009516995,-4.124325691947,0.920964678812227,-0.9019801421130792,-1.6927176823509866,-0.9863454528578621,-2.213549831544839,1.9144693474798031,0.06348537515242708,0.47266154340261246,1.7366894612276766,-0.07065958311544263,0.3385627991458754,-0.34341826198933423,1.3919419188831328,-1.3556414315513154,-0.6288330011537272,-0.9360377625763491,1.2787304696273936,1.3115423055765847,-2.116020815258476,-1.0560044689158898,0.08497202619411265,1.9497536427459101,0.9176953236618417,2.1471340839148803,0.8580044554583016,-0.2158460339303292,0.12289749198535521,-0.2986663424700405,0.9197611393474803,0.07804219940728023,0.9855447702635203,0.7225430416224812,0.9443698723841045,0.42668398507553273,-0.45920391396961907,-2.174218270161183,0.9964021093225623,-1.6068391766345247,0.176842417579753,-4.06486442425271,3.9934837217310117,-0.5289974374577024,0.9001971225498466,-1.2454279424786745,-1.0031173546227925,-0.26170771286699107,-1.584693461121835,0.8363474671347912,-2.1079993122225194,-1.2414953242690407,-0.7235462222991383,0.43992835523063656,-1.6011898996945655,-1.0128690321657807,0.9336098458465925,-1.0033113079596738,0.9846442935806472,1.1617712073468929,0.4831705295293166,1.3124531540873818,0.6722613612688363,-0.8318323342581533,0.9631069179778942,-2.617419741972332,1.5463551113311724,-1.7722467748340294,-0.8765896203048519,-1.7364853050612314,-1.0995181810117884,-3.52660060123229,0.47212263214682654,-0.7485467561418104,-0.6475947438264269,2.889198017761894,0.4434276218032349,-1.1731155921992127,1.074044086937276,0.937707648170774,1.7166622910141482,0.7528048025617418,-0.3948090754228032,0.0899763329461486,0.03276541541586167,-0.37864488687613584,-1.2111295584914399,-2.759308758133428,0.5317136662048327,-0.28542682281493703,-2.5797374649430735,-3.202023282194635;-2.802148164013951,-4.3129210498165875,-0.04834377275066115,2.222974199914658,-2.360097255296129,1.750268265952524,2.078453442460284,-0.5650663259372009,-0.6204106658729666,1.9576844535339946,0.7522252090458182,-1.4854034672536793,-1.3110675455978869,1.047268306187129,0.4399270087336452,0.6443074268210762;-0.13407100383898807,0.5900120134023964,1.2135823050154855,-2.4228223698503317,-0.9384717470609802,-1.9065898083328694,-1.7942471514229617,1.3376909079769181,-0.7932534230296624,0.8002785987396203,0.5895801462802314,1.5596885612659415,0.8125240153907904,1.785186527607513,2.6547456137936782,-3.0754579202228056,-2.750449362494103,1.7058409813694382,0.7982371588600898,-0.4104301487681143,-0.6050103714104003,-0.6839551977232964,-0.4685069644869009,-0.7090890521846869,-2.6407673434861407,2.316867169065224,-2.4361562670413077,1.4685883257437196,0.9299679619239409,0.3538609471785365,0.14905874158408777,1.9676279639510381,0.34375389911509635,0.4369671809186438,-0.07776714307497434,-0.01628063527003633,2.4481434667765587,1.3680742274939126,0.7249963966947554,-0.616588178641966,-1.1453467381380031,3.368494442052751,0.06615934006523239,-1.065975839885264,-0.519508167611513,2.2125079495268274,-2.5640760683578177,1.176458523530517,-2.2190796165773667,1.2264375316020373,-1.0589970931321186,1.4520149683595103,-3.2408558357603585,1.6696983898622555,0.4952192025756882,2.8452851454792403,-0.6860889614427377,0.07961682161011832,-0.6884085734990435,-0.5795910126749628,2.304657108479831,2.691218046245328,1.0255101914469735,-0.9211553687893885,1.4362420711079256,1.4489056942255898,-2.8921682647987534,0.10290490509182293,3.2760547687371315,-1.1056314532570175,-0.7341387469231451,1.980640216162259,-0.3188002097236564,-2.0216177736458354,-1.0640293422548999,-1.5998723097249261,-1.869526597341146,-1.1999520957087626,-1.7659771981684356,-0.43403781294304855,2.5329003675841295,-2.873587051069542,1.5305374698423446,4.08066576239351,-2.395359085633443,0.4690806810555004,1.6766598297575595,-0.8113082064361632,0.8596779605318314,-1.4990650073261722,-1.732386752923036,-1.3174406820688012,-0.41775547498677745,0.10752323282217945,0.4686586039826688,0.3201549539243894,0.31305242491053775,-1.6559985253526057,0.05564971994191742,0.7805083203855541,-0.49300319404679094,2.5305870164966136,2.0379331253625046,-0.06087195105364518,-0.5489404307917768,-1.8905562574430412,0.7669423293881396,1.5462843793294176,3.6634836024909836,0.32184785463799964,0.949777091309645,0.5166997913726739,-0.25974703374081093,-0.03722750527506091,-0.40868162711321887,2.5247304985576027,0.7651440127466301,-0.8296315391567635,-2.906054543416482,0.9552977848786012,0.14020145918036775,-0.2684032771257211,1.8475436413653588,2.498727354829153,1.153757110246692,-0.11426050421910741,2.2720725422410286,-0.013848823110813917,-1.4103279568436378,-0.805436446647843,0.7015161004507118,0.32895550495561665,-2.03140235446656,1.518625671186396,1.036977235567479,-1.2902524938883952,1.966214772937005,-2.1591115729040276,0.12114533929635232,-1.2862244287321898,2.0009665601816495,0.9305304732608298,-1.8028172578002812,1.6905733109719558,0.8510062335759071,-1.4408333709289864,-1.6986208201132955,-3.136317766210876,-1.732336555622641,-1.4155041736539336,-1.2153472635352787,-0.5301649118068015,-0.49784788221568155,-0.5055490212164715,-0.08938169185017136,0.8826609019277921,-1.5785418874644261,-2.6316420937335128,-2.46000984859274,0.49716115851404236;1.4786256600415082,0.46614394809119664,2.5069796023561466,0.2150182817377424,2.193620806517473,2.7119149456246645,-2.1200582514691453,-0.1356009150999381,0.5318493157876831,-2.0467617309947035"
20,1.3893099213178,"-0.35770508157215763,-0.49641686651152594,1.9072640587559626,0.8793036255660038,-2.0302196022743413,-0.7152293461273115,3.1880350738212075,1.8274910517953544,-2.7327483352331194,1.278045936939629,-2.2139303299822024,-1.4527112990426174,-0.9607897005085517,-2.138542517316508,-2.2564609045666786,0.5096041443944636,-0.5170026113662951,2.3992259178897664,0.21652480702271582,-1.9785220507057861,0.9003169562894515,-0.6663664978982523,-1.07924471277141,-0.9746515295223438,1.1159225255625689,0.41759631568319866,-2.5613145091816243,-0.7844359940269694,-0.8364539633576883,1.9052658547421928,-1.6256105331197017,2.4741114677420875,-1.689210852565653,-0.6386922563343822,0.7264887812155786,-1.6223959055362451,-0.025634843782664563,-2.5835644167217438,-1.3759745779981132,-0.3512669733558138,1.7417004511020904,-0.013516170193450916,1.4470232019536546,-0.3379592807396571,-1.4892521408278991,0.27507666464744746,0.501729871589295,1.065407440118737,0.6655660399771877,0.16859107071647284,3.0703840440001504,-1.9230986337332652,-2.814488133397764,1.0650256738552115,1.38097405350864,1.5582202829581315,-0.7984377479884521,2.006162793771914,1.1269571463153496,-1.5895038571910909,0.17702462375391498,0.8824268048612599,-0.9811554545526865,-0.1806436051127745,-2.0459905635375755,0.290162290571816,-1.455417504543668,0.784195761231857,0.47754531952854534,-0.9009750719694078,0.1715143081652758,2.0207310772230453,-0.7261168500866824,1.6018698233884803,-0.9348323299204887,-0.23263002245265196,0.5835638141931887,-1.3973573862173745,-1.281479812615667,-2.4903163530937893,0.08286761893015088,0.03788808957610207,5.045197753350785,1.6324123582524805,-1.8942035444282057,0.24647919641382776,0.5477503810986859,1.7846166278951086,-0.2556318472351049,1.6879349254272502,-0.3301441902521444,-0.45844021099102505,-0.403301103811394,0.6096880661836896,0.4937784395777083,-2.64108606645998,0.22017553570139742,-0.2763911807552629,-0.1367080305975748,0.12123033097592208,-0.63834047957994,-0.29860346972741536,0.7876291381345438,-1.2131737476020712,-1.2252714004056278,2.04933462921051,1.5267327125424457,-0.733779217634793,-0.3154257615768248,-0.5390028463081727,-0.45614354234050564,0.5748531981279063,-0.6600678820987241,0.982349975830227,0.10819783458140822,-0.20749104934994034,-0.262132655031036,-3.5892645764532918,-1.2497097024678994,-1.1750845653756343,-0.36588442593980974,-1.203929962486859,0.09633102241881872,-0.22104394114321466,1.3053357505836025,2.152400799146689,-0.8087024467302143,-1.2763101354687931,0.9755425974110883,-1.1210959117745498,0.23066913352288923,0.6721395922321709,-1.7935025984192359,1.4391673001161647,-1.3594957758407527,2.0196804627071745,-0.4005091875653535,0.4541662687459077,0.23835891529318973,-0.6685506954669638,-0.5056729311278647,2.8850610237583707,-2.2328183653586713,-0.40666402258508993,1.028221276354877,1.0942906061057807,-2.0750928836735794,-1.6431356198403166,0.5592687806309314,-0.6947700988139628,0.1634063977391762,-1.059606475467523,-3.321097761413998,0.16021233766647738,-0.5767650767125544,-1.3368826947223529,-1.2313504549100034,1.1239770502143678,-1.3426675122448912,0.2916060321986729,-1.0911100943818237,1.24876024244225,1.8350798502424146,-1.7714757815288713,0.8573030818268962,0.030550244968958307,2.3634793969132457,3.294594268837521,-0.17108207368082254,-3.6268644963423426,-2.478204606492264,-0.9001244996366189,0.7285947794511913,0.15784335129841415,-0.6812821263353344,0.5229026697122763,-2.53662899999542,1.568502336217846,-0.4228848724170291,0.7925607210011355,-0.5585167879251063,-0.8900936765103099,0.2594287925701747,0.8786004933419183,0.797165005996317,1.8757985377705582,1.6153664085606654,1.5524829057835534,0.2879991627647257,-1.453911781771394,0.08197219370433068,2.9956730333827775,-0.0013832169813347561,-2.23533751335155,1.7743850429051908,1.716167885928874,-2.210675045286183,-2.155022069013844,0.40955314409591215,-1.8797337929027589,1.642585841984802,0.04558693072778708,3.163533007460069,-1.2524951530357749,-1.018612735820926,-0.0354768800955062,0.44012715819640036,1.1338914909192896,0.10510719230766608,4.359417185373728,0.19061070579050077,3.156458279209946,2.2173434472168028,-0.059242699263182264,-0.11370168038614627,-0.09584739563269856,-0.6442384544394707,0.44198178690086753,1.389332135957388,-0.6740366005057438,1.8969087048678195,-0.5655795238086803,-0.8872715991061414,-1.8625635636709614,-0.7330091882251125,-0.6730092869726625,1.0505762898032953,-0.8563690285296732,-1.7104293473383048,1.9432961815076557,-0.275150621765906,1.7966304753075502,-0.5052899728369875,-0.08320884180810056,2.4963417738661575,1.668908872988281,-3.0895822101505415,-0.6419854376064006,-1.568016307247525,2.2458141834370378,-1.4441872979822723,0.8571917750736093,1.1310465326336256,1.647028982010682,-3.2962014956921633,-1.0573118323505057,-0.7644333551221851,-1.2863858909754449,2.5447392773478055,1.0945204014927108,-1.796255704774474,1.6397574699046662,2.42077895876014,1.7293762839726257,-1.5423944580230786,1.4358692889250466,-0.34734175116808275,1.1515139780831039,-0.6972103189249332,0.30932065591439567,-0.4616430442496904,0.3561813229007646,-2.626020278988737,0.5342610666636154,-0.6713634891747017,-2.4841176566825776,2.7592174593948573,0.23041736003392943,-0.4301129630959121,-0.08064727743828326,2.2941513452978457,-0.8243394560746992,0.941453014217243,-1.1971724260475691,-1.3045650375713926,-1.2832236736616953,-1.1964073667249386,0.5494746406049495,-0.07759785040067071,0.2450117961280323,-0.48343728295666966,1.8591424420932403,1.746811096627296,-3.992313564109142,2.5805700819354067,0.27060219209059544,0.906817823727144,2.064231536300781,0.921101176691968,-0.6446795936106923,-0.00914988966734373,-0.5206677096681143,-1.363319883577782,-1.9008220917737686,-1.6722937967855316,-2.420243385172809,1.889764806686638,0.08660183472007399,-0.9230344727563043,1.9325462778991471,-3.012895465790754,-0.07941818315459234,1.647951886842605,0.2609618315393297,1.042241229645868,0.9914213329671366,-0.7212127988324343,1.1508516297836233,2.190756980966741,-1.0521053912243477,-0.38749827436840856,1.8204532729809406,1.1541382435789207,2.0600912523342627,2.2010468113635206,-0.5759463447062266,0.18104623196502598,-1.159827394945095,0.6893315469994123,1.788644052796549,0.4165950970603234,1.2802990762249888,-0.8197232166329675,1.3715562675791246,-1.8115921066807887,-1.7879869780287312,0.024787044050575746,2.191989165919846,0.6640964261283233,-0.46676407889463933,-0.08397783277148985,0.29373140680637067,-1.0169652534521663,-1.7358850169971725,0.48819045274125533,0.3293731339760144,1.4214684577984629,-0.5611732336334653,0.4185814768032782,-1.565278884358686,-1.720533084142518,-0.11502685420835573,-0.927161660847085,-1.100859176800583,0.1500116112237535,-1.0335871888661607,-1.3436574331654738,-4.4095953220934545,-0.0389726461058188,-0.940465554091859,-1.392961440010689,1.2663930115324238,1.1075967170284513,-0.017890926784119243,0.053403426395202486,-0.9689256180339797,-0.2791758770798052,0.7278396443250135,0.4260316672888942,-0.39628142012609185,0.20903878719970878,1.5965672238700959,0.6759197169870138,1.5438864026823964,0.20280790365666745,-0.06728682447543766,0.16603341678658698,0.3547808227022934,0.6942713643616941,-3.1899527347333843,-0.2784071410528427,0.23013711425962324,0.5697171847790818,0.5697063940090382,4.7189105167264875,-1.0409609054767366,2.8515558762108477,0.12401998087242974,0.914638050904617,-0.8972090818584975,0.6682317284399628,-0.2524349031680117,-2.3826643463242565,1.0294548662382392,-1.5057738240208884,1.0636453759173126,0.4902740915372257,1.2320097924875322,0.4195973038128312,-0.9233045399135165,0.48935353578422774,1.0277232739264304,-0.9973640004859606,0.7146903035797908,0.35190245100471335,1.0002131067342208,-0.7457480626170372,-2.2606277239352064,-0.5916097310441214,1.3640039672121353,-1.298857198160188,-0.03264212414687695,-0.4173895581835869,-0.7822524439837784,-1.4187588772965432,-0.1380448348368002,-2.168270116902487,-0.13350147553469516,-1.438273927696953,-1.2402416310873703,-0.8290831154966618,0.16231831876828418,-0.4017891685530428,-0.37540004261817794,0.4669062421659421,-2.3824512120430636,1.2709466493607673,1.757482279024436,1.6101258562256457,-0.3748881113149256,2.8331678906917155,2.9607131805905453,-0.27437774078069793,0.8021925559137004,1.0425874251118101,1.5524067224628275,-1.0507342842610319,0.5068294880093169,0.17117427539357144,-0.12584605141679223,-2.843798785793307,-0.6885219770379197,-1.1518650025974848,4.1654292807427895,0.15833428611969014,1.1254117271110504,0.6654119458583346,-1.2176566266207942,-2.1235220813933315,-2.159186850397325,-1.5764763530615953,0.39810729078022367,-3.2738135680944147,0.9017750937161616,-4.4335925932710145,1.8080322402440532,-1.0877058502573012,-0.5260148822457618,-0.22373222881042637,-2.5376384798236704,-0.2728480104549274,-0.2151334241704365,-2.3210965798972656,-1.5293119758054978,-0.9450947562453427,-2.168772279292408,1.4117399825262413,-2.047940612792471,-0.33508582384959373,-2.2653720743436394,3.8296196758018253,1.1531705275828166,1.153696145057293,-0.6769415119507924,0.6617094394047901,1.0465801085594193,1.0882664618189983,-0.8046491900113415,-0.43175343221172513,-2.272467111379842,-0.008687030135408558,-5.644984432406242,-1.2361673048621675,4.5087933237684625,2.0674954048997605,0.6694589991728088,-0.8883448708562236,0.5527107845084439,2.039274974846204,-0.6460462344668523,-0.8829210271802006,-0.9847988494937459,-0.17328361069462117,0.39366740830960134,-2.005049897020889,-2.657133160456186,-0.18905871866677293,0.6935641055964086,0.9253671811450641,1.8312182227124303,-0.7329272367091499,1.5205372850607857,0.2206141547681549,-1.5259425416178414,1.2303354685591201,0.7421316913297968,0.05946429438501102,-1.6465359540801572,-2.8045621648714847,-0.5964974608284958,0.060012033982841835,1.5473042785278857,-1.271700988792018,2.235623188450217,0.4631703978064925,1.0947077603509827,-3.458100498047595,0.7482169419034176,-1.4573835681640903,-1.2110417862711291,0.4672975926631322,0.45808469336811686,3.9968976131489646,-0.4459780302216307,-2.1651339346033067,-0.2650933880415568,-1.1512362237142437,-3.3734715809972493,-1.210412977006344,-0.5465130753771387,-2.219852992135689,1.9212792592930472,0.20776768664222067,1.6656210456017542,-1.9106926118006757,0.06440503465811376,-3.2505842798577125,0.7841105127973749,-0.5408083660486473,-0.19217640549174447,1.7666627284322935,-2.3193657726714725,1.71900878769796,-2.702131867342489,-2.057213751666936,0.9820941607335651,-1.767704928151287,-1.891227189974812,0.5492939357245855,0.6099011745649613,0.44590133366603846,-0.09708691232500843,-0.9108849303438235,1.3597477126539705,-2.129820296745917,-0.19020579527650963,1.64048568387441,-1.8245718220057627,-1.1394802997284879,-1.0128641556646998,2.5326633853025444,1.6378968930138715,0.9298139167527075,0.501419580754543,-0.798994847183117,0.8571190355404995,0.3339366466785059,0.5242154650950842,0.062265714824886575,1.0728001574022206,-0.7610717198178522,0.8414462246585679,0.5525017376192789,-0.1455199466766926,1.5303196358871642,-0.8257029600104113,-1.3317831441716574,-0.8154211071615656,0.4600844058748179,-0.45703478856373875,1.4888187335945775,2.029857822021676,1.2065405266936668,0.7781273141040007,0.9225559343488453,-0.579959397054503,-0.17605495259816795,0.07535510956681662,-2.548985534840599,1.353174549943785,-0.4731920637893109,1.4489554152342352,0.8894770397933927,1.8756746491532754,0.26483022647361765,0.4755180762484499,-1.6619138812265948,-1.2518459623784282,1.6764891254712257,-0.8716561174200753,-2.31399449332553,0.031878257746749794,0.9542650453573545,-2.095886352318104,1.751509464031207,0.4237322268899938,-1.0080894223320602,-0.3946977699082017,-1.4556906593267138,0.2630996608465806,0.5674008008962649,-1.170093040243645,-0.030165445022306725,2.763046979577978,1.1199403367761904,0.9898923447996775,-1.3971212243251083,-2.671735425481864,-2.085105681967427,1.8532674391416875,1.3821451753285823,-0.7749826798003554,0.8137604559463623,-3.541340770151976,2.0226468938557733,0.5005583231766012,0.089095855196279,0.8981670214650527,0.13970256776138607,0.3615009555975135,-0.2988172149665105,0.31653482471644706,3.0641276996545623,1.464195668586703,1.6630253577919352,0.8955358319560602,-1.6528408049947363,-1.2384601601578538,-0.43178629391617984,2.8116052880508566,0.5799000500328644,-0.7103343432916721,-0.4153861279481659,-3.133607806554328,-2.427518912838374,-3.24616835218092,0.7619998748553917,1.477300766251392,-0.8064423621428268,-2.437384813731139,0.9830057373022538,2.5748944671570824,-0.4932759019456272,0.19336002633829685,-0.6432918674338146,1.0477345426186329,-3.935803897264494,0.31467372034595087,0.3824427977740452,-1.515742878221733,2.867781238022688,2.2254403830928253,-0.1985418962791659,-2.0094928819222377,2.2087140485322054,0.3559576633214637,2.5351575047697676,0.27626219127085383,-0.5341396855102218,-0.43469274464730834,-1.3536844998870312,-0.5100663533617117,0.876715994413344,0.11285273150614833,0.9373960277902438,-2.318722003407861,-0.2194487161435287,0.9649861123079373,-3.3875602718439533,1.6277634962551555,1.3435983465844257,-2.9539655411288432,-0.9014260218464468,-0.7665540860694038,-0.9078367926825452,0.5036000445506852,-0.24824973889784036,3.225751375875406,0.2872613394252543,2.185368279731423,0.33252051887732115,0.5084669477539685,-1.8239816213065188,1.0544087511273346,0.7773909614974059,-0.6733238036635975,0.873713796587289,1.0983429879561137,2.4107595475359593,0.790480393706478,0.9917800047608506,1.451397626628971,0.1940885613630196,-0.7443957765394362,1.83195893234697,0.4913814044419219,-0.529828504013036,0.2870975982530433,1.0468939085339664,-0.9442772907095378,-0.03424195934935734,0.7715316840285802,-2.5460365250618837,-1.3752433863104807,-1.6959555920634435,0.6179529434020115,-1.7538099672875014,1.266578812649831,-1.663134854580811,2.046561883257389,2.140393160100712,-1.3131584403211152,0.25980063806116604,-1.3661378099103716,-0.19622475112140947,2.1857234823040455,-1.1442388681271027,0.13683622639512055,-0.2346853352075258,1.5365898308522294,-1.7136332899491393,-1.872100236190477,-1.6313648156047447,1.3680013094192944,0.6710530933421215,0.8157706134403793,-0.44729498764590797,0.48262396385933504,-0.225632357654019,-0.4171055152801749,-0.3308525430272282,-0.9375830166996688,-0.15728715142953476,0.2934985260291014,2.3065113426473163,1.303450724750525,0.3891530978256471,1.7015114130293971,0.12384347248525762,2.963302943628949,1.4075920219127036,-2.257143977154243,-1.8593772072813728,0.6645542049933437,1.10315619293121,-2.0177261911327635,0.14642830384567518,-0.3335012087422219,1.643349577818276,-0.8289305177888466,-1.6531691365312347,-2.0596030647088766,-1.3854089751604284,3.52456696110111,-0.6648198117759424,2.168600128755589,0.11615922946457657,0.11515766048929714,-1.9670252429583899,0.8172998160991779,-1.339694433679825,-0.07013524912322189,4.787588301062438,-0.3187385825239346,0.28461987653856047,-0.05867661254625492,-0.04548133174260166,1.7500058540798267,-1.4543245265393774,2.0313972853669813,-0.8776968578769999,-1.4190897019790227,0.632743162459045,2.8963548524601577,-1.9718454383643504,-1.5102390194051467,0.8237579076546013,0.0023992969830593514,-0.8764034883088557,-1.5434783334030586,0.6633115191747251,-2.29739435364587,1.527996829606889,1.605050846427862,1.3821257398751237,1.6429852736998578,1.7547094153171237,-0.8839158454649412,0.596778319246039,-1.6463548823990926,1.821747070386774,2.0255644759751212,2.0005468486855347,-1.6155517406779454,-1.4464565755464047,-0.5179210650559951,0.8569169079934238,1.9358144548879814,1.8290324953302806,0.9571696121478321,3.1861163938943395,-0.16999039104584435,0.06498530258624366,0.5038578770641005,0.3365078411825658,1.9284580998943446,-0.354140015988577,0.07175726171929275,0.6085888694370285,-1.5176064424693527,2.7053499655563513,-0.9912801400568831,1.6818434010109642,0.4691316226113899,0.7840364766733182,-1.284348747513096,1.4834488267224855,0.24458149249098707,1.675146523700832,2.0853688222773314,-0.902970911581774,1.7634941034370342,2.560055025726267,0.33081570363271756,0.7548881098498048,0.350284173484057,-0.4652038341200424,-2.1124443217310938,-0.5269217281826976,-0.1102781886500982,-0.6582120395557308,-0.5257002461998791,-4.5693255059680356,-1.6871897870544892,0.260418673970728,-1.0315204540597795,-0.07317849590213055,-1.545871841742826,0.10090824884620853,-2.0521347508795027,1.4785963669771953,-0.12394335334142743,-1.4366167032987376,0.09849358513796229,0.1711583566529573,-1.2529938832580927,-0.1467812835139095,4.191801126613194,0.33001619582379554,0.24798009865226023,-1.831025791085176,0.49309627613134355,-1.6202020762678608,2.816581347782071,2.185135854694124,-1.335924484950278,-1.538461816087283,-0.40359108910589736,1.1911096570044966,-0.8081273009747838,2.154795715585881,-1.4520664513121142,0.7356348982157672,0.6907899947558958,-2.9832320503763645,-0.17565581216347836,0.4165096556135231,0.893521774194737,0.8860548917093896,2.6703832229621,0.9840824139366039,-0.3040363991574974,-0.39466672485134857,-1.9631242585210498,0.39480822865077914,1.2327434322533528,1.182448433002715,-0.6105336011961994,1.419402155407099,0.27342566835200083,2.4757958037137344,-1.335297154114722,-1.1100634132342273,1.0238921292241063,1.350666625899857,-0.05415937178551114,2.04353770780174,0.1620681876693536,0.9441175351389951,2.1543381988878245,1.6025403163606033,-0.3678536602268313,0.9830648504858734,0.11907661184230373,0.4230112506201291,1.6167109793128465,0.38026065545789234,-1.0121092881668536,1.1906395716587097,-1.660807175916705,0.8033020455845953,-1.296618888015205,-1.0801541115711057,1.1326339538955998,1.4769950568115324,-1.8740827012596388,-2.2163948731584715,2.249946873118754,2.442497486171871,-0.9707196347781892,-1.1604682510738369,-0.2978000824098812,0.33886036382198265,2.1560274193984617,1.2031557182414252,-0.534900139539699,0.778611552060143,2.492597698919384,-1.471833275820801,2.85280656592358,1.038077771096028,-0.2817757161245821,-1.096530665400895,-2.044748287594221,2.2459253020861945,-1.5081744978691494,0.16789754572789986,-0.9918388288316099,-0.9202309063666989,0.5722433969301988,-0.6245961891292838,2.9186598099267647,-2.3181759047775774,-4.449020410621583,0.20243072571856718,1.0479201319014795,-1.4849392897574762,1.8624475726740846,-1.9026492830981363,-0.528899116453634,-2.8115559949958353,3.195100358867916,0.06745265344660864,-0.6179561526826867,1.6650014046905344,-2.625774723532209,-0.42979775341467485,-0.3534286692183708,-0.16828061916955478,2.087173822915287,-0.9359457829687778,-0.5418085169363703,-1.5566380522052659,-0.5902982278695681,-0.9632024781657582,2.5999780169952826,-0.521535092943764,1.9785198917347158,0.7030478486264824,0.46501484458391557,1.4869105729897487,0.5827326487557489,0.9150363623828386,0.8996641067288529,0.4045795760071589,2.570828183332147,1.1654654337162285,3.0021081085128842,0.7362289014569041,-0.5610069003536884,0.8088944234534781,0.7413392990825836,0.7872844291643154,-1.408909305483408,0.33645821163380185,-0.6780261459649002,-1.1027484276202224,-1.5564697218170909,-1.968329064682025,3.6113265148447375,3.330786989360627,0.20986246892975685,-1.3653086307808722,-2.3174983093793013,-0.7225919196500644,-2.8924108040428798,1.1375597324244646,-0.24521367803173394,2.1455110129772414,1.9579678643675242,-1.2115503566102543,-1.803327061388384,-2.233079999614869,0.5690801959616695,-1.6369990650231123,0.27240889268965884,1.3128630440598172,0.9548180162500622,0.373359709255574,1.199892623005299,1.5770657907150465,-1.2698717385353835,0.8182986919445641,-1.030634775859633,0.10012952880976189,-1.19338921772622,1.0724040178354584,-0.6171881570229991,0.5098754306843023,-2.718654921007164,2.3944251079181873,0.15215504878721425,1.6493636362574395,-1.8949692366919675,0.7629923535786813,-0.5080713761195931,-1.6348070656806397,-1.6486234787984517,0.8685776954080425,0.34651211277560484,-0.18584048847429668,-0.19121046891185592,-1.1768857719517836,2.637390689136348,1.8004777862748265,0.10511244037652578,-1.9057370878009654,-0.6448379415863441,3.015448757225502,-2.2429791740287612,-2.2330268691461,-0.2548322624268416,0.31306052236944043,0.8440175028923527,-2.263725163161359,1.8789537517918482,-0.4594582942120298,-0.720226149011621,1.29017569943823,0.7410021953284538,2.498389716833522,-0.1783885710954151,1.0134505323988168,-0.7518498212666735,-1.6699442357679255,-1.6476917977157093,0.1633167769019544,1.1844720945093348,1.972224874866397,1.3910876585479708,-2.1931169818077927,0.3723053838675815,-1.2432523346518838,1.487372826936141,-1.392725901635693,0.47311943489946223,2.3403541449367355,0.5767326712786264,2.1943239026546535,0.20240373547677848,0.2736516608982508,-3.5997648249674294,0.3289124217061473,0.5505929991149904,-1.7921731247444177,-0.08687911210224722,-2.470309788087476,1.8991658616615652,-0.9467053806407046,-0.4310946450142654,1.8503003389008856,-0.22735496463929034,0.8407422548950325,0.11785728202027707,0.8600399500865693,-1.9982138010488955,-0.6545806064859157,-0.6043986492073167,1.9240381247304494,-0.641831989375356,-2.0729973114855444,0.31866423839029623,-0.07218558140891347,1.2289934226963606,0.05422215420419674,1.9144064086374046,1.1443745576764648,0.619659834936539,-0.6045102657267882,0.4798550701061526,0.08383837168417996,0.3793133358489562,0.9861600556769647,-0.06998230711897646,0.5762782421312619,-0.9274869924310327,-1.0276673314483376,-1.7777835222093716,1.3697023083271391,-1.2701737462979736,-0.19617688148823864,-3.5241334511662687,4.542931716091382,-0.9674517149354216,0.7891197827383294,-1.2216488992438146,-0.357525074660066,-0.2409024191870303,-2.541650233579757,1.0191969181652232,-1.8043464670619271,-0.659298430017399,-0.009225490511347911,0.1281630222993987,-1.6493403427914788,-1.4422839601809692,1.8977929192048815,-0.5941772247327761,0.15709652822903908,1.2590449795569694,0.798935649440057,2.1389786830593476,1.183501143900798,-0.05425809593199007,0.7847779497726126,-2.005480820951263,1.229534329547605,-2.583001327803336,-0.672685864503023,-1.6164355304225766,-0.9119638677565297,-4.920752572394598,1.0915596846538778,-1.88652513526755,0.1609320753565655,2.3870947867388965,-0.13881451530181854,-1.5468009526355855,0.06260493912647791,1.1028559790034478,2.1267057169031034,0.9376673206037914,-1.3208336870723838,0.07199329675318095,-0.8768810202873638,-0.5401180002754052,-2.217831767843723,-2.5319481292840247,1.252195082721689,0.17344886891832517,-2.638613162109161,-4.253199309042516;-2.079141290767553,-4.571712528432119,0.032851930106031824,2.9215127417565196,-1.7334835638830277,1.5127656437880066,1.7955156622114632,-1.1645152297478283,-0.9683667959590719,1.3051815428409845,0.5310280892423305,-1.2355059483592365,-1.1258685311512233,0.5824052617305573,1.2475915950068888,1.621917640662685;0.22946820017580682,0.7300727368068841,0.8814235132558637,-2.214586623832877,-0.6349100448656566,-2.4560353281013105,-1.2118014554141636,1.371308907297542,-1.2692869355821736,0.6886876676896667,0.17940219885844394,1.284684567591253,0.37165774840114296,1.264176812292459,1.138389516645609,-2.653740904833696,-1.4928959847580041,2.5588076813196308,0.1469075812327723,-0.4871653061185712,-0.142298329524095,-0.5416215023234572,-0.9611814712104012,-1.0527407768281543,-2.140402804730043,2.443818309325848,-1.8308944065069956,1.396351002005284,1.2366590508734219,-0.26790146582976065,-0.417304932514106,1.0833935101639036,2.0558975392197416,0.39028443457693823,-0.1308428581970763,0.4689408485873115,2.52665988154745,0.6584524900202584,0.9433176806319523,-1.4848567900981549,-1.3880865441696262,3.2210906512586672,0.08025266525388103,-2.1580819936846036,0.034592217968134165,1.795794442674418,-1.9761794313590217,1.3766668107008004,-1.3154093301782726,0.9649892984742396,-0.23375259174067942,1.1305972326187452,-1.9637687110779338,2.232681658714414,1.2397862481944584,2.0176829164569074,-0.10570720604325373,0.7726835685673602,-1.1093913098175339,-0.6486915915650976,1.4071517633927584,2.4790129592967722,0.9992003355281445,-0.25876339441571117,1.0592371553472217,1.7048576042130896,-2.6789852308747726,1.0066103624032947,3.4569986955892165,-0.92699808554885,-0.29100997079525603,1.7933655658474683,-0.5263906212683116,-2.517235463986273,-1.316823871275836,-0.9619175837458921,-2.205939237067808,-0.3308241297752261,-1.3196730026467174,-1.72545885627793,2.1933448703993172,-2.0315271405740694,1.6565160170730293,3.231573889645809,-1.659987214846446,0.6746788267367957,1.3672877058179413,-1.7728015127967067,1.0734747503838227,-0.49330851239182194,-0.7000208082540409,-1.028776169873246,1.2241816982562062,0.44177688159693623,0.35452152071336096,0.7193297262582687,-0.0417058113131345,-1.3325309920788104,-0.04353589259940349,1.1781951749329114,-0.9131166188629947,3.1536005446007636,0.8671873623347497,0.49258694584857193,-0.6686695394577388,-1.0995186714188798,0.6837106802396277,2.082646703804086,3.9254722194333405,-0.6144890718601159,0.04154747667357145,0.15750523921059728,-0.16397367260350748,0.5422600879124989,0.4815952181210542,2.670058257666467,-0.23956779079804283,-0.22104694529973556,-2.5132913951337055,1.5094377823169796,-0.14143693467873653,-0.6690110868190755,1.8119784606564528,1.4324414135433898,0.4103055966618413,-0.3060222877188483,1.4514952284710578,0.07929618590285398,-0.8863582075803281,-1.3808994003339208,0.3861780412120019,0.12058346216024851,-2.0272611981290307,2.2248340045851913,0.6101047526709946,-0.9118207719958388,2.2524775975164175,-1.042400620177175,-0.5346294332367172,-1.019554050700127,2.5156374067968432,0.5317512267386928,-1.2449592807063274,0.7187933238312975,0.526258442136375,-1.7046414845546058,-0.8707370626734474,-2.3081545694137264,-1.8677545986161106,-1.2120163395943186,-0.9623455232560576,-0.9491603374764344,-0.696774793305291,-0.8343396667487801,0.4305026395468126,0.7269087271923834,-1.9167181303831775,-2.2287130150690126,-2.801532462823901,0.7108111264406431;-0.06906034934622629,0.1898906006518324,2.4226890735455,1.5137511203714817,1.3548997800513694,2.1634676770930206,-0.8411046126002535,0.7265030138643673,-0.13016284981649262,-1.6216168209423985"
21,0.1477009633459953,"0.2378246115852812,-0.9112576601594302,1.5425190351191884,-0.33034856197997453,-2.6247541957118767,-0.5613549349948852,3.2581496514049575,2.9059396895281617,-2.111021632044729,0.8474438398438795,-1.995040646099391,-1.0234356802238709,-0.39133546280078074,-1.88027990010166,-2.506227643697789,-0.000996779324984709,-0.5549543860132762,3.2644260178437774,-0.9883518124597692,-2.0645451755788704,0.8291934120073732,-0.18718976339640048,-2.0639850043371517,-0.41788727827642114,0.4954915228451129,0.3982774645502594,-2.044726599201618,-1.4238237400438705,-1.8259219740423924,0.6833866658721733,-2.141525970743394,1.8254419938882867,-1.312960222099543,-0.4642523692490468,1.3220780427383194,-1.4770831784679992,0.42430555337819786,-1.8579675629563615,-1.8621820481483746,-0.6667590308627059,3.0175909886504066,-0.6298793866715944,2.03824295974224,0.0757008178864419,-1.3312941964573828,0.8447274438701979,1.4169876912511725,0.45194802584235383,0.6254449192691044,-0.3626546459372194,3.006731092415207,-3.4448680481612746,-1.8179904122970223,1.6110422132857332,1.3806208659973622,1.6109451281752982,-1.8640141787275675,1.2219732760333715,1.4820824195638522,-2.059683003366445,0.06085030084519903,1.2952417641687186,-1.3016072438137263,0.26084105891982445,-0.9175131081620711,-1.0092073561851318,-1.1218892796099702,0.5546347401285671,0.6577997453173178,-1.112355787291333,-0.3688783742855166,3.607161127788701,-1.0575067322656966,1.1092339356593968,-1.1340885669960548,0.18565665931748027,1.154584867733471,-1.7302990118197474,0.06696608354951983,-2.413274701578965,0.2734576068240298,0.6417995765210296,4.81316733040478,1.3738690317030136,-0.9330114563215218,0.4488738742453398,1.7968500676797974,3.227218473123334,-0.74356400672834,1.2938954050672398,-0.6205271633021988,-0.8557503585612721,-0.6228393585792061,0.20329090383349335,-0.04977980747770107,-3.005860161810659,0.7047959181694652,-1.035414609500472,0.14210094372068427,0.15679492537644388,-0.1834552819208518,-0.8982150527923904,0.9947330686904932,-0.9410428519864125,-0.20598097481340932,1.854684836301474,0.6126014017719177,-1.057122923563844,-0.265117520711204,0.26973378118615404,0.05395929348208339,0.5019373084275242,-1.771258523824088,1.3346902016684021,0.37010964572164495,0.05151337793015465,-0.6367069038200153,-3.7220085814953983,-0.8839498164842879,-0.7863740852556469,-0.02019922199653318,-1.947630668798803,0.05556528340927774,-0.6404810309530167,0.9663969951760794,3.248281906890218,-0.14073127460848125,-0.7349916424387661,0.15007313309855008,0.23658434163480418,-0.3580264427229266,0.08862411354884342,-1.6761505342306982,0.9864957017532527,-1.4012805791313665,1.8728405616293,-0.3851779049483358,-0.18473476091791444,-0.5875003338319238,-0.9254127421336443,-0.7678796954077731,3.051242646358549,-1.9603774159432177,-0.123800049642415,1.5059639529706632,1.6468509637107545,-1.0170214525746293,-0.9259976081266029,0.2846975308654167,-0.8610992422571154,0.7103806069587395,-1.556503582498897,-2.5341327527749327,-0.6265574175793976,-0.36392725415004545,-1.7777889783609224,-0.6001304406027145,0.9172728689541574,-1.050437468283899,0.3009403102815593,0.12243233533848441,1.4108110093985209,2.5637301392881526,-1.1286378018152303,1.3087807279825423,0.25171724689729946,1.8023664897050944,2.524323347558337,-0.48847059701836826,-2.7324721591765373,-3.0497450968512023,-0.7244923848264527,0.6055993972134497,0.0772705534586704,0.3913416709286681,-0.0317492653681648,-0.880807796767354,1.485433095671577,-0.9692723800547054,0.7517522832006295,0.0660375770045456,-1.1206922272163409,-0.08347340240337875,1.2626254921415272,0.5468945019845306,1.5561919732074987,2.15553595018352,1.886050441122947,-0.10168410011793577,-1.6241851175877458,-0.5435517634398007,2.96515472445589,0.13666226569182677,-1.67745286199776,1.2194634699249645,0.5316767430756468,-1.7583798071948662,-3.0580235131465554,-0.6542604169341902,-2.5446867955724595,1.2325907507735323,-0.38721600052376937,3.155344428571391,-0.8402435159422194,-1.055045196363159,0.5672602046851001,-0.2842917396354319,1.9211519906970809,-1.3229123113548498,5.447130058203831,0.4082564741013545,2.838397211647748,1.8206449593145602,-0.04894148850333202,-0.3710694703698679,-0.5657029373570801,-1.1147066323971764,1.171677913234772,1.3076984871291486,-0.12095490863476692,1.679632594327893,-0.19143517329250986,0.2685047441179975,-2.0061810245987495,-1.7906477523961541,0.21229998271080752,0.7587843743750042,-1.914779856387931,-1.8118163167905283,1.2348992995085375,0.12346419010538412,2.0967166515685993,0.296687414209141,-0.08180630307677425,2.8531878061768046,3.4081499755843003,-4.352269363151006,-0.10823967524845157,-0.31594048286697174,1.750204011583986,-1.6011862624532816,1.827717395268016,0.4825485573201043,1.826533411742817,-2.9106044554564585,-1.0523438986478169,-1.3129513998360864,-0.8026032906717487,1.3215758967334315,1.2516363532520496,-1.384443706328486,1.2776201118039872,2.699008074641605,1.6070112127548146,-1.3828878024559879,2.5866423055972856,0.027689672038807303,0.9726553792358731,-1.352017528102371,-0.5252371195817621,-0.09470402739829631,0.43885935125672665,-2.459184117387226,0.9721758096402386,0.03191719742464935,-3.667124054132591,1.8732029631474494,0.2544552752371883,-0.1724830856614709,1.0803949540380686,3.074974908812576,-0.5206530238705764,0.6734736872522085,-0.9104221690977069,-1.2293471516688257,-1.8466279348683532,-0.5289171032935209,0.17534346744913784,-0.22974635968570203,0.0627339654007456,-0.9204644182472211,1.70116282421538,1.179316648376227,-3.243480476827081,2.17864667739502,0.12852288498288428,0.00599538905457675,1.9041307509339196,1.3755344557105804,-1.3123654788122092,0.10628941938845815,0.631763873071751,-1.7377580817818221,-0.8494292871668901,-2.0627673044667953,-1.736786119890993,1.5902173388754257,-0.040544528708998995,-1.0874936365888965,1.4491010983854515,-2.27455720541419,0.39399262493938825,1.1214660089763169,0.1782852241677535,0.34457166515479587,0.5492383944711406,-1.4071643647149463,1.0687294144760637,2.1730326215099627,-1.659547214503431,-0.3752634248665919,2.2349156871025784,1.408799083269298,2.4406756260018794,2.4150932760513344,-0.9564675514130334,0.35707678814647337,-1.4441440919540542,1.0300699172898362,2.386874993341006,-0.14804870418170335,2.209424154489476,-1.3251678796384054,1.011632382385907,-1.808400273225521,-1.0894383583614453,1.07909331542036,2.1463609984044196,0.5848572422251941,-0.7120087424759645,-0.20118912053274943,-0.33330262780823733,-1.1697924153596877,-1.6408620816689818,0.8457109381695477,0.5009944016230656,1.9117764763844387,0.277566172276888,0.7243175394694216,-1.1854572663005887,-2.538604309798099,-0.6398959391256579,-1.6931508956505184,-0.23711757677363438,0.9050740957629886,-0.38100141357711015,-0.39979172857408907,-4.3403248712007905,0.1183592045837798,-1.4686412460258833,-0.344621000696797,1.1800757160250508,0.24697967298401413,-0.6688988169570996,0.17829083610270646,-0.913634288472024,-0.42507100584694396,1.20026133553265,0.441394374285516,0.41554637485844337,0.2839677476001506,2.261455157684537,1.4989882617086017,0.8757777360673514,0.021194846616448743,-0.4781814546945763,0.6022755568170448,0.6781293545447598,1.1902838942336444,-2.5017133232889357,-0.5466238465557255,0.9626124658246005,0.6187841313990905,1.250736411871062,3.514628717810162,-1.1074279184046945,2.1420663724250097,0.6331349835579568,1.617169158245685,-0.8201896917643459,0.30116130808008934,1.0677550825743531,-2.927213244044455,0.32502157028869394,-1.2851415313335677,1.5776553907457236,-0.3747584266976352,1.5295123195539342,0.45999522078609345,-1.0805716011290505,1.0636891204796273,1.0100362136317873,-1.548955059530392,-0.057763691858896155,0.5082030121417737,1.3535861099146949,-0.627815766536074,-1.936154691026638,-0.398770347856557,1.7312631407040953,-0.5094392679013142,0.9433678701496866,0.04968182475966232,0.0032295828387149395,-1.3480996462266897,0.09171172146136755,-2.420772401594462,-0.2759981308149869,-0.36469876412741575,-1.504503426178791,-0.15153325174486776,0.6751888663453967,-0.9394886983413433,-0.24221202434902944,-0.3782563326616075,-2.701572807205528,1.399659836031325,1.6981940365183845,2.1890425296861356,-0.4097745397946144,2.900589760675159,2.5940577267169935,0.6342480854296928,1.4421211079630818,1.3948313962858465,1.3853042392589519,-1.4137539640134391,0.8030145367857944,-0.9132748609810941,-0.7300419216437217,-3.4161449250250286,-1.8624445387280966,-1.0169879644950217,4.641092364622954,-0.3928728864023884,1.4961280406890904,0.39283412031567155,-1.5770644221167087,-2.1625240104598693,-1.9168123709217308,-2.738624030497287,0.24965643526590647,-3.5098653841107543,0.7020483690891711,-3.8720032176639254,1.460173520166318,-0.8445593947795905,-0.8186521966100343,-0.02177268069483662,-2.8882464954917197,0.5370902934304067,-0.21394502030624454,-2.936843308987855,-0.09208937985026677,-1.4943097262223572,-2.798723213556743,1.3345675219866888,-1.6407263349322943,-1.015836694633697,-1.9548885567014356,3.2179206150083424,0.42330829684399696,1.2117323848707917,-0.2722747206989996,0.20060535042421196,0.6628474088039487,-0.4027071328667935,-0.42388135484620504,0.5958837435476136,-1.502808324409806,0.11224892615594076,-5.198218672058956,-1.3302179913173178,4.197706177398658,2.398934915111278,0.6789339980151459,-0.09351948172661168,0.5326706462678378,2.3667388939323706,0.5874606519026104,-0.8691569573493004,-1.0420478345096933,-0.270891553721386,-0.9975908131875486,-2.302650524651821,-2.966572609196888,-1.1694521089544159,-0.1924183529031347,1.468129692423431,1.4325190004021486,-1.394255050368813,1.2781764631085661,-0.3380390220283146,-1.8930040525545007,1.1200882569640918,-0.87677630781336,-0.2988025036272314,-2.5301409596835738,-2.1527997832137062,-0.24906500401185377,0.2877549524800608,0.8417508411888682,-1.76481609713774,2.363841746548537,0.9626176168775845,1.9063666611806809,-3.371859515920698,0.31551123827488703,-2.418219618378973,-2.3701297622385793,0.29426454764287846,1.0013081305024234,3.8763293149721694,-0.19846266038246851,-1.7892189610468112,0.28878057043297534,-1.4970667624374836,-4.27824692830081,-0.852720633053218,0.04144376934227881,-2.1167254327727845,2.5535711973606587,-0.11400206524024781,1.2223857730943428,-1.4096836563665076,-0.2168355197348022,-3.891315040333166,-0.08670743911918966,-0.5773184509134623,0.3850488053130686,1.2105137873936387,-2.3939780954643703,1.6283764947942685,-2.413180565908888,-1.6222449044592098,0.4303219884999116,-1.2319779367339747,-1.3265965281117635,0.48492004533850924,0.17747251048944082,0.5607308636523097,0.7329396787167161,-0.29386395244956093,1.6823817296063108,-1.1018939188282364,-0.0233081418842154,2.591211829152885,-2.1153214059086363,-0.6748086048243934,-1.2723192468572364,1.8763907749839925,1.921545489223082,1.2996605462507522,0.3910880054008456,0.5516827366845283,1.0086099645157016,1.2289405509243185,0.26801972593844037,0.5030917971472195,2.726649336062011,-0.42351750783336495,0.11179506612809657,0.5801401391023,0.10982750602842534,0.4262379435823633,-1.0698209184806549,-1.3263265163583533,-0.3002807757602984,0.4666355722533405,-1.847762650905854,1.333050669149916,2.722174834521402,0.5592202713464467,0.4215812740402377,0.7978345287513158,-0.6445519719023465,0.8063799530605035,0.7977660721384336,-1.6551762384252324,0.838564141228647,-0.8064573357919349,1.3949386060349438,0.5222665676995779,1.8922216516777812,0.48476768129413306,0.7235916234522801,-0.6292881149451538,-1.7754430790234115,0.9861797974431982,-1.256358002292278,-1.6178490340626022,-1.065663331205885,0.881601395787243,-1.3053031653523814,1.4014009638494531,0.1617157369657134,-1.409748646683913,-1.2778580259189314,-0.6513906960674389,0.5844074861450773,1.3122805665959194,-1.5447938526640126,-0.32678978038984674,2.473963026283162,1.2426706539676684,0.5096792130052734,-2.0556812827803417,-2.309740391854817,-1.7218298679071717,2.4602901197254337,2.104819582593969,-0.8214115822633395,0.3510586260856103,-3.090913846396882,1.7174286654443034,0.2045466217230116,-0.4399113314033723,1.3062514963043517,0.840958588356695,0.05132790350105387,-0.6455379309318869,0.5787825065300183,3.272015720334414,1.1245910587703956,1.672571134177606,1.210905722721118,-1.6944179216272952,-1.6084228870754713,0.004253222892209165,3.856245071799579,1.2570793200706294,-0.05980447307478757,-0.2558715144635503,-2.6135433712222254,-1.6136114144342517,-3.338190757532344,0.9307462583763767,1.8983815422704318,-0.6541147237607287,-2.1553803441472206,0.7944354968664117,2.6148944464100987,-0.09778634982133716,-1.175865814680655,-0.19013415457256144,1.1465781188942503,-2.630797512754894,0.13321561884233749,0.29642789783764595,-1.4381929246854557,3.2101447145112303,1.0366925539277387,-1.041583154942679,-1.7546506674567175,2.690245576061814,-0.3368773752273294,1.7229787088279302,-0.06272850013869893,-0.44542089707235777,-0.2618249790150623,-1.172201250410798,-1.2199545293265035,0.8415046956322242,0.3980648870118567,0.46216614900528974,-2.3795670346913047,1.0766062438508974,1.814791434872971,-3.7658527766903025,1.8530765485781273,1.2817076867219381,-1.1188548344276745,-1.1249691980102468,-1.6174763256479063,-0.9591270121281591,0.16249747262880831,-1.1821141286596952,3.437063558415023,1.1600179044926229,2.1483126496880667,0.5805935406654354,-1.110118082968236,-2.089011849842228,1.7951831469529005,1.610558505857599,0.45910041932237106,1.2988373226901198,0.7525262369488394,2.0802574485805456,1.3541755297433946,0.16807127117640586,1.2104682955228765,-0.3161385592328719,-1.4285309575612342,1.0829960735644142,0.5166100815838176,-0.6575228674188205,0.890777064494476,1.2567682822149604,-0.7759038989511333,0.5564694755687074,1.0241432082946302,-2.1439139406334666,-1.5363977134122175,-1.4741138756326293,-0.11578159242445335,-1.5793252384578715,1.773632874489563,-1.212087350828433,2.18240225163967,1.4251827551663079,-0.5952834169591812,0.05807886677690327,-0.9015092364864745,0.3409659321188173,1.783434102368875,-0.9671732349731792,-0.2292616953851977,-0.24199524329146,1.8746707668753317,-1.3521005292421464,-2.394697787767763,-0.7322861971693496,1.1674758019804248,0.5408430557044643,0.14733688666760109,-0.0859580666512908,0.9287293347830219,-0.3302044215475673,-0.981363233109946,-0.27488527010707386,-0.058228815752687235,0.13137601138474087,1.3324888803776398,2.7851267736936274,1.7016150802849694,0.6582969425688813,1.7332798594750596,0.35855884916188563,3.599871654645381,0.2693731595435063,-2.157262333372814,-1.9038161160813167,1.959752491142014,1.0589030298001652,-1.8125820093381166,0.24892077126681417,-1.0514644703926503,0.8485442323692858,-0.8817848270004196,-1.6228668630168863,-1.8668502138695933,-1.344223680454956,3.212098253256396,-0.36352328125785044,1.884189053149252,-0.9292206182685567,-0.22695271799141686,-1.4448849559682506,1.2173091870286235,-1.4514514520779866,0.2831637719679526,3.3284851679253586,-0.6945639704195626,0.376517522709779,-0.8558691457785867,-0.5384249771291243,1.9241013979951078,-0.46280378261121935,2.9733982719885526,-1.354900351820718,-1.2512353974816581,0.6652880924313271,3.7153122812233548,-0.33472112258832154,-1.3617709549275658,0.9292392130095857,0.8887505533108235,0.5609146161405393,-1.8484960407888846,0.20034895662516444,-2.593471684155214,1.6086612352774639,1.6113445823728858,0.7722772076329845,1.3367474565401014,1.9038775193665374,0.6372552493720578,0.4505743861703819,-2.144389972046255,1.2382821191908264,1.7413757450774645,0.7884114316231833,-1.6805580243789886,-1.526597640935861,-0.7885426066349668,0.3681430345869768,2.4423423615099695,1.0820277539957235,0.9104694493590675,3.0649763546550486,-0.4991957074270067,0.2606291578926873,0.9749639067615693,-0.7490740531421913,1.51493676662988,-0.21688391329855167,-0.11231170473705143,0.6069967745323155,-1.0995380036425901,3.193708247244134,-0.4080381750920448,2.0641400318206546,0.9175634810840653,0.21058468149378518,-1.1484930670478941,1.3386895548507711,-0.13234106058887263,1.632839197750226,2.097381471864427,-0.633066415425823,3.360875723889369,1.64244935241845,0.5426511255319836,0.045735194994409145,0.04944501130877052,0.6429016488499992,-1.4192925263113443,-1.6436188809636203,0.14712932511928864,-1.8454323100219363,-1.4591987123869725,-3.3625550524894474,-1.1047685328649264,-1.0331401672613194,-1.6569199626244895,0.8090246452784614,-1.5860395407108003,0.05498418025646368,-2.0407537561853824,0.2943814910046493,-0.15901254750452304,-1.2265197143043385,-0.0525097459081009,-0.43691755604203375,-1.891377537967954,-0.7296540677768892,3.2350740352463716,0.23274902290277627,0.6102584244808862,-1.0798900799311828,0.44136114066288645,-1.988004036344747,2.874936389517139,2.680223541106839,-1.4972690750710171,-1.8366372889231073,-0.5401035128138033,0.2225876372018108,-0.9054397690785586,1.2437424631986582,-0.9904146681720767,0.8898539180025042,1.1112723731876855,-2.6402557093264813,-0.19455227056296465,0.7051134556166425,0.09150062231471255,0.9766730167411245,2.7047189697426073,0.3923422379312763,-0.5975762357795745,-1.2911748837975248,-2.3577539028140664,0.311446161202843,1.7444135776021075,0.9532111469648095,-0.5961566203814038,0.8887767692459578,0.5485367772519619,3.2101350711614285,-1.462899516360593,-1.115584315735446,1.1188855037947947,1.8285190241679368,0.5420601968303478,2.266426211543238,0.11585411690239955,1.108035349409793,2.6113851360398743,0.7621855312316679,-0.9073011738284978,0.4376521360708687,0.30026031501631145,0.43347381814588953,1.240186709745749,-0.3465909553747897,-0.5181053069470051,2.1278935553679292,-2.5351901111501687,1.1316088337090147,-1.3270205819044618,-0.7046393194146536,1.2332274677208215,1.7469665883266536,-2.12941909497642,-1.7650332126711161,1.8754385315546718,2.098802378555363,-1.10234471681348,-1.5961833585634333,-0.486751879083903,-0.2849419977073626,2.305931984448804,-0.057538462775182486,0.7381151725170333,1.8913352732662794,2.2983648676276025,-0.4598666694353325,2.970269417476032,-0.4405992699032457,-0.25979447877322426,-1.0836578716581255,-1.4566091837055155,1.4928772681046916,-1.890302193750706,-0.21435059351745922,-0.10781386395369194,-1.4144849155408046,0.043380657406406245,-0.7576643466774857,3.473263044761109,-1.008714622915057,-3.432643313439661,1.4563765161192634,0.9654716223452828,-2.512397127986345,1.5963877709425767,-1.6116504438002497,-1.2989811857354039,-2.832114175863575,2.598343218242785,-0.610700921055893,-1.2179886072778272,1.3455208659062479,-2.382037527722962,-1.5162894219092653,0.05605239133713297,0.12965814984260177,2.1047374113951673,0.16641627091821648,-0.43813339108000887,-1.9805984419684897,0.7118679183703479,-0.7852166534044211,2.2980436821460923,-0.4733898200596378,1.6248601337513917,0.42016235367432053,0.18866362858267477,1.245613013629621,1.0949368920998477,0.44733762677081074,0.2221491790046345,0.6074286124803885,2.8065853676586183,0.4753381650262801,3.3737731796846893,0.3105508392111729,-1.084317360337342,0.6773533744964233,0.8903410949886702,1.736772703371674,-1.3980193912988113,0.7762255941402196,-0.7814156793987813,-0.4014462537655824,-0.2553975421725476,-1.1086187263700047,3.2467619268748162,3.641851829127161,0.36865798904729263,-1.3908084179172195,-1.5292643011535763,-0.8854902741813164,-1.6933770232300993,1.6828405167226514,0.42184622286476475,1.8459585404307417,1.8640343538356412,-0.7148744204100639,-2.461728700707223,-2.935733014069314,0.1084382911019092,-1.6731071289826036,-0.5353207409218224,2.040521337493304,1.221686568293291,0.11114699977528195,1.5346847285311598,0.7367261520642343,-1.202565797350394,1.1163822709626419,-1.6325629906993866,0.5744151109938259,-0.6168295933136662,-0.24689108647352337,-1.461500397795937,0.509010577002956,-1.8989400099267528,0.7088301937507973,0.3562918467176743,2.4892361014535043,-2.2284813918198547,1.0453473986848745,-1.5165248669550728,-1.9003446065386953,-1.8539775952693014,0.937739556516321,0.1742199779659438,-1.2085200880453737,0.1401963801420098,-1.7478672019429358,3.039082654524151,1.9918307877002228,1.2898603569402358,-1.6610528965199747,-0.2494932893584426,2.4917596181545933,-2.4008492550189673,-1.4333563847490491,-0.5684518611525958,0.986727124140429,0.6185448531539964,-1.7296250988023214,2.1493996718909116,-0.9214708274986911,-2.161854765674382,2.2064060887665478,0.5071907514482704,1.7929135979148945,-0.07462328396149537,1.617120213126805,-0.4059477964396351,-2.309608595728012,-0.1337341434149898,0.6998924466741825,1.1791493387556482,1.983036807499142,2.357723902438946,-2.212855235838726,0.21564855096290286,-0.4792218615455819,0.37722200425893293,-1.0968580415381648,0.6265125053939171,2.196671015006454,0.7549786549288988,2.3631043107791516,0.49014341384910803,0.929246896541198,-3.797685768148771,0.256550166321966,0.16436180358106667,-1.6896278635310424,0.06767789879136737,-2.10664911087049,2.1382876672865145,-0.7276261040821628,-0.443345888219352,3.088949501488103,0.21056701202954126,-0.05693522733317424,-0.7944323447749797,1.9503082715860978,-1.8547248248156583,-1.5982661230663289,-0.3303945837386955,0.4667548496790218,1.1698162567849588,-2.579730937197917,-1.2562929391210176,0.037146777540040005,1.9963298482248995,1.1156765799231811,3.274192808291154,0.26150826961288187,0.7862603945277613,-0.3840845525894408,0.35596689255195324,1.0585013769756646,0.7284563758638549,1.9245269897831316,0.3283856722103832,0.9312948063462748,-0.5717177927832392,-0.017206901374838157,-2.2185731512947404,0.8050266661204502,-0.14028607249767555,0.3153359353693383,-3.6849085601106246,4.6063099740959945,0.08181198148614716,1.3322539719234683,-1.4428723690658494,-1.489454276366493,-0.39751786478392254,-1.5654276880505176,0.7400993364141311,-1.2253677685525606,-1.0167079467544398,0.11812360392054136,-0.4570118012557322,-1.6715588238637906,-1.0815861244214218,1.4135018536201405,-0.7018740640425616,0.9741129323695041,1.0979504737563974,0.6848182133132249,1.4285662032712252,1.2167978095668222,-0.12686588599339207,-0.3996126524037181,-2.4736383359077534,0.26601860404959166,-1.8456810388410643,-0.27668019397976806,-1.564897056443337,-1.0259956517879256,-3.6224507079144974,0.5210292197291575,-1.3852223537260704,-0.4073537929958682,1.2153577566263696,0.6766099404914735,-1.3392794179737175,0.801666601369896,0.7984989898054501,2.160359183433247,2.2966944852062854,-1.3023344157947583,-0.6051747532067928,-0.16737900866093597,-0.5335427589068039,-2.3028529522076617,-2.6810523785533724,1.812115307337749,-1.2119451260554444,-2.512026037334971,-3.4549852036527717;-1.6151678272016161,-4.501278877280588,0.499995776009914,3.143318330333354,-2.3332522004685763,1.1290095555855177,2.237648338146819,-0.42483138674261156,-1.122377295249719,2.552638582130015,0.9046581275754606,-2.023445433932257,-1.0641984923411403,0.9251085462348754,0.27822041604481385,1.3883259847808218;0.06357618898347904,0.46104698732981075,0.8767516997160353,-2.0054245151610477,-0.46267303454988684,-2.2109487335303117,-1.6064562398898945,1.0285258267900046,-1.0655397096414143,0.727370015723054,0.23231045523720115,1.936313744708558,0.6278966775630328,2.1365424780219193,1.3882877872990511,-3.240170716631156,-2.8503025364401466,1.420097769699498,-0.4348007594017396,0.4704308794380719,0.39756296970747274,-0.6386041517485916,-0.7878266611160036,-1.758186999664736,-2.5618544469167426,2.6110859681007894,-1.6137631034885833,0.6017274145250417,-0.5838952727598112,-0.7023637492295302,-0.32464988208755785,0.02447501296101562,1.629538128747512,0.2006275226252389,-0.0006128006185242008,-0.2479922085715882,2.411703206283782,1.4662607671471442,1.138908927435588,-1.44469109367192,-0.2375643661074071,2.520418172665008,-0.8848251461186483,-0.9024006780882949,0.10530028220293164,1.8256721967319378,-1.9262099042375787,0.6270746838853642,-2.194626871297727,1.7698159992754792,-1.2131685620476753,1.5356218626610174,-2.9046102997114156,2.7476743024824715,0.9195383737089855,3.4473062469501308,0.22875043365499714,0.5469135843653365,-0.8098248911917347,-0.847805010817463,2.538907202128492,2.6635850398071694,0.13404583786362168,-1.2854467065652484,1.2394836860840375,1.9331620870954949,-2.530213876665809,1.6398691812354271,3.4436759932278838,-1.4049141009557662,-0.9922180126098852,1.4708983958044735,-0.2302868707255911,-1.6715069836025342,-0.5231944540014078,-0.37925331991690514,-2.5557218348746242,0.23290189854828042,-1.6595742546035679,-1.5148221490635991,2.370902254647435,-2.4811303017853112,1.5676583013085357,2.823927806458361,-1.744406307324086,1.53611535278622,0.586233001227045,-0.9670076118311965,0.7715137575104025,-2.2932566057143156,-0.9807725698011142,-1.0968149620853727,0.5591329841241685,-0.11223077756610025,0.6416065629417148,-0.0025975735709217844,0.8994586284108479,-1.6909402328851098,0.30454967555717705,0.7542847841547052,-0.8530763251190479,2.6176374962001767,0.7979135003193083,0.8961524986292863,-0.9507961008394987,-1.3793055493123614,0.6410822044550359,1.584871965103483,3.1925698778831975,-0.15008077823714713,0.8713102157516339,0.624529075480361,0.26118564035808256,-0.08517603688303843,-0.6618939415352756,2.103813332273419,0.03179342919385895,-1.0140598443852318,-1.811734588122842,0.4884760245498124,-0.011001892935420865,-1.415652538855062,1.3795005989959777,2.119076875123948,1.5339322225506744,-0.9256032321998952,1.250118444855809,-0.21871164336933122,-1.1175691731351358,-1.022987751092142,-0.81907482361524,-0.5199930144355712,-2.4523636822350463,2.220968119915721,1.027347598062182,-0.48913858498538676,2.0451893707312876,-1.4298716030757164,0.5259667768047869,-0.963239784215024,2.2229792662610666,1.0570270768807428,-0.6068475941466994,1.1283599695217832,0.4690550872578358,-1.741844409930863,-1.3561347859980686,-2.3489516857169446,-2.887855733085797,-1.385019759625395,-0.8317444192588073,-0.5659598111602251,-1.5499537139474118,-0.7833488992466124,0.47813662950416835,0.7519970741620777,-1.688086099204698,-3.4928524853816647,-2.7070342820178754,0.8350406041399021;0.8003762138561978,0.7314633768124591,1.469044896244368,0.17021140931311085,1.6738468392490102,2.016604996028342,-1.9556684947784428,-0.3316226003447681,0.3813017338068907,-1.5611019817275522"
22,-0.05906766456006618,"-0.3162136155250561,0.3956083448556178,0.6431926969629769,0.7972735682023244,-2.3228529161425087,-1.2165365891874023,3.1952078303117544,2.0620565352375086,-1.5923157994155803,1.4963858507702663,-1.7417079636721842,-1.9317440509942223,-0.4017748082923507,-2.61582400552937,-1.979198538578643,0.22543287397668493,-0.6844018066154971,2.6748407837052026,-0.7997916374030086,-1.6622117543348776,1.3441227765464534,-0.7138610191223129,-1.2801774031927176,-1.1175615625091893,0.944393267280391,-0.3758571486799605,-3.455228085912321,-0.2557831771703356,-0.980268129786997,0.7389483678030215,-1.4124206470067842,1.7563217194763918,-1.0586582895406458,-0.6190044548497802,0.09920904566490651,-1.6197908549439828,-0.04835214071300492,-2.0868550521423637,-1.3252251237010992,-0.28109093280201447,2.5751586743348382,-0.5735995466227164,2.41384815469423,0.3843478264280967,-1.1884682340868107,0.7321975261619029,0.623161318865252,1.3697602855708646,0.7019611677889936,-0.4092722242275019,2.6118052742228217,-1.839298150933685,-2.414605823155814,1.609527526001808,0.9059424188427001,1.7180101396970202,-1.3704253545739957,1.2816711235883953,2.8481808895988285,-1.303944674866823,0.37104474115316394,1.4233216363962795,-1.0001060071929617,-0.6260300936645024,-1.3492753367120547,-1.0486382002903933,-1.520175589644475,1.2948165321314988,0.15263880759664328,-0.4761394034927655,-0.8736535670868559,2.420845228622937,-1.6461537308797438,2.0004584808734687,-0.9591491717489724,-0.017071728308399266,0.19076284300258128,-2.6612981321486004,-0.2929140200770409,-3.028161565956106,1.317953398654943,0.2258706809295978,4.684582871166853,0.6115723772392667,-1.8522413243411877,-0.1282586481108119,2.634916365189211,2.379371578373094,0.04985112828391847,1.3508674234654108,-0.2085423192146051,-1.0469097472813316,-0.8860619434318433,-0.3532521657023726,0.06099169258564592,-2.9162554040599376,0.004282034032415782,-1.0693718269493047,-0.5105479561085541,-0.007944902121189595,0.2507693911373038,0.14740423876596687,1.1713789790223608,-0.8430358460904799,-0.23531370492472858,1.3313233017870427,1.7326674618757836,-0.5122292743834134,-0.6853397111460888,-0.021112661458711268,-0.4519436816941419,-0.012906974804376498,-1.7183682177899011,1.5596307179815507,-0.5972601307093144,0.34863291934471524,-0.7121553885705202,-3.415747099498493,-0.16806610262733512,-1.2941254307460608,-0.10293288947624321,-0.9404413678304875,0.602716697239098,0.19703055156403565,1.2031199422421794,2.369465606947482,0.2697399408597522,-0.9051715407972534,0.9595193018985114,-0.420275013550198,0.5950572416359845,0.6295117734141827,-0.9554293188293271,2.20691957319273,-1.8175083490889286,2.089236873028367,-0.7377428247321417,-0.13752521783291727,-0.3387468555085712,-1.002617518035067,-0.008700371024970288,3.1529992573293044,-2.3654131537866006,-0.011722535180133636,1.1962984879364391,1.634440728246123,-1.1075233768936785,-1.4376750263644702,0.8563712203347751,-0.24166560270075177,1.2223742496954166,-1.5206003327585826,-3.315713039950446,-0.0471017544971305,-0.9859159911681248,-1.0270387938207357,-0.7920416577890699,1.634394929952608,-1.3093560989203514,0.3985283677767967,-1.2220848808754776,1.3305937872227733,1.5002748642474442,-0.5047275439216976,0.9138966591303889,0.08898186391748397,1.5236373823831935,2.6878618487055945,-0.3356811285053417,-3.168102495450559,-3.050170295463934,-2.249719461229718,0.4711431512186854,-0.2849050795599476,-0.10823999835776497,0.46504426779188046,-1.5853203471574195,1.8625311673241676,-0.5001067989090181,1.1787169856304125,-0.2864920380863642,-0.888777706520838,0.17219976639107565,0.48896176611591546,0.41188737986989943,1.7177607069566556,2.5971248230204695,1.55672378486868,0.6805164672548005,-1.228492240673692,0.8443422382781234,3.0252862512781653,0.200554608189829,-2.806750511447871,1.3621669788459836,0.7657044119811582,-2.3867155507400417,-2.14788154540117,-0.5544548873255588,-1.6624988116005501,0.8356041029594518,-0.6129784997882977,3.3372538027724468,-1.6578342731507638,0.3238577823020078,-0.47185084386921705,0.24344250672802925,2.389455737787211,-0.27943605677454014,4.407176853192221,0.28516915306798385,3.7032543389059995,2.568921430208504,-0.7242901705897931,0.5793349431974426,0.13692379312181718,-0.7750089337014788,1.045825541509215,2.095684054979463,-0.48165913152139933,2.008328189048119,-0.9391230129690211,-0.3155123814332459,-1.8208669400049713,-0.850395806680649,-0.3384033321740862,1.049301027566418,-0.6886025757017742,-0.8678095056895554,2.158098995051836,0.700198255282058,2.403070384391986,0.0482792720248566,-0.16534098373931588,2.5108860934922057,2.0246451439215605,-3.403301100074532,-0.11966281738413431,-1.965886812490394,2.6510579086548822,-0.6764282242038016,0.7851507352437955,0.8047327662858949,1.8137616707518571,-2.7430634876097937,-1.1490964757299331,-1.6797832649883695,-1.2238956386590705,2.0659214648446165,0.3753403922782875,-0.9564949723469626,1.036377816666447,2.2937115868312583,0.9915447362393136,-1.9850135264369853,1.6511478074799437,-0.2127567207199387,1.8354976258161861,-0.7746396259974997,-0.43821687694121303,-0.35545636575678846,0.5881492000755154,-2.9738214839081354,-0.017524026198904585,-0.43589437117440966,-2.348497934361963,1.957198311236129,0.6841029894293107,0.7373627781619105,-0.31787579716510517,2.9648960752099542,-0.3570332418695423,0.30232182262766066,-1.0208195501641137,-1.338756356492818,-2.1125116348878747,-0.6484538992238902,0.2850929410973501,-0.07761548423471451,0.6596132501036802,-0.03707225307447959,2.170537066411096,0.9621277848551749,-3.653198738608383,1.5232802871648536,-0.9746429325708771,0.6701698043813114,2.2473014315341784,0.6880504013837822,-0.9112291071229545,-0.15697777012764824,-0.4179869349171872,-1.758800096623931,-0.9903104116052494,-2.068316029969559,-2.312353016450428,1.2037125384071663,0.6236539900351024,-0.32071388858455274,1.9622278029276805,-2.90258999664829,0.2904140483889809,1.9323425710581845,0.7277081997879391,0.26884838036247893,0.8004478365208628,-0.7082584915125809,0.7550868664412594,1.8459144233102158,-1.8843831004909082,-0.029631899628558223,2.4031921971387082,1.4080522405479452,2.4291414971927914,2.5168737324241923,-1.195186797053807,-0.450639527559885,-0.20212112605117805,1.1487767934534938,1.7909839041844358,-0.23363124403060664,1.4067160082820203,-0.8274614995546071,2.51163611677352,-0.9145629033799032,-1.4020737266077383,0.04301884371056086,2.6912994034642854,1.1074898520997059,-0.2126216439741014,0.09141024239776196,-0.8420260171184031,-0.6600238092832877,-1.6013176979629398,0.6306929056304912,0.8053667691542208,1.7254039022516017,0.08894862151667504,1.2000900998943418,-2.2321830602536017,-2.81937099385378,0.24812831735868238,-1.215985152769307,-0.61525674266733,1.1411547946862581,-0.14786897375564523,-0.8753909714254038,-4.341413674004212,-0.7708010617233272,-1.2074282545467137,-0.3042331736209064,0.7716367724185501,2.1103603114792646,-0.4601084006561059,-0.005427564136098434,-0.7678680809038785,-0.5412866685478115,1.1550860007215624,0.37305472396650063,-0.80971429710726,0.36727610267598754,1.4579968736814686,0.7833807719752921,1.8311016654767154,0.750371003777099,-0.7588956525487408,0.47020971567679104,0.38938899030978835,1.0270152500296612,-2.4505055798122544,-0.533896409331932,0.5534188139998405,0.15315890519423508,1.4865313354469596,3.119458058147263,-0.9138327947617852,2.9727471044434286,0.266714786126498,1.5224506711355277,-1.7617793679112184,-0.5678978376930045,0.7994024817757996,-1.7100153212769573,0.22415971097437803,-1.9371069725227297,0.951106689716559,0.11727202182747304,0.6962220279549511,0.2580386278103687,-0.015784114274907057,1.2590835718538447,1.4823038956759569,-1.6230237505562315,0.7160247735803371,-0.06494603193826692,0.6552943089354537,-0.5524768365980322,-2.0688975953014395,-0.828229640676278,2.307588255086357,-1.6902391844847908,0.09550685280593213,-1.139904071735205,0.7025347211121149,-1.3169613554890827,-0.08464071481304282,-2.1811611341503596,-0.4325050527191463,-0.5631345598774513,0.28272040032383694,-0.9248556274919049,1.134492849655571,-0.020704065661341448,-0.017323380882752815,-0.48983860323884487,-2.3109868971239287,1.3789303718647912,1.8879779568171813,1.6689186416015205,-0.8914856650975401,2.571000956584803,2.285889520862238,0.8231725118684988,1.6020046580972829,1.966843829111615,0.9105864798693287,-1.0593346139981896,0.39548825864394216,-1.3758589531775725,0.3638555693062639,-2.8623734962549174,-0.837343011544226,-0.7926570391518346,4.070637261077011,0.4941282433114277,2.1167311548737118,1.4432876883138472,-1.5858405430662073,-2.8883420774242357,-2.02968640132189,-1.9774365502169944,0.39037189121209154,-3.526826949594656,1.1663056258453568,-3.599973316172832,2.4452673904424396,-0.18526010952045455,-1.1739737169468571,-0.5202962621947391,-2.841020052201381,0.26684776771120183,0.3558163744993649,-2.153675761759426,-0.8967874403831989,-0.8882497527765869,-2.4819509276262663,1.093080886192227,-1.5478424342918649,-0.6609066676293759,-2.010144510326672,2.9407614924546044,0.9275926763350775,0.5487791853535993,-0.6739446540364531,0.21666453210351172,0.5331145769538772,0.535858151642622,0.0679025736356621,0.557817500542384,-2.079006333634376,-0.04164093153473418,-4.801854553067254,-1.7040596342641896,4.094260977159488,2.1290950867829896,0.7711731091020925,-0.6213388931199078,0.47054460491618044,1.0942606425955088,-0.1280643374855868,-2.0680509688065074,-0.5505219719234192,-0.23103722167709917,-0.6315268559577473,-2.0297567379766255,-1.828243451734946,-0.8135111875534324,0.317286890873958,0.6582776518561018,1.9822231309153797,-1.27995959605474,1.2651911928697621,-0.09267033904829215,-1.4295282638427969,1.349806506055193,-1.0287991125558213,0.2576885600162102,-1.427458213633358,-2.799358706287933,-1.40591322479162,0.6044614116783025,1.6198248628611431,-1.9491888844010588,1.7995369068136275,0.3437804474714127,0.8753607513312297,-3.2841755122699103,-0.22471833469700794,-1.375702462440266,-1.7583252263949596,0.4662507194636937,0.4102879886101808,2.590351774357134,-1.9620679028438284,-2.485291700480559,-0.40028947712305507,-1.2563102168381217,-2.7321106277933893,-0.7019259285787202,-0.42389978117512356,-2.0087702174011213,2.3200101862775213,1.1975273340206725,1.8201403800550244,-1.0286112494464574,0.04458382658356208,-3.1208651559996325,0.8794157062819374,-0.08241767653036025,0.02669153505406538,1.2761209001299079,-2.8585615630174823,1.622349787886472,-2.2135500205900835,-0.9002289142610919,1.1954648480686907,-1.4938044685570453,-1.7460489306295048,0.5781550608652863,0.7895671845007974,0.39237273675391005,1.1280489067127637,-0.6164839838498585,1.3839435575688592,-0.6328066999746682,-0.2060978154731551,2.110002115047876,-1.6820932875358032,-1.031467067110753,-1.2755068711497346,2.30856105064505,1.3845645814795249,1.2284210232939403,0.8597866512952677,0.46804047160987,1.867929238656834,0.37420360136013575,0.6402133426376242,0.7005470005820151,2.0674859113591024,-0.8027762535391678,1.2799534223904636,0.30215324248137654,-0.316948657332002,0.5709884966392245,-1.1682338795780216,-1.0740969189443104,-1.203488578310837,0.34531120195603715,-0.8905226683005203,2.762878427870856,2.3026295155919754,1.1949054675195019,0.9538222244322828,0.4005121411938808,-0.8862832348751276,0.15760385462503207,0.3635706014347868,-3.2297828824741845,1.0248730573135476,0.5948484460424834,1.8428354554297872,0.25690874180461565,1.3205495448385314,-0.40822862016585243,0.6763015742778017,-0.7903348405258127,-1.8954022731162552,0.7145009178497486,0.17922684434921388,-2.094231265603905,-1.0566930297890518,0.9993447291674482,-1.3755328925808639,1.9140568872039863,0.7876682922247009,0.32301900311486653,-1.3064783590240332,-1.2606042217143067,0.3687344670717797,0.5738156282805532,-1.4639164720528748,-0.3339038662133191,2.1419393485869813,0.47442398779331785,1.0192400038948932,-1.2222731210379916,-2.2890901171138194,-2.5072893980098874,1.4735686615395773,1.7097552557291986,-1.0948761125722086,-0.31487205277629315,-2.8048025403774126,1.9389614950281049,0.022628660960506725,-0.42545870766122124,1.260936172672014,0.6172356661043171,-0.20821709742824496,-1.4121318308638,1.099146310959802,2.182792398903489,0.6950509686043103,1.766135813852661,0.3550572841942564,-2.285796848254805,-1.2528580016689312,-0.08719503465949292,2.992627084020542,0.5636087151402793,-0.340784566638651,-0.32747276836719774,-2.3776957603308837,-2.5553798974159463,-2.9756730311371666,0.7445372999430082,1.5844851135002151,-2.225104527393565,-2.3749162334395217,0.31276271000487177,3.1123634881713933,-0.7450254155474373,-0.18493912355133052,0.295589510512989,0.6947718876812341,-3.1984594641870197,-0.05906715071647526,1.1605423966475676,-1.0318317576049316,3.6058863838910233,1.8885915538276694,-0.4273146678649081,-1.240699488184519,2.979676921168924,0.11096763039674781,1.7180327890194738,0.5698634928180858,-0.18388928464602117,-0.787698773156326,-1.0105463542663748,-0.10969449447611668,0.3554463418075741,0.07723623373215271,1.5854202282394732,-1.4574970903820814,-0.6696997941246623,0.5818250640978171,-3.500344150318937,2.6159687910140104,0.8182044314210809,-2.1288932322574663,-0.3478765219073552,-1.3440181492502263,-0.8209790225929037,0.5058172392138464,-0.3209159309043766,3.1378260724741383,0.12761671889673365,2.746707688052303,0.6607681813426887,-0.5048014404066019,-1.2641249202659792,1.8831585773001174,0.3802079168812882,0.29733837002117314,1.1759817478722836,1.8517119680207959,2.0440378951127727,1.1112771148459926,1.1029430090616565,1.572404254925097,0.09745709942924356,-0.8394617933338109,0.9749346220888256,0.5222701688889642,-0.9280081245541718,-0.32324325056257885,1.0531241461973102,-0.8312914153916218,0.3113483378497858,1.164547207255958,-2.649499828197091,-1.6666331024853376,-1.170156388678028,-0.08512501592434935,-2.3992044404696773,1.8464485020000414,-1.3398372950287594,2.804684136792817,2.082533833436191,-0.8011005709727882,0.9229618758638781,-2.091826499618699,0.37261542595127284,2.564095669575586,-0.9573974427187285,-0.4317770272193187,-0.2058309427957518,0.40103282469506685,-1.7850802890775257,-1.8914806293157735,-1.5661105210650317,1.4051234814447247,0.17382987494676383,0.8742517236243637,0.29181967677721204,0.42314978472096465,0.49396722215772837,-0.5504988106937215,-0.6427583206990151,-0.5884418519460485,0.7597382763757334,-0.028660453483659698,1.9655911692862615,2.179332154896479,0.012057720166237629,2.0999972116903525,0.18411387093374648,3.3535652025226987,-0.39020643834998736,-2.8083426895658627,-1.744428749044,1.0871522920535361,0.6205423200533821,-2.1702578259469876,0.5460706773980017,-0.6829138496202776,0.5296133025585988,-0.8862814540314824,-1.521722471739404,-2.64011929993563,-1.0410227850714644,2.7809187893394136,-0.31837115291256973,1.9212866977267202,-0.7079713052790939,0.7893933900660397,-1.671711703706883,0.6690753121990899,-0.7745903519935362,-0.5248487621088546,3.8446912148351804,0.3849015086910823,0.5711852011260794,-0.21490487210879938,0.18104801853485142,2.202737173382745,-0.6393915102793696,2.3492048283313034,-2.191963688955085,-1.6067824971671134,1.5819906150653416,3.358533595174071,-0.27227249561689637,-0.7302070992249804,0.5770682297846986,-0.012824247661435417,-0.7127927291585294,-1.5780414303707482,0.88279071143993,-2.420491467732944,0.8581185008616907,2.2292041144089234,0.5154774106130625,0.3812887718560398,1.2418753643032527,0.006812545501516387,0.00014034340634117015,-1.8032786638911618,1.6452417316214554,2.276104251719588,2.3800491019332197,-1.6155939649749615,-0.6780549894023644,-0.3457164355843205,0.16194513998653853,2.60049194169342,0.868849696059536,0.21269357536027267,1.8911290574717896,-1.6080732325945641,0.7142877593540501,0.46197200882545986,0.9975991219421646,1.7766822357457006,-0.1374700227588933,0.45534219335374704,0.3410569809307458,-2.211678811982547,2.4028378539675215,-1.673382771415978,1.8914626998400146,1.2160114027077773,0.4234801383951036,-1.3308742414850028,1.4346691340212514,0.22512553102703453,1.7299428039738693,2.5904456699280183,-0.9529534708754805,2.5610927702873196,2.480379891981035,0.5342129317363844,0.20360392205672237,-0.005544730276242138,0.6034545813987511,-1.933109505545333,-0.4952299265895219,0.7003072576380305,-1.417085254695495,0.04157402428010698,-4.1002127064034966,-2.165343730566946,-0.14094882736106257,-1.4966304763735423,0.7195173149347239,-1.4763153549816788,-0.6019689359765132,-2.8645384371194877,0.6994368519837645,0.13823960389761247,-1.6596397108713048,-0.16310475850075404,-0.457907872395983,-0.9368001037289921,-1.4922434618015297,3.3032905424581376,0.7253189726791042,-0.02646592765874739,-1.8319987712557575,0.02412509496598919,-1.1094891837181944,2.244685626612966,3.1001509882144207,-0.6244310296781639,-1.4740734059482312,-0.18300425185637847,0.48546240044139244,0.3685066913185746,1.5917032153870387,-1.954411503984729,-0.21230610345832152,2.2162837845543697,-2.9594326554555033,-0.7242549492014253,0.6841152840998038,-0.272290111427792,1.5236204989105813,1.9832722273794539,0.36968413255586474,-0.8717544455629864,-1.2014817275939949,-2.473462558364114,0.21040548094323833,0.9449212682829614,0.5836447815805221,-0.5117333365868898,1.1760942905720908,-0.6616901847780038,2.5745571708465858,-2.0888598439822474,-0.46777006530947185,1.4953715092483977,1.9132566026057756,0.7635931566355054,2.031007450870405,-1.6085149899795663,0.5845312613681626,1.6992306114013924,0.9082190912969876,-0.36202509987080983,1.0592741622653252,1.0971437708159415,0.1958001451486553,2.0634667351924723,-0.6590745880390712,-1.5725622386765288,2.5882179727539034,-2.056922295559753,0.811504780674704,-1.6809196563083775,-1.6064596131352293,0.6583154404908049,2.6806224955155082,-1.8392650090367306,-1.7268745990257968,2.273306671213044,1.4574335184710814,-0.9579509714304518,-1.4257728799241696,0.18497831458793484,0.6888195909136073,2.2461034691817043,1.0095467893016834,0.10629357659934294,0.760603765458238,2.8332535363898743,-0.2559619305083334,2.4380336872764277,0.3911688575826668,0.22013188083255866,-2.1720883139624823,-1.603964837884419,1.993329871543845,-1.7481958837034044,0.5736239337998567,-0.04639123477871904,-1.0783200531764636,-0.5552032317954374,-0.31489573180824315,3.3150425954366525,-0.8771989567312115,-4.6682732369704745,0.16738176735861493,0.996414234881764,-1.4413942708538918,1.513305805948707,-1.0051801810735093,-0.767568202650831,-1.8759959435130265,3.7601611324067825,-0.4827060696923159,-0.8768184337365437,2.135189313204582,-2.5863132875732613,-0.8570722169920013,-0.8593086888335231,-0.547163586904269,1.3737259851275676,-0.7653933671139144,-0.9774026103034664,-1.6341499214154858,0.5349874928716853,-0.829709720220134,2.3177876062132814,-0.5077037730276068,1.393039045495799,0.8108044775417063,0.4573734064005185,0.5745498931834716,0.21675824753487544,0.5666431653447006,0.8994467017763911,0.35270703527043334,2.672087768686718,0.7451315274179058,2.6624687246875993,-0.4564969979192631,-1.7287061289191976,1.2436007035251828,1.074801222033057,0.8954969605449876,-1.6036137859309352,-0.05862100856534802,-0.6291465714129051,-0.15280068026280824,-0.5132797638793409,-1.501859542931302,2.849855407282973,2.9907564604708297,-0.21267278826187008,-0.7433733691489195,-1.8802881113850232,-0.4190426015186801,-2.387547181384946,1.0985435180806258,0.5335864974689587,2.0098655360523794,1.5899234054884757,-0.9009511876505729,-2.5209724911353053,-2.5967701987911194,0.36741113773241874,-1.3390477329384494,0.4821556323481354,1.327732166330459,1.5565862600476035,0.41091474036773357,0.5316428180232774,0.559034439952268,-0.8211341948424243,1.5597712988989618,-1.1599983898461963,0.8336931035860035,-1.9310242494559573,0.6730745741044553,-1.370588888453228,0.6707320726540902,-1.9692763976945933,2.045097991418884,0.02002662494917229,2.4184056656288337,-1.5620764735928687,2.432679290090778,-0.2764486407774689,-2.1758315843893357,-1.3983473530675052,-0.2080042253026929,0.3409352448946262,-1.2672444466998884,-0.45275445569887846,-0.2294922223601621,2.134654188896173,2.7250180539202575,1.702652159758021,-1.3869332216643677,0.6295996577467237,3.670811523956497,-2.443245110863412,-1.4676292372706428,-0.8468849246977052,-0.4691006834909454,0.5174131169423754,-2.2050662248558472,1.2980020159939576,-0.2961736235980436,-1.919200066161126,1.5826370410096697,0.6201217515991491,2.5099004146669164,-1.6115552721605364,0.44481397241515697,-0.3496116348637304,-1.8834573796889456,-1.3163670862521557,-0.26816555443687723,0.39972930697554365,2.244953123240493,1.408156404469241,-2.083666795391508,0.27549976035027474,-0.6823899294924646,0.7580187484626288,-1.3893747434701715,0.27225072113263515,1.5668541704356151,0.43299755066822954,1.4378526711938777,0.756480427098098,0.7501336458191844,-4.427508451247014,1.2266601840545894,-0.5477746012133604,-2.3484840516092693,0.04498266943017737,-2.0623022095838905,1.5275757024516563,-0.871686306229307,0.14546645623268473,2.5142957769707097,0.19200627466307787,0.11199248015263222,-0.12082279211614659,1.6307815146784397,-1.3162658305765347,-0.41721439967558294,-1.0419812787988953,0.5433439392562815,0.35544781903328093,-2.3976871028405666,-0.8656699907175129,0.14140338001055264,1.1270077749590555,0.9799388814777392,1.8608259158234552,0.5308085324636624,-0.014243046945150661,0.1046460602443346,0.3152138141104516,0.25968219724906433,0.4698353975669899,1.4296250378560766,-0.817098232751994,1.1463100454533448,0.23674760108747153,0.2549098091249504,-2.1063999677675143,-0.06448641697034319,-0.8220483910635856,-0.048306927972525227,-3.0686083292640585,3.585989210788433,-0.14750489165863634,1.3596908741581823,-0.9190995957918636,-1.4982807467126886,0.7319826838609614,-2.2273758344553745,0.3586454533886201,-1.448347146139148,-0.8468969523271501,0.22077805969308598,0.0856780555497863,-1.109274553269681,-1.538087808084283,2.075109521250626,-1.6548806156245675,0.42263235361348406,1.3250994289008544,1.4659274562761662,0.9899313095520594,2.0268046223499065,-0.21435896378131256,0.7691283895871067,-2.984800672915994,1.092113833234784,-2.256573480031889,-0.7449151708623171,-0.6765011405296841,-0.8124018088627722,-3.6062122863137986,1.011373368014576,-1.0610351943201917,0.004002443310833492,1.946998042408781,0.02928672954447792,-1.9572702268257725,0.9396643780934144,0.40732384299090907,2.6097523994539875,1.433602967909525,-2.0917832223528636,-0.60579727429611,0.079966953696024,-0.7296292309300548,-1.9856088246046644,-1.434955615902637,1.521397634995796,-0.157070038377704,-2.278029494135399,-3.677270724583885;-2.232722483816203,-4.646488211172699,0.33122046852980513,3.060972461799431,-2.713055680702623,1.5864000043590665,2.0272820065105295,-0.09444183557959801,-0.8607022881260615,1.8104643737157824,0.3962600922654963,-0.8375565436132069,-1.0149004062041032,1.568715853655244,0.668159757965848,0.8948945868438357;-0.1411484697627362,1.0483625809794903,0.5545350137773235,-2.3960777677466343,-1.715046824764935,-2.302750108101967,-1.4481282817116718,1.7566561765676418,-0.8000113221007688,0.5891069216426628,-0.26385600058056824,1.254997805728519,1.45083451886247,0.9474012190681922,1.2319771539056485,-2.068686123425076,-1.964173982285094,1.678226700737353,0.3527352543569511,1.0632922151907884,-0.11813757159797497,-0.19740799150463756,-0.44597899099566574,-0.9872273869196465,-2.4983049097226466,2.9218699366928855,-1.8724737337515365,1.2716106494523116,0.5783183573969559,-0.6388633269277972,-0.07563310305176618,0.8940214472168433,1.9038100982390624,0.8369350727388438,-0.17092241809674968,0.26560710826910533,2.2849448243831545,1.219793877238142,1.497764861063366,-1.08590656509493,-0.8118963492806163,3.084430224744783,-0.15229488859442225,-1.7556745533829257,-0.7079559561272037,1.6640507205306765,-2.719868986070759,0.8450484659250534,-1.9356748144664986,1.6153808737354565,-0.3723806539668153,1.8360971773688757,-2.5728306958708176,2.016829436614863,1.5639595518839577,2.098708673712912,0.03550462577870883,-0.5818728521380815,-0.406079137146159,-0.12430624308516014,1.917817904105388,3.2995950379479035,-0.23795397052553618,-1.0334887706047855,0.815866660779718,2.107136416672132,-3.6328895311007785,0.857108769884784,3.284772435738719,-0.6896958020431525,-0.6219102036001916,2.2116310248543956,-0.5884541490873703,-1.1168653987787027,-1.1611492736399784,-1.7864546212335872,-1.610467321575131,-0.6807283110647194,-1.3326211404984494,-0.474687743618314,2.8838619497341926,-2.0924056338642543,1.575259786838756,3.5306750337840964,-1.7891820043693667,1.1811708984879674,1.0735911366530027,-1.0016710898518317,0.9255324593713332,-1.7060568509273406,-0.770131038346529,-1.4719024378586563,-0.5878112253754822,-0.25581845929830277,-0.1678311573540715,-0.637376867152009,-0.1674237560580834,-1.5092334702147092,-0.32696805313327026,0.2872938965348334,-1.261210857206442,3.148863393508509,1.7254694748027912,0.3388502294408494,-0.38125487265617286,-2.1157304950019853,0.8996535663779457,1.410492665915116,3.612812943965774,-0.12202380322896776,0.9843250627329646,0.6808634067492397,0.20081696412847339,1.3177836659697864,0.07601558441558559,2.1617211671726357,-0.29275509235251307,-0.48032214019344177,-2.2939571063712183,1.5788913127408872,0.2802054022294198,0.3555261206445018,1.451532566106737,1.7094911713033165,0.5528784055093441,-0.24216223854644556,1.2489377568469082,0.320908139629789,-2.067120641331721,-1.1554398659082785,-0.34182918315349997,-0.6674740788992898,-1.0573800335199095,1.7729414637449048,1.1254393287498647,-0.7069223860521429,2.254243083849294,-1.7866608838961298,0.634714679288177,-0.5105265275306775,2.3678327705178943,1.001542475765559,-0.4710123634373018,1.4939968219028694,-0.10237329515308835,-1.7619885714282169,-0.7849426379437405,-2.775636562130794,-2.7799683973610154,-1.3197261041112747,-1.1775222846566802,-0.16732008716765145,-1.3586008935035039,-0.8480892642464222,-0.4343129036254501,0.48796662749334624,-1.870168829907988,-2.9686664125292963,-3.1457402177433527,1.5474425408379737;0.7433787664414911,0.7788658512326402,2.235313714419325,0.37212867734528093,1.9103304395965661,2.4868333981749835,-1.461783359364866,0.9157251003865572,-0.032601168836378314,-1.9659115775865206"
23,-0.09181943372346688,"-0.22993198402296836,0.11841774013675924,0.21696427411700858,0.9685021533747098,-2.0499365622790844,-0.26335735044599856,2.7490281252763844,1.5492793227767825,-1.988912117534158,1.3135834685798362,-1.8915559078274566,-0.9351544524160887,-0.22044643612743675,-2.5899451425347984,-1.8323911479025954,0.02616738123576766,-0.8706818696100208,2.551582760594811,-1.1681013834807188,-2.414493962310634,0.9219995274021683,-0.37651531943943034,-1.2839580066465375,-1.3308066795353146,1.2032547392552422,-0.7150759264911551,-2.791053695882232,-0.804768158102773,-0.576716623149684,0.5860852725895069,-1.8340926896808631,2.0406506818089425,-1.2909355519408492,-0.526354139635345,0.35392362029905877,-1.1061575246278215,0.6034988506643052,-2.881579980498734,-1.4609589178104447,-0.440601229316665,1.914980179517978,-1.1089715751546843,1.3539183639636434,-0.18262574611684818,-0.8448086105007974,0.40366806753584134,0.11478884539910394,0.9395656454854998,-0.20009261291852232,-0.2409362825063467,2.6421697489108977,-2.3619472685911855,-2.9062336327492977,1.5088129290753625,1.891546225613794,1.0583627081852878,-1.2264443170706336,1.8200760159508969,2.4609938619759797,-0.4187245702958774,0.6183932779647594,0.5027035097875847,-1.1925968640491176,-0.671189430344845,-0.38810783797187065,-0.48238217163057096,-1.6697886271820876,0.39903471861157563,0.3283771285856735,-1.0184219921773354,-1.4219068724253088,2.7570668292510416,-1.092922142516075,1.846496054930274,-1.3348962125488604,0.05918084032531834,1.2740893702554392,-1.4886955204273358,-1.188718266176807,-2.2087113576108237,-0.20474067809416374,-0.5934874797448846,4.8554683119447715,1.431460031098146,-2.1055527035564676,0.5589908475266655,2.2645776644098397,2.091284576662547,-0.42019136004388835,1.5700845959952225,-0.7249625782273589,-0.04082732239336018,-0.44496766456341846,-0.25005766407139385,-0.28447105652653215,-3.110504601215018,-0.1910792545415398,-0.7828209696134422,-0.10101381961126699,-0.13965478867957598,-0.3412435222121245,-0.36128230490770974,0.7874696729330004,-0.9809512998943584,-0.43343149430108785,2.965397864648354,1.698984951480485,-0.6480605191968802,-0.19188621582364523,0.18664718789135276,-1.4870259451579808,-0.5138820989842764,-1.2647233374241162,1.4887317058796852,-0.024762516304024734,0.41458238284558135,-1.0654593805466064,-3.277176304487833,-0.6519366046821675,-1.4065034165317416,-0.07715186563660789,-1.7257992736786618,-0.2917434113946488,0.037734503695359856,1.092214954286007,2.35098331813579,-0.013761681723598373,-1.3962621146267993,2.085426646538908,0.05661410067374778,-0.3924925747879221,0.5476282189215257,-0.8032190597588595,1.2754183687233396,-1.528999787880689,1.6190087163502007,0.20502219656149923,-0.6106786841731303,0.7742785985101295,-1.4961013076532077,-0.9465134134914157,2.857840202355208,-1.9117468853121302,-0.15285143284227276,1.420309256954414,1.6043110826077318,-0.6815772273476816,-0.7383480010879822,0.23182268972598655,-0.11930368055075583,-0.3549871744584392,-0.9101443883824893,-2.982999934752485,-0.04087633807910532,-0.9756214780310083,-0.7227023889337866,-0.059874283791515825,1.649401066856571,-2.2251515351928246,0.418143781059852,-0.23688860600514067,1.5371474098550522,2.323806437877229,-0.2608774624441984,1.1508474841044518,0.616809807430229,1.9316268441353417,3.271987007597297,0.2893623038049986,-2.807534375849957,-2.249799945346954,-1.136864543548257,0.6276752937036829,0.43033671108026567,0.06933940556809637,1.3298166447782929,-1.5905891963236842,1.4208748310326875,-0.4275853434163451,1.4342192323949046,-0.5009424414308241,-0.6522185505118752,0.9303931765031335,0.7930161347514233,0.5634613004554901,2.9993597031957586,1.53171089791143,1.4270914805205084,0.7816999973157037,-1.9101613105096198,0.5186387778910521,3.0631406399386796,0.39177546715260936,-2.108691000937323,2.2397745981362926,0.9298731070566508,-2.019916325965056,-2.7375002640699284,0.38525802475495974,-1.399478606385887,1.7342233817345345,-0.22758378133814594,3.490840852001091,-0.7538063123011789,-0.5374474168949579,0.07580577305516278,-0.5440734143867622,1.0608764681010903,-0.897633453620907,4.6460516240529515,0.5058656554043302,2.8296693448496946,1.852904268377098,0.04791902454544761,-0.357898251975723,-1.1942089479548237,-1.0598869561776036,0.1660527447035539,1.1100695170201784,0.36401750138320504,1.7666047466565065,-0.30636117397042567,0.11754965783247173,-2.288367559425616,-0.05304117068511782,0.015978232311103832,0.8793015032940921,-1.4348617884220232,-2.1526051274866718,1.9641849563919087,0.3966325647130847,2.3932049200380217,0.057156146232874044,0.2690200947513788,2.39713938845337,2.710115125493207,-3.220845263125682,-0.7671941921981209,-1.2765932291617543,1.7407910178513248,-1.667113249318661,1.7781729621970062,1.039024084825976,2.375945082226121,-2.826565269459099,-0.6063871951161521,-1.2938512785754377,-0.9853913213646782,2.6041064398526337,0.9662318353594772,-1.2787478474179954,1.0862687236282662,3.7816643520711524,0.9126190170325076,-1.5933076053008568,1.497605850169363,0.1341080200903889,1.4327240170998312,-1.347668537184096,-0.001175216514791494,0.11279086213181916,-0.022452354671315233,-2.877998865828187,0.48836501904322965,-0.22917019920360251,-2.1172394261527607,2.788811346967782,0.24347807974157817,-0.5404238784032216,0.22115524683283921,1.8444571533513008,-0.7336251282454418,0.9228867835706425,-1.0827823629751203,-1.145413902614725,-0.9710384833293357,-0.5723064930086144,0.18765309627318527,-0.05039587525672681,0.13734621165310051,0.021117465086869902,1.6774077500618156,1.839088099040876,-3.3153904712835653,1.9568760240907837,-0.4074789310590672,0.541237488210526,1.1667665959788687,1.4467326510162417,-1.4349087682668844,-0.03140600012376532,0.030268126611418728,-1.9358039933422007,-1.9350511663461991,-2.174624514042611,-2.6913529060191044,0.7794917637043626,-0.2710527687339573,-0.4991504217942195,1.5389055520976753,-2.597643516063445,-0.3044030364649146,1.9597004047399929,1.4026100030202615,0.1831063243408782,0.594207366137508,-0.16012381880261917,1.5429935587332204,2.119171530732126,-1.912425950207286,-0.8839583751378238,2.1328570880884623,1.5506661676511153,2.9571679994770874,2.064061086935303,-1.2033294739767575,0.12657846445578924,-1.650146635622812,1.5000059940558144,2.357274218208576,-0.5934132780748176,0.9191455265151348,-1.3406154939593542,1.4622121035209479,-1.5132509949459856,-2.1501624572659326,1.0513311614744238,1.6918874685206995,0.8944228014707377,-0.42041264723287197,-1.009732646040841,-2.2857418744804194,-0.9329841462133095,-1.3593763171253825,1.3702332191614683,0.28858041562260184,2.216105104200248,0.17454154212357875,0.868686026965333,-1.4265391043746005,-2.358923704534966,-0.8028226438918027,-0.5308599641063604,-1.0367766037269401,1.268944703672059,-0.8664859090599784,-0.05129418492365179,-4.9343346863247906,-0.5386671188676263,-1.1272610329262727,-1.009125369009116,0.4840094884113976,1.5158218460269621,-0.06151941484060186,0.4663320385771624,-0.25419890321398597,-0.4389135548557537,0.6451650928609249,0.8373557396497758,0.11402469736427412,0.15374106248061875,2.5880035372730568,0.023662073829570862,1.2452321236693829,0.3082210256902974,-0.9327873355249303,-0.39548720511071805,-0.27272110274763306,1.0998877637885245,-2.5426607735241484,-0.608101994486294,0.3262525140827518,0.9812358578130984,0.6183352246933993,4.166609991020744,-1.6653533643565734,3.211143030085187,-1.3414083987047154,0.3624903560329279,-0.5078665192225288,0.0641811288838938,-0.14827460342267346,-2.657616400298303,-0.11296712589101077,-0.8803504546565882,1.5650859563016326,-1.2104355980788046,2.051980130038078,1.0023816734014581,-0.978286004363828,0.09461476102993593,1.2660209102925797,-1.59814373288796,-0.1060365427689037,0.5255256720168564,1.5132183827624173,-0.6203543025509679,-2.361466398905602,-0.7311249926024797,2.5703241703755872,-1.3662597787019315,-0.059010700747911815,-0.5636007014567496,0.060578145578026044,-1.7693584536047429,-0.027757601145132982,-2.5568690583236315,1.0893464867671259,-0.46760535300281,-0.4655986912044143,-1.8578436038379815,0.8299568526159273,0.49643406912628796,-0.10944774471327293,0.5377155797061397,-2.6804754304808083,1.5255859211851737,1.957764827759203,2.6284059518082086,-0.40821308618816876,3.41990171345028,2.979016172943316,0.050624125790320676,0.8589731358784386,1.709865533073743,1.4890460573981041,-0.3382915282223147,0.9719461944664812,-0.9042384820184082,0.1849862425116871,-2.656563198976545,-1.365241234101952,-1.1260106990305623,3.9979959267469978,0.03908492900075414,1.443455309570682,1.426135569340581,-1.6807739708554383,-2.247467928012339,-1.9052108132408876,-2.3256969568856722,-1.1021119649836641,-3.0688892943393915,0.5487666193281082,-3.495744182674795,1.699642574512844,-0.18404968051939935,-0.7855701100894924,-0.24511734144126648,-2.195076386001815,-0.507804565147241,0.6409938203144372,-2.9535026264248274,-0.9469662502061875,-0.9731506213418671,-2.4648178518652806,1.7084630119345996,-1.9059323776218922,-0.7113749459595036,-1.731376089505667,2.7587593851383985,1.0743064025893094,1.7074729486495714,0.9633393239841326,0.06571511956849396,0.5445399235844709,0.44365263227672963,-0.2929609843762912,-0.024706614311327424,-1.2393127190508746,0.5725196610069787,-5.020247394221854,-1.5429593823114063,4.1302894461985185,2.020488040782677,0.03174634287895273,-1.0702849847059712,0.5606191300498836,1.6527536848014077,0.2853681830548732,-1.757172191134449,-1.395248974936627,-0.26468076124349726,-0.6068127699358822,-1.8862677465265172,-2.2489129428728813,-0.1719298549382981,1.1268322006444058,0.9750318288934989,1.751740858860808,-0.5981263427443727,0.9784430371996451,0.508154211338918,-1.51771034923778,0.793006689722198,0.6653802257535375,0.19083144775859884,-2.1430476603401454,-2.7569985687489202,-0.05303747881102161,0.31397652723473357,0.9130903393766694,-1.159558206416883,2.323411244897368,0.4090171980202991,1.3082723399886675,-3.8290068382287252,-0.24515102874725717,-2.500565637777548,-1.431121247988456,0.1743385981076247,0.9068239006258478,3.2746926346198797,-0.31592556630147106,-2.778259249342574,-0.4379498675769804,-0.9823056936459966,-3.600186351266991,-0.036767103611904606,0.2913722642020166,-2.667581226790462,3.8374985478434054,0.5976552089196828,1.7995544449772196,-1.4555279409462833,-1.088366173972136,-3.877490494450455,-0.4075978370446693,-0.8407474979739797,1.0085621516746879,1.201967852698332,-3.391976068337699,1.809004212344524,-1.1712631511990037,-1.649525371514268,0.7380088824483304,-1.6976239827248214,-0.8782654454722587,0.049514458237958914,-0.04147951515148063,0.2918104964794299,1.6197213393159429,-0.4658012050816897,2.0228286058093845,-1.1641442636093549,0.4041197458264501,2.543052075805649,-1.553975802328572,-1.0703735986117786,-0.09337285730339179,2.177854965408289,2.181611590214357,1.7715732304841445,-0.22519195982753382,0.3689439597714741,0.8022372052707983,0.05401942331440694,0.21903347809032214,1.154380697280303,1.7775164455526162,-0.7688324851397781,-0.11187919549257788,0.5879205811609729,-0.3554978595796518,0.34025448996204255,-1.4967536608652503,-1.7308631250380342,-0.09199051734879926,0.8173420461968913,-0.7047018015343807,1.8500936653839326,2.4178359440656987,0.7161661396969468,0.512499469903768,1.0336073122399185,-0.43964327899887656,0.4383239509232427,0.6858338508072381,-2.3758345657389066,1.1700939548523654,-0.13700298007562411,1.4587062840359195,0.10256767310003215,1.5800066655315135,0.9563911899048556,0.2994541769666111,-1.299348507913897,-0.8770736005459117,0.9289271751563793,-0.6006382004684578,-2.0530639394815298,-1.2692001598343934,-0.31355499773708273,-1.056176916179176,1.0508626636305998,1.0504309343179312,-1.2798746061141761,-2.267171803454123,-1.560619907634507,0.7263931902619031,0.6078144206077755,-1.6062996001305572,-0.9655911140215667,3.1732676806996247,1.277522205206094,-0.36782207407341405,-2.3495366879835657,-2.042745389873049,-1.5110477160793316,0.877219935639253,1.9777411549789234,-1.4233527408095714,0.2918081454672036,-3.169937978806114,2.5597892875921753,-0.47348796326376685,-0.45713981621353217,1.0465967240455099,0.19506084198500245,-0.40498921076719957,0.11860400649413627,0.5811972230269316,2.6707440197986663,0.7981315885596216,2.2205380928230585,0.7346436824573354,-1.8420212218038812,-1.1142471164992493,-0.10704675334869204,3.55291577709214,1.2622086048515306,-0.55936748245761,-1.3795963634734345,-2.3858967668741218,-1.9764037624136097,-2.5671850663123625,0.6401581542968093,1.4096210850978108,-2.1914734213454956,-1.2927458955371545,0.9066335635208183,2.8853750854059186,0.04147931619780082,-0.33341732867343354,0.26475683561872454,1.41956243625152,-3.7753522023148993,-0.8178420361315503,0.4186168169733685,-1.6180894680140347,3.265460636317159,1.186976339185343,-0.02226932014619515,-1.662662880857685,2.3050911634101556,0.01990134693288026,1.5498189918447505,0.1103608358451226,-0.8617994441671966,-0.7727574440092035,-1.5411485203738036,-0.5040846287366314,-0.04828057512965267,1.099194803324707,0.6345416276572157,-2.434867532723005,-0.860500591206827,1.3041728524959628,-4.070168974867292,1.4532142632721419,0.5303265824805168,-3.4395826231638313,-1.455645744669742,-1.0984538126382382,-0.47200300253420435,0.519367575891707,-0.2520907826010505,3.266086174529033,0.44625102257793064,2.900458396399883,0.847978634296819,0.3939637287614208,-1.2460695171398046,2.0025397413567574,0.8268622006768236,0.14141754758914576,1.2936735027961488,1.4068195752872494,1.7686960285098985,0.435089786421857,1.1983282685979662,2.1794251180402844,-0.10616697877507221,-2.124826210671727,1.8162339458154593,0.807576185419324,0.18673403993062798,0.3717663924892298,0.4987202337031551,-0.9927665758556824,-0.04250892142455118,1.6161350354258728,-2.3386100985407268,-0.7886430687851633,-1.7590779477469178,0.7117080628617567,-1.8921529286610936,1.512397377065844,-0.5510082569626342,2.3999554020595184,1.7634384056045214,-1.1728556231917568,0.8912896449931382,-1.2027465487398288,-0.4888445300557875,1.8193224033396487,-0.6217533427538199,0.2777190013150818,-0.41310295052131557,0.512744143033792,-1.097825755141439,-1.1915759851199978,-1.1159429249770971,2.29452101323418,0.4117177194471555,0.40764915212920383,0.4286249627629076,0.4390818003499132,0.35159512729746845,-1.24295989916737,0.13817191091671896,-0.3372365475813732,0.9369033407026097,0.1180732424306836,2.2446141083340225,1.5571019742114598,0.6422958061513928,1.2545494830429567,1.1395569693324834,3.1207426514178436,1.0664398738687184,-2.324731841193504,-0.7297759562643972,1.6030012755099392,0.767132410131387,-3.009051975833813,0.38178662275529385,-0.9746725475588143,1.3055406601931796,-0.968238282410788,-0.9726669758379662,-2.431878823751444,-1.0150430215350634,2.3115137976787152,-0.6750817797848566,2.032248889798801,0.0942597345682692,0.44422864723758715,-1.417920278835613,1.2098225837292764,-1.1268920435866085,0.14247923142801913,3.3348272313824676,-0.6422577220006483,-0.03599995311639065,-0.9236805733333645,-0.41552934312954004,2.4778420621876074,-1.0729956755363275,2.6502941188841898,-1.1568531722675817,-1.4781498548665604,1.8682115175669138,3.2645510376036344,-1.7899152034132184,-1.7997268790322298,0.7222943087102736,0.6909187043904648,0.07734670512027572,-1.3029086335411573,0.5913910035151788,-2.342946225735135,1.2359883030460204,2.7791265515742647,0.0198024990953517,1.345051514703095,1.6290874788075187,0.3067508097859472,0.5378513647792267,-2.023126008770057,1.4185174759041903,2.1308426942738623,0.8365258078681533,-2.1169342612910143,-1.0534071618736032,-0.6988952435815332,0.46781562913157404,2.3760831049455904,0.8179791679758316,0.9284208369728475,3.0538706700896285,-1.588805648662463,-0.49583441527437877,0.48376111641206654,0.6802604657956481,1.4659077966873222,0.10123110154799053,0.39904290050847613,0.1790239860474575,-1.6676927036438436,2.780083197893369,-0.8191359043074109,1.2758189881832545,0.34396592503752976,0.7699603818698644,-1.5358877878568973,1.8474495928227848,0.6759926038517159,2.3530825792314563,1.287838769200215,-0.5779634228702524,2.4940620892164658,2.0492382576502024,0.36537204026439685,0.9696538886462986,0.1319682363599221,0.12119566219151573,-1.5012075545624923,-1.4479212745942756,0.2856430983264087,-1.419022009737462,-0.629911709707411,-4.090715089685978,-1.3419869527989032,0.2642244667959073,-1.8519356776151352,0.6080685015254634,-2.0730050586128974,-0.9707004923726157,-1.6641175900763217,1.3160381716086356,-0.2619688735789575,-0.732938939065428,0.01039101412027317,0.26623401776066247,-1.3196232274839992,-0.25709559723656317,3.6696709314463174,0.8625086100692942,0.18411684243488152,-1.4860797767585086,0.46289604057612754,-0.5058422776273963,2.8447756130146464,3.1927612796641545,-0.7548844912273437,-1.582894368808832,-0.4564314621399754,0.6544185628977033,-0.03549966959543299,1.6569123715024663,-1.2746781711033885,0.5317874840213609,1.083125616326487,-2.48772704421621,0.21663712515281075,1.2620595113309263,-0.4088701136266556,1.5330200666141547,1.3596049341133183,0.5816669283301398,-0.6869720226267961,-1.6733063077439716,-1.9608564794976409,0.09849341285297786,1.3266563714898705,0.454811229312323,-0.32888204237877183,1.1065409918380817,-0.48480909911903636,2.795957591840416,-1.7540565975435667,-0.7420146488947587,1.8381113041777062,1.2046700326961959,0.16147123072937963,2.7409992868510384,-0.30646790268655394,2.006510143376947,1.9050004130800902,1.1288911278635474,0.1925659831770487,0.33397399606048206,0.17168558705639558,-0.2092316938330956,1.5327037377474433,0.29249705282623173,-1.4604650434950655,2.0422568026253436,-1.9986288499926166,1.6441259904313377,-1.4838971683482869,-1.7407532207498688,0.7465258335773797,2.2936613941128554,-1.6230013971719428,-1.6205748904234745,3.25456724642552,2.3968788513805186,-0.35747690095232615,-1.0049236352021267,0.39980882706335064,0.8954557542394133,2.8891209243868006,0.26079298685401003,-0.012078272336037664,1.977809855883415,2.3760286236278096,-0.9871141404366994,2.6745183372664916,-0.022501070192730954,0.011794982999484921,-0.4177329330232704,-2.171157166696105,1.8585257603155958,-1.5584247830425764,-0.018534505573714777,-0.8065779553217058,-1.2907926962373315,-0.46734442254740505,-0.41809871664832055,3.1360149136642375,-1.472413697705929,-4.803399910106263,0.6309829331738801,1.0037482820835975,-1.0235546502714221,1.9886624893413734,-1.0040113392861445,-1.2611548922429723,-3.4394308826096607,2.254935566062181,0.2752876586777616,-1.0397689462219435,1.702501649592,-1.9124819580691126,-1.1954990875194147,-0.30470363427328917,0.6022302857256236,3.4501505973398836,-0.7746233499509887,-0.36027406001293805,-1.6813006506801509,0.8303137258358211,-1.0721672154378572,0.9191697745926333,-1.010212226974712,2.3407256591829024,0.4235942933979956,1.0006528782945616,1.073168240991481,0.5012754457021736,0.8911370118001678,1.004721642994052,-0.34393520144278933,1.8658428716310524,0.29459275442479776,3.052831652994617,0.520783677984231,-1.9149136753387195,1.0728799097839612,0.9090679097899559,0.8008579267588849,-1.5726215074153223,0.2585806569336369,-1.023485261658837,-1.6607218664889698,-0.30532416136357443,-1.7777383690866364,2.663360147026921,3.1802667186131344,-0.12815766045249088,-2.307793091056772,-1.3818193912513697,0.6039067247390502,-1.9259593583300303,1.3166157260382163,-0.2611624978647887,1.983685596107499,1.1773089732443667,-0.7797024872846228,-1.8701307403506522,-2.7749637927701776,-0.24773046152808148,-1.7802938016649967,0.5641445481683602,0.7662102207204663,1.0690774095865203,-0.1998053571701382,1.21934336711011,0.958757888106863,-0.7484931340273491,1.0644332951797257,-1.3979361379776376,0.983634843242106,-1.3627361595285972,-0.13755708830522012,-0.9576749435229036,0.5066085339693744,-3.296431726749314,1.2980350142878887,0.8804070421415507,1.0529625064716974,-1.1589661213027194,1.651782732005453,-0.5113308328873662,-1.517658215732466,-0.9995872534882759,0.779529440390243,1.1799848163569253,-0.8682636073281924,0.6241320091394024,-1.718945033406135,2.2552204336010897,2.0226654954561623,0.7892945642156686,-0.7238397559318904,-0.9087498074567372,3.386672913263798,-2.4151169122430596,-1.8732356821689138,-1.8461812566129132,0.7753864178861721,1.2343714684764615,-2.0355461320539567,1.4419476476043043,-0.0784100527454541,-1.845765982065012,1.1860634336618348,1.6088310399318613,2.5823658967554985,0.5944633698638221,1.692794249667063,0.001523956318519759,-1.2622220940689428,-0.6652610029332547,-0.6047636431835095,0.45565653314992166,2.7317985329521477,2.374755283890157,-3.0445361302057194,0.980540226513845,-0.35012697243167745,0.9719024207592395,-0.9904318106218493,0.7840698078501555,2.1248186995751954,0.7455481519501486,2.0050555916330772,0.4951773981204802,1.1593235859351783,-4.1735763328668085,0.5720644174384445,-0.8270894256362243,-2.2768697345827773,0.008861231403631098,-2.4393301716352864,2.315231122607361,0.27316953520061354,-0.8123278739969698,2.037606087662915,-0.11388505755497658,0.4527340673372351,-0.672413576500245,0.8139855027913807,-2.4731207249908556,-0.5490147062314314,-0.6498488331721592,0.1475546113335756,0.3298661117568245,-1.7595984402302003,-1.5822009051396626,0.40781288979622615,1.203144275566454,0.3047759578350058,2.5229234062460772,0.2456217342518593,0.07812402249851058,0.28059967437869715,1.1280166152762867,0.9112445136150876,0.009802789578916823,1.106993425958037,0.17758430161015895,1.9554408608850875,-0.3791866720473127,-0.12261515508687595,-1.938590769134661,1.0666489405560329,-0.9492197609173318,0.5724543507135933,-3.0750643503041926,4.455220864850879,-0.6700170443877761,1.4249764417047084,-2.226577417813775,-0.6923842475712151,0.0030914397344868755,-1.4843113677806923,0.4382161750748912,-2.193858780571867,-1.3972585419426555,0.12243270120806801,1.0099627727952705,-0.9650065968253942,-1.0034340777596649,1.4032488339578806,-1.180710927304768,0.30238215274874275,0.9545822080779477,0.8890656037552518,1.4139843317512129,0.8791895435600969,-0.3341593313336674,0.3790395750969299,-2.9479813325342383,0.18096476103868375,-2.3067333765114015,-0.8938890019755655,-1.7776580114723313,-0.9132616615564274,-4.4307541493626506,1.6235914452641202,-1.8484722858615963,-0.5045818711919768,1.5148082486077976,0.5440524786623007,-1.1057097672928557,0.664705736841117,1.2680233125547373,2.0933254172003526,1.384017765803338,-0.9463111023009187,-0.441395955993264,1.0557569183613889,-0.5851011234840852,-2.2926679502216567,-3.0201011741674337,1.4816819264028829,-0.744376288497195,-2.5450923047294465,-3.9830161145398604;-3.0347261077056378,-3.814095047735027,0.5193147537887622,3.257225320663054,-1.750381967064388,1.266605113991905,2.629561046840948,-0.2957365860935035,-0.03292266981108449,1.7054494702879222,1.3437263277780493,-0.4540140124995178,-0.8126938741595667,0.210703622693181,0.8868989336660572,1.3204464330245005;-0.19148893282703722,0.6038895086938882,1.0772830019790673,-1.8031672813389856,-0.9828782665338399,-1.9399931056048683,-0.8235685626398959,0.9886682966372464,-0.46952663363049274,1.6641555417087595,-0.14235072180920283,1.6386270524149666,1.1399016467414569,2.1588808217308584,1.5559636041135243,-2.4504835272955616,-1.155254747235653,2.254799531520135,0.12403487699630321,-0.4613978897468229,-1.2065366335572278,-1.225644446282104,-0.5506372674774107,-1.6106141508708391,-2.524083268322262,2.4872187172467197,-1.8542710179112452,1.0970702327141257,0.3951168289612914,-0.15027657360352567,-0.5044846084755815,1.344665358829482,1.612529463989944,0.3976145242335869,-0.4837119953735701,0.35663422253854316,1.2924798171100313,0.9599230457784831,0.5252531206024231,-2.1025197104082007,-0.5164851386704155,3.223951891513706,-0.1195227050536367,-1.5867129254661765,-0.5556955982642332,1.3201270719101648,-2.6198023825022463,1.3456679697649756,-1.5241064665187423,2.133927800965183,-1.5203337332814875,1.7562841665196152,-3.0355864317183556,1.8173104693136748,1.2636001593556367,2.3090908101639935,-0.67264514785887,0.12722871438673977,-0.2937841363325836,-0.5930322012256758,1.1998443984273204,1.9381608817188654,-0.11995861123579937,-1.1549862696281632,0.45199627951068483,1.7521165047986373,-2.392257318008003,1.261692662182732,3.6634249772191714,-0.20813857132412317,-0.18446988226050254,1.8541807379672104,-0.24565173612238908,-1.7241960024188774,-0.8483888464219541,-1.0978559695976933,-2.6823384508825603,-0.25293390393622944,-1.3758726652807873,-1.2626050319435005,2.1840563138207836,-3.428513388694496,1.814454174857874,3.11065557843501,-2.3093426153032333,1.0271458007131884,0.8382092726371173,-0.9891987660621729,1.886927092166792,-1.0804172542292911,-1.0443107621066139,-1.5766259033833565,0.47772371966375105,-0.4734140992215101,0.9562749206193777,-0.8029545922937633,0.45574135730832044,-1.359062030683482,0.15339704847164964,1.0339936857376477,-1.1050507813687096,2.9692297759003683,0.9355015261007094,-0.0851324226912874,-0.5384116250308177,-2.0254439793755203,0.49086768245557655,1.739173196904856,3.2575228189825127,-0.5532417317032997,-0.20109780269755229,0.6240299175970296,-0.25769599271362775,0.11060361765092858,0.35833314763522395,2.7168765632853633,0.5732225173015124,-0.6106028477677959,-2.218506789474201,1.7192203578522922,-0.8756075464932879,0.11316004566140474,1.6321693318773183,1.7440424575796203,0.7706874370551658,0.5300656590396849,1.0142562387650766,0.5666920135257645,-0.39901122649500964,-0.33687734655457935,1.0402858068871064,-0.38111653278264057,-0.9754559385001161,2.945542782014447,0.45337611231092534,-1.5543784451371985,2.319806178827013,-1.3280120712765717,-0.13114761200554786,-1.4901268816962414,2.5668283912266263,1.5963254200124513,-1.1045196705282567,1.0181487064925745,1.256838876117349,-1.2929255554093393,-1.0738557455862476,-1.8486383643690918,-2.1135680816141136,-0.8755843187075324,-2.344852073456405,-1.6624897608115252,-1.0670782403016248,-0.884056637557102,0.9660975967627865,-0.22968332244790407,-1.804378308317217,-3.041718576496269,-1.8040759326735942,1.512465155930288;0.6995811910469458,-0.09441251409881235,2.399382752147295,-0.4210981399768763,1.3357232025002503,2.60289889508094,-0.6168856886129038,-0.46514665317753434,0.20079892808693084,-1.1212291038253928"
24,-3.113462071161565,"-0.252436390409451,0.05231953617716592,1.1392416962393155,1.1836552385997807,-3.680243436695352,-0.3797915160847142,3.4662864056244134,1.838007981336747,-1.811217958503519,0.9210055598735387,-1.2681669529076536,-0.8262898068468091,-0.5744117518421454,-3.0106524631776335,-2.0148747159240905,0.5916116240899681,-0.38355268993092345,2.8644883769984975,-0.4699802644585137,-1.507363009112447,1.3914555864478477,-0.4465889836000148,-1.7390921465004228,-0.599579229521039,1.4217282160709,-0.07515601842587245,-2.343668197820165,-0.5393249210586575,-0.7384719069415788,1.441953063502547,-1.1007795514253207,1.6389051700218384,-0.7597497324521522,-0.05242333575138414,0.3156411723462992,-1.458927742843843,0.07018590439505734,-1.5154735566412074,-1.6319145084080573,-0.6135932612314113,1.2787872850316568,-0.8491867425177153,1.935046465253791,-0.41572995683183234,-1.074095485776293,1.055072646918591,0.36026080461946486,0.9687594616570229,-0.41852545533637564,0.5173446960960065,2.490534592931482,-2.7667060265513204,-2.4285177896310968,1.9787016939694224,1.530282171026693,1.9042948321118327,-0.6547587995156736,0.9405637705838997,1.8894478227962155,-0.802250949224715,0.43618812708585925,1.3905012997917592,-1.6452898928107915,-0.9060713797868761,-1.90231580230776,0.17599805284196549,-1.4285361400248973,1.1639818802827613,0.2896188742899397,-0.5050047406366047,-0.6698709940703836,2.3785627901370443,-1.086209433991996,1.7868112446390414,-1.3057597095820563,-0.20363445391379803,0.5133215066062515,-1.0573072769912513,-0.061948966381031534,-2.094963697113588,0.5738864709646502,0.5731309499818962,4.571978075347033,1.029060381145548,-2.2140555655532683,0.00992061467985439,1.7182319127345727,2.444295774187853,-1.189700234317116,1.053730266945594,-0.11672880907426031,-0.27456829281747885,-1.1700202869101894,0.662926434315113,0.556588272763889,-2.9160477789233332,-0.1782401681459389,-0.13256110390841191,-0.03352724002626872,0.1732650788795475,0.11317760064965456,1.066401407348359,0.09042090087377708,-1.4953618919507607,-0.18324072375320943,2.3120499531053023,1.3235212849794162,-0.5903834300134749,-0.7664552890809394,0.23425612028786444,-0.8731697629069097,-0.20598734808763494,-1.7067519727530611,1.3027284547176357,1.0541086407601077,0.035183447257230716,-0.42647761806498563,-3.116561977440578,-0.9821232458804221,-1.2562809353638844,0.5394091237217469,-1.7091484356851092,-0.3296255706379974,-0.6225348490265294,0.8633186266007256,1.7667592974705115,0.3470829641054588,-1.052009851747495,1.6084721409945208,-0.6596805716481194,0.2908595580574502,0.6490025814996963,-1.6069365044151627,1.578533838113376,-2.125731151600769,1.5774263464165696,-1.254589121192501,-0.3433317363461199,0.739983012088803,-1.5557528722952183,-1.4924430846021481,3.0648205193572906,-2.5192635043951186,-0.4879320236284703,1.2103765412884626,2.3971542919142252,-0.7014473670284713,-1.7065119858690596,0.6496930213663507,0.10416524619098766,0.5124021453171954,-0.7252047108631767,-2.519028670894873,-0.038183633702560005,-0.28915874324019064,-1.6531195255586082,-1.056765412399947,1.5542400463071053,-1.3106294137164205,0.7612128116876118,-0.16229359274152427,0.8390227440856234,2.6442136983149487,-0.8355108661651633,1.2087824645987166,0.6939814361752633,1.9300731222496395,2.2560340734998334,0.03283336344659868,-3.1269093855439154,-2.058056013451275,-1.6486800645331128,0.24283493223085445,0.7601607695850005,-0.2953898640424432,0.4071759493068406,-1.5574546998226981,1.6061970004503332,0.2480085430930501,1.120489285618758,-0.7178035215364791,-0.8226976220626816,0.2092183595265156,1.694044230214188,0.4180562972074021,1.9650859307173607,1.1144362543963764,1.0283004975765961,0.14762164741271805,-2.1181544775245102,0.48633068635728904,2.5247552831966162,-0.49575780133161407,-2.5806814329473657,1.1331139738867821,1.308285353785151,-1.67573016342958,-2.2159885241215345,0.21134444244877687,-2.3375707956202434,2.3122433915559326,-0.5987809552162284,2.5171022745381895,-2.2118977220532994,-0.8821569326365122,-0.09954694239153794,0.46000830167039797,1.216149698589664,-0.4260541053023119,5.3274843027622145,-0.0835780529816933,2.2040440475275993,2.707607540106705,1.0336471547914432,-0.3142422692534854,-0.791972619931788,-0.7941258295751774,0.6463382316309636,1.5965271778920838,-0.37312263551363567,2.2906321105234553,-0.6269448790041148,0.3148704215810263,-1.137872398558167,-0.733859947789589,-0.16662694042909987,0.9848891775833142,-0.7200101970834696,-1.1434624395676125,1.9727719025365897,0.6569344993066191,2.9930471424538725,0.011983139651492253,-0.2534411316106506,2.8530650988597226,2.902137451179218,-3.3967224689945654,-0.6574170635203305,-1.2175763118579352,0.94534938490805,-1.2038648527851337,1.4915803775251186,0.32703660114054633,2.358203746068649,-3.8163055013784337,-1.6218222134474023,-1.2169035315550654,-1.340554781229891,2.2737544638287748,1.3639972953839077,-2.192477285327293,0.3171208534517643,2.7787083303324644,0.8154108409933336,-1.613001134387567,2.072463681423023,0.25600002687485446,0.9698955002757506,-1.3338712879981078,0.4350963179429699,0.06265235312359535,0.3185910922611488,-2.9707391666184217,0.18904121365041282,-0.2611101657118304,-2.962321856172714,2.854303251459026,1.020676896200442,-0.202061461448222,0.7321543520207652,2.8053687298569523,-0.32122333690120064,0.6819834411858313,-0.9371738662314062,-1.1064105609795796,-0.370960552933696,-0.1707617102196648,0.04900556703668035,-0.41440863289438057,0.7050545592864728,-0.21199804144653778,2.3188394449073217,1.7709382074531481,-3.5934701641742075,1.2037149190296588,-0.6689456463697702,0.8916853704152845,1.8018012238995478,0.7318877754657843,-1.2333899038189482,0.2421056943552432,0.27178254597162077,-1.1492718984319192,-1.8377297583654588,-1.4971417146626549,-1.9749831443774153,0.32401808987193514,-0.0925215939942522,-0.24061190713763192,1.962740060017379,-2.6338551163630224,0.3408541612701166,1.3772564815258665,1.6288822323963303,0.47928467747426795,1.0638384887402814,-0.5328952644871896,-0.06822214050153874,2.091026597389347,-1.8521407420439069,-0.21185440167635805,2.3053591848886965,1.6849214892993825,2.816900085714441,2.322381461811085,-0.7150836279247776,0.3461848629897911,-0.8216339116018597,1.1036241300009277,2.1336023912863378,-0.07509162403315336,1.1354957745795269,-1.4051464945994452,0.34291071349880187,-1.8113689446431978,-0.863061746271521,-0.08999299133258531,2.7997962607243068,0.7361499711349115,-1.039371390640051,-0.19987696262815088,-0.8326382688417009,-1.437116565378726,-2.038893757509819,0.5378895213444703,0.7511688854023961,2.2880838637612255,-0.6749069703517729,1.2103234994754817,-1.8319323823342297,-2.6049107616053173,-0.5787807100131686,-1.373059209429261,-0.45930852139153944,1.4066136534848876,-0.9753954505489857,-0.5007020807465926,-4.538670875797177,-0.21168596008354254,-0.19710354395983454,-0.5625592231590757,0.6159139717353368,1.11370581084683,0.586472323854168,0.008453416888296955,-1.353218815948713,-0.7399324572586039,1.0599295097206947,0.19679968241356757,-0.2138839354840762,-0.13180154032559854,2.688018156206466,1.4430432153900328,1.8089574096901273,-0.005021115817784028,-0.27407686612172516,0.09595968726560117,0.8169217898589307,1.765469271224176,-2.598902917736569,-0.8852612922745493,1.4391839576583867,0.7908764564248822,1.6119878637439915,4.594460080731673,-1.232964619628752,2.276425176506143,-0.4958463023247948,1.2579805516441511,-1.4658590461611067,-0.007056023260984312,0.12809889718755374,-2.879537852257519,0.8005282829467907,-2.401108815820994,1.3644358518451838,-0.22505010042216045,0.8831404022261082,0.7279263570812343,-0.4514817714904494,1.1344209144879125,1.1547090893369283,-2.2356886525289514,0.2642061611137002,0.5471528881567373,0.6850935795173263,-0.7807305161766908,-2.0348256664660513,-0.6666510535296812,1.4308203053135973,-0.7572078079667823,0.3627106014411771,-0.5148237562647637,0.39532642749463087,-1.5107708993174909,-0.06298915379682045,-2.726526119196646,-0.6950188610460784,-0.5721185159100513,-0.5108854466017436,0.18317210855556176,0.360256709615492,0.3971580743671147,0.3881062640063351,0.17758099261072072,-2.1916807398432634,1.92097689671158,2.282687971057113,2.028749722327162,-1.0292285238836532,3.2890013930399267,2.435157425439357,-0.15992300372758303,1.8126871485860643,1.9210286685129736,1.0134145697234826,-1.2030175704326553,0.49509379351596705,-1.3855080750324593,-0.8830565952073213,-2.9272949146943987,-1.1969790913806657,0.009543521003616218,4.925937860169252,0.6349499664486461,1.2227293568509412,2.3012467040720246,-1.2207823538060105,-2.0668195764812105,-2.261532711048166,-1.7839961991627669,0.7120329140095942,-3.3785530472689267,-0.05453479626879454,-3.56455527423267,1.8802822387292848,0.42399649085839625,-0.7883653729519409,-0.3561302103747791,-3.4983829386810728,0.24641626254054677,0.5541698228969908,-2.7304760668221637,-0.737145671275274,-0.16806920675057402,-2.5174667461678433,2.0510652212257385,-2.662174634081042,-1.5244725538973265,-2.8659068953788305,3.7701619561975006,0.7771469494388225,0.6238687739873372,-0.16448929356779915,1.3171046534501418,0.789791718339222,0.15126718855020832,-0.11568432382157003,0.7788309907251546,-1.8958055614685976,-0.8377593856935511,-4.9957285070549,-0.616333408181255,4.327434790458423,1.5715326212990681,1.0180739513961619,-0.26451480872103794,0.04404122050456727,1.1938420558306155,-0.6503446379784139,-1.8357773435714453,-0.9933891401557942,0.7989943086062286,-0.42997692108256635,-2.028695330902062,-2.042732205184252,-0.8648211902793285,0.17731083778692336,1.6732140119445402,1.2361639423462334,-1.031436740742486,0.9252136231700306,0.09579071479170492,-1.855888471284916,0.5727419532681948,0.3626291071645747,0.23378531397787145,-1.7799299370644455,-2.1558126888448523,-1.1101336115702576,-0.4772208652144585,1.8143141263062341,-2.7287696823242467,1.165825105774076,0.13247066895552395,1.113014188175955,-2.773760274716792,-0.22876410035439979,-1.6114692733331752,-1.926606071774964,-0.1898242355369737,0.2228001201829425,3.741310435153775,-0.4708146198111078,-1.440911905704381,-0.2933477501511189,-1.1979867368528752,-3.90268877534007,0.03521233950223435,0.2835836840853732,-2.387358327486559,2.5307771792659928,0.15209968036066207,1.4055185209710281,-1.7837732497314054,0.13429713013781475,-3.729016743522544,0.19357684625411675,-0.8966403170984417,0.8017696335357306,0.470899561686246,-2.0037587576644027,0.8672888371008057,-2.2750138437163336,-2.059559111662888,0.0004185054600801541,-1.8481449245271873,-1.0594622001779455,1.0296455847175092,-0.41402024622420636,0.9304290007862226,0.6677989109528911,-0.01910374474323706,0.9162951981542805,-1.7138404758174988,-0.32631284827625406,2.6093474095678397,-1.0833073178947261,-0.27328814669874313,-0.11826404934410956,1.343176833679275,1.58958564381443,1.5963429026278353,1.422562276404239,0.04117059367081538,1.3285744255027567,0.761871213610526,-0.3357652958225175,0.8375370865009941,2.7029243507836185,-0.47266857986598615,-0.26001003068070533,0.6228390062856668,-0.4896002772675643,1.0181124585590897,-0.5463676278492277,-1.198491599921876,-1.340294890253808,-0.28061446684103053,-0.5583159223609999,1.6297004623517575,2.5868254062028178,0.6456310175707741,1.0922727905257272,1.6163795368202525,-0.42965943358823866,0.8087021576577367,0.9500416121429789,-2.736511474915791,1.0700704851717633,-0.4448264573621079,1.5936236371752568,-0.16793659283530737,1.8051011925191667,0.5192152346660257,0.0851714886287297,-1.3299906154296266,-1.0200282524266209,1.1124266322571714,-0.8125166690201427,-2.4808671878253574,-0.8038659407613158,0.9983475805538411,-1.0688970875360289,2.293910585562233,0.9322800484982334,-0.600335916422962,-0.5750968435748631,-0.5067136148314891,0.7001984862952029,0.9976342028883932,-1.319216411401846,-0.35703198580367845,2.7093463773021362,1.6193780745432433,0.30056793309880303,-1.6106273777519975,-1.642761848690832,-2.083931891190881,1.1307656895841007,2.484465497454501,-0.4507330494982026,-0.09823577366961883,-3.2050223142677092,1.8506016540017016,-0.8723529707464932,0.25419790836565553,1.2410667036971537,0.08326398887199338,0.7313906484440822,-0.8374388494002526,0.48606773373628404,4.096211820446433,1.6444546471237582,2.6938265486050534,-0.014562941037421395,-2.2382358178133157,-0.7605362733982602,-0.2610790673721819,1.684041371945414,0.7047586013667473,-0.4157408329290925,-0.091111852119235,-2.0638004405236026,-2.3372774496061295,-3.146525153158993,1.170112289835313,1.40998852842244,-1.4264904406088528,-1.4010562486820537,0.13201805135612532,2.1913859127010533,0.16686438869241366,-0.7618732218414783,0.7083944617986708,1.4432541800232752,-3.752029091758051,0.08706264303861064,0.596170231308342,-1.7271005693623542,3.131710395296891,1.7783222683534274,-0.24525606318281643,-2.1483827369685877,2.357839894667403,-0.43075585640269143,1.5007200583199312,0.5742805020903514,-1.3303292633171484,-1.2224403149750789,-1.2160503149634552,-0.42143660297050556,0.7086167410494868,0.2499254346305137,0.9050998074462773,-1.9750635463528365,-0.29506686351847006,0.5288935444592222,-3.2709367837311305,1.855925373310088,1.0091865106946836,-2.0005735917786454,-0.5295813748520379,-1.4119280343583123,-0.7156366798071901,-0.23566120222043133,-0.7169555213127007,4.100874843438455,0.8824569856505433,1.562999862367544,0.7818255034152682,0.5894441624518201,-1.6358427779645748,1.7919664797052375,1.3756493029984416,1.359832245378702,0.35569367106556965,0.901960351493703,0.7802230271707085,-0.11283461783482007,0.6962158547332485,1.307626315247281,-0.3132927295226979,-1.8928230561245947,0.7533268117565859,1.1277138498332933,-0.31365838869452856,-0.2682616923265241,1.0529778509581562,-1.4466524840900918,-0.0454056293778059,1.1803267689087007,-2.296961099664135,-1.3193882606422092,-1.519441554524664,1.0483453321699732,-2.609489502489937,1.9414379281656369,-1.0996981083936521,2.5403903951370763,1.6862874583727683,-0.5693320529727449,0.6389345292240212,-1.5686378019538827,0.01964806407056255,1.7806308587290567,-0.726123471102831,0.019566752479963048,-0.7500251237260548,0.5683680070218424,-0.9131785320582784,-2.1248701213671053,-1.0878002906416728,0.8059118714093759,-0.32648209370203796,0.5107564379286191,0.10709059595126261,1.136542734661834,-0.33562231603531306,-1.0363482156328698,-0.7119150599296092,-0.49883611970062286,0.9075260584312425,-0.5212007663046769,2.0766201113659126,1.114701700069035,0.3829552492751332,1.957032085389091,0.6405727985876231,3.816762228633632,0.9343708360596954,-1.9999953832619446,-1.6807934461755833,0.7767420484618306,1.020562105964296,-3.3004219941780963,0.9379909206435528,-1.8517324255369656,0.9099872317643976,-1.062638462887575,-1.4289981604543012,-2.2476641107598954,-1.2372008141350987,3.3374295219483825,0.20237021957791185,1.726505111620488,-0.4943512334089543,0.7134084062353114,-2.0111362488593834,0.7457877644003362,-1.2469264055597926,-0.12888895383077642,3.797643612042868,-0.14626638309516168,0.20648388320273875,-0.060447162911988817,-0.11257243867017719,2.309760050426343,-1.0930903918214232,2.818034088482996,-1.5891961380278663,-1.5918800586405044,0.9789573678028596,3.105770302762172,-1.6197981390013854,-1.1645908469386228,1.324043112400715,-0.27542814067570526,-0.7363796043109503,-1.2185103799065409,0.31368477108069953,-1.9752844351304146,1.4012906097461388,1.546155940758944,0.8047447646005242,0.9518076406749851,2.052089256536641,1.0734844278683435,0.155828837557496,-1.7613553545784233,1.117474047129725,1.4618778968744293,1.6977216253004166,-1.7546770389405169,-1.6187867232463733,0.31612718796955064,0.8664455004762678,1.1597703682812845,0.8677238210459128,1.4734594388336748,2.4592686473155534,-1.1668948015158924,0.5510332390644225,0.4086134926470761,0.5129032312332831,2.0110993628519216,-0.8385720592428498,0.419924985587854,0.7899189965133706,-1.3879439875399162,2.6749437015258795,-0.943013833602161,2.352446059122199,0.7647916711703036,0.4980389893301297,-0.7583067258207529,2.1131445516426286,0.95883421996569,1.7576701802710604,1.0743445734593773,-0.5309918015908913,2.8145523482939705,2.901766260116963,0.2260627152008885,0.43092998470208954,0.22212895078261866,1.0786094136795223,-1.3567688486559009,-1.3133448421554137,-0.17975710767895337,0.11405969309753727,-0.05516103166775477,-4.060090919931072,-1.391543263887259,-0.6660336785552363,-1.5835090101670708,0.28669008867109064,-0.9700153869682079,0.07540234856975442,-1.1303361373617975,0.515606573254897,0.12068049228871147,-1.4921036708221926,-0.38805842709166655,0.05491467651161658,-1.1073390378921832,-0.14627933100972423,3.952655985201773,0.32686408454756233,0.1716244106427553,-1.004845917986407,-0.3002746837760861,-0.9498560299238892,2.8549862216064534,3.1112165958976217,-0.3188474534286918,-0.6050504808813817,0.36995969238411774,0.5493737479921126,-0.3339628779550241,0.8255194576574224,-1.8748783060144487,0.8783961841765873,0.7735080413258778,-2.1695808420492826,-0.3666517074349677,1.0339165134504635,-0.3886983591061609,0.7207579837228446,1.8769748335791245,0.542776153257329,-0.4173692345554249,-2.221848370788475,-2.4941975452036873,-0.3745100942049415,1.3187487934687228,0.6333610172291294,-1.1338228218567012,1.1682364989280594,0.7718575052365384,3.054945363928545,-1.4161274580710046,-1.3812899784901647,1.6812605646984176,1.1447462853267778,0.3490871867363057,2.034153560517804,0.3450873576586023,1.1916725254962919,2.1349193387805836,0.6811433150661608,0.24572271765580167,0.2644361704627085,-0.16274708073444405,-0.33424843117399006,0.9423961171912495,-0.27848971320504723,-1.5432016788698488,2.207518356133632,-1.1481186205307803,0.7773969154782965,-1.381387649197526,-1.1102487106391137,0.3518520648003398,1.5692138007507928,-2.0612189644916854,-2.517281791613193,2.2424692662321326,2.0442786864321643,-0.9576881448815996,-1.4175940066375738,0.22790161827436925,-0.13331533446723762,3.3957427670134765,0.7771277440440112,-0.1937442125234523,1.6498762808068785,2.0334967262356702,-2.350612530827277,2.718378004175562,0.9188395956358918,0.08253999672563597,-0.6540494135347714,-1.2728539139871715,2.229578958799608,-1.4931020650800753,-0.1643671797332954,-0.3052078937080096,-0.9533874106347835,-0.21014960145827635,-0.6167256513154896,2.540376484969336,-1.6407887591489914,-3.8117494550115607,0.4737941282500734,1.1699897417455893,-1.4892656531433202,2.0402990307942783,-1.3849895430971517,-0.7040863316663257,-2.4139952081894003,2.9621909013486385,-0.3515636041603578,0.46797563403823994,1.7564253898210616,-2.484862470428564,-1.485580488250392,-0.6329240783196888,0.08833192349906988,3.0473549716466515,-0.409455217534904,-0.49855257628806054,-1.6577735461674425,0.682634530567919,-0.9285360310993453,1.671275522827727,0.032607883228397916,1.6152506450575024,0.35808850544278936,0.7906484643122862,1.3073258971355095,0.08012336100229175,0.807378532250848,1.3305338321772968,0.728482576528585,2.817687006502698,0.6299710642900557,3.227679314981593,0.683757396500195,-0.8540492186878337,0.995631853072072,0.8499944692619404,0.8109642653901986,-1.1910383150026964,0.389753220438834,-0.48009341317386084,-1.4650263714147205,-0.9769544410442016,-1.3334085506694373,3.2821437490445535,1.8863324019785455,-0.03532401799126028,-1.2923338532067354,-1.8286970718569384,-1.0080755294777826,-1.8446423265266345,1.5397905415202766,-0.2612405760772325,2.1646409926321653,2.002659595524982,-0.8329948339098932,-1.637214123999509,-2.526825956677824,-0.05636716789008589,-1.9659279447925453,1.4403286987063044,1.7546110157048624,1.1742403581630785,0.27650929339361635,0.670748413990002,0.503389703494304,-0.3109316535828369,0.4353944798152036,-1.1509100182762115,0.7052162630094027,-1.04902716650793,0.25750063291847547,-1.0608633623276946,-0.10714391109711052,-3.0150972321284404,1.774855700644807,-0.0975665415914847,2.0270963002643794,-1.844002652029359,0.8034209652247912,0.05816046411162357,-2.837371621475956,-1.3311222677596424,0.3074028354842685,0.11959017880467196,-0.8020111784236698,-0.17852233620039953,-0.4562864372084594,2.917508869698149,2.1973661029435787,0.7197909108993181,-1.6216502759970404,-0.20908930616563753,2.955821968501296,-2.6468130731255015,-1.5919071249328762,-0.06667458398720749,0.3247394737334937,0.4774377238806283,-1.764550347505263,1.2601003626266694,-1.0554664886712652,-1.3149891655782606,1.6703494165509125,0.9444446889069589,2.274436420025274,-0.7909526720217834,0.9137864569773058,-0.8643792233250593,-1.2198069902913435,-1.1355935028258668,0.6239533916510683,0.6907564297575417,2.757400997048544,2.1754438564176004,-2.5488134148433645,0.28428990580331814,-0.1654667599184969,0.9489334149629436,-1.1931467507423728,0.5547582857391673,1.9328496643284399,0.06942321905875953,2.0679155794995983,0.04560030124927744,0.744156372181379,-4.69082000240097,1.240395750318729,0.6051599667542547,-1.157904222673618,0.062753090039879,-2.3236640363865897,1.7015505322933886,-1.2033971330833195,0.15253375139216274,1.0719675925287655,0.44731210315889075,1.0056613420802214,0.09687259847703245,1.090990023425608,-2.030662890896109,-0.35641369391182365,-0.11872022417113803,1.3555773373537967,1.0451781707373269,-1.69801402361042,-1.0266586455066484,0.22172447269085216,1.4526014649460954,0.8916756281125882,2.422790329495444,0.7265687159292525,0.6243533312828852,0.42964302697355633,0.9269365711881756,0.6597986766428358,-0.2997014785557163,2.4183897757375954,-0.07639304272485384,0.9690890692258584,0.2784753301477054,0.15220272396006834,-1.4727873636973459,1.2894007810117636,-0.9550504989529158,-0.12809558398001702,-3.4195374588562366,4.370513509576773,-0.06938867879795392,1.3920703944608275,-1.5073309228423064,-0.7092275667277573,0.391927181467124,-2.341082628620752,0.5102606376976465,-1.314979979972107,-0.7572126227987663,0.36202597896440614,0.9436125990276476,-1.7800846331047468,-1.8240151284386337,2.5711654547577187,-0.9582108869130493,0.6609398717330309,0.6489609213601737,0.6464474958335982,0.9625336760960448,1.552566311967584,0.0663646144394116,-0.05406639091478849,-2.0196628372280983,0.8435505202865976,-2.3233997813983485,-0.41064769479970764,-1.6263901104354213,-1.6930307647648504,-4.579110504474835,0.3839304536198499,-0.8335446948092566,-0.8746185694428685,2.697904486653526,-0.39779316961350536,-1.6412303984054117,0.600857363723443,2.0502524559351563,2.728154746214135,2.2346448208431857,-1.162697619162209,0.6257628273025848,-0.2798321473717869,0.08620634322227216,-1.3850345395313657,-2.826583379189399,1.5662506438084267,0.10811564335803603,-3.1156236949323723,-3.8704036177233774;-1.8106865264905643,-4.015255208951792,0.9917904640102393,3.494145091568264,-1.93884076029402,1.1737143522481825,1.859498597598051,0.5135777342479356,-0.4498325645731469,1.8322510819190223,0.9299176616114474,-1.0711624375674431,-1.0330233544423968,0.8958482857264651,0.8060193574044934,1.0658393309580647;-0.2948205351528974,1.1882157723144224,-0.2500957806407724,-1.9412163146961332,-0.41152006814101716,-1.9919630478431452,-1.4557104422865494,1.200788339891715,-0.17482152899063064,-0.21726721774287794,0.17867533770645946,1.3075065989649413,1.781140136937322,1.9971784620904929,1.2689153670732516,-2.6703928532606063,-2.086817074621047,1.9954485003812374,-0.5980445468535601,0.5067457501495773,-0.14482383711716332,-0.4119589687860784,-0.10523718559200346,-1.6623128081545135,-2.994912630955075,2.3366650483861453,-1.5294801289210294,0.9002576144741745,0.2050664324110777,0.38993086083919337,-0.06222291960634552,1.6639692968058821,1.753312534652936,0.44925639181064003,-0.5544714295944176,-0.3021737248485941,2.2870589223003734,0.9922730108236442,1.1846019276576367,-1.9352277313793476,-0.23628405916211503,3.463389988352022,-0.8474790103062064,-1.9480551577447693,-0.6676991356422382,1.3580067531907754,-3.2035106660338704,2.1134481357697896,-1.5436238129084763,1.4520637819158522,-0.5912320338704833,1.022038324058526,-2.9097217974498832,1.2012997441456499,1.8823574222547634,1.4014206415165327,-0.4355862940848399,0.2581691199040455,-0.1472844356403269,-1.1223564645342852,1.8117631903035423,3.0302589933857225,0.12192808771890633,-0.8877929449569626,1.3063327146254164,2.393774390541537,-3.2778110009510195,1.6567606972279987,3.3357056709276254,-0.609867038445936,0.5260289715406893,1.677775526988869,0.1282753650805013,-1.1525528836275067,-1.501595041036606,-1.1116825356381033,-2.495761567134858,-1.1739300386217895,-1.975900369731485,-1.6563733444005673,2.912379702835081,-2.8513208405753168,1.4778161812004826,3.2950950242169585,-1.3464087111644942,0.8916208415545378,0.5018784917938921,-1.4865535121808824,0.9108654268187035,-0.43398974912589805,-0.672236283969289,-1.0812827633853515,-0.6135279653140266,-0.8500960474864074,-0.07596862323034337,0.5784820580437486,0.20510706152789326,-1.2471842742214239,0.32899245531952165,1.044148871086144,-0.4479542773679713,2.549651317576577,1.6043305495144027,-0.2029331982240158,-1.040456826508875,-1.5822533961351728,0.8700933968400338,1.4195854025853607,4.167189227311324,-0.06815022823663128,0.6973588361867404,1.0064670008772558,0.08875866557740242,0.5384100017445785,-0.017559118866910473,2.7662507839191535,0.09147609114989702,-0.833941236830941,-2.71382111400731,0.818386481382164,-0.9196344079891492,-0.46907659138866986,0.7205714936686324,1.5848436393477312,0.04752432884787666,-0.5161262079692793,1.2460512993967734,0.2993122030616295,-0.9248829630662418,-1.1954806931843986,-0.07516257461559361,-0.3606325675150728,-1.6362269052429241,2.7775493163933467,1.327107539560164,-0.885733900814243,2.7077954916517792,-1.0843654420790079,-0.6469988658042023,-0.5973440868832359,2.8120609396887595,1.1715732916537114,-1.1437977720221533,0.8161181518439418,0.9113984042704564,-1.5993750004992462,-2.1092271134198537,-2.753989263017932,-1.599044778550413,-1.4715190178072288,-1.7921628255120714,-1.3257784311744722,-1.020333810695928,-1.457311957228708,1.1861395241581525,0.6024995027405228,-1.1692006069978724,-3.2284388735184293,-2.1410868616088505,0.9168056145709548;1.463549058370529,0.6520914768229606,2.2182062175661206,0.9215695675063789,1.568921959897906,3.3451961655910005,-1.3408414817695082,0.07743713777923089,0.10322501636630563,-1.6826140385546684"
