Individual,Fitness,Controller
0,1.331947810264386,"1.7531646971156774,-1.4619539362456486,1.579661794143678,-1.5783778367433474,-0.8261430677809423,-1.1900065065318042,1.0424726208236565,-0.016980052550936486,0.40983448076201057,0.13032153335761876,-0.7452005530930179,-2.0572472829758164,-0.6018035879390338,0.9897162324165816,-0.5916824320334537,-2.6378757448884116,-2.080396518069327,-2.7247028027522746,1.8078268914706759,2.925283906142108,2.8034718378363905,1.1191985306701264,3.1873968235428274,2.9373867861855665,-1.946903772606894,4.544725709123406,2.5678057526665032,0.8297412672951866,1.681703431184226,2.8328139341820657,1.4259585862955453,0.16495825838691763,-1.2469124348137484,0.5709045766326949,0.2030441361247819,1.7889126455687678,0.13702607392759347,-0.5505818466228923,-0.34161390746109627,-0.3337875175354291,0.37630818468835114,0.22792658515980424,-0.9518634573973948,-0.09177657290145869,2.7207772927243123,-0.7407473358699186,2.982919177842162,0.9670069229116892,3.2688457202235224,-2.2726050884325857,1.0101629251480664,0.16650036495562737,-0.3977027991609142,-2.6591965004262264,2.310927960603251,0.01899077766520496,1.7799322930848358,-1.3400038970497907,4.687772616010503,-0.058685997196895656,-0.7135191801331293,-0.6927788841579952,0.9361477739079458,1.805503080199042,0.4246093686217382,-0.09384080327575497,0.2678991262696818,-1.5611847313193643,-0.9899523271312647,-1.9510746873683535,-0.12261232423413429,-1.4704845476585,3.697739945282978,0.9216535608733631,-1.2324948073033009,3.353744094179718,1.3881329858373168,2.978613109128168,2.6636110543997664,-2.86928224079141,-1.6823842729362943,-1.4512026366456272,-2.2610304946205946,2.820069773319096,1.520808500214374,0.5742311205607407,1.4496644269877672,-0.04247799972501809,2.7656896255183834,0.08184393005076296,2.107411447173301,0.8117948909638302,-1.0089023285543501,0.7006587567161314,0.9340923293915612,-2.0365607169110156,0.4260856202014472,-1.980071661284044,-1.1932432480924016,-0.23738454320896896,0.2304841729846554,-1.8809632072575628,-0.49950130315009894,-1.3200600673463831,1.2456526771222292,0.07734928408721667,-0.02435977336691897,-0.37910463662420907,-1.7771426478100762,-0.5614782256408777,-0.16813911498255085,-0.2151375681970784,0.029929269817294935,2.8358425676695758,1.8395550190203236,-0.7465165383777198,-3.0998884913590485,-0.3142655158002178,-3.121549494740866,-2.170949945679321,0.6427379025754305,-0.6723597195247895,-1.638139004537246,-1.0954738243192148,0.1396740179605429,4.19742427387802,-1.7871028058555747,-1.7611238282702897,-2.27346964785413,-2.5141179137910146,1.7828136795081804,1.6084575072514196,1.987096199477292,0.08375793179170221,-0.7588808288361406,0.03898273479187009,3.117491694323113,-3.892147117920097,2.0664522839603636,0.22474257070425108,1.5521674675006278,-0.4759425135117409,-0.3890226888921139,-1.537280819849735,-2.482206960006783,0.31981104756810386,3.1214889074534686,-4.643948113375872,-2.104899966912023,-1.4623538336825201,1.811698826299772,1.7699290775660197,5.17734745047032,-2.0058147728465805,1.2858131507426227,2.527036680724066,2.5952590811446883,3.379420802178877,-0.25450379292691183,-2.6626765450932766,-0.8749284531752703,0.5646316661539238,1.1429001483876027,-0.03532466621055852,0.8463643427325546,0.17521456059481677,0.7413681099068925,-1.971821047760828,0.4568996983862568,-2.5943345142485192,-4.332693849733676,1.4692704220063413,3.404140605782257,-1.4871322870633046,-0.382285863047669,1.635788636018783,0.7446779470103821,-0.29674359763499064,0.9177061233558207,0.5066824522150385,0.40653957968564747,0.41263753758074695,-0.6858829341743251,-4.053385616544817,0.3819206137591836,1.1589233055031578,0.9292778681608591,-0.7321856991726203,-2.546540400095172,1.6093008987953668,-2.6171365312203743,1.1493841754768988,1.3401885814458079,0.8576590336729017,-2.5213908585901357,-1.4639717036283342,-2.9853321315407597,1.4537834764574065,1.0156847158284947,-3.1627909699535843,-0.9499791055947845,0.7963871152612063,1.6359367196666355,2.2937592462070935,-1.1182418276863553,-3.0210879491161835,-2.4624843121641637,-3.970313763414205,-2.6470077923410678,-1.2031014041455201,-2.658556692832584,2.6075759160184373,-1.3793418887145241,-0.5944162376193115,0.8464334468266708,-4.953378587624124,-0.8418785582546099,2.1108456662663917,1.0776125473051137,2.612913918425779,-5.902736289076714,2.6248610257237077,-1.6726401846706738,3.837968654017863,3.555920473896665,-0.6066344172155691,0.6520677411940023,1.525651029242468,-2.5632967916410214,-0.49999211480265493,-1.8292408338663566,-2.0092152204033833,0.15089932511649717,-0.6637032447491062,-3.2297604466669547,2.4543700918704348,0.86326330269233,-0.9590166081004101,0.9857135621963584,3.817342144745757,-2.12494757899371,0.6027082905474697,-0.36174672859059714,1.7706796183500764,0.1744435583204082,2.1477518086778975,1.1641429345888912,-2.7165269822203104,-2.790173007693935,-0.7926638018952128,1.5307942752088812,-1.962898988069468,3.353500207236081,-0.4929350646335964,0.148244841805921,2.6819074767707862,-1.3527700724908207,1.4029197442061805,-1.0166538276779498,1.181992210371251,-1.202477332523118,4.452698322031798,-2.9207812820022943,0.5359011666768141,1.647543449037344,-3.4474864478318734,-0.6429189258548728,-0.6785347787583627,0.1254068648949127,-1.7446521997148694,1.3780062823379151,-2.6949695208338693,-2.835884514750527,-1.5463557109725141,0.2062178727925017,0.7592901183899515,0.06663359735369578,0.5722666409069536,0.5828638434408105,-0.35209804558442226,1.3059886733162798,-0.21613406092082754,3.839819849801425,-3.182410592750957,-0.41892233284991753,1.4277050576091224,-0.7796017188168554,0.09474877300685625,2.2431060661188784,-0.6255189055569517,2.578930630418106,-1.8703108021091293,0.7039628777459823,2.263943972892777,-4.038181793262462,-2.576950777115157,-3.402056414398648,1.2999839214517266,0.5932430950919684,1.454503707293515,1.5188118551006105,-1.1849657388027577,0.927157929717969,0.4614340237975757,-0.6492805256597332,0.8205208564549757,-1.5595380403367014,-1.502673897914494,-0.12234239849079631,2.4771515579406143,-0.7807078832835437,1.57972929923085,-0.2503529231311099,3.114898665622709,-1.2850220816858409,0.5858191097906255,4.806621616970232,-1.2450024461865081,-1.9969321038222367,1.5218560375814192,-1.528139884142983,-5.500708827591639,3.0036909757032344,1.0570694449272573,-2.137396283322603,-2.414084833568743,-0.32422382725251575,0.5670650741859717,1.6876754792729365,-1.018045762282354,2.8999147820754185,-1.3760140248789878,1.6037041358855948,-1.2346967378389841,0.8538448571224811,2.675826644996146,-0.648878899134278,-2.2763882820384516,-1.3162201366130282,1.1105425034025442,-2.5636246128736495,-1.8214964258069335,-2.0539044019394366,-0.4686600468718495,1.1370025588154447,3.6133245182264,-2.2956435875854764,0.14323270070517866,-1.4613126279442201,0.09719894478634683,0.08046065555539239,-0.6627910124064252,0.41933452681225586,-0.5065659145772896,-2.983055121664443,-2.0987610097665197,0.8882182517466025,-0.7361937845981568,-2.969398887323418,-0.2519537205396843,0.2789488483391669,0.05634168793691244,-1.3929925129360763,0.7026755451386946,-2.2546073320092783,0.7268739766999397,0.9215857652681714,-0.7085456518803734,2.5010732288962236,-2.942246677693925,2.2467073305279133,-0.07467286180321103,0.9227895664399818,1.2516159648332148,-1.3158602522049767,-2.0573135271651233,-3.239607106123224,1.5333078637924367,1.3519786931362074,0.13726318141114202,0.029923428006391528,-1.2785340512344792,-2.167896502585939,0.5859591938030815,0.9457459981681401,-0.5344421564301399,0.26335721830903425,0.6426168242658213,-1.7574134813960518,1.7034255603640835,3.188432084585999,1.5971113654740647,0.40696907864840826,-1.304425274094902,-1.9998567066171278,0.3804202129571147,-0.09885976961845894,1.4434058116194914,-1.3188633677467947,3.5996206219871896,2.2521317243748626,2.86752464270793,0.8882192111392577,-0.5553847132294296,-1.8350849284725255,-1.0904454970995858,-1.1723616425494525,-1.9889435432924276,-1.1430305747857836,0.5107420438741882,0.7829205984341436,1.6321169621251639,-0.4152272851705314,-0.8157296253567712,-2.0224450525369524,2.8275530229809327,-2.553837604150645,2.377922538267616,-5.408005747843488,-0.3112770158216185,0.9960020206514927,2.4275524099191035,0.6312724786162701,-0.209542079341268,1.2549525915800532,1.7156206894717854,3.853203700272544,-1.134542928074818,-2.009078616409174,2.305137415976863,-1.0430830391550714,-2.2701310670715946,0.8529079022734963,-1.3146078823926701,0.12345800666200718,-1.0073588443362151,1.963004559628715,-1.500974288309608,1.6461236406977142,-0.10023363921988038,0.8783551451216517,0.5105012213390026,-0.3258700030603441,0.13212227316764613,-2.409441411106981,-0.2660699462136514,-0.2680728341882779,1.264048517269823,-0.8843334845143784,3.3147286779194687,-5.512029705238627,1.7677074739888698,-1.3109577411182318,-0.3864611326974232,-0.10328853869527088,2.06643007855983,-5.581524189285979,-1.0501275145144422,-0.36565437819773294,-1.3340933530127155,-0.9072119757291999,0.00900091457886204,0.6727113617962294,0.01825820159104513,0.24134439354154258,-3.670168717715071,1.7991233667946913,-1.9293891669096714,1.455183132584933,-0.06348788601302732,2.736670743703728,-1.3383747237249775,-2.751394582411324,-1.4293957343271764,-2.3528624848232114,1.049465119793238,-1.1256450053896612,-2.1187289186913665,-1.6688737086716103,-0.9748913149295063,-0.06084092370779404,-0.8300357148053346,0.341542739568118,0.9998093374434094,0.46161515573853384,-0.7700247917109566,1.9905623083976298,-1.733577636883377,-1.2635624406379429,-2.1355792619359995,0.44402920112414646,-0.24860753638145683,0.6522830772891316,1.1064367848046195,-1.5751621369403366,2.982352592705568,0.1663761115943232,2.311592664553995,-0.8921092803932341,-1.8784388903330769,-2.3782966738622338,0.6131350551259466,2.915114364186083,3.193200366872304,2.2977436794601473,-1.4669290801646064,-2.1644863252125948,0.6153661551746692,-0.774092007248371,-1.8529535328313396,0.5511843013423956,0.07643830160983667,0.9470282284778442,4.586102205832821,-0.34969242485299135,0.9860598565820055,1.6343206821620766,-0.9270568746042352,-1.4653252252259126,-3.4755144718972897,2.1500659370821387,-1.5977495073374803,-0.35889559108362135,0.4132193795647927,1.8111001483783875,1.3870714566088742,-0.8779389111221709,1.6169994900073825,-0.003955564168658582,-5.244142199049385,-0.8510522071704831,-0.9676933998383455,3.53476207270941,1.5096518470190867,1.6088055597834152,-1.1914855105321016,4.109075140027699,1.6402486539140506,0.7150164905970959,0.06826356061613903,-1.268937768989823,5.140491121262784,0.8252785048606146,1.5046082014075461,-0.686301992120641,0.6433470756320891,0.6603883719675454,0.592327326428583,0.38645466331429246,1.0966123714148657,3.0044046603273977,-0.5330353251973096,0.46222430667796816,0.48602057615646677,0.6432316186624619,-1.0936459472125368,-3.4736623336230164,2.9026843586320665,-4.392989801256673,0.9167426246078406,0.3481465414633512,-1.939078816474662,0.20858010069094213,4.070905432827624,-2.5220584908459567,4.07683803958505,-1.3802714584140021,1.5745172086075765,-0.7663631964428602,1.2244977227762404,2.516175911130801,-0.29037482864452085,0.6366484000758739,-1.658078601338767,-2.841827978707437,1.1252831398406598,1.7889670861667866,1.5238680341967639,2.189387898793569,-3.2046030590229377,-1.7765437793630747,0.9069301948176965,0.9886648810071564,1.7281145003237621,0.4945271832536262,0.9239897574653897,-3.060225955543484,-0.13906116410884806,3.0312031616047848,1.9126275094259582,-1.61111326989041,-1.1634042524614354,2.440670490107401,-0.10924619513820644,0.11204962847226851,-4.017870097477764,2.1513215948453297,1.769751016324266,1.3211231500591756,0.8984939096206709,-1.1907731771304473,-0.06883018293761833,0.7222312525354051,-0.9213959721511789,-3.0079448602643373,-0.9795885889123177,-0.5265961927526479,0.7475667632253797,-1.2786738721484507,1.4946619759841768,0.36562809798430607,0.017093868939026036,-4.160084468667787,-1.0974061909023398,-0.3071319796079157,-5.602776473174727,1.929913171101276,3.5965637376892303,-1.4257561226697009,-1.7997180313378696,0.43730246708185794,-0.7512459058663554,-1.1806839802377027,-0.8738028104521961,-0.4419377534747351,-0.09844140195247736,-0.5694473229675442,-0.8940622498055188,3.3437235975006114,-1.2485158382940804,-2.198939049615599,-0.7170005778557271,-1.1266014885562101,2.3959196498160638,-1.8370185436772486,-1.0212943196960236,2.258677947912737,-1.2573557011136578,0.5866375858891173,-0.11365974656611992,2.8035175733950717,-2.352588315840184,0.13673527314675815,2.3194432847109248,0.6022361771047737,-0.3490618826246778,-2.7578103466213233,-1.3590682688536142,2.3379640903528296,1.1583021635678399,-1.2154485743983103,1.9094012370892859,-0.09072832238233136,1.4199616666547827,3.884343928584993,-1.431757377734679,0.9174084944177283,0.0665398791014907,2.691089670183951,-0.68807869900038,-3.69845917031169,-1.0871299014388254,-2.1519168551300143,2.7066044159128255,0.4811044898934318,1.1480270146638638,-0.2565233101748874,-0.8239737338154983,-5.870636872640373,3.3733560066218087,-2.352081714429049,2.950456551092206,0.557327657840741,1.8998802200666902,0.9376421921853035,0.16536754260544173,0.6741974770515791,-0.36292670882110084,-1.3662491250240074,-0.48451338170220143,-0.9995179990258133,-0.5590910478900233,1.5917567966692907,-1.28747216705379,-1.949045210169769,1.341001878586717,-3.675733796538688,-3.042303549377154,-2.577440887758512,1.7491985526942622,-1.9627015539006738,-0.2186578215081132,0.8986704420296608,-1.625752382906861,-0.35218279246496775,-1.9763894104116457,3.0102573804080337,4.520882632361102,-6.486286786995542,-2.0359349960281343,0.021378607219140755,-0.7845893798904487,0.18171300289723802,-2.003380978956913,1.456040352443932,0.25733810777944455,1.8982695302735872,1.7965859339772714,1.9673793007416491,-0.25943706158646124,-2.981096992447135,-0.5890509548349322,1.7403760937197843,-2.221895508890314,0.07820091802379547,-2.540516905692875,-2.4670167727814847,2.7460971697920042,1.2143722398794297,0.5895549221121175,1.9358804451492717,0.2742305826296143,1.0493324675329705,1.1819163070031165,1.5553755226109494,-0.6511345383976126,-0.2786887635978137,-3.5180507217659223,-0.10870368304960293,-1.6306635445729738,0.20942717491426888,-1.0472033554448137,-2.115232516633533,3.5049044637681845,0.911524069030957,0.44662739181473005,-0.2705099322307687,-1.6910257742192174,-2.6296159138688915,-1.7919882538893022,1.438700474018492,-0.9470419286554259,-0.7867685885436841,-1.733055815105225,-0.12105342269875469,1.1797292847223928,-2.1388841569141994,2.181510190253934,-2.252434683160428,0.33514331199259617,1.2554899519830935,3.365965679678543,0.9967689454499192,-1.0163402640754344,-0.6693136113495801,3.3531406600527616,2.4554704199479707,-1.6848511321626143,1.5292392593809545,1.6349662195354548,-0.16310251823479135,-2.3936145866450262,0.36625835270897955,0.7946234314755536,-0.6936124791642778,-1.453864762806269,-0.4178298305759431,3.6793302437950572,-0.1020044863608719,-3.2991779539118884,-2.3296325231769117,-3.791720513266924,-0.22600104020712708,-0.7635864672161294,-0.5712449413192582,-2.5068293427008217,-0.7993477717230234,1.1882152605019651,-2.317243137704825,3.8096603228388313,-1.004037183904193,-1.437728636296879,-2.0006189012806654,-0.45484090756220896,0.9632193676472496,1.775524098792976,-1.8914608629783674,-0.8047603503144816,1.8890466791491318,-0.5960649685088117,-2.0230625425010165,-0.9309495890010556,-1.0039811052851133,-0.3948803417428128,-1.9803111898346484,0.223952530675177,1.050039722386309,0.2482053015946809,-2.980336003199138,-0.15116587055405015,2.216808430564573,-0.7666824653081004,-0.22410442028427735,1.2158685125430355,1.3039422370844187,-2.3934775401369848,-0.7755071858477219,2.4210828412659824,-2.8045389640069684,-0.03968169169885272,1.8383354270375012,1.5806314596419824,0.6860517439637746,-0.810739680123727,-2.640214817577951,-0.9380951622971664,0.9926316546913745,0.04521852784091118,0.29081820020008586,4.201948864035504,1.3111821585921504,0.4529429635294493,-1.793810340244137,2.232493773266409,1.372365524848875,1.978360775365529,1.3128338984128256,0.009882208185869046,-2.944442666104406,-0.4008165706872571,3.6588797006702696,0.5757777643754554,1.5756354896809701,0.3213838321748242,1.613959347582428,-0.24456466648452024,2.3290212981603853,-3.865942958598051,-1.3115009405414761,1.8394773742573145,1.7088770998097924,0.09417422630467479,1.9100115695953537,-3.110947220856337,2.3969358869446244,-2.1767968577142525,-0.8480423012527749,0.8194629354137551,-2.2310041258216655,-0.4752548972151485,-0.858780239370569,-1.0054060655357298,2.45001816194839,-0.34488472217837096,2.6552749751213107,2.2323975507338916,-3.6403453507992505,-1.4232156290579958,2.8368607201744047,3.4845684003900703,0.59178514075018,1.3789812633616543,-0.631420152351443,-1.1511626592802569,2.6000482296098104,2.1804286786006317,2.0080191021128746,-4.845951549850989,-1.7219368562609128,0.05941509157039346,1.9429583060912918,-1.0331875065932905,-2.1597009385162993,1.247499590403895,3.010951581385119,-3.5497595551085617,-0.39105294103707233,3.376151292437048,-0.4920069806697185,0.7997153265047667,-1.6682488268828823,1.5275985866459318,1.2270810809054282,-0.2232341698328597,-0.1427421705530875,-0.9242303582779238,-2.355370753677465,-0.1641285188268906,-0.8562345049823894,-1.0265644267527203,2.4088986275119257,-0.10228461882795947,-1.439329995885752,1.0035500116787301,0.8378213482602759,1.4255829513544982,2.3102662732857304,-0.6681046410974649,1.2810869714055997,1.2522125179413446,-2.3005927732195275,-0.6984907823831628,-0.8231211108416917,0.458488034941566,1.7908840423607955,2.2886009703513457,2.855825170307168,-0.7080522595072956,0.042168665660491766,-3.166767626330425,-1.0163972253751012,-0.876964547398451,0.6626787730727193,-1.5820444892822885,1.6652661547230185,-0.7639266763410221,3.1393836421140198,-1.7745963811889327,1.55374725964827,0.8113960624627076,-1.1859985360606837,-1.017571611914951,-0.67427873962372,-0.0694593854518527,-0.5369069807617143,-2.0338594758107154,2.279441133109383,-0.32276804367497824,1.1510855712101162,-0.5894969894723145,-4.892741429575164,1.968150582897029,-0.8802994403054425,0.0694880510396435,3.763078626527931,-0.5101969308965677,0.7705676080176953,1.4085088656149116,0.47167807858823907,-1.3644607607025732,-1.1470869536414199,-2.0721991857628144,2.6632179240787828,0.18798124818231787,0.9482676823475782,-0.9790532878148506,-3.71648003673572,1.8013914717892916,1.9497962610239037,-0.26081916764685475,-2.020554420651139,-1.1979325618802357,0.6836887426331802,-0.5421170600367712,1.9413623568486646,-1.6628661362411845,-0.08896434154231136,0.07857466342356445,0.7633390894349412,-1.7050165424826231,-0.29127445935829055,0.6854360684749796,-1.818994740878081,0.4864500724703742,-1.798369421501683,1.1372154374556223,1.1395256732655736,-1.445082205037161,-1.9960469383147204,-3.1546388184448313,1.1467559852991978,0.315166879019401,-0.5404408069227854,-1.3057975324084998,0.32799870628270733,0.5082109296012317,-1.4216329969693888,-0.9927300031962736,0.15818811168825253,-0.43311037961820653,1.2454853944729618,-2.8478890226670863,0.8339142575300689,3.016909786966006,1.2648358718682056,-2.4773440281656587,0.24460516302447177,-1.63225286402646,3.579360086845071,1.4185991928563404,1.776468232740954,-2.28340762482975,-0.8029321710506465,-0.21391811510912873,2.911901281778269,-0.8606384780854974,-0.5695830033883011,-0.2750531857516778,-2.284996821970217,0.15794511582057252,-0.14329786872376848,0.2279621053457439,1.9751375315117603,1.8485078354934916,-3.1926228430407715,2.240981666628714,2.2589917279080387,0.37609556135020406,0.4451288598464923,-1.7359652626541398,3.472429506265081,-0.02022792371626403,-0.27350968997440966,-1.026534836874521,2.0691943604101186,4.611487271364634,2.0183631982393546,2.7694061835721206,-0.9184866706846841,-0.7837773628786228,-2.0023619352222095,-2.4071548495260564,2.198545056721943,0.9444083502142926,-0.6716006290206513,3.263429050574258,0.8181377598204977,0.11406261166067583,-0.6534311811867396,-0.27679934445407584,0.6272993447076598,2.583065368339969,0.10579676248952541,-2.4831834559694728,-0.9131257876255006,-0.6525078960300219,-0.2492569081270779,-3.14288454345212,2.797435307990402,0.3846500931925736,3.7612405979557852,1.4427624283195246,0.32528396653727265,0.10026298186768734,2.5043490878932304,0.2434986248974116,-3.525601942654978,-2.6087397548801707,-0.37162343103217377,2.313048840306819,3.3212939820150975,2.4887526405765006,-0.9588538227537856,-4.246481017396244,2.257255055116655,-1.3834353268436734,-2.229391865216021,0.5776806951783457,-1.8566603384495228,-0.6606372261932735,0.6825610821589649,-0.0965637179213841,0.27240904483226785,-2.224508258094625,0.7503231809065173,-0.49776208405926037,-1.3635806572116647,1.4477554148621898,0.275292287768389,0.8710288459749425,-3.7006031556466974,0.6529514170670024,2.998954701776502,-3.00209177331409,-0.2582355529226782,-2.364546980574624,2.8242266717768243,-1.4008224729159922,-0.18473640232523258,-0.018679952131403832,0.7592913697791669,1.311241768104852,-2.030812995870213,-0.2987895277814777,0.9990803721524208,0.05679676330675559,0.34531027221666033,0.18927241994135346,-1.2601477127543415,-1.6011286410938899,-0.8221127290753114,2.5517637876366672,1.9345366747283288,4.393118256351025,-0.2797940973621469,-1.1424762985914239,-0.6367457928669994,-2.1799148062890703,-2.4373279049028707,0.6621361129270502,-2.4403972326909447,-1.1745669465312474,-1.736610609304665,-0.7688450121175769,0.8389932545961267,-0.3832495694834389,-0.44664158420393596,-1.8261802246380117,1.2917408614996493,-2.972256596046978,-0.42885195056196607,-1.288159344216227,2.211558453957572,1.484254875388902,1.792439126767417,-0.3172558380903804,-0.6583931085967911,3.3214824287244626,1.703357902243685,-0.7348331363390674,0.35215116121514517,1.9985840521969722,-1.3961928704557702,-2.549823537786583,-3.8078296497041237,-1.4490750501799643,-2.1579043579538695,-0.7372968167840348,-2.5123644201085145,1.0341584429171153,-1.8261831738513021,-2.3236612568163193,1.6488689381078656,-0.2448517555807262,0.5140643252331046,2.157132096957071,-1.2748324731320753,-0.6625881273927371,-0.013561655985157461,-0.27243169464616246,-1.6741456758738076,-2.1733794320715996,2.0649735002350056,-2.668392431030632,-2.3517692009030533,0.19509639297915637,-0.7309923707561079,-0.6304770325091199,-2.567739736352675,3.0750214929947948,-1.561745611522412,2.6511579016629;-1.5555932095176945,1.1291797866107132,-0.11058432296283602,0.8451186462344821,-1.872311480891241,-0.3775804007170629,-2.454003544495708,-1.5187294140751801,1.1857067695248058,0.7042389352914904,0.6316382806043134,0.9697093057021886,0.022334992278574273,-1.1752658470245096,-1.0316557294953652,-0.7865507223959329;-2.232903675220991,0.5706083712669976,1.2714398831295306,-0.8983735441853036,-2.118954369838641,1.0450797039905975,-1.8669516703208806,-0.16605645132221794,-0.06701362694873492,-2.569295520564613,-0.47912232778815145,-0.5390080615856077,0.36441551669262284,1.331552051030726,0.8794619769244734,-0.6651702418347554,2.307018299598679,-1.263971370059116,-1.4151315532298345,-1.086755305991313,1.650485354999137,0.6214522601099022,0.23080401750410873,-0.2862545208834817,0.9615949280943736,1.2538000989419689,2.0243486566555116,-0.14354775469836722,-0.8005675829719041,-0.702115200119422,3.4939463937806043,-1.9115005951057047,0.2591059535183372,0.20425956422499247,-1.410849728683981,3.1647069326652386,-2.3436538510918186,-1.4869900056033274,-0.34144839448488806,-0.541363493185955,-1.2657684486843546,-1.1675768379014162,-0.8976167272462305,-2.8079192028760374,0.6163879502362126,-1.8121772200085462,-1.5333924462598647,2.393696289647826,-1.1651480913471886,-3.7219498237073667,-0.1493822518695227,-0.13902793161958904,0.8647308498408767,-0.0642281392965236,-1.6805670443722467,0.10980845562769612,-0.037727646786377134,-0.05091687598070427,0.12321498990951651,-0.020788485533424134,-0.07305759060436423,-0.57030424861168,3.2684151937595085,2.025795371254172,-2.9042221467527773,2.1684837463318876,0.7480632065634372,-1.5114549826654329,-1.866089348865335,-1.307144239590775,-0.20284285147284487,-3.301199138845,-0.19983343837446338,0.7910194705063566,2.614325189053052,0.9513606781895284,-0.004084766321638789,3.197066113300623,-0.08564494126547162,0.05213910451665815,1.7523088601088248,2.009984494168645,-1.0472022341031497,-0.19225761734686742,0.2009926882626738,-0.6975221280559376,0.3416184801868134,-0.35145291358984276,1.687859361368558,0.19493822174201747,2.2404014452015772,-0.0030379190741620377,1.6736062343742677,-0.9678081208542282,-0.17397945707946982,0.16523527373521674,0.19593343433554872,1.8079648609100012,1.432356567204026,0.061010359850657725,1.8142915464853913,-1.270610812485299,-0.8355515125343977,0.05050863026335173,-0.3973379545110489,2.807002164170701,-0.14913481244110438,-4.024026925448589,3.4069196028481628,0.06551520830624367,1.824781459528497,0.9557555664138014,2.7521622546970486,1.294236075075196,0.8450692204891054,-2.5556266540402564,-1.267834845791838,0.23967054229584006,-0.4777889788418318,-1.1324668774471238,-0.08244189585063375,-0.6665431270219507,0.7994033332602329,-0.8012339096948902,1.0570159321337882,-1.6991598771493124,1.232150973789698,-0.16147487583228815,-1.1035055084073497,-0.6419762630771422,0.4280114895137743,1.1800989603917273,2.0839754000605053,0.9815134893206294,1.8167327612850788,-1.309453693584727,1.019203566615122,1.1627706688835868,0.2571443324871492,-2.147742344334229,0.2675314749212057,0.3546437098276497,0.5605364811865268,1.7211890347464036,-0.9649720763325575,2.1235094441372127,1.0168044363774105,0.6500089814416206,-0.08649949381428046,0.8400146868290292,-2.0493077558649295,-0.05380783751007656,-2.2484461867516714,-0.5592168067228673,1.4650930885784272,-2.0686877540050523,-0.5387085523167214,1.6658955256876797,-0.5290589309908424,0.7864088301506231;2.1595610299049897,-1.7255693320716128,3.086499088818701,3.2724152671137703,1.8959062210939974,0.007971267522680292,-1.9915287594728412,2.111097158657528,2.361970674749575,0.7662745748763831"
1,0.7880839609820219,"0.2948373248638017,-1.2242062815541317,0.4642407671655312,1.185265010576985,0.6482316479547977,-0.10995797047037453,-0.08701223386242368,-0.07649193335314208,0.9115274736914546,1.7941887083483004,0.3384472658523022,-0.9045723504448734,0.8741253153968441,-0.9833138083865055,-2.946248130511138,-0.7018458937726761,-0.5306364500613943,1.239750145338988,-0.22612262953023843,0.5420744301682522,1.5773014480851595,-1.0228726526711172,0.9233263860335654,1.3608548110745258,1.4339393102371738,1.8219235376757945,2.26362608253042,1.0470783223478817,0.19985376529246462,1.1928712174892702,0.37428927418402425,3.071854031254406,-1.2636145835785064,1.5289824980329814,-0.07816740711953696,1.6726608108035534,0.042467549734387156,-2.6599433434775177,0.06684848032190133,-1.7469143639946156,0.0622261491323457,1.0316921079452332,-0.5527432095909727,0.5073422570604681,2.203551126773681,-0.8413046803616537,-1.530125041749271,1.456210737574001,3.516349613528723,-0.37869986837056197,1.5538322099855346,1.1127368335061507,-1.061308097799662,-0.04571306378827528,1.6042545758035496,2.784692009178663,-0.500103887811533,-1.3249816260621063,2.3773401287011136,-0.9058251716236697,-1.5553089117434002,-0.32814468919516343,2.700382163805728,-0.8095022056807306,0.4255155544108364,0.0735652261510375,-0.7414091258279216,0.21358771163166546,-2.8394708945357587,-1.491736477461599,-0.7373660460053997,-0.3588929985145912,1.3072731014317769,0.9177034927888723,-0.04858956780712731,2.0207945310773914,0.33358479174769007,0.6476242935979345,0.42532242749652227,-2.127219996069954,-0.8839358900104276,-1.0936299531550486,-0.878579644984606,0.3604926743873978,1.1891403189273047,-0.8322105914683574,1.5991729526775655,-0.13657550738978613,-0.09716813297286703,0.8634108604978825,-0.4867358162432339,1.2020752369441667,0.20389574191960647,-0.10342744716924797,-0.46709727425858394,-2.356810845927708,0.34108061530532985,-1.6993651539363703,-0.6619727930138197,-0.4518062432948263,-1.6623588093329196,-0.09751951723304522,0.07758385321400335,0.005674997169352103,1.1615552484319212,-0.7120816676414519,0.35491537522065686,-1.0730501871212754,-0.2727769251236275,-0.5253762705389067,-1.6445660071842034,-1.1087536731340215,-0.47756746842602044,1.5368130506010638,0.4822433894725145,-1.3988961999071021,0.16006164969042613,-1.5887409620086128,1.5968531986408958,-0.6207384618756768,1.7157870225499867,-2.164146045210592,0.7042540064494118,-0.7075600073301349,0.8669609885880497,4.362871444202105,-1.1046254909658106,-1.5140788079930556,0.30057309979267877,-1.9276846937321048,-1.9963533344122222,-0.6509958640972074,0.6917908151072263,0.14493953154075712,-0.3387293600721726,0.6498551454567218,2.036399593525468,0.15957419971260112,2.8173048229444775,-0.2782502855838984,0.846931301062644,1.2764357379784188,-1.3310730861844395,-2.5932512333728637,0.04600624712024759,1.6919487831374362,-0.27219292238288195,-2.611959236840206,0.3831625190396782,2.1137960333883825,1.8847677094983726,0.6070161042087643,0.35198075205869706,0.5612086781156432,-2.124541452942774,-1.032665146693894,2.7709637362666513,0.8114410482111629,-0.9500613461201177,0.2905141503905185,1.34991330146071,1.2155822248797776,2.8067486805913306,-0.17464396693750744,1.2994688217256676,-1.6259467274579975,1.1912315546151826,-0.19979309852775484,-0.34314207682501974,-1.9145944437807938,-1.972672445012043,-0.15765342253035874,-1.0540350696095215,-0.9242996910253937,0.42004107038367533,1.860049305762236,-0.5870940185007718,1.5286676795742602,1.348069133026602,0.9719035488325035,-0.8617837866268654,-1.3924827414308862,1.0400190002746799,0.9896415586055098,-1.4538904765991834,0.524191498584712,-0.868295354981658,0.35397757511406114,-0.08111184018272255,-1.530282349640181,-0.9047905620569932,-0.5344661010126954,1.5685988961052728,0.8945320811627411,-0.1276865955472406,0.9137696286180478,-2.0614583179356174,-0.17265591476526337,0.9116007671308327,-1.9237027253357288,-0.672581738946127,0.6904987868170731,1.4418067966384842,0.24257453745057136,-2.7385346103390757,-2.265090305069506,-0.25343108814518034,0.5597007262998632,-1.577798861026455,1.4799122403403289,0.2956655215931755,2.079763562014829,0.2080563038624914,1.0893785169111192,0.5658797423751886,-1.504380146113534,-0.6692923503228319,0.8896566216445941,-0.7970716900546594,4.13099636617676,-0.7178653136742923,1.2568176594614107,0.5862231655618679,-0.37790983703841574,0.2984121611762321,0.3537305108934214,-0.28732928693662974,-1.4259048315996805,-1.247033329078791,1.0963882229708193,-1.0025536405024025,-0.35874969952395097,-0.8343935697897735,1.105332412071413,2.243770637858706,0.34291033453930453,-1.2753494734359445,1.497742103701768,-0.1235209850279616,2.567668549519171,-1.2007457000071657,-0.12551671756445182,0.7873486812356022,1.3393252698730722,-0.9854752238260687,-0.79407274488924,-0.06401698296557207,-1.0708621468200707,0.6442153652047116,0.30552506686255626,-0.4700904277653294,0.8556474200808817,4.141079689305123,1.4698072035119838,-0.25115037880423674,-0.8258206101303562,1.6524252572137241,1.2897564696526405,1.5905003310028305,1.7621750549954678,-1.3330353873641383,-0.16319392894020376,-3.9631389574890523,-0.3913593436040843,0.4793900556557521,-1.4990094632688682,1.3926644470201759,-0.9386383094835007,-1.0370962340780507,-1.3649538068131255,1.5295745372538836,-4.000657751507621,0.05927338986046876,-1.2718159887575948,-0.03527053686318027,0.8254026793726217,1.9901167244154754,0.981595907057406,-0.6636943182403922,1.1944032808651186,0.4342558475915033,0.043354498876895686,1.0881249461200742,-1.7411431538843694,0.0795386327783657,-2.261205630955044,-0.5616095451092797,-1.1707212148156043,1.7479730658122379,-0.3788167497256596,1.0144830025577027,-1.0105705765217425,-2.3688416083363286,0.07245231211076977,-2.1724773842863483,-0.31326528371712564,-0.12285485399633322,1.9120184372353237,0.7328012167601012,0.030493082185120854,0.11673521793109276,-1.0550884646668066,1.271121427426416,1.0073904041980262,0.284996666790241,1.3897905449927506,1.3744620324720396,0.011627965638434323,-1.2468479898728266,-0.6156793406107314,-0.8176153077574801,0.7061335372215756,-0.5308686481667917,3.3473328310052755,3.0972964204386226,-0.169309941417368,0.14835142735845502,0.5752182209658708,-1.215048907258968,-0.5534822577192728,0.2413403584113472,-1.8429500062992896,-0.2861862968806469,1.948227968972036,-2.729722488631089,-1.7349885757243584,0.6422154144170285,2.0184232151572354,1.93029224707064,-1.5526038461567642,1.005058023307152,-1.4947399009844549,1.1963584444267457,-1.136560253433319,0.39260976679051507,1.682811569441845,-1.4786226801647468,-0.9105959958693632,-0.20140307636356913,0.05608378813908399,-2.009645174085592,-3.201233979118116,-1.1767162443695627,0.6003388871754028,1.029748042080314,-1.6255201355853848,-2.1452022534957775,1.3127112082669705,-2.53245467972013,-0.5168006860854646,-0.11860381522612931,1.7801293095235147,0.5075676948103104,0.3438203599583422,-2.156901289073924,-1.7479040407999167,1.150445810027546,-0.7821149639653506,1.3247955075829703,-0.6526706823612552,-0.7931224925221944,1.2852703015159614,-0.8493289874486557,-0.2374874513951364,0.14006919756590974,-0.3284551173204888,-0.03408624556273143,1.20211725091504,1.4415863573681165,-2.5571870120936,1.5665815789913236,-0.1546125012246049,1.6267657943456442,2.4065248062910696,0.6245193201184998,-2.1059082819823107,-0.2985392768501203,-1.7111599093289067,2.723888943125818,-1.0835363575017727,-1.8521273210296694,-0.13507662131578424,-2.6076293208277654,-0.6851584302689948,1.6288447185044164,-1.204619913611094,-0.18284890187047542,0.3975778564208725,-0.9077386338364355,-0.12217541239846313,1.5744266428036686,-0.0563220283592431,0.2173908333239182,1.6790006959850416,-0.8989695948948622,1.5403679586934154,-1.0468614271805943,3.037617984191611,-0.22275558652472494,2.418139623647469,-0.5873098972047124,1.317593182550657,-0.07574136922439734,0.10523763953425952,1.0463255406050465,1.316640104930637,-2.096546081525362,-1.7816451131352697,-0.13343721096610547,0.8478078847075784,0.43979217692125316,0.25159637088820896,-3.1347194716639466,0.9544240727028397,-2.2739242170831853,-0.2706581988980328,0.5875480045235566,0.45621219467210306,-0.5510006664974788,1.1315589716538232,1.6411122315542699,1.0965146250976545,0.33160951319170395,1.8131819716259936,0.10030010379704535,1.0908232725924716,2.015956894259513,1.2452177097818125,-0.31247806098469955,-1.3897173733889359,-2.1105073776199563,0.1551811496743314,0.8641713082193074,-0.7311976361316856,0.061210995901236354,-0.12909044780177087,1.3739506607751515,-2.9182782132704546,0.16233783166859206,-0.5887024606048988,-0.674462103866066,-1.313848806793335,0.22530017627345034,1.396715379954982,-0.49980475513496714,-0.7567674095073494,0.7553014263020448,-0.6760567750144358,0.28611699386665723,1.5898044340557345,-1.3244061777729352,1.2238004253847592,-0.2767162839700384,-0.007859269683449022,-0.8000321763495672,-1.59518546462026,-2.589590049926911,1.457230396430616,0.8738711860847834,-1.6894256362861115,0.7691667152945256,-1.1129874540633389,0.8155978287507084,-0.7167536216456436,0.8441666818436311,-2.1919577460417505,-0.2671066873882785,-0.34918679203415853,0.8250703569253446,0.31954432321626325,-1.2688045719078354,-2.3978435325576215,-1.1759570824535288,-0.6368233504520121,2.0448282819509105,-0.625582117532656,-0.5380034627013073,0.08127593641126601,0.34909751259760924,-0.7261717442650847,-1.0346373751627675,0.16090604836341982,-0.2357297428269287,0.10638519630694951,-1.5546433121499506,0.6381036925915234,-0.7504814925299204,-1.1749967918108593,0.025121751643903956,-0.8540988326305552,-0.18724124181565235,0.5358667896182234,1.0963514613541905,-1.99758083433596,-0.3227802942638225,0.9566535522073472,-2.4824502501649057,1.5321924045506856,-1.128644848049524,-1.5087365343112613,-1.7301595261947502,0.6710090588773274,-0.1327865161260302,1.2064871961965766,0.29659240641845974,-0.7752185660372782,-2.0554993388593776,-0.7998553040855106,-1.1560162820890634,0.4863132267945287,-1.3383299207134671,0.19705824343213207,0.08767918468587821,1.3618307142618753,-1.1401685791339533,1.3947521884758876,3.1352180002452616,-1.0420670629976057,-1.4297760335782284,-0.43363152229227553,-0.8036604559405698,0.10133707435516714,-2.3968205890588696,-0.12091385547830169,-0.11588282736960992,-0.6620857824557448,-0.9348967650892371,1.660842663265004,-0.9120933670268706,-1.1327432501336607,-0.3333662623328763,-0.27452576966413145,1.64814240305612,-0.2983994261741908,0.6947971765523316,-1.2268641001721559,1.2808491607194357,0.6106754176314253,1.5507988499232654,1.299735633953317,-1.9333181874214467,-1.15403613945256,-0.5462821825586787,1.643357458484917,-3.2733937307079373,0.43430608534988435,0.9471771473925715,0.6355862074198584,1.0213991849678619,-1.7571424999220242,-0.6123237824019203,0.7843631196627534,3.1153959258603625,0.11036499168625388,0.05995191367078284,-1.635357407413814,-1.0315096972934903,1.9960240311519222,-1.0152499423814092,0.756735019524302,0.991560019679906,-0.829823220876382,0.5384851915937283,0.25756789296414406,0.07642821930730251,1.882619903975872,-4.0112858121379595,0.7536936929646817,-0.863516806746297,0.09159229652463596,0.027799369500379423,-0.1932224895676945,-0.7075086546548063,-1.9960497703852518,0.8449625553821296,-0.43957448952550904,-0.5000597095661301,1.7219207954513567,-0.3339221607941704,1.041525537215138,-0.2916044996406919,-0.5239138581965899,1.879954189134224,3.6161152420975586,0.3416379659499512,-0.9734543393819494,-1.6209294878641156,0.10833973760361482,0.4574946349479342,0.3286498890503431,0.2263990976416942,0.07289032759999153,1.0003225397517532,1.1280577677790071,0.5864202881249845,-0.9107477615032146,0.5881815211234759,0.11328924408215268,-0.749311060783475,2.885668711826893,2.219096129682675,-0.089242769741332,0.7489600872951452,2.0437965655202097,-0.31968377059178466,1.8329533524210517,-2.5407888694886354,0.7736173288191885,-2.1188421927043852,3.184626856826366,0.1541302057381354,0.27437962441079233,-1.0034590009332884,-1.2059524867167788,2.9264316486257407,-1.9323232273798623,1.1144476509369454,0.3590425425155029,-1.0042257796223053,-1.9024011766076017,0.9270524963769081,-1.2105332363015398,-0.10529122213860242,1.5387786531267709,1.771144603120958,-0.9695852683835574,-0.5859778743550488,-1.3062126009156487,0.8299518772500294,1.057653744669759,0.37166558450085646,1.8626075184829776,1.5288650530624954,0.17800297517609603,-3.813246412639745,-0.8516103778585049,2.626423979486603,-0.6618293372447146,-0.8468713021898426,-0.3779154379766094,-0.32230459753399876,0.29189340663186303,1.1299865120756625,0.6132390577218374,-0.7810698981810447,-1.218617843756754,-2.3615488184690605,-0.09735831348534629,0.03378468308512428,0.07141436877261342,0.665666567631725,-0.7666144621037291,-1.285340113659754,-0.20501787847737718,2.8643616221244206,-1.6854225589523852,0.8012406032024698,0.9129216784605448,2.034695788352882,-1.4870968023401945,-1.573822369817715,-0.8658782183924341,0.754843792755016,0.44055672914348487,1.051841863825021,-0.930397227595831,-0.7207423258244194,3.208068144361228,-2.6963334811152695,2.435355129705345,1.1276630166565127,1.3556018964208085,0.4785295082411078,-0.9445791403259924,-1.7137175142372256,-0.8411368753906265,-0.524413626225235,1.1438130503612032,0.8240554615730136,1.4482732546431167,0.6329438916217655,-2.7092103766685462,-0.36633424463153175,-1.1403233083152604,-2.2486269403138586,-1.0919529309883798,-1.110359163716875,-1.827125348225909,-0.5976545414857957,3.6512896533746124,-0.24213157525870144,1.2869052183319474,-0.3184696619819034,0.9818179511532237,0.300931177084903,-1.2546431200019281,1.7418150106604062,1.4866758393226833,-0.7457598331636034,-0.48733000028567763,-0.8209599400964532,-0.678071583765456,0.5456915922853537,-2.4840307183388903,1.420561267194777,0.6365802983521881,-0.17003631151705215,3.293611800920219,-0.38313220352867594,0.30395778051311695,-0.710345690606818,0.40513764088322723,0.5557246083659806,0.6847686431522516,-1.4183214094170038,-0.6459747439551736,-0.11592593594457845,-0.3511882431343839,1.893572519539833,-1.2151105856089834,1.3815105603030655,0.6858128909024257,3.4540606091010537,0.39491922470975543,0.6429263360523071,0.12160068211978226,0.36758195579955333,-0.09890024999603393,1.4190396348685583,-2.964707510293396,1.806188414111332,0.26400271657080543,0.13443004334057362,0.26128487117935584,-0.2805470776880746,-0.13072016418556048,2.156729227912989,0.18474476331791712,0.7742753508526502,0.20482984224976888,0.567690987422957,-0.9146877771695239,-1.4342749152373302,-1.0113835485300235,-0.8731573824134435,0.4906325042732054,0.8864056311417857,0.47823440764640646,-1.0559837697032282,0.8396817287852817,-1.764169253036553,0.20895514303791662,-1.2900169736795188,1.2359184727812897,0.3421325008849053,3.1529659636226812,0.465234948735478,-0.2493704488629342,2.103988581003592,2.2139343801565845,-1.7420496775761487,-1.118561665969937,0.44150927396531037,0.16720055866127484,0.9799133508908746,-1.1091857694588838,-0.6514104907848479,2.7247348683653785,1.0165371429984622,0.042299609287389295,0.5911021769423175,-1.995631483325865,-0.7106136264480404,0.10489927069476507,0.6615773585551539,-1.4615347285465412,-0.5725795610089681,-0.9105732858267164,-2.749509518332465,2.71283725226996,1.5506219994747839,-1.162708491682285,1.6749894091405821,-0.14550184297169166,2.4071378917566917,1.8213288610223775,1.1443775838474144,1.1905958263091545,-0.0025658590610999066,-3.110332277802124,-0.911114786892583,0.29088823825834353,-0.006743746131237183,-0.5860463502922186,-0.5949073654464382,0.8105689117947931,-0.30330630475892656,-0.9040423359840942,-1.05477835620511,-2.021586238599727,0.42360170598495184,-2.489699451492668,0.5521676641644537,1.3200446210359433,-1.272941299369173,-3.4247492509912982,-0.8326229136662049,-0.4075423314283327,0.14275210734808996,-0.2155562539150332,1.442179873332498,-0.5175724894275302,0.12850853617325397,-1.9504001919455254,-0.21439063297046967,-0.9338827718185978,-0.13276773221440946,1.7414507407129314,1.293761683327358,3.1226702704378653,0.9967812034448758,0.5951385365595596,1.0209982225788001,-0.8103307638373619,0.5562958453648159,0.8133831348854211,1.7222456561659143,-0.4997757196636983,-0.37587911186104506,-0.6000002402016213,-1.0651564924825367,-1.4479115885461395,-1.0350519608230355,-1.1059285697518564,0.8248350426457358,-1.5575058626794458,3.0259161675272592,-3.011829828915417,0.8597137532367514,-0.20053422446531044,-0.9367542066559108,0.05189277087374716,0.47255360322923523,-1.0980702538365315,-0.2677927618130921,-1.6301184983892845,-1.5434383551370772,3.1550127726201875,-1.6689785089645028,-2.1723712055969515,-0.8292956877518383,1.4301172531537696,-2.4670756396190963,0.8685334506082483,2.2779793100903287,2.184576147998146,-0.7049736208062942,-0.2713760648809995,2.4751131139767706,1.0118056846763228,0.15953596940015002,-1.7184847624690072,0.7678206018633718,1.064728337157049,-0.37806040029880317,1.6238455387556439,0.4551035167873589,-0.7251913638521059,2.0229044774467386,1.5050713913054572,0.9353448350061145,0.7910080748362847,-1.6162649088737946,-0.7548006723038861,-1.280208693690525,-0.06099269825446396,0.11471340798276486,2.36916894857931,-1.588660833838214,0.4017422038132149,1.8223172688650098,-0.8444620361048241,-0.04326542663273976,-0.10820944998190463,0.8258930162180421,0.9302761295242553,-2.1782750084241718,1.6756013771918286,-0.08601851629672941,-0.06056478173619971,0.7133490004325463,0.8584550284669556,1.8448543970600062,0.09235786585519445,0.8847956675172616,1.7730610756779925,1.3330933534575908,-0.009494875797633057,0.11630661381920637,-0.263665143169811,-0.2847168545063896,-0.2280374118788604,-0.3159960137798907,-0.43524841632529465,3.0074695955387605,1.808025815385485,0.707665580403124,-2.3355520131760628,0.17189339033460643,0.5530118760444591,-0.6601278006671994,-0.8056991963963934,1.5985211746469583,0.008015448365888023,0.880899697878455,0.22718783466346693,2.856506891306091,-2.162116986436626,1.0914271203257881,1.8449315564987572,-1.6349505808751998,1.4857467588643702,0.8586633878675383,-0.2712895580409348,-1.6111280402282278,-2.7152015865892616,0.8192951656263308,0.4249937450054262,0.2662378070452075,-1.051108451381155,-1.698440055821401,2.1018729758380075,-2.187891808743497,-1.5822985746089353,0.42344251445758585,-0.5543095008618804,-1.0113459327109502,0.8392865024199089,-0.06584260524670449,2.174845834770121,-2.0588783826074883,-0.1914138434979,0.8969945530038403,0.8740844707993595,-0.39058167503124386,-0.880945075072466,-3.786486969807245,-0.1876608932241567,1.7104115900526469,-1.808199304358106,0.2942573348984391,1.3886649558601896,-3.1716474871689124,-0.42222309170380556,0.23403468008918482,0.304339717973902,0.49804464615798927,1.3723579604228675,-0.1648299519725404,0.9118837139662295,-0.01465699161618983,1.618566714718356,-0.5111088105540235,1.205718483610336,-0.49222167458195093,1.6897153360543509,-0.42831677873145246,1.0399105322750533,-0.040748149868328754,-3.233508541799882,1.571165108042946,0.28414472892992415,1.2767604893761069,-0.6034531119717179,0.8024476700531555,-0.007628732794151216,0.7674695887081187,-2.10670620003455,-1.9700807296325964,0.7732300732611675,-0.23085094688569135,-2.135341552145662,-1.086804170068652,3.862283267606967,-0.17970082910387997,-2.20594427907995,1.6172230190589167,-0.218173910101305,0.17081338698648274,-0.9605464950868203,1.1578945160790384,-0.02585783185668522,0.08708132168425028,0.6687302100593577,0.17203009775754174,1.5766002513500723,-0.4273411011997925,0.8278092671666976,0.5886931490615933,-0.5128994522727237,0.6041299030940848,-0.04538326009051402,1.6822092673370284,-0.8445698033262529,-1.3761993684164024,-0.098559577750089,-0.4846996237362646,1.583535547853764,0.5484078562258797,-1.3470003356052969,2.923888090577399,1.3850482585350326,2.296924576648711,-0.12426867408518538,2.0812757066591345,-0.08734832824578587,0.9558604082070742,1.3687160321172476,0.8954450515578999,0.7186806707865983,-1.1178459514742638,0.40572506234613614,0.601257126597462,0.24852058747819006,2.400494796132085,1.3952531056224247,-0.27608794579752394,-2.2310119891089917,-0.333904716730972,-0.19001652453635398,-0.21559226834512318,0.4203536531131782,0.8671613602082001,-0.7432432523347012,-0.9909320019143009,-0.45314103047347665,-0.4427455812205922,-2.9399915523965494,1.2122849227873256,0.5390716188575143,3.7291386924436005,1.6678156432298232,0.21402902283647368,1.6892106354760603,0.7124027693344805,3.225276412114578,-1.634430916895451,-3.615136080415556,0.8182364373052085,1.5669066146275998,0.48116462347584577,0.5664824802476804,-0.9605280377842115,-3.195884267566316,0.2801388680921598,-1.3761091657287883,-2.0746898851133095,0.357699733852906,2.160621674109652,-0.39536711328398855,0.046709505492193326,-2.301662005001221,0.4305209004190354,-1.7682273272794813,-0.9363407332684726,0.49920368985313407,0.6996605059531931,0.42803033155155995,-1.6225977942615124,-0.2537853173488723,-2.9861899489082333,0.8630565506821102,2.3327429539057225,-2.201204657436504,0.219551634779949,0.5380276967640701,0.36766122697048775,-0.3382372648861206,1.3078694718325043,-1.1948346107126078,0.575614144022855,1.69387018230102,0.4778039415437175,0.556230025212146,-0.4103659031491267,-0.16055092951155442,0.7342712176074827,0.0641718153265528,-0.8740297170830016,-0.11134593017700564,-1.8112720151336097,1.6118806858684345,2.2195205377343825,-0.06605469038990774,0.4044076143762009,0.34782750028457926,-0.734581126478823,-1.9779287170413873,-0.9143180759377844,0.9450892920247347,-1.2762263217814522,-2.627543137302143,0.028631737279736225,-0.2986365383802379,-0.12945095400935724,-1.47127354017358,-0.1898987975953006,-1.0536613056401067,0.2608185723386929,-0.34300925108832,-0.18492394127690304,-1.1768850083390014,0.16920071110681487,1.3481836936999243,0.6040346898864791,-0.5906485448275609,2.0252337619039973,0.5726527905990009,-0.30495523422505977,-0.4377525496826928,1.1686271257850458,0.4309464549659229,-1.6179743897784193,-1.6996710735217961,0.0808929652456285,-2.361151822205405,-0.7058768726092042,0.07701500086461371,-1.1908919326274703,1.6719864801231343,1.0928594919529089,-1.7271602873999574,1.6356366557541242,0.8767225628475238,-2.264260157979244,0.935435860102512,-0.5020628818642142,-0.05342805143351792,-1.3667218510275236,-1.057281716939722,-0.6039933468328604,0.7661415307564154,-1.1068100398319316,-0.3235330605411094,0.8649746485960419,0.4065687035602863,-0.9828674106131103,-0.7719657082623687,-0.4529452650256504,0.4018639236019441,-1.4324512693650084,0.5906783419085515;-1.344126254200033,2.065226115503763,0.18651199457380965,1.7635410744830846,-1.7837833650190527,-0.17243878101165425,-1.6297120943239176,0.5718926669920872,0.6118855276380333,-1.6232185908950438,1.6124896912726288,0.6747632772057244,0.38909799109359927,-0.8285279693395863,0.12550461653650058,-0.5861485725044393;1.7204340030214935,1.8560553445727694,1.7594268803187925,0.6198367839018813,0.0292799502298699,-1.2876632595561452,-1.1559489476077318,0.699208632261274,0.23131410448010503,-0.9662691590552225,-0.7593790832419998,-0.8609821234500578,-1.31224747590505,0.9694795687441349,-0.10121836467547407,-0.9270501132256609,-0.9367717207140596,0.20296058013291762,-0.38022893989614703,-1.5677736873486239,0.5049305314483787,-1.141873665014012,0.6149567322678977,1.0021365908201216,-0.022032776462169473,1.0204197527782222,-1.3199812072786226,-0.19990981642933955,-1.4883216240299435,-0.4007514218706294,0.7549745733261326,2.5952662266675914,1.1705365982099232,-1.5610645819589344,-1.785031586084356,1.2128856792034992,0.7443801475018426,0.23176418948313615,-2.416643314512933,-0.49958791986852497,-0.8239100847044052,2.0151865546532104,-2.2801091994882206,-0.7330709128254925,-0.7514546156317542,0.8819105330137731,0.1717612026503319,1.6286240676588335,-1.6319580442317432,-1.9260208323810848,-0.9740627926237407,2.654134968045824,0.9794225828023708,0.8519722480291072,-0.6532680706858098,0.4471082037485795,-0.30082576351365886,0.2910726384386863,1.9901051121980575,-2.33578445368872,2.4318680283954612,0.4594056759216591,1.216599505500947,-2.3844596334002848,0.058399257325600695,1.1523655393998988,-1.5127104627687384,0.20669378888267773,1.424933723347386,-1.6507165246630575,-1.6298650223373197,0.6087686273337856,-1.524184441674537,0.39997026450494466,0.2549021511382792,0.20202505453962114,1.9608110971199437,0.21037542187333047,-1.0896939301432842,-0.5430631892438549,0.11862835757354334,0.5254640091740775,1.6569302502366652,1.2564006178759306,-3.2045696028418673,0.15872468269455303,1.9068197903664137,0.1639910401365965,1.879386353770545,0.9894962543840562,0.3583925586459132,0.9483158278649886,2.078755417094789,-1.3150680968175021,-0.07318501405584338,-2.24999604303532,0.24986186847133432,2.0057809401859936,-0.8210778336181607,-2.0629565231925673,-0.27409008227001874,2.1412409218388517,1.589399212206732,1.6176055379649812,-1.0567170796699126,-0.6230304689436464,1.0286546417969604,-2.090216599468585,4.371189367386119,0.9768101580559528,1.0470774013019148,-0.616289195438667,-0.3981540349920779,-0.7628599338017533,1.4949141703949738,0.2268403111904859,-2.7289216372533067,0.0660869275021414,-0.7381388545904293,1.9431582874503177,-1.0261504174063563,-0.35972822558902334,0.27348510486208594,0.3127311941328381,2.0552872287985804,1.2909302158142129,-0.28778625636581545,-0.594307740172664,0.1942676972419141,1.0389982238565951,0.7124354627174609,0.40938091957864353,0.0962390450294261,1.9337618253283944,0.09731991355493352,-1.4814394891510658,1.9047780160710008,1.3463726674328866,3.5355031344958143,-1.6010284258713623,1.281329599385382,-2.30512618953992,0.5267591185954661,0.2544341603354835,2.386077443995148,-0.004203394371826263,-2.065517010787678,-1.3851151158252857,-2.2564887073362003,0.25126836071384523,-2.7580723058240744,-0.7774555800517605,-2.6229814957059276,-0.2972688923527007,2.277019104513532,-0.8154630008965482,0.01650755349875843,-1.7843415545179084,-0.8035580852293703,1.0900645941446176;3.412523617601029,-1.3422905582441365,4.385106078923446,1.3756822978556955,1.9061177453078308,-0.09911035040587142,0.9738123072733091,1.2338828294348738,2.134140715850275,0.3875398698308966"
2,0.7407007715592893,"0.5261930721225665,-2.64238621896967,0.2696969180330697,-0.5109977215714541,1.9228456663979054,-0.4029102048359483,1.2905926804692633,1.5419747182406924,-0.2909742007627407,-0.22572831742979255,1.121655550384292,-1.0845308104823992,-0.41575557834728516,0.6689516153391337,-1.9483454406151424,-0.7405995921585127,0.004290310668484537,-1.0337741919809524,1.8963577774164875,1.9138564266686773,2.3347468150529274,-0.44755565965195665,1.2013569502068204,1.0661074471406216,-2.2334055920649005,2.656803811194955,2.2662819876679685,1.2987503345499356,1.5960193858888794,1.8999154952236907,0.998234314225974,-0.32166859297446027,-0.6454418682755212,0.1098164054980979,-1.8873365818935373,3.0978673874728075,0.8020877546594334,-0.2701165911871146,0.1680854037958402,-1.1628031800268412,1.5375475595580594,0.288304530214587,0.3079675749374904,-0.733615185145621,2.1709930532522748,-0.6347971279262972,0.5035709339966712,1.4934652325706987,4.34470723073873,-0.3606273105109597,-0.28554436166864416,1.0617436839908454,-1.1564048859859735,-1.351184865670215,1.5372040652621999,0.48767389348727197,0.12996077478153117,-1.226649431726549,1.9988138553632961,-0.33219294280450473,0.6229971213199048,-0.606597657495269,1.811188318768879,0.6928816555291033,-0.48589744261338247,0.2270263605304186,0.5729735145119215,1.5236134068013263,-1.3565650043353294,0.4824761024695129,0.17994553104745362,-1.2113282550554891,0.6606475640715522,0.37983437014450144,-0.02852673225586555,1.8235941262421487,1.2135608424080289,1.0369974300574842,1.2760122604236799,-0.4585922970492644,0.11465852664754123,-0.5395084429244562,-2.809252073744805,0.3019532596329102,0.028776199652461476,-1.0134121186556493,1.2017469342982814,-0.40968292147554863,1.077049470904987,1.0913513207300483,1.1522242254871267,0.772379516124232,-0.9195774762872604,-0.22171633058252393,0.969392372426316,-2.0114633306744754,0.2024924470360972,-1.3898587319329596,-0.8707676605959898,0.048214797132474674,-1.2921458745573688,0.13647205537856316,-0.1114399891966229,-0.6799364777312182,1.122051432533225,0.3189550278429666,0.2847399039519507,-0.016059874725751433,-0.6290587143767822,-0.022001354199858103,-1.9480861614839102,-1.3878656710006598,-0.6774707133447072,1.1601830301702072,-0.07371433524545323,-0.7746244665915963,-0.7501962594655052,-0.5971479589938653,-1.123990372147455,-1.8228162214494619,1.0440036131008874,-2.325205156148026,-0.7453017881203374,-1.8617359871807844,-0.5329425812157677,2.807613041498657,-0.5065388129178288,-2.4946977274383966,-1.2291087495156254,-2.3506467161451905,1.0224578018337658,0.20520797001372826,1.7914657768445996,-0.6581630002500124,0.23861112960192554,-1.2282153566363831,1.2858575486604034,-0.10623204803555497,1.9701626705602102,-0.027838916695872462,0.9564353774013599,-1.268228841715479,-0.5206838230199169,-1.127638430391491,0.018373173915854135,0.5418620376620125,1.7550796333215786,-3.352145117478504,-0.792636972123452,1.24698866658796,0.7837597175679263,0.4099845784647142,2.3118482257790305,-1.3444267954675893,0.31385083768163846,0.790783299859584,1.747280848653858,0.08304887464311983,1.1399354714619556,-1.294770548780345,0.8884563987996181,1.0403411051773714,1.5466446019787699,-0.27852256716238505,0.017013783980887487,-0.9001891694492694,2.2805528992645088,-0.46860748553632503,0.2906001183327192,-0.1959978126065407,-1.5012636190314583,0.5845173695417296,1.0038500952308538,-0.037422438870059804,-1.2011998840015194,1.4212513757813698,-0.3687937376282848,-0.1815574848067975,0.16727270695837038,-0.8443427547516981,-1.2416072465860766,0.03300072239340138,0.49250016157368326,-1.513748498688635,-0.6996915411837555,0.16894259587982008,-0.07192317537658544,-0.29267737597265553,-0.7411033969732523,-2.2127519119529544,-1.4376779679862528,-0.7980861793772819,0.32468283253053243,2.085280635828357,-1.7093492949133728,-0.2833422945865173,-2.6556995123853193,-0.30873686438437425,0.1650789817178057,-1.2005072871559275,-0.252769366212366,1.0021067339371168,-0.39006760136366775,0.910812760494923,-2.6906757883213124,-3.037951235465262,-1.006080811741624,-0.6404638500190339,-2.1673165601834166,-1.3364370856663874,0.3815650243046407,0.9885546369698722,-0.1591582634226753,-0.2850297005172099,-0.6993047186069667,-2.3640049237747665,-0.06210248053569667,0.5852781019949997,0.013245390030633242,3.7197082200693456,-3.1042709326816,2.7148621251952583,-0.11794629044703589,2.090289802527121,0.9579843608046761,-1.2789324784115335,-0.41975589427700927,1.7997528235673736,-1.603454785094433,0.1413092311431704,-1.217038991190437,-1.7205045039084326,-0.8747423421674363,1.2610679272232859,-1.3372456577986913,1.1774484862750765,-1.404053546372649,-0.7854470427175797,0.9662313564173176,1.3744524284829773,-0.19202479599606764,0.9404881483822398,-0.40887135814538,2.297156905843484,-0.44756887592569444,1.1825162815994383,0.5755273703383599,-0.5950462320459631,-0.04773269068864436,-0.43961590295830144,-0.24050406967705198,0.21150886087075843,2.087238162259065,1.412816275333205,0.5668579617197587,0.38895708441390875,-2.4706230137773444,1.4523998277334214,0.2825255058338829,0.8579680111165925,-1.9738330119197953,0.39326016513287854,-2.1906395505650202,0.6966230259170707,0.5172142329471403,-1.2916650935621392,0.469562060936899,0.9418635365906309,2.049933368500034,-0.0635311365884974,1.2734173887487452,-3.1324259259338887,-0.8900195516565581,-1.7718018290333566,1.1293087229897847,0.5376456729548339,0.6009574627749756,1.2643116360903732,-0.5548633543212899,1.7251657889851946,0.22883084497395145,-0.43876074629812434,2.6924000266414616,-0.8422503895981284,-1.2494613169820314,-0.012163827161588148,-0.1472323717930979,-0.6113348146648745,1.670166578272906,-1.0631008482504907,1.2292764479089033,-0.5990912571866089,-2.4199479030324307,0.8889476279613286,-2.2858169885749975,-1.2952905810710842,-3.014969058628286,2.6530946294347166,1.0001476766658783,0.024328329176502184,1.6791029908014152,-0.9421598902701405,1.595965538562373,1.2856269981724036,-0.6841202565444,1.125893382918435,0.38039687387141796,0.37198933276994006,-1.626190104336159,-0.19674997057544819,0.3266699857638204,-0.07944924272976511,-0.4355415409924872,3.106425945573115,1.5242134609995497,0.6369804960895542,2.000634863746151,-0.20090381502379578,-1.6168064749843984,0.8849665292933951,0.796490954321434,-2.8548940206439175,1.6004580709369782,0.2560769118265882,-2.1901423350628035,-1.403647685645245,-0.6417176628855085,1.6824172946174878,1.8516406107822307,-1.1061067195841843,2.25139844753655,-2.5140460748891473,1.0869763847620946,0.41089712257429406,-0.16167353171850352,1.8441111821853662,-0.37513807667837706,-1.9511732964229762,-1.2915113312599606,2.2337058620536814,-2.4990503714526975,-2.534457964696059,-1.1502883622830684,-0.3184997946885253,2.358777822216795,0.6744683565964062,-1.2586543868370845,0.26119923561336644,-3.175597101797627,-0.7151936383349689,0.5994741394916872,0.558968468759122,-0.0453021025663537,0.3599731653971667,-2.5898656784892027,-1.1515844337231553,0.9073958076481508,-2.132925998727878,-0.7259127824835042,0.37931117550250154,-0.27838712999078163,0.17100912322946513,-0.5840420367601382,0.22693262464050723,0.4325582563935888,-0.6889838130668866,-1.0639223325698022,1.308957526314111,2.093663400898409,-2.6480165812594563,2.489683027760825,0.3578279330592005,0.27334685643878176,1.9667560321240127,0.04061367646418623,-1.1188095782148524,-0.5891159523867753,-0.8722990274240521,2.7462690804934153,-2.083765026546063,-0.4498337226375754,-0.22680648132621067,-1.663183888068585,0.4484361266869976,0.405588216635583,-0.42385913868651254,0.7321140907967452,0.6035642423249848,-1.3871558832408786,0.8046417805615127,1.9412594620376291,1.5835812217941552,0.7970386918022876,0.10421683050411756,-1.2260492810597796,0.3697480862047382,0.29244082111073477,1.106270493301243,-0.6762333122410783,3.0303858494314433,-0.303975015311329,2.3053745571765214,-0.4966520365295725,1.0418717568166795,1.2610301865561155,-0.6595796723060219,-0.10128170233469391,-1.646943094269148,-0.7098063743747285,-0.8014172538300574,0.3832493519649809,1.9569813650510317,-1.9537377632281483,0.15574947336732464,-1.8140560040831009,0.5819294223618704,-1.330844574814666,1.2712105157317708,-3.3226939931632153,1.5787414108294449,0.07292027215120345,1.1609674660565652,0.4517265404445877,0.7844326592124433,-0.3549402024251356,0.810829657637681,2.645506706362238,0.45640003894439884,-0.5031011458983674,1.1539203689870763,-1.809129008943922,-1.1259744706274577,0.2543119905156084,-2.2371101392094523,-0.3245513603152025,-2.5226507512719536,0.7219142758915131,-0.9031116276111953,1.439883064098753,2.456380816622578,-0.4090770363746602,-0.9430076260702982,1.5554810719450614,1.7741371987215384,-2.4991268708356618,-0.1648119491305699,-0.18050298840702644,-0.3359668462214194,-0.6150079288179353,1.659012053770379,-3.5330924259132424,0.496005513614066,-0.5876258325288962,-1.461602797175512,1.4209421452981776,0.4458595701541569,-2.9521897504339214,0.09613415911352563,0.1933704651793944,-0.8162851314964357,1.2217030908916282,-0.10666085778622825,1.3739458815532923,-0.28133540424090153,1.0947729359269764,-3.4257134719224966,1.297627518189428,-0.8973566685858761,-0.08089272716994406,0.08199982523420535,0.0937331744943396,-1.4367642891984187,0.5508245231058614,-0.7031109116277658,0.4760647428495088,-0.45608330244018924,-1.903282188469614,-1.2275341183448527,-0.2749618898424825,-1.5398919500232637,-0.8795019899418849,-0.5072004107934379,1.124855393355571,0.9046013262443828,1.2880704627865742,-0.17078822217320822,0.9360111666454505,-0.9103929416349824,-1.6009410629077534,-1.4789880932941442,0.6546033985018255,1.177757907482658,-0.09155343513927762,-0.6388678593075245,-2.6120856480644723,1.5795497563493082,-1.9779805448521373,2.328428647984172,-1.3062736729357713,-1.6507261312750132,-1.729216721367409,0.08328888563001069,1.7261992740022678,2.127178727958454,2.694897966569953,0.9935465277844808,-0.6697087347466484,-0.02627497846703064,-0.4727924442157653,-0.23349729984464762,-0.922677328856949,1.9676845388362612,1.6902263559100055,1.6886329357253556,-1.0374225770948837,1.206024994723004,2.821661360727959,0.46627956983754115,-1.9018015429815358,-1.3332537399400723,1.8722620796571925,-1.5752841347772069,-1.8524926515322466,0.768408867549889,1.127934485199765,0.5311769023705484,0.3528667836361401,1.9917429715234172,-0.20753110521712537,-2.48628023549728,-0.521679466949468,0.3829377724159477,1.6368130324756986,1.2862991499840266,1.602549308647419,-1.3436111437101752,2.943251685325249,1.696547499576866,0.9599985269316261,1.7510457556688943,-1.4486558130169438,1.328845566258344,-0.8542302351628179,0.5597491547851478,-0.505330450321608,0.8758555657101799,1.2003373355047438,0.22477667627260173,-0.21477235390675709,-0.10662015616894749,-0.3614498070382481,0.3808423814926911,0.8024140684114887,-0.18646931843503753,0.08766275337567686,-0.7140636259206119,-2.104430279682532,2.440861775707285,-2.6803676991637775,-0.610357687584545,0.47514855773002707,-1.9153285894073053,0.9309475506189083,2.012697618216831,-0.03295841733116282,5.002119063364651,-2.0897598361851952,2.0685752513727094,-1.2339274611298758,2.0955625775363025,1.2151952574163785,-0.7736605946370881,1.4647605289293981,-0.5753037446968574,0.12977311210782738,-0.17748305069732173,0.46129397627744984,0.8704480503098334,1.0318451163500362,0.1260155985363059,-1.9328952815389369,0.7611233331387866,0.7427532672226487,1.0506632219712104,-0.11713466614956648,0.5525000309163784,-2.2329938275156356,-0.15531039837058302,1.3808237405560364,1.9403894986760593,-1.3266911645068744,1.3046753484400455,1.0830533739004238,0.1422687702912927,0.8536344522651313,-2.156937762636443,2.4655612270101193,2.1897686151291755,-0.4963498074126438,1.331785301886817,-0.12259534728497568,-0.7041896691972078,-0.5887374494647386,-0.5069000443692475,-0.7199376140167695,-0.5601549303910974,-2.3713247862821847,-0.9218279837087537,-1.5054335257131473,0.9350404922300702,-0.7321766975346313,0.2855197759294761,-1.6819800937733507,-0.16492708267821118,1.1903965868081263,-4.953897976366401,1.6719543016889478,1.5100314675447195,-2.3774645581015443,-1.6374842244841479,1.0200164229650768,-0.13798469000448865,-1.2822181598426166,0.3816659251510034,-1.2625010366946456,-0.4086524995904711,-0.45821995048864217,-0.5883353551580734,1.8829533673116807,-0.9217348264846308,-0.25143271833210645,0.06667823018724456,0.5792073417421064,0.4700273150955507,-0.44713530177506844,0.8346339809997678,2.515487828274922,-0.5513413863220198,-1.4669113209222675,-0.03421115289289728,2.2231726668593126,-0.8634636444988015,1.9917947179854512,3.0271738190159665,-0.3301004995366577,-0.026590881431378555,-1.8404478279942835,-0.0699051402899164,1.7579530437241369,1.5391363817901227,0.1954259132940561,-0.03467106186937585,-0.47644248788910704,-0.17446464674347684,0.8385823601097135,-1.2177387173519238,0.4561787136808597,0.3137907107822199,0.9132949011359035,-0.7800336683022523,-2.010054498453286,-0.7080598103110776,-0.06448199735401883,2.9750513157290133,0.20494752558456197,0.1442521320627329,-0.7643788018393685,0.5396102608472629,-1.7974165463847527,2.520672448142588,-2.1631117089641463,2.1329455323323843,1.4746675384350945,-0.5251551452266437,-0.5387526225381869,0.970993061452605,2.5622098556428083,0.14519621569914848,-0.3927239220924661,-0.21223097873648905,-0.09107402561962828,-1.5804812623697106,1.0551978326202711,-2.122799321655891,-1.379841331771665,0.4314109894282194,-1.9995569643232143,-1.475715982419831,-0.9295094379265474,1.4786843266801486,-1.2598101873231364,0.6119017290682585,0.15653149943858824,-0.08821621130455615,-0.2224275398558313,-1.8994105360045,2.045382188936417,2.4862652180694735,-2.2245963755387734,-1.1319833510301043,0.6711068889155742,-1.4130918069139893,-0.4467229077306042,-1.794420834388819,2.1474656103772336,-0.46259642869939976,-0.5115345772369841,0.7636979866296041,1.297724273463996,-0.1924149116702762,-0.9692385339692728,-0.9698339604191207,0.6941290572096311,0.1903905263107536,-1.5403119624409536,-0.4744469789235373,-0.7919228018459245,0.6157840848991846,0.5562370217161312,0.16729108343013355,1.0066285981439798,1.2838293252266635,1.153943764611628,0.27203114233280673,2.5523099247799093,0.0683927539528344,1.4194787899739578,-1.3977628409771279,-0.470242738798309,-2.860458128882711,-0.2709776295590368,0.04273870132608719,-0.8227808710457559,2.8338697142375384,-1.532156828514192,0.8029939096304186,1.6502300793881597,-1.4852486569569683,-0.8638148833401631,-1.1005701963231223,0.9576791314109478,-0.11092719823623742,-1.0678159215162148,-1.4927155309854254,-0.20735922105333449,0.04206813607738685,-0.1551228043916476,0.7995722177199054,-2.310983854659364,1.295189846912449,1.9270520822674402,2.7955372608908933,1.0141516014601355,0.9426469941151535,-1.9128489364351426,2.7117085294025394,0.6620755814008021,0.042364852472542874,2.3858026425607957,1.4730062542329976,0.031470992696874034,-0.49732410819906536,-1.7830665555167444,1.4786130026342013,-0.9396706474678463,-0.7372241360181757,-0.7034729443782739,2.226219398563065,0.40520207089199667,-2.0051637180756896,-0.02129784355253099,-0.9450160756414333,-1.9541297722490194,-0.6294513345644133,0.06513293432369544,-2.6178287652563306,0.1572360803833935,0.0678678337991514,-3.3473380816913005,2.728207819956189,0.556983168784852,-0.5731724614238692,-0.2320811209464315,0.2274000801839402,1.0109591211408129,3.22696007368305,-1.165992146243911,0.584217613459727,1.5635172215697786,-1.514285262104882,-0.532527654019232,-0.09212691482224578,-1.1186827600505542,-0.2717811853658129,-0.3233413584124334,-0.228572882920885,1.6158931889120514,-0.9430482142592965,-1.6654126516709025,-0.30688097906821576,1.271696667820755,-2.0498812172061465,0.3868048552583385,1.1282716568408109,-0.8225357677080323,-2.361781659357615,-0.7128614060635198,2.0672008201378076,-2.6960045984776664,-1.122506127586627,3.250064575419512,1.6207182785188188,-1.4017889442487452,-1.186487678145769,-1.3688445627993517,-1.4197301580861625,0.7084668400441497,-1.2367039216987599,0.5598352763768712,1.5703204010382112,2.0439784142395765,2.104183284640526,-0.25263762099821296,-0.47306424739317204,0.5912299015659355,0.34253891059516106,0.1558628940160059,-0.5982131062421161,-2.4332559498152158,-0.8088836720661394,1.891296776591408,-2.105488035667607,0.637500856563533,0.15970230615654213,0.9377814670318536,-2.0079256464080597,2.3123048239875956,-2.7193687211424864,-1.0489731312718877,-0.08676399624961117,0.3221611455452509,0.22745794816455964,2.8975285890843185,-2.3848365031470022,1.0237694565526703,-2.8394425685084292,-1.0422936362041324,0.6112797247562143,-0.6879719867835171,-0.7196574295946252,-1.1697140251466172,0.9659322019566658,-0.7010519498321,-1.1859126696418973,2.339565701105276,2.0548978465568424,-0.06002180122076431,-1.4245299062193713,1.954927986058057,2.492169571567059,1.151917945619141,1.0489876509702194,-0.4141473981735142,0.1211243911705581,0.817873180016857,2.295053678055222,1.791866091348158,-1.8778769610793116,0.18214951116160116,0.20837847840661106,-0.14811435028476294,-0.27156908597954077,-0.8506222080969192,0.6578052259968162,0.5021348037058537,-2.789750536450935,-0.339487323440306,2.1687556160754093,-1.3285871236317988,-0.15946934603179097,0.11958615647476056,1.5776063239880072,-0.3548387955917728,-1.0020417061800233,0.17304363331360076,-1.5955003323978012,-2.9970026489159407,0.9685641503918805,0.758830514390548,-0.23123684033953434,0.14627013484750884,0.9231311081395733,0.5575157489662581,1.404650964469531,-0.22519307474036518,0.46550422094249966,0.699225905920277,0.08507578525645795,-0.7119264060492683,0.5917573080918612,-2.8450194902519406,-0.4614515026916982,-1.0286635137642328,0.14892954316695017,2.1578065691040234,1.7267299546461468,1.591315623311978,-1.6395579765449932,-0.17261768892756107,-1.5930707981143204,-0.6789634582683509,-1.3903632909205825,1.8668623980921153,-0.967474790039651,1.2026049302893989,-0.37805081936232054,1.226247996782976,-2.13313642355833,1.2516880228180411,0.6896497063648785,-0.7842128271822703,-0.4987169677583623,0.10252851982098435,-0.5025363992135962,-0.48026916040843726,-1.2370383680308297,2.8424683342305896,0.8316393302888481,-0.04197217280216847,-0.6706500184529167,-1.7748036144885742,0.20176537928284843,-1.4702660231052862,-0.48206625887691656,2.20754839778938,0.19551473559913765,-0.37961649533559827,0.8620993293661348,-0.09565860531431947,0.11540187686811842,-0.658010589195126,-1.0292286036217537,2.440510253460152,0.9094420283050312,0.2339366978198627,0.7652785857979483,-2.412015019733076,0.17644371013447188,2.8551803953217143,-1.1717231044436738,-2.5832522071404473,0.16416778989935477,-0.6734457885367794,-1.193584286753679,1.6108599317633667,-1.4486359559336717,-1.278535647990073,1.9087391866633792,-0.04765406816261386,-1.0453246690244022,1.0146999137667305,-0.20324705864658266,-0.7966377313880219,0.32287451647844434,-1.2139739634926674,-0.06962890145172496,-0.6648941495750196,-1.2076513033338125,-1.0846292934542836,-1.5946326531051263,1.2755680923232915,-0.4597653108910983,0.6781044484351718,0.768011904367383,1.222686248195616,0.5640053825345086,-0.9543587603342802,-1.1694934722447388,-0.6145644015792209,1.1249745941143292,0.6964271536870799,-3.08384487651085,0.41982918783532974,1.996412613371489,-1.2436411288935874,-0.9000586317113113,0.16907922423735286,-1.74204250980285,1.322495705690157,-1.6981914291413698,1.122188111557462,0.2204108814944965,-0.284775030554865,1.1860022186439603,1.8536879886380535,0.6582955408729179,-0.7561600387686094,1.5504226101401346,-1.8059161507765065,0.5592721213567325,1.0920063862386815,-0.9194863262366859,3.254309442120678,-0.04030441674606169,-2.002023005036162,1.3399992941648096,1.9197817768360468,1.2813627869536481,0.3411106957236501,-1.0088690894558303,3.2965975594232795,-0.7731383314751075,0.09258959926315957,-0.6097396776608986,0.23557768240088178,1.995973874275521,2.6028951911546567,1.2763345272559083,0.6019099270189157,-0.7135873201049041,-1.0259507448721763,-1.1738930471884026,0.8894149483007551,-0.6648385523960467,1.6091072696194342,1.8010181418602398,-1.852611316360321,-0.19784390226190773,-1.5022961166010775,0.4247252210381466,-0.3263274392423393,2.2561851893439613,0.2656433192367277,-0.6858697477025042,-0.47593125558180993,-1.3210878057768576,-0.9484862281804289,-3.5023040509176484,2.349820015926389,-0.059766347516202384,5.053081236169804,2.8325768396349433,0.10664187818852922,-0.5728444174935955,0.9960883328980326,1.4800666932211204,-0.5806118204156161,-0.6576586952431558,-0.6914245169464202,1.4084285900993128,1.1179946992196934,0.6972308635647217,-1.8656526699485503,-2.7422375515605917,1.1283759117237973,-1.473150821191291,-0.9457563339994133,0.20940208878710828,0.9609127845880892,0.738908400097282,0.5968960094552452,-0.16775037164602652,-0.1132194849619636,-1.3738649190934367,0.05858856218711683,-0.25885973723679245,-0.5146020937249569,1.6393999221408504,-1.1512887503964766,-0.45667429336264526,-2.170342363345286,0.511026153948232,1.154213085140386,-1.4177448573141176,0.7326180808132906,-0.5554740695795255,1.9727192840624852,-1.1747252685240799,0.07180685073838655,0.21762626624316184,1.4743710365231264,2.6978765465302446,0.03145403899351376,0.42279951969697116,1.5706298919087616,0.4994204920301157,-0.5040849438454442,-0.07031553251537515,1.1916842075641092,-0.4513684064622856,-0.39922777144752786,1.3690768841020047,0.2740567942130905,1.4719913487360987,1.5561381635437455,-0.19659215583293815,0.5808708932723575,-1.3222927206808872,-1.6468499230927929,0.5626016435808641,-1.1307048261575936,-1.3291651198861216,-1.7396666405492198,0.23404935789693954,0.5752313646535785,-0.21252741081886534,-1.4136176412188544,-1.4287513362861677,0.7677256518043454,-0.876536097999249,-0.06801069759460637,-1.624173130153947,0.41896962744468397,0.9466836337036214,0.9843216844185547,-0.4541856596015316,0.19785325642241275,1.1381170214624066,0.9332353448732577,-1.254663334144194,0.09432129344228085,1.4846898374115889,0.15336062372731696,-1.6018513912043904,-1.919827854115125,-0.9867726729722197,-1.4107812565655244,-0.528675683564374,-1.5525162107649788,1.8204251129164608,0.8926784160876133,-1.283346260948787,-0.03676967781090856,-0.4686556679051713,-0.3060586964918258,1.9064688531863265,-1.122894574158796,-0.7931624398405379,-1.2164823911383749,-1.9335312566612768,-1.0481442802600496,-0.07690846632007757,0.5660063707118095,-1.5605396372574076,-0.8502745627340702,-0.8899633863828532,0.39993256203053446,0.34441722323048973,-1.5385881941786024,1.6618935024547306,-1.4658943133387237,1.020322419573226;0.9466162648914531,0.4016202262296431,-0.01511650991468208,0.03430462022043146,1.227710487983295,-2.2057680677135307,-2.242250506333682,-1.0960070245352949,2.834535284551176,0.37886782789637585,-0.8439479421530546,0.40899659375008895,-2.1701623930322333,-1.287194777444168,1.843954119962926,-2.0796629818804346;0.16334954051832673,1.1861446400154647,2.4906171669086987,-0.8438003901161841,-1.615063672828166,-1.968040344400127,-0.593740240351678,-0.07036218068388772,1.7817012865813928,-0.1754416508578257,-1.3675264600126937,0.001824183914812455,-1.4036629723975045,0.965267275320848,1.3274982013076904,-1.1904263366203067,1.729118600633956,-1.396045253980858,-0.050867271510475875,0.5645271948584363,-0.8699311781197596,1.0472857840644818,0.568471796931335,1.6182245164288556,0.8349893057652865,1.1765217725771289,-0.3959132785212437,0.9048658550509401,-0.6470477409036428,-2.769332493452911,-0.39229588803392595,0.3686358358290598,0.8166971076852678,1.2872149106291828,-2.0605724710314464,0.029165945085846218,-0.7539986187198745,-0.7842394537137123,-1.4710692557265217,-1.7699823774526284,-0.6633323412043555,-0.5220003655392429,-2.9440451341253695,-1.662381910060774,0.38031242165435974,-0.23717697047231023,0.48343960102284367,0.6532331295326479,-0.8766610428977272,-2.8134568987511916,0.13029337455980505,2.2172263998569064,0.34892838524060443,1.3082518232352538,0.21508850877958188,0.025020873897585283,-0.3997730525008527,0.4535143593994959,1.3638027923737415,-0.1707798206584259,1.382986297882924,-0.19339356749402198,2.238583182747502,0.1614901126372732,-1.061083515487668,-0.051764394618218024,-2.4259134716723167,0.7158346624870873,0.9943330715143386,-0.9184305162079222,-1.1930968068340857,-0.2691203553389779,-0.5851679983050271,1.6854300253212502,1.9118885518168163,-0.04092630938475827,2.0372628528619163,1.0662375227326537,-0.6082479802665473,-1.2199543888716768,1.3463103442482265,-0.5345950014205061,-0.7063064616674279,0.3852464261331806,-1.9791176387905591,1.412383965334616,1.3771192714976426,0.8756456076350616,1.98991292561647,1.1087703380805438,0.2299876589437405,-0.16264672359999116,1.14011293582413,-2.0369114579277845,-0.949046956316014,-1.5745096463964812,0.5308114108670332,1.0765432568757387,0.21040082092756907,-1.0127510688563193,1.0146499157896445,0.582366784803063,-0.03771378464417585,1.396619339561322,-0.35256337118448877,0.3298495750497754,-0.02356210943479964,-1.9410816786659766,3.120767788720253,0.0967047024868456,0.09146461962835328,-0.22106910602205587,1.0572082963890217,0.5734401597996506,1.1778395490287772,0.11882240002385373,-0.9064084425855815,2.8339435785644054,-0.2919917600006781,1.210527329003618,0.07613658895264319,-1.666122171457267,0.26753050268182166,-1.7941441508716693,2.5383897177922825,1.3431024839856278,-0.5790296137948433,-1.046910650402732,-0.16408514464825397,-0.2326690011894324,0.3946691654758214,0.7260126029384085,1.6378290058916203,1.2381335238628215,1.8299144103843474,-1.574666656018241,1.687166832720044,2.029837193380464,3.4052877866936027,-1.7787723724785716,0.7164872262596815,-0.5175639306821456,0.03475850314493378,0.725076636230946,2.2398245028741384,0.17218177469786156,-0.22671420358116268,-0.017482578452125086,-2.13958132033853,1.210605788237208,-2.3849851894216534,1.0086582378259856,-2.4574326134331304,-0.14308349483174163,1.0369716916626066,-0.12048735104609987,-1.0991322329379387,1.2641508700770925,-0.028188374180455052,0.3626039165218379;-0.22492023093552171,-0.6274611664757017,0.21743908072584237,0.06614111514900174,-0.024830314126647098,0.4126413614429657,-0.42983282314785354,-0.48658566970065326,1.3801232895853999,0.5593554097154361"
3,0.5741111612569114,"0.3496500472996937,-1.5648027713620551,0.0953441994413082,-0.2634482160822491,0.6791427754381955,-0.3020454994898642,-0.3294477863470914,0.7318707042882956,0.3350580290841175,0.3161559571827783,0.46926758980852623,-1.5355721232071058,0.756788679986982,0.6124687940136023,-1.0166831285764972,-0.2440804736742013,-0.039307287627631186,-0.1344967844017327,0.33385996656853467,1.4313667818311835,1.0817667276728287,-1.3122191934314063,0.6220699903060487,1.3289333195354096,0.38680852068920263,1.090980425185967,2.012270445700765,1.0237095461069814,0.24930859564172886,1.0450884740847535,0.14488783309689118,0.02390304328495547,-0.35141423571373254,1.5634133588321082,-0.8184286659420014,1.532367724678116,0.49986412374037137,-1.3993061748019415,0.3676492929914216,-2.100026507651624,0.6255080168310357,0.885231482988991,-0.5923559556520536,0.12354769595558233,1.9541574337502863,-0.5057467042619367,-1.0589075870566005,1.4816634024625988,1.9625871905307948,0.0036956718478473255,1.0114630354083562,1.341475915530881,-0.742484232538384,-0.4853058353678683,1.230874513154735,1.6850142787085094,0.5628808601743548,-0.8798143535020543,1.9870611116994412,-0.5309708978119645,-0.33513778117145177,0.34233783448962146,1.5541604207147741,0.8539759765522237,0.41486550036191044,0.4632885301181062,0.04351466864346608,0.5581395145185063,-2.529560077694303,-0.29660745906979835,0.241321934916781,-1.151014083619507,0.38632331781156,-0.20447122098612153,1.75547569831549,1.5730197252148563,-0.46580556911816284,-0.15083771156669531,-0.0739475656083926,-0.4516594761596227,0.19502498402812674,-0.7582820688875902,-1.1306153349375263,0.6227112239002686,0.6295295842218108,-0.8043157596599924,0.8953554307625996,-0.6315777291653314,0.2531652380379812,0.820344012612456,-0.03361256470371301,0.4547409121411344,-0.5164296438875717,-0.19646658342809717,-0.20585943088034037,-0.7465783465402389,-0.1767741631157821,-1.5486182988637467,-0.4911537471421047,-0.28487549336967083,-0.2561797524953801,-0.24149744587077882,-0.061764199860128925,0.4794415180860639,0.8745170741325226,-0.6497652268482671,-1.2032008553891445,-1.042044412243103,-0.48720292119492714,-0.3519213178165091,-0.7699960661974573,-1.2961166642498945,-0.4561208274741882,0.18142662011397137,0.5950294658355647,-0.5574230531083212,-0.41299782214343406,-0.9266983088473107,-0.03143917037477642,-0.8484286341908146,0.5731278132412001,-1.7858664919341112,-0.3596296724524624,0.3011073391917421,0.18383451632250436,2.6930336639804966,0.34980002456790754,-1.0040545968420103,-0.09546424708907303,-1.7762463334664518,-0.08059974929676088,-0.8330560570007587,0.9153902755601617,-0.5495402745955349,-0.11676591579524663,-0.6355578414044034,1.7388513518533313,-0.3212427661179117,1.8325570434792018,0.8141517621182666,0.48206672733538614,0.3687331473175197,0.39379729821625153,-1.92767257934561,-0.2788833941507565,0.8451579711843216,-0.04889718347410554,-1.405189846803575,-0.05240445057746945,1.7041055162554912,1.2468917155347194,-0.062004009366031745,0.9514492770580866,-0.36650702036805183,-1.703871586826719,-0.9244659881295544,1.5628887685081978,-0.2739930818293042,-0.24338397937501807,-0.29983819627488056,1.904136589573007,1.6259589153620633,2.218780233448134,-0.1590452104000513,0.29562448874709507,-1.5166425494207911,1.4769344261182744,-1.167779551267935,0.2167755637626291,-1.097302527632844,-0.5888668267386961,-0.8372624310497003,-0.6078752606758179,-0.5391227031489786,-0.5482687949250771,0.8333339117803071,-1.10486279306252,0.22054142701386686,1.2179591523055584,-0.513196364513396,-0.7179188907476018,-0.23052462518025083,1.1797252083607102,0.1941076309533577,-0.5312142946075985,0.48387665118803974,-1.1022921498364233,0.681359510442948,0.4086073077017676,-0.3078084711388841,-0.838585798447231,-0.8866809222834573,0.5348173363459102,1.2289805024890619,-0.6373077470287948,0.45838670355148425,-2.0870270186020687,-0.5846177306571996,-0.031058932870901952,-0.9096834169818336,-0.936506374789596,-0.6677795564688862,0.29219272832637316,-0.1873290184063747,-2.238231233324972,-2.120700152635066,-0.6068651778571754,0.45768658605355206,-2.7475048427252347,-0.4997301761516306,-0.5262478565174211,1.3883377782084478,-0.38502181171286365,0.38298898474092846,0.14125714008746323,-2.1305664798072006,0.7682072166317373,0.21539650545628794,0.5082686396745896,3.9262377064363267,-2.0841129394985884,1.7246966497611085,-0.28744751940035557,0.2873289044030093,-0.04551224530124217,-0.4242363333980435,-0.5698329282387588,0.32950873557300914,-1.5171736966716791,0.7505791675217656,-0.41619440488525394,-1.1300693390403578,-0.4500128579958137,1.2571492168625729,-0.5353350870162231,0.35845361820962024,-0.7309562757154733,0.7579218499236196,0.6855077387902041,1.8486088332964115,-0.1755639454992155,0.6686548047579066,0.09806753953894455,1.2958717818630143,-0.7188323876087304,0.7450053128772811,-0.19469729611668168,-0.06418817710849775,0.09175248444837286,0.2522403964266774,-0.11622904312195817,0.21471318317052634,1.5781180575621845,0.9854496856152184,0.8691545924968965,-0.4555395260238707,-0.8892408282283243,0.9553005582377528,0.8760467925297942,1.472670675750982,-0.6039806259692295,-0.22954865536034708,-1.6394841625254342,-0.39247110606087293,0.9965705105794472,-0.46649537922819795,0.6404797952008238,-0.19050310599781134,0.32405702822156063,-1.1476913898156673,0.08520944963390106,-2.9911359709007233,-0.18689615816198485,-1.6304732437151401,1.205994516546816,0.7774073527645112,0.46667098196608103,1.52100622715938,-0.9489165208248372,1.7473631979155582,0.9321915642603847,-0.23655528721894603,1.1356201471829441,-1.1062935124116342,-0.8245141615276735,-0.6085897232397004,-0.5289777080640152,-1.0565576427602528,1.223083067095325,-0.25885440036983165,0.35250496835687956,-0.5703513664136806,-1.8206033005485172,0.2700573583914221,-1.9122549754197768,-0.06863404608546861,-1.3683150388328105,1.987275999230808,0.9113627221747217,0.10575379127148042,1.2637066776546686,-0.8463159774657358,0.543479378670093,0.1998104337187135,0.26402008133367,1.2723535001067678,0.7324921027798023,0.28872366282502326,-1.6548874362282961,-0.9600462952794637,-0.12270893359572414,0.09337237427665124,-1.1302037246739238,2.411676675578421,1.5163940552535728,0.6021183203924835,0.07203686128374476,-0.21220896990115168,-0.9519184600222356,0.07748051851886253,0.2577525401427507,-1.2417605754816243,0.33417641724489744,-0.15525904882474875,-1.907807557877391,-0.8603850107795019,-0.41360553342164424,1.8876876573401904,0.5565531245337582,-1.3354815690998914,0.486036289417637,-1.5473039889383655,1.0826910538870733,-0.4711246518178786,-0.09363618873917084,1.32579664754219,-1.28716356858425,-1.3971181851129912,-0.5835993263460049,1.0383788510193166,-1.5193460754768424,-2.832155598110569,-0.4511588584089988,0.5517407999109204,1.2002617497388293,-0.463161362085399,-0.41142660711600243,1.1539007342557472,-1.8697416996954206,-0.38852077518300926,0.19042388992505774,0.44921872128503426,-0.5098066931908826,0.03444101170584135,-2.4883273534129895,-0.6582484123338483,0.4535087125544674,-0.9822940342546795,0.058984221589597374,0.446872500802698,-0.34254920085776497,0.1704637709965709,-0.9627325652846123,-0.20661127969604665,0.6102161695892225,0.15697296096843422,-0.5865312695639355,0.224216404290793,0.714609790636618,-2.049941278577478,1.1590740649558977,-0.336254738681072,0.42548993324023027,1.197246923645228,-1.371673697230466,-0.7094410024275466,-0.2885486958757048,-0.7837535211244283,1.7349365758368085,-0.8567720938267928,-0.5555467794868666,0.20438903160297678,-1.2021495260760888,-0.39568071175626385,0.31745326125017514,-0.33286040438251124,-0.09338685889994829,-0.5293321124483709,-1.514470309180767,0.32159321133923857,1.7549330716472415,0.01840163078343813,0.22526411724754952,0.6927227551168594,-1.2693304965466992,1.7025146581296056,0.20232879642280202,1.631856899089109,-0.7330329955239894,1.8180619225578247,0.7751554940347831,0.5530400858523584,0.23402445435314795,-0.24852861807444937,1.2005316584738726,0.14035986984804696,-1.9670697035871523,-1.1171864617070024,-0.1858457521927473,0.3099989831655551,-0.05658848889989584,1.2189707897936632,-1.9511018640386248,0.1435879365051602,-1.8179792253871547,0.7597122954841684,-0.09445871444200275,0.41960997202411815,-0.8638829605897661,1.279464931657751,1.0417246640588513,0.5835443030118876,-0.12951724686344077,0.5798572852951321,-0.7068925679873489,0.8555556590207121,1.649480894323921,1.0706105599791862,-0.7296024698074095,0.3614173172731029,-1.2931415437586478,0.5723903111756757,0.45060341286253885,-1.869816339532164,-1.1617838439123638,-0.28313889674376713,-0.30085974714082625,-1.2094769354188053,0.38897872935218375,0.2514736089405121,-0.1942691319785193,-0.7557915001583629,1.0487071264165635,1.6554071130882952,-0.4835614838465371,-0.6121669171548207,0.4912076654119963,-0.35802937974698623,-0.13939720066323416,0.7396531517246714,-1.9093560875072928,1.3183023248526693,0.07268052432934134,-0.4114931445621802,-0.08923415422144892,-0.03757064497948127,-1.7312013034449254,1.494938227453236,0.041325632270618466,0.4430021304473752,0.9515497705740428,-1.0211624575603002,0.47347189903522846,-0.26764109089879357,0.8467707752164937,-2.1272274203514954,-0.099094300241269,-0.6028206557839616,0.4322629506341555,0.47004418736820214,-0.7076258948220261,-0.7121738641760436,-0.11066536855732945,-0.8966422273152082,0.8419836954521269,-0.36920720044744615,-2.9069882193216414,-0.3748220566218061,-1.0385438208439723,-1.6312758154609455,-1.2374266382225725,0.10940847183297006,1.3286408282482312,0.31318447386498,-0.6065033882157397,0.4559041951707027,-0.45909031021899177,-0.6946003691631446,-1.1543626682329844,-1.7518288067517191,-0.3899237065594453,0.15805348992013185,-0.09662367001488972,-0.4159669279473586,-0.9457460606967811,0.6082461916849685,-1.317131919946585,0.7760279138434754,-1.0022170189267248,-0.752435237353035,-1.466785190615677,-0.5014021468856367,0.9753124584779789,0.5156280884439565,0.9784221120280351,0.5221425459339358,-1.1036698285303692,-0.33078922432755736,-0.7801991291174627,1.3305749040390402,-1.1967886464263116,0.8936976893891109,0.8929538701087693,1.8296202017160872,-0.40968659262949736,0.7123221595801621,2.2816518365388427,-0.6176416769336966,-1.5350402475323597,-1.8800100339077637,0.7127120288613313,-1.8831502080585838,-0.37231905293792283,0.4373131870389607,0.18517553682991406,0.42544486418417227,0.22228985580085406,1.2788658133133932,-0.952316380738797,-0.6769951384585313,-0.772659445270824,0.8301918118626102,0.9003985883950636,0.4512253193185082,1.1834936668899279,-1.1780408673763807,1.667224111551137,1.5232386217122582,0.7356219972457467,1.78179890877106,-1.6566232076777738,-0.5244481362626519,-0.7353034606819523,0.7214793237573432,-1.0501407396021456,0.7574951493374855,1.3705361439967134,0.6952029000839993,0.2837510236615011,-0.9878733409007492,-0.8468509661253646,1.2496189052966666,0.7793490039053323,-0.03901951937754412,-0.41790954576589057,-2.025807873111377,-1.0708524186844388,1.9114190871397234,-1.2804555710024668,0.18947982122108065,1.0074439731951985,-1.2549226680022925,0.1847104747810833,0.937915537510655,0.012499321907250335,2.8684030556667683,-1.6685992588781953,1.0587285298838789,-0.17280173739646437,0.7719201548366751,0.44130715169924584,-0.7331561971099966,0.22899639245934025,-1.8579014513982872,0.6032475005713938,0.29815846599052565,0.6386601686431024,1.0581183250871502,0.3676198402097109,0.1480894197982762,-0.8810683366612923,-0.712220763649051,1.186734620177331,1.4363354057059785,-0.23811043631205406,0.04600274725327412,-0.9046143749937661,1.1727568452674448,0.6654168236917787,1.9412174364637491,-0.8783230771797389,-0.3780078990182172,0.2314459225255723,0.6464895377257707,-0.21566763754763232,-0.8729610904537004,0.8814075289235711,0.7211353625455816,-0.9162741005637249,1.3554428011054958,1.1701987091966037,0.13429649724779288,0.07959786237603639,0.5540577711159071,-0.8617030702562581,0.03003147916408217,-2.1523835446091804,0.8764556455029355,-1.5614932224418594,1.503419828428999,-0.3301200939664503,-0.2116669819311769,-0.6277339060845056,-0.2880388739220764,1.4185313451480366,-2.4878086565350794,1.2769653860881878,0.33802348110170816,-1.2070216478572156,-1.0753123930492379,1.676393027208203,-0.9455068799427312,-1.1533505105959594,1.1373145423647293,0.33855287628591424,-0.9379255765363989,0.216624975404619,-1.0257526836402773,1.1008213984226052,1.0613709648731335,0.5320061988219431,0.3616610612470166,1.7611881248673737,-0.0003136726117747121,-1.1818741254208012,0.44947391283230687,2.0860470495371137,-1.0147594931858521,-0.36146276669398575,0.41644603810145264,-0.05390484900573916,-0.9823035803773146,1.1218578562304709,2.3200407220172594,0.19613145902390733,-0.9040682897360003,-1.548960525053475,0.2579759812211809,1.1038773433162576,0.4751677464953816,-0.002403840918853844,-0.5892716517893062,-1.0921636327180897,0.8347513263248821,0.9137716213855857,-1.5457297866907331,1.5898389781806839,0.5740712208940013,1.3995946451457935,-1.342127748485115,-1.365824155415439,-0.14896930976729691,0.5027844268951942,1.7963608229269636,0.7060789138151315,-0.24268127681203333,-1.0263692076658921,1.23000057271915,-0.9647054257507148,1.6284685547723217,-0.28438464960650933,1.5905820726178503,0.6789312900592783,-0.13699548944245826,-0.5193963718261266,-0.3409078773460798,0.4283166923752375,0.07715649621771674,-0.5938114080687051,-0.16563141031763223,0.0785770297191498,-2.128734094414812,0.4581681147886987,-0.9797212247168068,-1.153332403205745,-1.6873443471107104,-1.7938924978678903,-1.3554475031122892,-0.7090209576304904,1.9532591375265682,-0.5258796758952039,0.17775010626803134,0.4004813865063287,0.13106518621584873,-0.07744346072599365,-1.1952937635992447,1.4509275482792119,1.8071966436378852,-1.6826586941226858,-1.0240285908863795,-0.2798103423770061,-0.9645377949101913,0.5059655534558652,-0.7282722024066131,2.1650560678066024,1.190548594343596,0.2125740306322149,1.0269862633197322,1.105900424357309,-0.5639474880582432,-0.8162172445419648,0.07814306296964744,0.861636124497944,0.13906039865341766,-1.5769964821909972,-0.8028244439508423,-0.07397286359437803,-0.07566560432583026,1.9725421767898081,-1.385987942398998,0.5055892418358746,1.4891131083282896,2.271449745422796,-0.40439742318396127,0.4914294527201998,0.5697603571986469,0.19548173155329082,-0.09884520123930605,0.4359753895000459,-2.5322460852196853,0.6820694900626313,0.12617790366196718,-0.22247489677826537,2.046862195719558,-0.6749340187905523,-0.4030759890650308,1.991553302204734,-0.8320613048498566,-0.5501152829365389,-0.14702542343084998,0.8407344821295493,0.2078025073533134,-1.2926253471522626,-0.5321685631271895,-0.6073544332122114,-0.07722104522304557,0.4258436586298291,0.4182057558879721,-1.7760117540484022,1.063940987560856,0.2525688459966235,1.3845320475939062,0.4441983272906719,1.1013229577357622,0.46654531145012695,1.3462257562027482,0.5222506360177785,-0.09791524644290406,2.2724347204468818,0.8890371222798921,0.5737444210044131,-1.276304416538336,-1.2883076174635377,0.2927154821418534,0.1455211977682408,-0.6141225650083162,0.14098269961206,1.5886269280435958,0.6954024745502987,-1.1410085097527383,-0.1115088271429437,-0.8049664808525608,-0.38769991640856116,-0.41361566562964275,-0.4776455826040052,-1.2551353719733949,-0.12765468151819012,-0.56060763684731,-2.929448690002268,2.052972024501663,1.088769654216672,-0.37630072492499606,0.018819049740598424,-1.1716543473175618,1.6957228778108653,1.8972886947731116,0.1566937282465246,1.0235306441853447,0.17528677893392386,-1.3367254388759306,-0.4118233689636573,0.13192796677195706,-0.4545477187434442,-0.218653277435036,-0.09139955750911445,-0.08087849786546131,0.05225849049748321,-1.060605066396601,-0.7170161491279362,-1.2845842656999693,0.9778155496862003,-2.1056469418403245,1.1535903433169254,1.3863493972628433,-0.3021805869826214,-2.6031370878272986,-0.3613105619672905,-0.06418416128881928,-1.0105982199289134,-0.5152183938082427,1.5301951988633513,0.664927162301741,-0.9245641143780999,-1.5975991695954321,-0.3270173176097711,-0.21345677935043825,0.4961991873633163,-0.535316712567659,0.5114995753618614,1.9351540400602292,0.8155010224442626,-0.048088507330772585,-0.18315047105329468,-0.35667313417987123,1.1806409124521446,-0.6273134459513029,0.04522270899998256,0.05119790188108534,-0.501784192811532,-1.3724655478841008,0.32297450361766816,-0.06100397185538355,0.5002404694365699,-0.5336003064391669,1.2208212988130478,-0.8767737812118448,1.7120402840178925,-1.7476365098282616,0.43477006455689116,0.47543068252662346,-0.7955570679408823,0.4243939378610126,1.2795186697601588,-2.2168188393540644,0.5027448074908146,-2.4932708203300775,-0.965664803523208,1.6291663649009451,-0.581782033392054,-1.1738799644089726,-0.19793772898468187,2.067906338163552,-1.8316822472060261,-1.0513099116393445,1.4974316831796264,1.8577023435377324,-0.10343122429028392,-1.2390527025266425,2.095843501809159,1.5944423917491968,0.678946987762233,-0.81240234893742,-0.049029340838036735,-0.16036008104483077,0.33085130461557777,1.451001438131336,0.8794170411374032,-1.0773760769847582,1.3764964500195378,0.3131321400131553,0.6870657958589163,1.466540859278603,-1.1115802495135512,-0.035825578706462934,-0.531454551359215,-1.5678594253654559,0.3467099776049199,2.5115565515844236,-1.8400777445057528,-0.032280611049470324,0.6405429350747734,0.12307820165618115,-0.1131280525157404,-1.2992163634458243,0.23278674294016363,-0.7567639770159263,-2.1899217049785533,1.1945922205137307,0.9583858198420424,0.0516609768510798,0.22907468820570256,1.0743180127155614,0.2243396567780826,0.9040175547613144,-0.29748220087385013,1.3119837385739466,0.3207857259326839,0.19405194360587402,-1.270061088712032,0.2869558543017087,-0.8319549174944512,-0.6382827265284942,-0.8153756283161211,-1.066234931899225,2.1247714030169615,1.3313390619884031,1.9203675021442612,-1.222895019555564,0.07125374991089249,-1.2935076252040958,-0.695694877197064,-0.9181269834165748,1.2395840064415615,-0.39622967810175985,1.0683793336940164,0.604120889588518,2.303638752104789,-1.479444223139724,1.259233239786799,1.1464408704007276,-0.9733788380270346,1.0071333364731596,0.3361449630262288,-0.22747625995340778,-0.8239354869719996,-0.7191094514491859,2.049812095785926,0.000682818957482628,0.7821300015314592,-0.7908993816675531,-0.7798529462216388,1.0819848092499422,-1.3495762115515322,-0.41521376790527154,0.03402741107223205,0.11137260184005242,-0.17909328501615626,0.3958197810959231,0.6928557558178116,0.73463754545933,-0.9858038086678267,-0.2841550979287972,1.1947628618769377,0.8946471875738723,-1.372859451481064,0.35147990035220167,-1.9782252493748103,0.04693490206036963,1.897767016745977,-0.9478927172689863,-0.8343230454915821,0.7640297815728595,-1.542801515209646,-0.6327550298850391,0.5964411375817527,-0.6342858476894031,-0.23596998721097162,0.7441857103150346,0.42154608353656126,0.2668183962954019,-0.33912227927003874,0.37006111526895535,-0.12373268009975662,0.45780560992578473,-0.49693202511797824,-0.18256897437954112,-0.9899577925520139,-0.0350076100062359,-0.8110008636288448,-1.1140464501619933,0.25866114785538813,0.21273977585766032,0.7828737349485725,-0.43112556957509907,0.4080528468367557,0.5507975722736632,0.44477380783159476,-0.8256536828021421,0.1493634822711889,0.36414029605466136,0.007178466907941942,-2.0864776583710847,0.16048962397348007,2.212531039397242,-0.3600392687569827,-0.7280770978553212,0.3733485597113982,0.3123782104665717,1.1927351654164144,-1.2578681559088878,0.7313802525749924,0.5904220612514635,-0.1421465369405461,0.33868731792169,1.0294574815983573,0.8723153800284503,-1.1430193120737286,0.8201581867554845,-0.06468860503251848,0.07287409801551539,0.0731969910016945,-0.15024298879825998,1.191707497107065,-0.08371795984921201,-1.1195461283831687,-0.39352985596972884,0.1786947168104756,1.2292147842970504,0.6030946849488336,-0.8505352787470439,2.4851899166788916,0.2647753109779796,1.2753907379990148,-0.15171443357722914,0.5333592447054494,0.8394685045184047,1.218194711754256,1.057368305378225,0.8721970000729778,-0.3150867311941086,-0.5717460419560614,0.33260751032419755,0.9331280723410693,-0.22272070077660705,1.0651719657143865,1.4526167454861794,-0.9163209190734197,-0.8369207037962799,-0.14037505890533644,0.3076126681891964,-0.524567013767051,1.3522026788671444,0.4240668615184512,0.03944704824073949,-1.4359095238685275,-1.3158158164275071,0.2810092502818063,-2.132595626154836,1.0126374096440718,-0.1581538443723203,3.2430929695947333,2.3079162506161106,-0.18144906924751675,-0.10633700253131496,0.9955815140020298,1.7031726099180378,-1.6380290574360168,-1.7863754653546866,-0.6220348055543814,0.5827375831738644,0.4968735905075971,1.0697714549838502,-1.1996975283653082,-2.3161438629688766,0.8580141953021454,-0.8281962729652346,-2.018487864388638,0.14506374595938162,0.7931756882186773,-0.12205713212127726,-0.45784838618248924,-0.15936223214590656,-0.37058276240078286,-1.3480471119401671,-0.7146806769904318,0.5212799050138145,0.3216785413765001,0.16805980596682024,-0.9951484818533795,-0.18150316213566714,-2.1770650464428547,0.17847666388538974,1.4288577078135674,-1.4741321320421057,-0.5859276733177553,0.32910677871012955,1.2528426344274837,-0.4482246163001494,-0.6922503292658964,-1.9689231424160831,0.10343812930810638,2.042076040143744,0.2773584619646759,-0.022278979183713316,0.32208231076698546,-0.01109200394860206,-0.8130143722601298,0.8232799156777053,0.2257615231117544,0.017613251933657315,-0.97536602727825,1.3035079319347591,0.6647027453331099,-0.552920837367302,1.0018248536819372,-0.49757083838520716,-0.782003492511037,-0.7597031174802871,-1.7710685530880912,0.47154238041820573,-1.8311448783383502,-1.2284438312657626,-2.0755880090785332,-0.08606969279089306,-0.15032046027187207,-0.32669621318636405,-1.0425776946705763,-1.17223375343664,0.46436986354657417,-0.5505519317084877,0.31635832153614474,-0.8852486861242225,0.18106274277108234,1.3032780373160637,0.5861658003927833,-0.4124138182164804,0.25719897035592737,-0.24066517453021302,0.007880184694728152,-0.3256110521485036,-0.1643352058853912,0.21209335307417523,-0.9933586995819507,-1.0158788269899783,-1.388542553831211,-1.60027110450371,-1.2172826922204794,0.15946250680412918,-0.8927875154918841,0.5136144642310962,0.03471374875256186,-1.9685042134380537,0.6549755842216898,0.8107986455917099,-0.9938626748348534,0.4201915428949916,-0.856498237409199,0.0976703767483354,-1.2644984069549656,-1.7931064525345768,-0.3828171896129687,-0.12372894627483615,-0.39767969361460404,-1.1840305582225594,-0.3998990621311371,0.269294752580734,-0.04489303012253698,0.1825010305992134,-0.6701152004542329,1.1717179147161596,-1.1761733365547806,0.4875602970867186;1.1818910929599615,0.4809080927488954,-0.20252422706483003,-0.5282970466629792,1.036087651046256,-1.422974925261673,-0.9701242603796436,-0.3975577654917214,1.2376537575119981,0.37976763604089603,-0.9680457585102453,-0.31030770538490365,-0.6143231440962944,-0.7097889922335351,0.9788895585567792,-1.3717431292635056;1.6087808557343735,0.8282296901846228,1.090861670603698,-0.4629395120252583,-0.14994071907910936,-1.433151814524712,-0.524662407066803,0.4936548476431509,1.2960630617813962,-1.1071568168024517,-0.36550593698526584,-0.15129922023252232,-1.3957892021924851,0.5913492417584003,-0.7239903317426091,-0.19539035117702397,-0.4519493719118777,-0.7893385057196743,-0.0070449854805546995,-0.21560957856802238,-0.37185788227866556,-0.7284616216803428,0.31952467078295543,1.653617268492285,0.13988723283912738,0.996118214911129,-1.3902219251534627,0.15776143929376948,-1.0973683189710666,-1.4769249275319014,-0.7393714074590363,1.1918993344135729,0.9500158286696456,0.24300472205439969,-1.5327005598899308,-0.1962806513879368,0.30170000890173554,0.1755362295785979,-1.8437935834807457,-0.8903178480198718,-0.06407776414871663,0.5362909095171899,-2.1961278210999464,-0.16212397547985843,0.14304876987895235,0.8496119885162131,0.6928575842374367,0.5825713188088052,-0.7999405067019342,-1.9080021371233076,-0.39305275706140097,1.00163182520856,1.3934545275244314,0.7105491022977853,0.42934082280173436,0.3796396483859655,-0.5561187467607805,-0.13006029355362003,1.669069525826331,-0.9425580057918763,1.6147787907098514,-0.3220281544920584,1.3254321090950785,-1.4068150094975382,0.5859042011646491,-0.736770135947622,-1.4152671919241875,0.21853404241094568,1.0094717885959688,-0.8449414385934964,-1.4990159604584012,-0.09184476433495513,-0.08743532877718108,0.5483196275544987,0.9495945713644882,-0.059415181272494094,1.855503314794263,0.22423474453529177,-0.3464265060068996,-1.611567359102828,-0.26265952031616774,-0.33638694541113623,0.9603047962814704,0.46248362406685406,-1.1793691216326172,0.1722543864110375,0.6715311717290534,1.5280313593878327,0.8875039674140593,0.7608466543114778,0.06008599461516361,0.3883120054234496,1.2495049007061587,-1.3327773974796497,-0.3494393272169559,-0.7725687487562407,0.3791531187261241,1.2302221756507876,-0.5969742867210739,-2.390304367469438,-0.41222074502447015,0.9134737320174066,0.5376299029498797,0.4281862478105761,-0.27999330187447974,-1.2790307362197864,0.5152943216244674,-0.8342818100346248,2.184096733380456,0.570507208354516,-0.5806483025539511,-0.6113852473886282,-0.09294420661358828,-0.23950192202174977,1.1168337755299542,0.18641616974404632,-0.7316317389085281,1.8904406851557827,0.04930833152022263,0.7688396759688968,-0.6082265074447593,0.3631156277445234,0.3111099911431952,-1.889649292096153,2.01527511046064,1.2906444609225471,-0.39719531614598763,-1.1022697404558555,0.347561613803552,0.08669769941439658,0.3556689485632294,0.19157739619408962,0.5062409893059261,1.4473056993918065,0.5681032051286461,-1.0496554989099411,1.362562852712452,1.6406145634882874,3.152056734512085,-1.123494033239598,0.242882013150275,-2.0820987031889873,0.5531491563792091,-0.5482002981667726,1.9234457948249533,-0.7746149700185819,-1.6891830379672617,-0.47126374070251964,-1.9754877712171375,0.7510994545073101,-2.0650830462563206,0.02845758118315888,-2.077811819856197,-0.3202978045366419,1.643378155804534,0.36064789143579495,-0.863493604964934,-0.031203488939083975,0.018016872044446585,0.47263034584340563;-1.3668583632808264,0.5925672738473307,-2.704391631602775,-0.6298845523638104,-0.48827384245154465,0.6333268260712385,0.02263085267686914,-1.4055630538562867,-0.9849931258170151,0.1986800095474069"
4,0.533497325322338,"0.5073358789067699,-3.4876654029589647,-0.012401670668767684,-1.4275403147318813,2.3993002924625646,-0.5481830825176033,0.2373031769755214,1.6892462224652087,0.32804078992705943,-0.3854136470917434,1.72657145314796,-1.7191589631563522,-0.013816595848829383,2.116555062863186,-1.7089220629044122,-0.6556098508063892,0.5329489831730352,-1.0760308937721426,2.5852572219928485,3.418622800090072,2.3328031433818417,-1.1042794520771277,1.5271767177794942,2.5041098184234682,-1.7461048807210506,3.3024735566012646,3.9147877276207224,1.7120710132321502,2.0432401523837593,2.7182538480175324,1.4167860923009599,-1.171702620455858,-0.8283472192067599,1.4143985939829127,-2.669768160924242,4.714127991502605,0.8758000001390563,-0.07749071755536635,1.096504019481347,-2.5495731935977313,1.5725536512973282,0.5765394018323957,-0.025928181872382383,-0.47492245143359724,3.8788353411893484,-0.5198881445368968,0.0691273891695453,1.7946286124371,5.206545863184041,0.4101171520453299,0.13243152083848858,2.0844040118067992,-1.278881072563418,-1.8874640571134875,1.5792402234118106,0.9813406382862699,0.9028597740456652,-1.5923451871518168,3.07826943074952,-1.0555402706182244,0.5809138584199335,-0.26714809894982455,3.3403264659393024,1.7455723527414537,-0.7429143066066297,-0.24021923566662254,0.5600070971767601,1.398002445588149,-2.890265120617698,0.523481163987591,0.16168787226635364,-2.628103616852271,0.8023802910046598,-0.564805464326013,2.2643437540133062,2.156509036769313,0.9493033738084338,1.0310202821685839,1.1830828252032026,0.25868111546496464,0.22348321752927747,-1.193671998151457,-4.242862171035191,0.8411449898101302,0.8246440829618183,-1.162677104516793,1.3362034687295057,-0.7922787449337663,1.3357208123594764,1.388764356659411,1.1006035374769108,0.568926055860414,-0.887772739723406,-0.2312618182607837,0.9834479132964391,-1.6637881287972585,-0.03558779408504634,-2.4345952918198357,-1.1379209805841157,-0.11797399671796166,-0.7659637663816263,0.15366420037877368,-0.024399055854724835,-0.08829667465044455,1.6936118367438724,-0.16179128937035825,-1.3853204629625855,-0.6558239880618152,-0.9997900417149197,-0.23116619711531056,-1.5210705101195359,-2.1232503820012796,-0.993623998704491,-0.0984153097676621,0.34789204963176834,-1.441084838055106,-1.012957337528518,-0.41356274648445024,-1.7718476367504417,-2.717679555552504,0.8812505449833703,-2.948307874501693,-1.6463950153190232,-0.893341103930968,-0.705969732269791,3.3238250716269793,0.23551778646446264,-2.833054030268842,-1.4585421458554733,-3.15119905266827,1.8434060642961878,-0.34251424245793227,2.7631863018754275,-1.1672195668379444,0.6427767101030517,-2.3736211022495026,2.739773305433511,-0.17803875592125978,2.627164563329198,1.028016150614011,1.1862463402999102,-1.6791960045630083,0.45934909748851416,-2.3036910007949736,-0.40146245121629776,0.6663740019791713,2.33102420027641,-3.568811686822174,-0.9791726291834029,2.2113627330608643,1.4904060804091528,0.10630331938954168,3.2427166960443774,-1.8628194496018895,-0.7733690752634537,0.6027116205134538,1.5968003150686805,-0.4621481812391778,1.444041371388393,-1.8871578607639579,2.3989846298688007,1.538377763981356,2.1860797774422407,0.08278451784190122,-0.23518642591516437,-1.981350216905711,2.731946102247148,-2.0600424736129153,0.4868500068889956,-0.5213393211957463,-1.4008073522053546,0.40132599479894304,0.7772000450853935,-0.5049940138946292,-1.6027190153430813,1.625446053820156,-1.0060268505321073,-0.7749406371400362,0.8894359164063983,-2.5524897720826467,-1.8931840789985381,0.19224979050165522,1.6190821286538224,-1.6873887879852014,-0.8768608181346721,0.16094532881784435,-0.9171157805695725,0.0555290392252335,-0.22091884140635198,-1.7447803378133138,-1.660522301717081,-1.6556442068852009,0.5150076036900384,3.5506947813916443,-2.187703898641654,-0.2015275825288516,-3.3803538855292685,-0.6040963337754007,0.07970215346347449,-1.111493548337531,-0.8850316662165549,0.5496571677245793,-0.7632111416184675,0.14188343285108984,-3.4130845786578945,-3.7555933252707083,-1.5695460933361214,-0.6694478600883136,-3.935186913447229,-3.580784177012217,-0.26538745652105544,1.127451947782295,-0.8524773500241607,-0.3760503878176658,-0.3942381910381569,-3.9114665274416045,0.7854843058235537,0.8009398803760494,0.48179091724694356,6.001604474882347,-5.578586956315856,4.666450039169509,-0.6265019051715651,3.1210453487312,1.3492046276427108,-2.135901746202161,-0.8353695118850479,2.551599442976716,-2.123940615282488,0.19441495378349125,-0.9739564161862343,-2.441139514933546,-1.216176094923788,2.406203603118131,-2.7438063050090555,1.166932595090214,-0.8436496176338106,-0.43949791831966695,1.8138521828316034,1.9254055732418947,0.15928682886098544,1.4438585146140879,-0.6207528648163976,2.524013719209532,-0.1837841773466376,1.7752554948353847,0.6697488727820288,-0.35574614642947877,-0.8941268768413687,-0.4701538471512435,0.38702356556031203,-0.13184775158154582,2.0115794118817636,1.6802266251092077,1.7979599270912452,0.30209554379638803,-3.443094438959561,2.4334699878137993,0.5186099796234485,1.1647731966738584,-1.8582719528808465,0.34504865796174444,-1.4951500026066216,0.8821568328604562,1.2665467753207267,-0.8747292397094913,0.055345509209338506,1.620899905354797,2.44846187126694,-0.911725903990234,0.5750460056516044,-4.117074861213923,-1.5598440645282508,-2.600337932298217,2.251339388044317,0.759612343814916,0.783485213475876,2.2044720050081104,-1.1591278518457608,2.9817828589009308,0.7409456834993214,-0.9930064458843134,2.5424837444522352,-0.75150638719787,-2.863839177365502,0.6666180574904841,-0.515497986331434,-1.5961026179694326,2.2674579102684143,-0.9951766422278351,1.531876578558431,-0.7439214552059819,-3.209666418717966,0.6812143303821572,-3.519341439870968,-1.06377811100183,-4.230296156617564,3.674424741745405,1.1886187777965125,-0.2622973650970741,2.669996474950767,-1.0693024466712904,1.5323430216140317,0.9892437525121445,-0.5155101173189951,1.76671757261802,0.24045385352276258,0.8034410664407095,-2.8407675889461417,-0.7220782306118937,0.27675357333983386,-0.7700306066904228,-1.5444935020228674,4.063971144652364,1.728552370212554,0.9998180033011984,1.674650882363876,-0.14548856811960176,-2.3407699710430294,0.8968060118779244,0.9713545400886706,-3.9543063932965477,2.105667071932648,-0.8748608407958716,-2.6268365240510807,-1.2448749054481831,-1.5580326124281365,2.374861343889638,1.9336189357408116,-2.153693553776517,2.475090914015881,-2.996307611741577,1.6908106089576347,0.5065447928526238,-0.6759107775913517,2.750849009910968,-0.8230674009804316,-2.5711780251076624,-1.9258373787339738,3.00188124263802,-3.036495415243726,-4.257135123649825,-1.5633753893433993,0.25578870877712234,3.3543778657969687,0.2668582793272073,-0.6811439926121539,1.544316109689401,-3.8581357669367327,-0.8469928473434197,0.532082190360837,0.09666294455500185,-0.8133542865510931,0.4954786133431208,-4.079545146236702,-0.9275509162680963,1.168686211075293,-2.6986799083365387,-0.7793836079982239,1.1025958397805382,-0.7747965124133035,-0.5134406937774159,-1.1105083567236225,-0.1302331734230362,0.39061451113032847,-0.47977474016589283,-1.545016947189327,1.4498507101643945,2.4064538599879883,-3.583164141566063,3.1553744014795737,-0.013367384593047427,-0.292232614488916,2.184351289731659,-1.6689629666793633,-1.2057116740016276,-1.153412332789042,-1.4093524970028413,2.6224598623571582,-2.1861046099610877,-0.4014239075755021,0.22430086279458633,-1.3282948198656706,0.5035843681446657,0.9145760717151917,-0.7370517132639114,0.5764242127676413,-0.7241579239430568,-2.697254051660159,1.2193911838063238,3.3764245422156405,1.210355626235843,1.606199484074669,-0.389732923833827,-2.5482708132776954,1.609190577719006,1.2093598807238948,1.4877489591713122,-0.9627908629544055,3.5365919476248244,0.8723498984040847,2.797584444513061,-0.3566072971423728,0.8876087852037626,2.173726046546645,-0.9778479583248474,-0.6301910507495686,-2.2372030965235177,-0.9499523753213632,-0.9182665926639865,-0.020673822221983496,3.149550378564043,-2.1070130292429474,-0.45328488630900404,-2.980055436631051,1.531893106704283,-2.2019450168233234,1.3527006498855085,-4.402343729035872,2.211384143704012,-0.481060262176477,0.5183261314810591,0.37987603102400486,0.5757315518054734,-1.0919619555770517,0.7363554191586997,4.098957005633639,0.7919819207496064,-1.6166258767087553,2.258119239621423,-1.9697834571851338,0.18644179555939022,0.6460253946153429,-3.801329581747239,-1.7019301269202742,-2.7375443490329543,-0.21365811837896365,-0.809235277156272,2.564651375315178,2.631975404774568,-0.6818550556544108,-1.3106739669312497,3.302448134626698,2.7792706863424286,-2.0110222801786217,-0.9104231628592376,-0.08750919925254445,0.03798398413799914,-0.4144003631960178,2.673043954549139,-4.625998635987188,0.6766376822439659,0.0887145024010344,-1.9603614894247123,1.6475873918448438,0.7721653338960066,-3.9122484459861684,1.5334821144401907,0.5188518145473325,0.0996189334437606,0.703886542343975,-0.7145673882957853,1.8564645387222152,-0.5384943120383431,1.6920179149099128,-4.428226126599988,1.066549013758961,-1.507054121703641,0.4146508369815426,0.6040712771482838,-0.058320088397070174,-0.7585356299862003,1.2835410399513334,-1.9169673950120523,0.015647424308677604,-0.6107061945766306,-3.8483208702757525,-1.533433008488069,-2.2587073755099007,-2.9885762910971847,-1.5128475982388565,0.10901487027890766,2.7068166310217663,0.9772777169804694,1.334855691205578,0.854297496503247,0.9833554756725105,-0.8008296729605551,-3.0319499071639178,-3.0363996313576442,0.44118866350302693,0.5246265666256309,-0.23883635488263466,-0.46370472189013245,-3.9927362820028494,1.6382715246338313,-2.1709555605977213,2.844356796049934,-1.3592770410201211,-1.3984591209144215,-3.0371057095710285,-1.1486264251918419,2.9999510029729204,2.281999485705568,3.6263328807516064,1.5321086939097128,-1.0204522116977723,0.29326589932424657,-1.041149752000523,1.015074191676351,-1.8204949429455772,2.4762257327547044,2.373015348262596,3.0665607987208565,-0.8951625184600681,1.169000750871418,3.810894637608259,0.6508782656759389,-2.9402103003064193,-2.775450820932381,3.099509200117801,-2.952891951781523,-1.7245080530474144,0.6736876735905967,1.5586730878346773,1.8125860448306395,1.2007587978388021,2.828607630063517,-0.9637413069330095,-2.5065338089134497,-1.2063231566636654,1.726049633395615,2.2713505276079897,2.170252549536584,2.6348622612165515,-2.104524397544686,4.238541798546773,2.6636333302344677,0.9208095006276767,3.083256915172713,-2.6976333398828416,1.653607300992259,-1.615870149428725,0.1317128693655531,0.22189023631332572,1.756610689861518,1.7026581369247167,0.7065525458492743,-0.17719710762078258,-0.40447813745525335,-0.8577591999014142,1.18036457081559,0.624807243629474,-0.33714153382674644,-0.29017737519175113,-1.6668819646686488,-2.4703641946702364,3.787319701626861,-3.5971600762934073,-0.4089114021412392,0.868630894846093,-3.6583940832904007,0.5482577732586718,2.7418389144009305,-0.7160657619223647,6.8328184379643755,-2.020580575097619,3.1514904221236297,-0.27751090988877547,2.80087991271213,1.5492618933186988,-2.0483734401964218,1.3036119360535574,-1.7024674474666837,0.013664499313212522,1.066916272045962,0.8453250633490562,1.133869340175024,2.044580077474706,-0.31646473863183205,-2.5981390720887965,0.5941962103607039,1.256631337691005,0.6831510988301341,-0.2657648027404215,0.43660592369965867,-2.678357807260851,1.01573862733293,1.5360865178725152,3.5103477531549845,-1.950904255437552,1.1806627223541817,1.067634342701806,0.3104446864660536,0.24320375496504565,-2.396244727230101,2.9121104701525655,3.2086725687928856,-0.820404262461844,1.888873583160198,0.09109606374600629,-0.17121188097100692,-1.0022853815476704,-0.838795817986477,-1.4442043009882104,-1.4593059821262582,-3.269912447985501,0.23564369922893635,-1.540801750566767,1.0529086886117556,-1.3347893783166314,0.19523853273567782,-2.0522750191072876,0.13996350177805697,0.8479301344975481,-6.404085012127575,2.39748420024463,1.238210188529797,-3.155569396990362,-2.6034152829867967,2.3044257241103834,-0.936268421898717,-2.88759419571936,0.340656714522176,-1.9058421302930693,-0.7407569404526501,0.12197655949697961,-1.1231364764620193,2.504218708153588,-0.8478813189858629,0.9192485227116228,-0.5770364621761817,1.6294891726479295,0.9031352639306749,-0.6692401535059713,1.909841472218382,3.3061456668074394,-1.1441305276455154,-1.1115248854627506,0.7853003418357352,2.4182121365975378,-2.2977408788731166,2.8411307765690585,5.221734783424125,-0.04701696237442082,-0.47506341045282574,-1.450640895844433,0.06783130953366956,2.4561535743317284,1.4251350538800898,-0.6862289385274434,-0.9719723722208319,-1.0306448615807482,0.8059194461676387,-0.014914163796829527,-2.191212984111428,1.3394245678400267,0.5770932424796682,1.6226004331204993,-1.4155156818378825,-2.497257454570698,-0.4639561635660172,0.29206583065740266,4.2940384272598005,1.0287723389152723,-0.026115814811257188,-1.0869665573667135,0.47781674194584683,-1.0229736623252417,2.972355375721841,-3.0015937506410015,4.020655004268622,2.1577673421329164,-0.3608701026462146,-0.07437534037063404,1.2349097889706442,3.304749169400963,-0.6754135872092457,-1.1849536698091097,-0.7966762801124465,-0.45534241496136524,-2.148509755900342,1.5781050978405027,-2.953825243821467,-1.5325723563784872,-0.8015953093411694,-2.688049585756254,-2.0825836034153964,-1.8291740699043826,2.2893064922319444,-1.3973743947145647,0.16907576287788972,0.8698776357287861,-0.24930851118854916,-0.6002474014815116,-2.470682399162179,2.6390572078862684,3.9503846466708703,-3.687545327906239,-1.5915345429591912,0.774095253726865,-2.3638289030240425,0.2502069857670054,-1.4767724388021377,4.215810165278825,-0.09186450255360396,0.3149472964825486,0.39138212592086963,2.980161450423182,-1.3683003037474841,-1.5212154527285353,-0.8878070122827805,1.4028469399823396,0.13479892373658434,-2.3814135620351986,-1.4683711374412591,-0.7916459119114857,0.5577522052300029,1.9112326489388471,-0.6681694619144215,1.1240072453227288,2.9861544808002525,3.076571337798417,-0.32390802318021733,2.7207321650226155,0.49685043707261933,1.5031396404026283,-1.585793511471206,0.23364775725076348,-3.919438222004031,-0.08209725098569917,0.5375559203258367,-1.2278458144589477,4.776229324517371,-2.444373667082943,0.31874276766708975,2.715700355498095,-2.43456728684627,-2.0627364700091677,-1.7841390615446833,2.3766781430070445,0.6846497811134489,-1.499334237671099,-1.8573470177534641,-0.7097313369922577,0.5328684900494796,0.037606192368664804,1.5107143611430436,-2.989922598129358,2.6255246508044383,2.5698005559145787,4.16387390131083,1.7356810277081274,1.0262331977126795,-1.213734946993032,2.251251043062601,0.6380980132381529,-0.10120732349473632,4.076576288277412,1.7137973933473425,0.7668567581746811,-1.3551758892999737,-3.8387021187306107,1.762747722549201,-1.3678679484797178,-0.8221009060049929,-0.516049037244403,2.1307546610501458,1.1878270537057167,-3.6201444753201946,-0.41633970457708896,-1.1716249512956514,-2.4545043653146768,-1.3438988822224092,-0.5253466702278697,-2.478516610519301,0.39344492795022334,-0.09281209981491745,-4.981544336944499,3.6741145104870876,1.2862411596929904,-0.105597541106622,-0.5917776734100972,-0.8128821908234802,1.7088662730555026,3.7976992950756996,-1.4959169980018614,0.9029705516962989,1.7877307847914534,-1.5341139653473188,-1.0388378381616015,-0.1738222666425121,-1.549668894081806,0.24156338992008347,0.11647186842350571,-0.8478878689447666,1.6922418125774463,-1.8537441263301,-2.1005165493662514,-1.1776606002088168,1.456672672328706,-2.8952870668701607,0.9912393118344772,2.15563272754597,-0.7915428158212401,-3.725271554386097,-1.0159986658670332,2.159526727514001,-3.7895916939896575,-0.9087429328896213,4.233588938733802,2.3471090380494686,-2.6479135151466204,-2.3297934268610607,-2.0768165538557617,-0.8143039192824596,0.9543119243178333,-1.9458950346434725,0.8413207211130966,2.1746494781123435,2.6782272676616,1.3275251177822325,-1.4293117340471442,-0.5148990226515916,1.4582766129345879,-0.8334861351787164,-0.7286399649663757,-0.23064880835230306,-2.4511901562862524,-1.3648899906505945,2.7697214497342415,-1.714288417906419,1.3563166372313515,0.24316430680977263,1.6827223129741553,-2.6421803559186343,2.5831210625131087,-3.3812810032790637,-1.1726752663851177,0.2809311783652941,-0.2623209310352941,0.13286680935434708,4.2127562346532414,-3.82797536358626,1.2434511022286696,-4.626053327146545,-1.5793092566687825,0.2037469665750643,-0.5971530683020277,-1.109918931738596,-0.9390612455710128,2.392888300227619,-1.3179051133596982,-2.4231421037871677,2.3389321205243054,3.5137320213358256,0.28401410618806,-2.326054826823233,3.408470955334523,3.0921235633949906,1.4892062458887703,1.305163366590972,-1.353554559394241,-0.8585004539418167,1.262548280490165,3.4223741085480324,2.2265378703470935,-2.701962149640356,0.5344969420357883,-0.6466022295620598,0.360059203015626,0.9745197515066979,-0.7058942651002764,0.9590033897484713,0.1466978737894316,-4.560569411392732,0.15518199483773976,3.4843374887659264,-2.3484724608242695,-0.7696440986260253,-0.9359457310372788,1.933412020014489,-0.14769043571396365,-2.226801523356828,-0.0904702478464863,-2.945138790405255,-4.504041118259774,1.7390712358709801,0.9090517149337463,-0.713228887385375,0.005521047020892456,1.212725214571947,0.20242728167886537,1.2799455246690519,-0.9436702242866687,0.8296623281889216,1.0582330304695589,0.06885789369209691,-2.0506655031049537,1.2382682992707568,-3.4793054891645587,-0.6830635470035509,-1.5209786885537313,-1.1508989253033828,3.1394290621757177,2.587350207227307,3.260348953689397,-2.726802350986026,-0.3885868056184014,-3.3253917560234347,-0.9114051887188255,-2.098241103272658,2.4657112225762927,-2.1002080033592545,1.9743677155515642,-0.16897264630048797,2.3422777940488992,-3.1066700311664626,2.1355534669023917,1.284403393984021,-1.6901973348644534,0.5822380251424224,0.1970158736940616,-0.3123598164758356,-1.647086466625923,-0.8072299283010149,4.253895795139923,0.5538706121919696,-0.24444110547319928,-1.1173487125384294,-1.9080988324610333,-0.11269829516840452,-1.547281559946116,0.41854146574451356,2.0566368151009,0.50916576989478,0.11072730254958923,0.8155914046587066,0.13074114899018424,0.9075628851681526,-0.6332536057058945,-1.6653938756116125,2.9313904976220755,1.5253850846563979,-1.5732422131897827,1.5780744291304374,-2.752001276275235,0.5163714359552195,3.913620581971775,-1.8215115294915707,-2.8985817175503166,0.32191295006879256,-1.0640865508594923,-2.3559032303220535,1.989540138270439,-2.314852948859907,-1.5247207415739643,2.069522828064662,-0.12181667754296199,-1.2206466815064014,0.44816855647752096,-0.545120327458926,-1.0449575143676857,0.30523421180228555,-1.426773375642439,-0.9163444265452206,-1.0446756737979936,-2.363432606561557,-1.5771438273050555,-1.5049931107625583,1.3205517502614752,-0.061415027406614475,0.7313082668689505,0.7133542564801748,1.664712990603131,1.7928432398687315,-0.5205577944189284,-0.4601957346657052,0.204053798766059,0.9991733344361048,0.34773274005762494,-4.41813674295837,0.9649583216519072,3.2376878326042977,-1.4834654698990226,-0.8630453137408993,-0.36990310268232995,-2.0521713105526977,2.202240486413224,-2.407913295682847,1.3873675354879027,1.5223083831108704,-0.2207478287538932,1.7288721508770237,3.0628976293394192,1.3288039424330096,-2.3836605926271464,1.6586728880618242,-1.5938040003955447,0.31017261991929373,0.4312900708181511,-1.421007623693408,3.8592496200038333,0.20480028320878602,-3.034463145693578,0.9548405028402812,1.7338560351314496,1.5893694859762557,0.197609508756186,-1.1662167818677394,4.016213291236374,-0.6904979383266534,-0.29284276800019343,-0.3972244354510631,-0.379237864435329,2.4822699983157204,3.5417808214440876,2.1092416747763663,1.292961780119117,-1.118793335074833,-1.4856373962908367,-0.7246519874270156,1.5161892522762224,-1.7677377643290386,1.4693809508323157,2.3364495375195102,-2.3530003631805876,-0.8547539786297889,-1.8512453408952751,1.2425900640917757,-0.416345499243704,3.78108699089968,0.3213135367415403,-0.9471398296527589,-1.0730114234934303,-2.9069635791293518,-0.2544872425686675,-4.104453924004269,2.8476637805674323,-0.577728124094825,6.10804652660992,4.373848803992348,-0.46758615517280144,-0.5435145160715027,1.6310013891991488,2.0218966344471863,-1.85467086436298,-0.8396207601430608,-1.7739402809300886,1.1204615020161146,1.6520844326874293,1.0380889764986903,-2.6676345858138624,-4.13891421592515,2.010642446465571,-1.5650115730184733,-2.090212900689955,-0.18763047693735405,1.2139321903248401,0.929358244912432,-0.0697970784926999,1.1650017359001976,-0.8496736265003,-1.290858640502569,-0.13072612721940607,0.6238508597911282,0.19601142753158163,1.0537679598300342,-1.3933553330033877,-0.797023100047347,-3.462135810991175,0.45999295542626767,1.878287799164363,-1.7380463267563178,-0.02156586253936943,-0.04959469603473177,3.4003798613258778,-1.2384292299254342,-1.1215794336948464,-1.3694256741589697,1.679892782874792,4.149081288938091,0.274755974260239,-0.7195507695782557,1.5816656576711157,0.28041330782489937,-1.3758074753158631,0.2460781843836798,1.409228265309274,-0.3380288529875265,-1.0092605024093615,2.164013532362663,0.24992776081851142,1.2031555780648044,1.7676289372963407,-0.42990069628962835,0.0738556445656019,-0.729713486642995,-3.1178722760806226,0.5989640179832452,-2.6546150036223457,-0.4638694056506246,-4.114624988212811,0.15160013102228606,0.028608018426903747,0.06974625402886464,-2.2846868206013613,-1.5953338073726733,1.3265720506014438,-2.1371402815104927,0.2684355269660014,-2.1921485675461936,0.15486749712532544,1.5110816193312973,1.2517035370036973,-0.8217800204985225,-0.9110497319185427,0.9175316919252176,0.8800463286427338,-1.9875429389480028,-0.5925251423565674,0.9759769125909513,-0.7454892720461844,-1.669034019405823,-3.5760070745217973,-1.2416228249791001,-2.3290923655246987,-0.12425473403359338,-1.978088722018693,1.9486405431194678,0.7004887128780064,-2.6142173131121993,-0.5491266971815967,-0.4050180382864955,-0.6978450580716908,1.7676399212110958,-2.2362629420515807,-0.17443414982628447,-2.2280233811674006,-3.4273067020238184,-1.0197412996113588,-0.890354815113039,0.45722265609421636,-2.4341429637424064,-1.1423323273849957,-0.6854493884882931,0.9652470747862956,1.1083945985203882,-2.6963543846837172,2.7657962165286767,-1.6481436704308499,2.5252117318184037;1.9496293390411286,1.394304124443809,-0.9193053557205941,-0.8846100700859022,2.263932529089221,-4.217145600539978,-3.2734511761140785,-1.1412852699714238,4.74360522245418,-0.577455259793948,-0.7469811725108582,0.9838905334570673,-3.0128541923071963,-2.8753195034068026,1.7942247848780575,-3.0919255422763703;0.5724857224149471,1.142482582663453,2.839119763655492,-1.1532804955914269,-1.7896877078848847,-2.803485671414352,-0.5586120587731398,0.3740618119719138,3.387874253888678,-0.7886928545811991,-1.0884032698186752,0.6338507493095926,-2.281402215459611,0.67086093453399,0.4361908350950785,-0.7371329597503224,1.9379596040176197,-2.2998860925766444,0.3695515645076909,0.5170417687866206,-1.3916588793051918,1.0682263665631604,0.54657355290473,3.3252322931257003,1.1821895497424937,1.659199942364944,-0.4390689662493215,0.8431450216044182,-1.23864791267051,-3.87599478540222,-1.003561156538114,0.3025506854954496,1.3942423339639234,1.6387286753540993,-2.9525828189003622,-0.26293012044548436,-0.5884518485618571,-0.680452838374227,-2.3622780955361082,-1.9826984675969033,0.10636128326314176,-1.0489724541979166,-3.6616833809303606,-1.5636051828162876,0.941497322566701,-0.0566035440870937,0.8914978484567528,0.33373503731519477,-0.9350389840665861,-4.09312843542625,0.5193488590301991,1.7176154407513693,1.7238203320636862,1.4934709514889435,0.21997889164323908,0.029771003157876556,-0.5583965667941586,0.4246832140863523,2.370590924621034,-0.6099060552937267,1.9041516809303722,-1.5370530619592218,3.2184689219867897,0.055598355810160136,-0.6818928344683308,-1.6633923565249038,-2.8159897996046235,0.022815271891663214,0.5389031721098263,-1.0447801021906877,-2.451815235053866,-1.2136611557395791,-0.4661748557175194,1.9726806573384803,2.72350191261496,0.4051776659505198,3.4366638637322926,1.7186859076145682,-0.9067165857634241,-1.715814920988624,1.175830984601909,0.06757932452066273,-0.2592534683272994,0.23818778638684543,-1.750383028423099,1.3579870758827208,1.1511861437945259,2.3592710217255397,1.598771769919353,1.5043845440552808,0.6636828531338734,0.07343860974640701,1.490719499747435,-2.8066607479926216,-1.2811100191790004,-1.603878871242356,0.7116820981443779,2.5838741437535013,-0.03137335360842969,-1.9231260651791047,1.1912701070398033,0.6527639511684517,-0.34239769535530035,1.242725652465436,-0.014220092507567117,-0.16385065210105382,-0.3204207309461528,-2.4926255649342948,3.170975710337392,0.1783544790110725,-0.28494181456616563,-0.42443615753888814,0.9025429508700965,0.4034748976685979,1.4137054554351698,-0.312698892248033,-0.9398662293403574,4.486760166859124,0.6275600303743536,1.4628654283466538,0.1748242391632014,-0.42819361406007617,0.28482174632955953,-4.09897899636954,3.6809918517328626,1.6316889328277666,-0.863749912526125,-1.6558344395667919,-0.5516842345014538,-0.11681323745534324,0.4512710819861003,0.6048549082039151,2.341883762566059,1.544811075258452,2.110427604962256,-1.7841346914420482,2.266422699395113,3.475064588608406,5.28921774534444,-2.3633452199495775,0.3390411258643434,-1.851297655641709,0.3650035817609962,-0.06858976136791928,2.718364343053323,-0.6674737516892195,-1.2436383115136624,0.29255925943302874,-2.6946770955343884,1.7331056175562427,-3.188071757025574,1.0525962216124007,-3.696360668301624,-0.6347904321519656,2.107201938826652,-0.0901218117738138,-1.6737158381830919,2.308356457571889,0.41917698382206964,0.8091951978564234;-0.4687987522202648,-0.4952091116765389,-2.150901862232643,-0.95527583806815,-0.14724644646100277,-0.013894268791414033,-0.5108087870315708,-1.0874495793933827,1.1953648810748496,0.9718898426644942"
5,0.4475105038875002,"1.9521459524517661,-2.681682547196372,1.412341207657468,-3.037276056571052,0.2701093506865999,-1.441964817653317,2.2273040263918595,1.3750083889271998,-0.6243965489907196,-1.606940800629363,-0.07158959035564882,-2.212023469480341,-1.711186529630877,2.4107738549602,0.26657992924982565,-2.671206490483009,-1.6203240987580902,-4.68008421011834,3.633300521603339,4.105107216975204,3.454924986303793,1.6140092230498444,3.4265215106815403,2.683884544821431,-5.101063118362362,5.262778002392667,2.5700900068706223,1.0461958551508035,2.8824982726136064,3.440918810022635,1.9625926176490496,-2.753695804808813,-0.7152429847873811,-0.6496721929911039,-1.3529610972755677,3.014684631348362,0.7903497269837919,1.5048273353009316,-0.25454345272682444,0.16858676111933946,1.6451822444383248,-0.41143593412377266,-0.21159521502160394,-1.1590821081845242,2.692775194581628,-0.5631371727041374,4.73203232078592,0.9990482543641722,3.9812880973532487,-2.2570614925087913,-0.5718226688997781,0.12264288129974249,-0.47949233115200035,-3.7819886550287016,2.253260083679835,-1.9565968340780118,2.3218296048704525,-1.2554317016292156,4.362214967502175,0.434675686461697,1.1599681833786137,-0.9322668668033716,0.17138221429268596,3.097652638800023,-0.35926613231693844,0.03814592938991751,1.3983551917257206,-0.4344759270818841,0.2854448872173112,-0.25312120184019515,0.6663363459372276,-2.203635288234377,3.1415991850865135,0.4590505155701821,-1.2152394408345937,3.18413869396023,2.144970632192585,3.313499777840204,3.395260615143846,-1.43415197852762,-0.8235269808545463,-0.9746214623249811,-3.921536568359059,2.769722002094465,0.5228185568652738,0.4183858140327965,1.10785174683038,-0.2773684519410017,3.775594482543707,0.2778878124971019,3.517025560560496,0.4422281308795633,-1.9751636552947818,0.5989224878195902,2.1695685021747617,-1.7395389963508232,0.3068906227843415,-1.713875653125501,-1.3728206536744827,0.1926666463445782,0.5488918000962655,-1.6797149676612175,-0.6620743185040218,-1.9097313141814865,1.2116767808187041,0.9641090832099078,-0.08471532334697154,0.5299769908285457,-2.083568567714665,-0.1285424808209572,-0.4291865367040834,-0.45519235988872253,-0.14200075176625576,2.5119158221681217,1.3613945787073978,-0.20960152918617925,-3.8827705402794432,0.5385700971472869,-5.461655049512564,-3.204816380577334,0.06495970726381406,-0.8108812149160431,-2.884852929307763,-2.088141558190443,-1.0643357071900512,2.8597991099965183,-1.2727086772987786,-2.6045210030087738,-3.589097282985918,-2.8778932475635295,4.379191062089218,2.3448494739675696,2.9328894505238288,-0.6069634003245221,-0.26232979540443435,-1.5762822004603805,2.471975859772744,-4.120758083844998,1.337853963292746,0.44011292187187334,1.6463482208748932,-2.6645224752208634,0.30796571449087506,-0.27675680508342704,-2.50597323190689,-0.6693396740871459,4.865077484016019,-5.280556961249987,-3.116165351702721,-2.207865540325388,0.864759081058207,1.6004689245425217,6.86296319520072,-3.644787408017236,3.3829919100306336,4.0953230329538854,1.7148240435165096,2.7529553229727592,1.5430318003677417,-4.0261263112808425,-1.271811931813508,0.4139127045632016,0.05912723854062696,-0.12466713779473397,-0.2566318713062995,0.7994140960431849,1.6782565649850607,-2.2030192125487575,1.0019599315815582,-1.1162276630495982,-3.927251058354847,2.1075864250884253,5.174058052351932,-0.724359150653987,-1.7766603885485628,1.2583933736101367,0.9324306371549,-1.7676504333112746,-0.09785695618432999,-1.055409580374501,0.07986626482630665,1.6386476646399408,-1.156785373969905,-6.206466757162132,1.0305816162207004,0.8533857363935167,1.614210651936998,-1.288351757120668,-3.114176821655579,1.0223319047388677,-3.0754549704247367,0.9226534599173946,0.27033843596406015,1.8817816025062182,-3.8817254652171034,-2.493567190576065,-3.4964188896828317,1.3367448530241521,0.3736265704949343,-2.5407950271365722,-0.588912679011681,1.0643905741132489,0.060403491504303464,2.8684883465661297,-1.0770800731294226,-3.685799502438268,-3.1098128899240014,-5.002534734085563,-3.154032031898406,-3.6253482296240858,-2.58467743508864,1.6690640168671453,-1.6951707213320937,-1.77649827227153,-0.24170892811234168,-5.692712792214792,-0.31965508229112993,1.8490599935315113,1.7745388684623988,2.2591788909325055,-7.955203069943256,3.878875769533219,-2.2782725235520855,5.960783706247894,4.123196220541775,-2.0108326487352484,0.5381720939896307,4.299930108602099,-2.8698428342054436,-1.3214232613841759,-2.013712431554274,-3.18041448234914,0.11619671031610652,-0.5297603940851352,-6.309671476894906,3.1721281377620407,0.7525692814577104,-2.922710390974627,1.922972703045339,2.7910973055134543,-1.25738083754861,1.5195430306985638,-1.3905751364191217,2.594478221083045,0.6370786198075722,3.8477491955349246,1.7141934078161234,-2.307293802788004,-3.38529413358077,-1.4335343544277603,1.728253738748167,-2.5169007824517524,1.5870605568049123,-0.5419510349137671,0.8517861560003065,3.7266966963113024,-4.898864476860595,1.5428037969969406,-2.141598747974321,0.40431430607645535,-1.7536057019768312,4.931285672843216,-1.3963144760070294,1.4716380145222934,1.6800747449687015,-3.2691565664264655,-1.4368480750674424,0.9388212732404169,2.7804566436826486,-0.625342566336696,1.1576941804048848,-1.9482326853656058,-3.652339275104834,-1.9763766260659525,1.2078331160253981,0.5118000471589798,-1.12813531164521,0.8154208799210275,0.6764656755830599,0.10439284086388373,1.1293095746443047,-0.6307850814303577,5.219602600862766,-2.4093033206409182,-1.5619502518803774,3.3620298657221817,-0.4232099234712559,0.5758581011249678,2.1761873370736398,-1.2140485208541418,2.763667209908142,-1.5164113529868755,0.6600080817458962,2.966183985725765,-4.135661354534941,-3.421557529938687,-5.889466050128795,1.9373584961952437,0.8231787454141176,1.449201611680909,2.862551547871993,-1.0878396904421317,1.2065453656828644,0.7007359102017046,-1.4827852224628493,0.5935518305658241,-2.414499870712093,-1.1927392710203713,-0.4486017243649696,2.837458543759915,0.20345320571169567,0.9040761132726167,-0.1683653015662759,2.907702799298353,-2.637977544110119,1.2792822518199776,6.399707968952807,-1.9125187661614569,-2.3424702031086433,2.7590172007157037,-1.050673628026097,-6.371047657250892,4.626330002955196,-0.39829246225931736,-1.673321638177216,-2.129109737711809,-1.4284912531377303,0.2780777433695154,1.620029866365811,-0.6340286812197495,3.971850038180814,-2.2526847990375822,1.509628324926917,0.09621902675920757,0.3771245341741423,2.8145549878586764,0.30019089596434245,-3.171353632982645,-2.253785386586733,2.9834416167773403,-2.9845454747668856,-1.2480249216419612,-2.0311746741684504,-1.2589221282548966,2.280056133943713,5.591466850351036,-1.5331537445042378,-0.7611371919758196,-2.0144576784613295,-0.0734321251402878,0.6980552238853097,-1.7130701601761902,-0.056170091607159855,-0.4926734327976085,-3.3554331530833776,-1.5858866792017232,0.6791791630015993,-1.8979806803360841,-4.733143746573257,0.6356189807864989,0.7216553287959522,-0.9019966747566771,-1.1648281768530682,1.1021075490019714,-2.0030473825064554,0.4167954361220665,0.03585856890041672,-0.6166559436226278,3.0619026452166236,-3.0203661188939033,3.040635673588598,0.366059828466705,-0.24124029861080365,0.8733857121673873,-1.818057752586116,-1.208343309033514,-3.489522279421261,2.2547837437370744,1.3712270925417247,-0.7229996758887571,1.2359887359312165,-1.3574278021481465,-1.3556109206044091,1.5609255417666525,-0.10633555685651863,0.13706378605206126,1.0502859504634974,0.8197787497203943,-2.1697440469712146,2.5005496893617454,3.503932588612854,3.0075367005330076,0.9055046019691153,-2.658843628292678,-2.2811668850724574,-0.6263903569512358,1.05302880802464,-0.21768086023111155,-1.7088842260964725,4.126192898771908,2.495818475828633,3.717082002961559,0.5262081785321493,0.25018262043621287,-1.6504247223439494,-2.7901253051604553,0.5436977836928765,-1.8730908915737399,-1.6387462033402167,-0.907700732181039,0.7342900265838411,3.098860931058451,0.6004951494689714,-1.5026426424908546,-1.6269279521574456,3.5608348072996856,-4.203782194622432,3.078875036499163,-7.7918454582516965,0.07332947943824109,-0.3527468580222425,2.482986119070219,0.7345810722138408,-1.0943345776284765,0.8634157973358232,1.4748076487329278,4.39465820656017,-1.812978334302108,-2.1730270861644354,4.4928342296295405,-0.783877694827806,-3.372009696105211,0.3283885244195909,-2.609792306549541,-0.20832315205501062,-3.065979127386406,1.4022101124355024,0.23220235275880863,2.7448970972017577,2.518739523473834,1.1066038681491799,0.8294491815470313,0.8181736076167749,0.4567300176443897,-4.1289907593164745,0.24305092934031297,-1.072926568725493,1.5565483654914747,-1.659360560586392,3.3742518115040436,-7.411646064485414,1.1417556794593122,-1.5783605309828976,-1.6367767849537167,1.8068963770760158,3.8218638986786804,-5.89338393103113,-2.220760365193804,-0.9509300383325946,-0.5831347285290349,-0.5180007407870173,0.874508392901197,1.1529276424700607,0.3927466874919085,0.4568823588759644,-4.731280300299877,3.144898348321001,-2.4008515423469747,0.6759949174773622,-0.26779187658467385,3.908543387605117,-0.5117829636889504,-1.2662481115040294,-1.4864074242990128,-3.7021029598685384,1.1952453193547206,-2.299875072962541,-3.244392191713868,-2.2056060992567965,-1.6747445494074276,0.07258577549485351,-1.4046514895000977,1.5117360094435899,1.686328040550526,2.906537152274898,-1.4657253763654459,3.441057618818758,-1.5060008124534678,-2.662084085025426,-2.6730253855190425,1.1680713107890228,0.30346130969261376,-0.3693937573035403,2.275019872175265,-3.5441162629745877,3.518084555766004,0.6002534473922072,2.996408534225391,-1.044881826476594,-2.0005593415571052,-2.377485799309498,0.10765680682336709,4.513965183992835,3.9850560218017694,4.360445197329558,0.05432596940051804,-0.9726146846481898,1.2806964360027546,-0.186474286286745,-2.472038227686995,0.9086730410485395,1.5992941077227518,2.3253248631787766,4.867173746280418,-0.26132406267164565,0.8237419787079628,1.3646412188707029,0.37022106225121,-1.871298405164578,-4.2492491221784405,4.451536428410946,-3.0397547173620696,0.10926246250650096,1.1780957827826266,2.8808653614595094,2.4133563437825707,0.229622973713282,1.9015956563378191,0.6020146137000307,-6.408273592726164,-1.0130140269867038,-0.4022312382500969,3.525018064155611,2.872597508622178,2.3895324745821513,-1.2918956950864948,5.538851340270403,2.5741705147712612,0.20688910964918417,0.4564201360584052,-0.8520960487566379,7.275933722136614,0.5604227975289087,0.5726333396738212,1.6944156382261775,1.0231088534833233,0.8781228896034458,0.2390039394790313,-0.6767346783401447,2.5161708298132175,3.220172883682512,-0.8800898677646862,-1.5270931795654583,0.23072342294291565,0.6670647749001143,-0.3012723176531583,-4.396445047643582,3.2852742613307004,-5.8251012808837075,-0.2590475869795005,-0.0960014954289502,-2.872685279523805,0.5461237052751357,5.5804331629421124,-2.61613823830505,6.759813786285622,0.27236806053574547,2.705402376624038,-1.0849408755038,2.948044800800297,3.5374149646572075,-0.7895900163373915,2.50494367347592,-0.43614298463224976,-3.456938236014641,1.3506991242231214,2.615794884903844,0.791545117129886,3.3640381528853682,-3.992002200947986,-3.1881624835588536,2.012147231848913,0.010596820488075198,-0.4783440360111584,0.09995235496158639,2.236411513938739,-3.586641798215833,-0.36581773120203465,3.825327304614541,3.2988302495702193,-2.9468736893924588,-0.10398760664625861,2.5118244831633505,-0.9570899791839854,0.3418714956797441,-5.089675979764432,3.765992399638442,3.5556607109224228,1.5386865706506714,-0.4379486694779774,-3.204782836357492,-0.5977252178290852,-0.42827716697995055,-3.115163879069179,-3.352189657125681,-3.0378201042788047,-0.3808458649119312,-0.7106284216263192,-0.7511018189872368,-0.4401311904620542,-0.3966545006364437,0.026675136575929105,-4.743657517641246,-0.20205544130255548,-1.8002370353538208,-8.201530745627284,2.409405790321909,4.586490393473108,-2.6068323624242953,-1.5718719185098324,0.5172575969312851,0.1712168324912251,-2.1929190436756247,-1.8689963420849482,-3.051073790973768,0.3839979055472327,-0.45956705255594765,-0.2766403044656901,4.249374573738901,-2.9509210188564863,-2.7348448309265594,-2.2616186325792214,-1.9433699750843498,2.647079910299562,1.0580598037452846,0.42898743601819955,2.163265515363287,-1.1623287504776731,0.05336213132261791,0.18194868728815972,4.992796497734679,-3.3462718491835384,0.8779473705452842,4.3955869500096085,0.990099708154451,0.6761602014097272,-2.309629004812784,-1.3354567228682195,3.820862997666315,2.420640238567061,-1.6198866608467049,2.538921006272713,0.6049771741152383,1.446239468166176,2.1420396834319426,-1.0295183194675028,0.6206324308913808,-0.44875240765557567,1.726610685255753,-0.07995760549074404,-4.0736476737412355,-0.9513956249955079,-2.8565912631652886,4.886437510429582,-0.24728069420848886,2.0722965915584317,-0.29405356770588437,-3.1190241302909025,-5.097508812348492,3.4467345473570155,-5.182365784268448,3.6190235278537704,1.4140722949831368,2.260612616178731,1.9481897661974257,1.7239192273486583,3.328897965148855,-1.2218032818701383,-2.4127599296941398,-1.91265692584857,-1.622221328273041,0.41169069736037645,2.8143684697465665,-2.132466565457301,-1.2018320846955135,2.651195676708225,-4.440502758205516,-2.7400682361271036,-2.8628580631068843,-0.1193858260288394,-2.837972517153558,-0.7992054985870133,1.3072028796519508,-2.5460525847436806,-0.8023059284658907,-2.5309320632574464,3.2713452458615535,5.380595657692581,-7.758184092877338,-2.590379545202317,1.3046548352787966,-1.4167554204250934,-0.6718291518435546,-1.4102708356973908,2.0812261990437326,-0.6880266284607638,1.604558419081492,-0.37930739317926054,3.413027121444866,-0.6863504301777997,-3.20376197302431,-1.7716175369073754,1.8594130802710909,-2.6470934106730892,-0.026719031739543014,-2.3929916748940294,-3.048418819517178,3.5777573726923255,0.06417519781138425,1.778511854210492,1.613457145459901,0.788564296934784,-0.9289202560714591,1.0762244225916149,3.197571784881461,-0.6968968782829928,0.6260121354638205,-4.635158517551236,-1.7336115699330443,-1.5410021766281885,-1.5770731035886196,-1.2375050533095058,-2.9384972577206234,5.717497699923114,-0.164943156707414,1.2496832948309384,-0.7061327235133505,-3.127330647154318,-4.03848193520403,-2.9147186872962134,1.7741160899103594,-0.2557546324426109,-0.4715895992001853,-2.147033177834241,0.45157706311199003,0.7939342390397222,-3.0346675468936066,2.457881975234314,-3.3318178206459375,0.726910442200724,4.430184610424596,5.59059749859164,2.9785064255845786,-1.2685731464251857,-2.608746897420767,2.9736300612116553,2.624766392289165,-1.4339394639918717,1.7716180046873984,0.9977189915891618,1.3622426418347453,-1.8593091692442014,-1.5470240981720451,1.92252493146829,-2.3445817688498907,-1.1339531391018778,-0.462606986512813,3.250573944627882,-0.6277931106765987,-5.060131930463152,-2.85633707359216,-2.8881217258001683,-1.2955072299341674,-1.3951765920460724,-1.0842266228983406,-3.5013187456582884,-0.17165801597323016,2.0297393832541295,-2.8314152705451727,3.822880028377477,-1.8586323440591168,-0.9306886307790133,-3.6408257800263515,-0.13412057246822817,-0.23758678366922714,2.984459975894743,-3.8785317468059852,-1.326285747590568,3.2359817824988752,0.7766411022145907,-1.6974525507640328,-1.2603679711926943,-1.9603222529263307,-0.12459149970459021,-1.7467464497039566,-0.6697781902368736,2.700678312591333,0.21465766460425212,-3.505521913221732,1.3235941434747271,2.9462262304239077,-0.3884096736659267,-0.3663273807765373,1.0509310704988997,1.6913208052079605,-1.4792550569225056,-0.6725043626800254,4.549525746910566,-5.246057619202382,-0.8197186111544773,3.3932359289119223,3.4197030466713167,-0.6301053746724361,-0.15372435734114476,-3.633121606827075,-1.3559560711647123,1.7161490654471359,-2.5161915963212587,-0.34040708600805913,2.86682523130174,2.211841070494268,1.7508213257023049,-2.889221463584586,2.522565299995478,1.4024111253547726,1.5734035788095504,-0.03435895087824048,-0.07478045952590266,-4.713922917907421,-0.5804701474139428,6.201625190216481,0.010218496978790959,3.014141613530389,1.4099101534971754,1.711100748115416,-0.6319554923293875,1.7152683110743219,-3.6144070488523026,-2.9530979910710657,1.9373273006086709,2.791627626264983,0.24517189886975696,3.995650558733449,-4.217651362186927,3.507764879092547,-3.2168955992912873,-0.41702467381170427,-1.3683158472665333,-1.3872735870763475,0.7741751006040292,-1.1515625407260464,-1.4046359324823232,3.9689154225988936,-2.111844362781137,2.7082433475995056,2.120865628504262,-3.085644098667025,-2.4150042561566014,2.3894670807820804,4.757779323645279,1.4452993228729354,3.7591907090263796,-1.6479908630473532,-1.9627245069419679,3.6286302636823526,2.757712103508377,3.1577233922548738,-5.837337456022419,-3.305107960922893,-1.0558266374601668,1.0111116960588822,-1.9470741934630507,-1.501197540417878,2.4624341587881204,4.543884956735321,-5.896671903671175,-0.781695632147952,3.203782561769155,-0.2683263764489553,0.31703624884878384,-3.1327102818398487,3.610737685248271,0.9591073615604724,-0.9919890700483429,-0.7042358498539172,-3.096565288559436,-3.0595307134522893,-0.7722273303971348,-0.12960842074854018,-1.1733536933867674,1.9211732699807387,-0.04665890960760285,-2.546526438055196,2.1322089329507805,-0.11684243666967276,0.300997513295018,1.765098314753942,-0.5867676132627527,0.5687517562362887,1.987932443689908,-4.502622498165755,-0.8992423494109008,-1.4360623300002064,0.9609197449670365,1.06011760316122,2.218681149403701,3.615822693165902,-0.10945132239556177,-0.2541336645863739,-5.012540768423685,-1.032597137583748,-1.3798143657271094,0.8934699858789376,-2.4210306588756234,1.9419539472321052,-1.2844719776050413,1.7372530912260318,-1.7496711789832577,1.6915822429458156,-0.18222279304609845,-0.4543077602863188,-2.724341762088365,-1.3246047722811656,-0.2683469743457487,0.4357065037990434,-0.7625412729764547,4.0195039654404985,0.02697407423347775,0.886004589113104,-0.26227755583278983,-4.958419144287521,0.3339322878429358,-0.2630937673116045,1.0157606634110454,5.2975277704292525,0.1347015409168889,1.3138967363021732,1.4281294066963826,0.4460343451048463,-3.135718872476752,0.057752067631385406,-2.792775331736352,3.9907435868160155,0.21839108784032085,1.485394817864014,0.43680801878840336,-2.53434318778982,2.1145455295915188,2.9343732021243114,0.286592490594193,-4.495403079915558,-2.2510811701395856,2.832307551400375,-1.2055387416987329,3.1255232009280474,-3.170541239629138,-1.6169409806510553,0.5398980193403443,0.8641181050067342,-3.3883452931888085,0.5940406090972028,-0.8814443566189298,-2.064568511037168,-0.2728541718686065,-2.4191241604298686,-0.37593705214180484,0.9360534760440671,-3.3781341425571334,-2.8938538129374827,-1.7450970822380754,0.8925229871635952,-0.3246449922419865,-1.0553246252518216,-0.12624684549404108,0.6894316977264587,0.999854103409278,-2.9025193394319375,-0.18666502619790448,1.324021871084554,-0.13058681084482854,2.043005934523622,-3.66366466000859,2.129718664548549,1.4121375283400457,0.3497767952591181,-1.3541959390535192,-1.0008943485068795,-2.942880719736122,4.5698831070824815,0.7841757272213403,1.7457583615602097,-2.0716002316128734,-1.1227532459534437,0.23097004884585165,4.358238371468039,-1.6504413087340686,-0.8523890531664464,0.34644211666084934,-4.344519311326516,1.080083632733412,0.2763081977574277,-0.5238243856133666,3.3272477340850157,2.540229299694241,-3.7308725917894634,3.478237510065083,4.327004877298387,0.1162069871319596,0.2668395814815794,-1.4451500111448519,3.792984317914743,-1.8764112345609942,-2.1693836683754766,-1.4440720317155136,0.4817718987261339,6.4032822539357035,3.434922123514537,2.6899519749563896,-1.1709463059349579,-2.015622632261669,-1.923325975295954,-3.7657309735730222,2.446379855627125,0.15885903761565845,-1.3522462812191351,3.61241383802278,-0.5377766838799412,1.8627217352121452,-1.658325117147676,0.2519192445209322,0.532059768530891,4.162001997289189,-0.4115485652923593,-2.433838444617856,-0.4701910595348869,-1.3989995693992219,-0.6842273378609847,-3.6265105098377988,3.7757907778828432,-0.13039019304971466,4.899918813063383,2.4445341490290704,0.23292391452997752,-1.8452540818420542,2.748337448793839,-1.2574972431747922,-2.619247770782308,-0.06511345770633437,-1.670031771296505,2.176747250061248,3.8690099968913465,2.6012049040445455,-1.7373209137063004,-3.8563148162127825,2.986795054724345,-1.4668975734168002,-1.2584342907736534,0.45013490507712206,-2.888489388314728,0.31491478936635475,1.1557578906441046,1.738741523518709,-0.1952436750244292,-1.8853304854739388,1.606028226171623,-1.1497468051391329,-2.4079268610748477,2.4896134394299776,0.6806492599235889,0.6965308980336697,-2.9989202337322416,0.3501819761150022,1.9853410115329864,-2.328264490521971,0.18303554888554524,-3.3050308749985438,4.204682834511593,-2.120257520497912,-1.247832067479521,1.196129888297682,1.532281783160355,2.174753693297301,-2.414703454529289,-0.41354859386096793,2.702867871648821,0.6244158672204558,-0.7197579894482709,0.07360439951185768,0.5165029854095833,-1.8935704756944234,0.3923387791662256,2.3429364477140417,0.26130909130572566,5.715939648324886,0.7107704042664114,-1.6107132362402743,0.4946300096615771,-1.6160244549790388,-3.067353777385472,0.3331714196368267,-2.3152391148542,-0.05787591608426257,-3.257464252225547,-0.3106998845512815,1.4450666893047373,0.6993554141234909,-1.4991207837385696,-2.1487824769975656,1.7277145003909773,-3.43112499681812,-0.32829882288324086,-1.6728567335406994,2.4263762534101896,1.1389382497931542,2.119511112039285,-0.19988872475608552,-2.2300612917551286,3.807819093527562,2.768283752124288,-1.4374304796759985,-0.5718229594508664,2.9048731049889884,0.12727248013230108,-2.4656921366231423,-5.528581975636969,-0.26701801609949993,-2.764168783512579,-1.2582308941132463,-2.823385234055821,1.1618254917955384,-1.998352148437674,-1.941951819443903,0.21048880004026072,-1.4019660802903564,2.198247189175201,2.992284740562977,-1.808788819360359,-1.298808662065132,0.1156542233866322,-1.0260642949482914,-2.05614487554439,-2.89845822832792,3.5037063316459776,-3.732299960497385,-3.826997049481049,-0.9200070176651415,0.45830712880459656,0.3296861783739685,-3.5014645106414584,4.158730328117465,-1.5905088428274332,3.0206802452155483;-1.135228805612012,2.179037023160265,-1.7588912882187187,0.7323721536528821,-1.7812079041005031,-2.097368838705945,-3.1568717362392293,-0.868034422243683,3.4662368052695296,-1.302978445456067,1.9701537338101507,2.002438254588753,-0.8289569641933808,-3.236092454547901,-2.0894828754931565,-1.6775506403821812;-1.1950030700315117,0.20270321308625172,-0.0702927400582729,-2.2258053628270407,-2.038832486316774,1.2515199224569957,-0.9215052610225105,-0.2641245336538419,1.2339128121751026,-2.4460112316766423,0.2327340141563803,-0.6792104188339265,0.12867005582088742,0.08312775028158104,0.19954810318536953,1.8506497964667268,3.199342299152286,-2.380079533648799,-0.3274662441620291,-0.03298789614262265,1.120436515958347,1.5772207717045208,0.9823299882004725,0.15727713926794062,1.5494973050143068,0.659779736406341,2.9884551618068858,-0.585732982744074,-0.7766763684249698,-1.673503329460222,3.044396291672071,-2.870699230474346,-0.498152442133478,1.3960275704183482,-1.663597329010957,1.5701298036347557,-2.704639518312082,-1.6798478682581777,1.4239945392157625,-0.23963953794240517,-0.8472821867576874,-3.0384583257529174,0.20349340951307648,-1.2054476193060288,0.690833758670071,-3.12321083007562,-0.24455060882999957,1.4335177859634651,-0.8104861962003751,-3.593115372162886,-0.6777081021318979,-2.0224018311735157,1.792961682979105,0.1465295496838386,-1.8691149484362224,-0.07929440894935261,-0.5194988381201109,-0.09680655413081024,-0.4865477563222401,0.6034506955697043,-1.4242347230367336,-1.715751752683229,3.986853731192732,3.0785195564779047,-2.562792416857806,-0.7211607052063385,1.035220129423209,-2.2927412773464004,-1.648834089014184,-1.1360465818186931,0.28459105712706656,-3.9707746068813057,0.8770503762453494,1.7853026456268368,3.4309749248548536,1.4659370864803027,0.21748144714492407,4.345608656302666,0.807646405930177,-0.4526924096741266,0.8240732880680962,2.1793052191372455,-1.9474728389626137,-1.0355840222631405,2.791839221460693,-1.0778887645720265,-0.9121423399877708,0.969926448668593,0.7725309712076351,-1.1704352067229158,2.1265161462269284,-0.17836986413172864,1.5288109431598194,-1.2420704249477188,-1.448002727195846,1.6744783109418366,-0.11003289493137486,1.4971680836430215,1.3131122833412905,0.22114232207512952,1.8013095002240829,-3.53262502075671,-1.4892628660617926,-0.27594868849424137,0.8315843242503107,2.072850130074015,-1.0835379577496655,-3.420677726342373,1.4337085586260103,-0.02380502119229745,0.5214100877732204,1.1407325820355518,3.066520017981368,2.324303942716452,0.6409546824192996,-2.6554336679067716,0.20711278464164296,2.494763002908964,0.9909886176488624,-2.3995475532184494,1.3100624931494314,1.04963673876938,0.4318146747418961,-3.3663406399041254,1.1766975868666611,-1.8742948019783956,1.2274034251702646,-0.2422022334760291,-0.6573511748099046,-0.5169340598376057,0.2012015637141828,1.3523677529384455,2.1335894610740818,0.4440517786361302,2.993943972041067,-0.8275683137825405,0.0835455432067097,1.435187522472072,-0.469331362602304,-2.2536909666544513,-0.9675139275285274,-0.4025921611276736,0.5936168456775828,1.3308377145410746,-2.284076428215609,2.1592845681500465,1.4516283529071257,2.2314350342196754,0.25384547796128454,1.6483581199235986,-1.9031847810430473,0.8799415603551,-1.9028410227668893,-0.560563293861086,0.610585844334077,-2.0831054366737902,-0.7614963183720995,3.083457660559146,0.5647541439103616,-0.11441572082836449;-0.12430093887849918,-0.07875288624464047,1.3055827158105235,-0.7133109002802115,-0.2619450064243539,-2.336069605021263,1.7347627931235772,-1.0704682430200712,0.3269108642391749,-0.10140782972186395"
6,0.09622624196460455,"-1.6251212588825248,0.08291185317203993,-0.4149162781203273,1.5019529651885957,1.411356861745625,0.785345603010283,-0.3266137806612126,1.9853803952602933,-1.5530352778398206,-1.4035586295636626,-0.08378309988906465,2.254038108921119,-0.20233890687008754,-0.18324524320928193,-1.4419103561118092,0.9459295852703784,0.9531762543293538,0.7890752013999099,-0.6292206728473624,-0.7067067683730057,-1.2931222504049704,0.08387250176093364,-1.0804073292785017,-1.1774165052492886,-0.42369071691067595,-0.48915617518421617,-0.5379785288219551,0.4664445968402613,0.07904780215027922,-0.28815603051111766,0.18301292831148205,-0.9915270411046322,0.10527862390967795,0.15060249284463378,-1.5030468593574806,0.995693754370362,-0.8814337052269955,0.09030979920643496,1.1644117405352703,0.9256767577138694,0.03433338856883548,-0.36249900288206854,0.9475119085755672,0.6746949778086199,-0.61836502004413,-0.7948936470016904,-2.072355181695998,0.1540318416835874,-0.08269774501839869,1.1361913746425423,0.3590550934803667,1.3342291941726905,-0.6973642279161708,1.1381503309676184,-0.5289163791046552,0.7775960617922721,-1.4587583925306935,0.23513529936618852,-1.98468794144591,-0.2671374859417547,0.4403539938779136,-0.5209685512310958,-1.0504376287559674,0.8461184692959337,-0.10346278984692345,-0.4895706470306716,0.04189592115427648,2.6366691419455885,1.1535028497815438,1.1625736681878402,0.435546318992364,0.16648527257714707,-2.3960822883304163,-0.6789803464631321,-0.4805744132024745,-1.874892064047533,-1.1574157902154336,-1.980836470922634,-0.038323835697372494,0.8187659708488161,1.1067745186243287,0.41478446207924113,-0.963396341198569,-1.9320651585199595,-1.756868699401502,-1.2689825772544985,-0.8888596980356747,-0.15974849799158664,-1.0141642181269683,0.3389758936682615,-0.23227350279947281,0.0105457117410256,1.1402505526712048,-1.18023173420037,0.41870457829236835,-0.013973228476073308,-0.33348628096969524,0.8852563208659603,0.8790141545570074,-0.9464907959884281,-0.1821605838579241,0.28121168258406537,-0.2730067480225845,0.5850213322877983,0.2811920179102754,1.8325612403560125,-1.5302791359297876,-0.12243598974739747,-0.9085025115121911,0.6041074554390441,-1.6171718900455445,0.3463127102248866,-0.6300484313483411,-0.7341618661210141,-1.4464982035406873,-0.46507594620100606,1.0845005302909256,-0.02518868352947947,0.6276804178744745,1.664641821966275,0.2637555848225758,-0.5587995720623407,0.4672522151827898,-0.5442961463142919,-0.5044226832971694,-1.5198927996189848,0.9262574910843923,-0.3860025756494393,0.18209824581586204,-1.0359619286066395,0.43594762971547235,-0.7619412381350837,-0.14170872170182425,0.8778260312391258,0.7907593122325293,-0.022030072516940464,-1.7681310327067183,2.9928105700606413,1.745858970273136,0.7226748248882985,-0.7532037815909708,-0.11359216170196468,-0.5434204297765169,1.2638559390963884,0.2625028908518338,-0.7841638583598328,-0.470755099124782,1.1211881425699046,1.6000978468204783,1.5283315634862455,0.7570320650539775,-0.2526248688026368,-3.2415138253291205,0.2971600238082216,-0.0018287588441003935,0.13998209632135372,0.05389734703320638,-1.326262161949157,0.5574085568511856,0.6322163140318503,0.6823387820596591,0.9465770035733866,0.6040516449216232,-0.4100294115389108,-0.07083684791609023,0.09112486725337687,0.10769944910661848,0.9982176559717297,0.6436687530224908,2.0773434395699533,2.206468979884672,0.07964958261392499,-3.8366555484593694,1.2368324661272665,-0.5403763389870544,-0.8014839218310068,-0.3984452749893668,-0.4466430468146064,0.6122698101053926,-1.5594357791262254,-1.0777207457916016,0.3431585541974166,0.6229440304133081,0.641541644936012,-0.787036278933299,-0.97826564926624,-0.5066348337879193,0.23987275228472507,1.4854773692725496,-2.0474371857707503,-0.22072875695836655,-1.3326784410252037,-1.6522426773534897,0.9669566453448166,0.5446245744993387,0.4494335159472622,0.9210258397309934,-0.47971889676613605,-0.43263751633352826,2.1857306167225743,-0.24657105425957435,0.7351321130540912,0.006381540963314977,-1.8482585300784151,-2.044629003801268,-0.5789842199399048,1.056101251669989,0.7882916566360036,0.9140771642240336,-0.9870461789363153,1.6158724901223136,-0.9648933001863843,0.21282439866996872,-0.010352289907736689,-0.17387382031458634,1.3385921382956067,-0.7051105201659605,-1.349605255711928,0.01999548620641927,-0.3998267342865265,3.377382919082646,0.676507476439975,-0.4093405752186243,-1.0561115691870866,-1.8802884105687847,-1.025219085737433,0.11494177175913174,1.4273286515947694,1.121689142387919,0.2290948316463794,-0.3231676657024847,0.26881235641215423,-0.518637997484576,1.7183639957638757,-0.18919018127507997,-0.08633785824672688,-2.215822425020668,-0.19543484652276386,0.836484137964941,-1.0677225770385452,-0.7507203344928128,0.7927110177336647,-1.4766572235180533,1.0578010075419184,-0.532143890173102,-0.38856822049120293,-1.1238784051255941,0.3780462604278832,2.45987198502938,0.781497239460632,-0.8642852619405358,1.135620585491476,-0.31667954593424946,1.3744849814275593,0.8066764021643629,-2.9431415654717332,-1.0040796329550274,0.9443852228353897,0.15165727214501756,-1.0237559477078506,-0.6335895154938127,-1.9062366200893806,-0.08837328752639602,2.2106897260157643,0.8049333907323256,2.190417001188423,0.8823970897899802,1.0274793433526916,1.9740786877450238,0.3772632593422264,-0.18722732150688023,1.0326575166220122,1.4538402371218848,-0.47996464271220896,-0.7215690823400293,0.13885603243088018,0.8314988669316621,0.7980910486615617,-1.4241676001875991,1.9116060670633217,-0.6411649293968504,-0.2650649968885794,-0.9026543599878197,2.6983288359370876,0.24207067028796736,-0.8509750806815649,0.8639235499624459,0.7691357793100331,-0.1877270235798839,0.8406067127833832,-0.8252919608308644,-0.4929182749492523,-2.010216654566063,-1.3239510842195628,1.8076308056706858,1.6414286277223145,0.06578864864896251,1.6629314471898375,-0.16007448660830478,-0.24341030256790794,0.05651064846555637,-0.12492159532356542,-0.21519632356018042,1.1433981071495527,0.1501356539562031,0.7124817644338045,1.031380525277331,0.38818579565473343,-0.9702713259082388,-1.3528658889640388,0.1487806348073052,-0.17125630482493448,0.08739142892012171,-0.01605403924858619,2.583573660166567,-1.330226255641338,-1.9899462698211248,0.33237683351960967,-0.3764225545881953,0.3160678697299512,0.5838830222840011,1.2841046951788975,-1.5072258203839384,-0.556717897857163,0.42876125888076383,0.7704635956872266,2.1934495502883857,0.9557039711138672,-0.05678859588627712,-0.8904357529426616,-0.5642898527190192,-0.5927028229571065,0.6552336285137607,0.2569974455858305,-1.323649570842179,-0.435901469090433,0.8775475534514207,0.351662354974059,0.5686446160127705,0.38292171005726305,1.6264307346088593,0.23604306382437004,-0.386022797870698,-0.9157550411335605,0.2496094582097118,-2.440704014775084,-0.18428900183271194,-0.20583985992134396,-1.364470853617281,-0.9282658386559959,0.8096575301482413,0.23071174907496259,0.1017883337073275,0.30634753393202263,0.09262758794892355,1.2428625628583145,0.12342918170364875,-1.4582131138187504,1.6301299648744103,0.37034026732884573,-0.5892537307950677,-1.2534017182950186,0.3959142209580454,-0.11717200497437547,1.5741467860324088,-0.34590728066682785,-0.8373807896824669,0.8957962182359285,0.9252818927168314,0.1686513676101955,0.6763570476749083,-0.0376871207422379,0.23386510100924698,1.164990882563923,0.625318334021503,-0.1692744383326247,1.3523625459261506,-2.3648553727915123,2.052073311421935,-1.7059590948907353,-0.627092824772296,-0.04091753519506904,-0.14648067072816137,1.0064110400265547,-1.0578366186102344,0.2607668174830632,-0.578212098219754,0.2951409793374166,-0.06477225979787651,0.09293565268297786,-0.5499248324643456,-0.5100639500960824,0.28727251402742693,0.9437155057560443,-0.5982793341978477,-0.8687675445729097,0.613460165671837,-0.0325038930576894,0.830498133985952,-0.9057972133711476,-1.7794389254234309,-0.5330040818263343,-0.766352609265016,-0.07878840008029991,-0.6368452142703895,0.7410169513364492,-0.28815026242251623,0.15047449877390098,0.15763455844094396,0.19495509241218734,-0.024129110454973405,0.5106006904103135,-0.7956551338258075,1.399417926653883,-0.2365373833685352,-1.3115491378986817,0.18807335699177305,-0.851180482447485,0.665334534508875,2.2096055760423776,-0.7865720915578501,0.3323723332239848,-1.7555055887046276,0.4539052294413472,-0.8857137997996899,-0.6248346184344824,-1.101286489839828,0.7321512260547355,1.0073043574732625,0.023385214658507663,-0.8644267053357196,1.5895230361038624,-0.7504101277546562,-2.162032299927439,0.4583890099570684,-1.1047746736415167,0.9886087934991747,-0.38113769667341885,0.6037132405441962,1.401500346552158,-1.208858864620722,-0.5659371308924055,-0.07567107265706344,1.5375513190343435,-0.6583827179404454,-0.5945036959490072,0.4781405755558084,-0.5772287257105709,0.15252588289761657,-1.5515374209681267,2.2143299425565965,-1.3477092303094034,-0.32175270399020833,-0.032481035842094615,1.9126881343567956,-1.32484578093274,1.9837041354787512,0.7571768211020226,0.41709532442324604,-0.9846336870179554,0.5711412420380737,-0.7234866224198,1.2666612531984123,-0.9710620291077331,-0.11315849445608397,-0.5552730880131715,-0.9875229624269947,0.7413198169079143,0.5354587474096335,1.2090101989009971,-1.7798751082081674,1.0641707023410438,2.505448905356894,-0.4516410891769469,1.8951486121089698,-0.2631612720598266,-1.372409737561307,-0.3056324424067956,1.048203967675276,-0.8381764823315314,-0.6003386590064871,0.5935394322931908,0.003060116738572855,0.5846229524867408,0.23782954075833587,0.47962531955157295,-0.4323011858095411,0.23173094203039254,-0.9273730056959336,1.2884336225033886,-0.6342747168173137,1.1288474875493895,-0.2336069609828654,0.20199901075732124,-0.4949645508907007,-1.015995431168029,-1.7447603876053015,-1.0553241585924595,-0.32390885321592183,0.21187917882888407,1.0103793132832635,-0.4457574597968489,-0.8819607642671741,-1.4427147860027125,0.4800636179041039,1.3831945153293432,1.2663302679562887,0.7099327481472374,0.638543317267599,1.697623779709341,0.3320814614168105,0.6461296760241716,-0.3207838618519991,-1.3620433708547575,-0.6838489004995763,-0.009159038534655271,0.06078537250130285,1.9262858548553932,0.08127716759106869,1.1788434440256437,-0.43507724157631605,-0.31167588576523414,-1.3290076372234483,-0.7423280128765718,0.5269813913637531,0.007560180394133265,0.9429386198972337,0.18125394834505026,-0.3524537316377418,2.148296863786959,-0.09390356871304721,1.163000969705304,-0.4012092065446777,0.7095994793835665,0.9280156591516868,0.20849197057558072,-2.354482922696602,0.018252460856112946,1.2304600477599754,0.5274808330277304,0.4458388752292466,-1.722256933957519,-0.7204550706750589,0.41135763115143903,0.410383276786892,1.2146667801329025,-0.14486675514609437,0.40582408667381425,0.016374241931293703,-0.9869427365015568,-2.2557913310947475,0.43100969213007667,0.17394720841281136,-0.6181750421001689,-1.6191730565158649,0.6297395144087381,-0.265920074195552,0.5568747223681456,1.8640485304117584,-2.141430880319705,-0.6996008087023639,-0.20937561331191326,1.4548261741466506,-1.636403019206485,1.9358610256806046,0.1358559015662905,-0.09600066173385824,-0.19805976321890642,-0.4362630321800288,1.0481167592691547,-1.0685207540824389,0.3454141816438536,-0.38418166570697554,-0.7621334485140979,2.585975175683896,0.41905073475346005,0.6132655446611438,1.1377767806686623,-1.4213499453185472,1.7522919091220317,-2.5089571784950757,-0.7687664100385205,-0.45903167317890037,0.5817233649705059,0.21871826614148773,-0.16681474069839325,-0.011997344627723866,-0.9780230235225682,-1.4972323944841732,0.7265116223360603,0.6937061125361853,1.5844943751570586,-0.790017096815208,0.6928152103009226,-0.28370672836473176,1.1904749851934822,1.0219627766781416,0.2112093992244567,-0.33953015666598657,0.9609321786082614,0.6469045232565658,-0.6844404020861826,-1.327798673479431,-0.2885329006817962,1.515413815348209,1.1464871587330383,-1.1123274696705807,-1.167757415899921,1.2746838496794863,-1.135635904757829,0.5092953236420079,-0.6160712153363237,1.6170449245216825,-0.7704247991378789,1.1433615302058282,0.18485865406036467,0.2521948542342867,-1.970308581351401,-2.2029133532057186,-0.22056594026731396,0.24690606341661173,-1.1251978277377233,-1.0886934104763422,0.561472629826133,0.5628544804571306,-0.13774106038792705,0.780201721186075,-1.1742022957201466,-0.3559349170869707,1.6478776057836733,0.06832212993981754,0.12631251458699935,2.3059465859677397,-1.3993421658487708,0.7964303666421104,1.6639862798080995,-0.3248579264985461,0.8596307868548461,-0.9820194972109048,-0.6867323955673516,0.3849664160476343,0.7985666731105902,1.1209365124062458,1.569628586939493,-0.06744655855518213,1.193611755172588,-0.34230484344914897,0.902091311588268,0.20748879785218177,0.4456779070819239,0.42350787402203743,-1.6047050097978122,-1.1241218588607733,0.10254143981752241,-1.6872790796411685,0.8312111031997558,0.8715559662881419,0.32717055287779023,-1.1211340127579221,1.3801389388685148,2.037210639718358,0.14707682744597397,0.5105353784512363,0.20173865479604391,0.5303691889987993,-0.11955875662639608,-0.034564239843803336,0.9057176004973654,2.3456241618964406,-1.4000712344017388,-0.10381248440296688,-1.1804604852320821,1.5920248985760834,-0.5877379693198984,-1.443200793785794,0.6381869988485734,1.7443111147431112,0.6635978685607627,0.20479787728191723,0.4091409227759939,1.4148406628255548,-0.8741992700141499,-0.11184710408631295,-0.4526901485095334,-1.1678653072917102,-0.3283752594168024,1.1077210959824486,0.5666021483927255,0.6443105001082005,0.1464756116533182,0.5233237827285886,-0.8005903423481054,-0.3095098859272293,0.19200423696867674,0.27751585888189023,0.320187854921873,-0.1383352820163779,-0.3774234011303297,3.157771283044298,0.9067872729323987,0.4131474759526224,-0.23320849820639397,-0.45121882694387655,-0.13080059372695568,0.29282884358668343,-1.8804355440630813,-1.5693895953746837,-0.6368823889389575,0.20713943677856853,-0.23927314715185138,1.4781212260994843,-1.4823967869957688,-0.7513454696033703,1.5200917409911012,0.13111932467514684,0.8848425828011585,2.0512469432694633,-0.6938044179018226,-0.09931433779203207,-0.2724269009308716,-1.9545930044832756,-0.31039680375596906,0.8810621873806654,0.5405895418122408,0.6190831693880101,-0.3755089806394995,-0.6560972360056414,1.2692556718986205,-0.49731714635766955,0.2940820387932141,0.16333468067753845,1.4617170162571183,0.9714123576723597,-1.2952586206671208,-1.18755316677504,0.5789098180691342,-0.06433764737916652,-0.4551717839537639,1.0156278839944708,0.18745938208891083,0.05245738688944395,0.7798286407550497,-0.3751089949435645,1.568518985472554,-0.788047623233008,0.6569290663420881,1.4338328386598447,-1.3772954892720999,-0.3433351758524492,1.1422073928855578,1.1572445477310251,-0.17149560038823927,-0.7346710936768595,0.9559358223307622,1.1835491025816047,-1.1646633485123947,-1.2039136489663802,0.22525668198359955,0.629360633428892,-0.2990690852300549,0.6792938199823493,-0.7101366068373821,-2.1146935990737354,-0.42390107233259605,0.06323214651310118,-0.27583995989645654,-1.1586032636594852,-1.8156489758788175,-0.5140888043678978,0.8976557716497436,1.2561974394136823,1.187713384138455,-0.815909535148553,-1.153706323630364,0.49663461497989536,0.6351000115979253,0.40016960520049744,-2.0140632742377633,-0.8668845848834666,-0.02968879028597843,0.48721819463042715,0.7673073626024868,0.14425352228204003,0.33078380653823597,0.08486545836110417,0.685619374218483,0.312865651490911,0.06573766004728737,-0.26836879913738076,0.0812914250424811,0.48459137883927483,0.2674753888980612,0.38082641834525377,1.3427218613511855,0.2651639227465874,-0.6489985204731576,0.883606785994169,-1.3661983376689175,-1.0814133807392872,0.3358472647200691,0.5163966677865788,-1.245051223503995,-0.38281748098675,-0.6060838322196587,-0.48667632288159673,0.9435977762729458,0.7065054635472527,-0.019122179853707483,-0.5459619271149279,-1.3496496702201406,1.4201849387819487,0.5921139002849184,-0.7066691040731404,0.7195994976248915,-0.07022362057462567,-0.2871095048623429,0.43521152828960236,-0.741498249912725,-0.34375651951011005,0.12146106419954589,-0.49945119288521345,0.669085210267524,1.8690665036782608,-0.7542981326071427,-1.6651252963040444,-2.0017401674762616,-0.15046814149498222,-0.6631645901261828,0.20786050106708062,0.13259767202610107,-1.6032168466140961,-1.814883829481406,0.29593324034609525,0.135428834719957,-0.42581799836655126,-1.6571435851323046,0.47139126276499077,1.2718995454239435,0.27798244021892227,-0.8474738905650646,0.04455216557115131,-1.366114080933685,1.0579607138387925,0.08184433452953882,-1.7681569117532319,-0.3006743604436826,0.46330151023423083,-0.33304762097552243,-0.2758957214401739,-1.2244022070472718,0.5665409870816561,-0.6484692000191374,-2.1564453770050327,-0.3712573706703938,0.981149715570353,-0.3869294465999474,1.7379849851235203,0.42896794854851705,0.3387581622803661,-0.12839826591760886,-0.06828620776429063,-0.263423635119504,-0.30226939208252646,0.5308671620671488,-0.9358312297905655,-1.0758938287242596,-1.1231950508753776,2.045654547677154,0.53034290167058,0.3044922016801448,-1.0575146702934315,0.6233423006748285,-0.11657134645332866,0.21416894113174983,-0.976620315863556,0.1602688574175767,-0.4238335382064832,-0.7656111570301878,0.7341063358072487,-1.5377078085300024,0.5647762643141505,0.6844861335529961,-0.8796436755512407,-0.8203284611324674,-0.2230256812664022,0.28203621046222055,-0.1528549918142255,0.4335624601918793,1.762979652537399,-0.5077167691497139,-1.7151799707034205,0.8259235830306532,1.6833145759275296,0.3927683630511244,-1.087748675353668,-0.12389236323520093,-1.1185234842116323,0.6428554939629476,-1.3512904026984345,-0.3001287868282,-1.0043378262939064,0.12682468513496187,-0.36634167713775767,0.17676210325026384,0.02235055496636566,-0.9866590277241104,0.6268770635290218,-0.0487656518431153,-0.9885290078659005,2.2409265562057925,0.4764301667171248,-0.15326055339930547,1.4152045267018234,1.8418156093866072,-0.1453494223138852,0.347397486434762,-0.9880028180029409,-0.1471927507680115,-0.19906255375986986,0.184827033621654,0.33276047863701036,0.5598284488280599,0.23764265629995912,-1.2107426266291645,-0.9384671057410849,-0.546407619463673,-0.2822405919232288,1.0507742904721133,-1.162938986852913,-0.3574150481706999,0.9530094982140498,-0.29987747449661223,0.46041564984282407,-0.13954204292790354,0.25678325732472285,-0.22847254380954055,0.667065472728354,-1.5450564074064352,-0.36331200838854505,0.29657267669430815,0.533695248006193,1.4929526227538277,-0.3910246668655764,1.4794817618608729,-0.6590238266596705,1.3286464115446437,0.8174671266983724,-0.9134585796322228,0.30703923725182186,-0.05123583553219154,0.6255845936750005,-0.22327158843330958,-0.3072462256617315,1.3690945827628513,-0.09872089445567296,0.8264223241917663,-0.22535148504419977,1.6666632592275232,-0.6783346293354934,-0.6141435312471847,1.524517181115903,-0.44494639089525284,1.6010743061643926,0.8918405795948128,-0.15464970656083346,-1.8132934720171585,-0.019318304271835673,0.10163005353342468,1.167217733304373,1.5884471762401118,-0.6849871791437476,0.8011817639881827,0.7654021560133495,1.0734127024104452,0.4986899121355445,-1.94249769096177,-0.1554224325277597,-1.1557075749169152,-0.20260577291807386,0.980004236133894,0.30515083587497266,1.1480908663974327,0.3417539207135393,-1.2983259396689026,-2.5208470065727346,0.14880876167959034,-0.21392646635116538,-0.9769457393818821,-1.700627249651378,-0.7347432134727092,-0.19449148486477605,0.6658778237063901,0.18863108156798006,1.6080672471727289,-1.0356040560453943,0.8810588920574334,0.04729874312872792,0.6946691241185846,-0.43651486326554356,1.0716803738905898,0.29522475834524275,-0.6794449849177494,-0.012024028913188147,-0.23955585893709952,0.4891783506377937,-1.1797767493745086,-0.029351702115694548,0.39530725264933086,0.03302330719303323,1.3469412443889957,0.7740227740710525,-0.007480796740746615,0.21668909749767315,0.2956655514819996,0.40329960416682403,-1.825657995664608,-0.30152629576934714,-1.4844390681934263,1.2782809474594865,-0.06084952000292773,-0.19334094967962276,0.8967973320332352,0.42232479744987467,-1.1286345143792071,-0.0709053625273688,-0.33516697322638483,-1.744532888606054,-0.6902762332372047,-0.18354032201646558,-0.1149509314918426,-1.4822314236773086,1.1516655830474756,-0.10210305889143893,0.03755307666056291,0.4006416383398367,-0.7880762539036712,0.45635597313269627,-0.367074646018183,-0.8965855406471915,0.5734474933553989,1.4916738588018077,0.7248293734858318,0.9229775651404308,-0.520630606562299,-1.5976197291684564,1.4901375220998412,2.05451488940476,1.542806773769682,-0.3357859389797497,-1.1546343387288442,-1.0656826978195666,-1.6837325676140487,-0.10737861841004537,1.6056779580824545,-0.14166263187224326,0.3023229003482749,1.3755969643042085,-0.40409531183239966,2.035531456719595,1.9920944074974534,-0.13111133868048266,-0.5775342640192128,0.697238046390313,-0.347524942518858,-1.1565552170673363,1.2812386535229803,1.21644738727708,0.15551160376356082,-1.2628647537281779,-1.2295262512173861,0.10722928841915275,-0.49987103450503223,-0.3410929321416082,1.0219631550600035,0.7331793174225577,1.378142680497613,-0.9906232233772576,-0.34319156868671197,0.7589816954601127,0.44807834101289173,1.5323803825876219,0.4205367059040693,1.8481091041055524,0.5400178017231407,1.0621674475886602,-0.32351494678445714,0.014287211883989065,0.9109444038394753,1.6129781705930544,0.729236949310753,-0.08317177193461948,1.3773350295283417,-2.191978656279881,-1.4222345015068736,0.681634223668389,0.014108356253124855,0.6055136511241652,0.06440752243194205,0.5709456946038727,-0.8144028209931906,0.5704860860796908,0.9944145282075845,1.2205506039312326,2.0135542946486997,0.24409844350238658,0.2739110868471789,-1.5231724641738478,-0.531411401138425,-0.19308207400661265,1.050319552276355,-0.6110011240896291,0.7963400197488324,-0.0016217169633801235,-0.1771681151147619,0.24889396913325643,-0.39115637225284255,-0.4290372480926655,-1.7047859057901145,-0.24795420732788961,-0.4799681461487265,-0.5159809893490795,0.41687306259004037,0.6586319527905097,0.2321945046423276,0.9954151904494745,0.5755619258303651,-0.29505618980564213,-0.46285628571437976,0.31282223676684645,0.5737671099019008,1.3978443070314983,1.1911730449400957,-0.541473006507169,-0.10200628012726169,0.67101780491777,1.067997778058972,0.9389694687047921,-0.06387783283134668,-1.2540226524285165,-0.9989363762455913,0.2726335143194143,0.34222557942434556,-1.098679373434385,0.04456961088927163,0.6312243569717831,-1.1512266575071441,1.1049972018044145,-0.37753114855982517,1.257613112576651,-0.5334524457759005,-1.026625482884179,-0.4581369898417196;1.0951396648576663,1.3452478843580649,-0.309951292285612,-0.7148077640587177,1.3976673647583349,-2.00218382805329,0.4531916072319393,0.3624251172253449,1.1866332042325851,-1.291843889995762,-0.43534530934827276,-0.5642135301953111,-0.7858958781665817,-0.6452598057301979,2.616763170375907,-0.5566388088141899;0.9198961946655306,-0.5602646859046042,2.391259239208119,-1.1140216441193824,-1.284329095629925,-1.3289546190698174,-0.042703082708689555,0.28566885022514654,2.0309161877300905,-0.27030331316055944,-1.2100793441366402,1.0223370354322918,-1.521951342140598,0.5148242867942703,0.08795860192461857,0.155109854357519,-1.3025883289515292,-1.55062241663058,0.1500102311035674,0.29020796230025764,-1.665045603915609,-1.0626847944208722,0.6323672723868802,1.7550829268166253,-0.2370007292153751,1.2816005916267708,-3.0067762487612786,1.7241637527988682,0.20047650922588134,-2.3457216392411073,-1.8240580616156905,0.9783078661915818,1.8808399461795968,1.8056239755048678,-1.1690018873472199,-1.69807471692046,-0.16118970978010294,0.22398262203243016,-2.407220420729561,-0.8917101003577346,-0.4737671390027164,1.1181408744263024,-2.358078267300808,0.736274573418748,0.13812712216527007,1.4027471112131784,1.0515997561875037,0.9544172755926534,-0.18102867072321482,-1.2535288069425592,-0.5453107380144244,1.2331481990862483,0.2787830914309497,1.7781096345492813,2.410356561901956,-0.4599978885551234,-0.6635478825776133,0.16436442799395196,1.23530163347439,0.6761646808548998,1.881209283399826,0.9000852921967337,-0.5932847444233729,-1.0939328187160529,2.2440635620321023,-1.997248904546544,-2.179374422692119,1.6985234072272586,2.1796985916647884,-0.7734239095022795,-0.8679293974127504,1.3638683164694134,0.053242328438786235,0.8399431600156386,0.3892235424286271,-1.7249186974917015,1.962931903611636,-1.139002839397942,0.828556445575729,-2.030080591899489,-0.24905884259823627,-2.4058539995976473,0.7354073394138994,0.35026373736395855,-1.0321198796631734,0.3493000210677002,0.677729050034523,1.7501109095250031,0.7777599253714589,2.3225051807344466,-0.9351982351808584,-0.4549163068781548,0.7337354477604381,-1.8485595908424002,0.10839634748104238,-0.03567104916893149,1.5703120378951334,-0.6704042244208595,-1.6285015060486707,-2.66805224649127,-0.5380291297820314,0.851137268769867,0.053519827083743476,0.23772848314700723,-0.41287815688209756,-2.6566898803248584,0.4068706170647277,1.6098863873994926,0.7656233128295156,-0.1751073931140783,-2.6270945699831394,-1.022537988398146,0.1648908623656951,-0.42973820574825355,-0.00972430357160503,1.3106274213489642,0.1641284375484292,2.9879352084469346,-0.19041542239891696,0.8209687858015343,-0.682284069137995,0.3937988427997766,0.8695848264207073,-1.9403019444346332,2.2447703987218888,2.0498344462925235,-0.5176837993974239,-0.69437649250839,1.9465415471172793,-1.2807420759424764,0.642254683432748,-0.48954429902552166,0.37848461595097627,1.1871894708553903,0.07977287531074506,-0.8822700094696578,1.488529669365295,0.8599646439201182,2.467981846148123,-0.5286063410041668,-1.0007387100469933,-1.4358659849241096,0.5447436429623717,-0.879231061120129,2.8711186155762305,-1.2658663107191166,-2.152081604018813,-0.6129826446697668,-2.3583327421824354,1.17239683656278,-1.9334446748265746,0.2772767298233138,-1.8600191983236343,0.18199826038490052,0.7571109294826335,1.561956426805218,-1.1053978872915284,0.44539848734739423,1.6000665466317614,-0.538307048359076;-1.845664064998752,0.08834283372990637,-1.6666329276995633,-1.2537480075752265,-1.517043564246793,-1.6549012493614397,1.0990201174386014,-2.1438001864444325,-1.463406020820872,1.0526187646878824"
7,0.08235664908101675,"0.6664671322452961,-3.502247537147231,0.15174240031282626,-1.5394643289179522,2.6956610624917188,-0.5805310326017805,2.1258528236382803,2.5232725294352467,-1.0200669256190948,-1.4504308185524963,1.5965251280575914,-1.1936420132167043,-1.19782748355849,1.67074207065542,-1.3433037955396863,-0.7640964738299794,0.3286235052614591,-2.412242171974582,3.1832458177657044,2.7455860574746773,2.7939959938808996,-0.09873333116173427,1.3699305712942391,0.8873982084925024,-4.456965479431467,3.1630028015832123,2.267892298202109,1.4513424157457997,2.442533131604397,2.328605824724864,1.37654047301887,-2.379206398968554,-0.2706355465823096,-0.7506428316165993,-2.984259863901276,3.9619890502876425,1.2626555666054118,1.1788670865719064,0.22946669411727819,-0.8086488168477339,2.4320545112048664,-0.16242122442355916,0.8298279469739295,-1.4860241523759388,2.1512526611646132,-0.5095888581109144,1.736627795359479,1.5160531273298627,4.846951448037877,-0.3496696788212057,-1.4007827893182243,1.0308258606572551,-1.2140633307904811,-2.1427097454083293,1.4965504508247887,-0.9050386761430309,0.511977341946964,-1.1670293172333555,1.769308352027631,0.01560789079102426,1.9437329797028249,-0.775427387810956,1.2720582891182555,1.6037969302599016,-1.038499239007135,0.3200718830449671,1.3699011538719517,2.3178993724791805,-0.45745948193969177,1.6794673914845495,0.7361237147986811,-1.7281710646400361,0.2685899187384118,0.053717182471663405,-0.016362368786639003,1.7040289035414298,1.7471020009893579,1.2730795304637168,1.7917967965059067,0.5531188229389712,0.7201195748393978,-0.203537216955964,-3.979844391238852,0.2664600355305671,-0.6747679662478784,-1.1232770095008784,0.960782264706047,-0.5752715713247393,1.788993188383955,1.229554647000769,2.145947451110285,0.5118492976578668,-1.6007541992530485,-0.29343645052925593,1.8403551103408478,-1.8020745487148693,0.11846460126854055,-1.2022008804946804,-0.9973627599421941,0.35138419023633155,-1.0676808587268602,0.27834425139546726,-0.226047653579739,-1.0956318144174886,1.0980997446581313,0.9440862602621024,0.24219158435097982,0.624807380083694,-0.8450770917825214,0.2832015383820232,-2.132114459363527,-1.557094979689194,-0.798674703860185,0.9318272501391522,-0.41079888242792945,-0.3961202293310614,-1.3020977107543574,0.004068039183154903,-2.7736739402259576,-2.5516519210876134,0.6366924160243029,-2.4228574326902725,-1.6241867049117218,-2.5615282020190815,-1.3817226951458963,1.8646392305079345,-0.14391092219475593,-3.0892599930989513,-2.156575156730163,-2.6070942038976557,2.852803059482829,0.7243357181956526,2.45821330106183,-1.145094724073298,0.588660330969939,-2.366914427857976,0.8307939456443777,-0.26739390383297756,1.45652914027605,0.12398881972740428,1.0228291522265887,-2.8110927492410758,-0.029334057255028634,-0.23901793629108903,0.0016188748851347808,-0.15545082010215616,2.9842418898614316,-3.800929640676549,-1.5055398088583338,0.7214318558060268,0.11620395945262318,0.29052174939835324,3.500141886509834,-2.4998388747466946,1.7922804458957091,1.896364293862102,1.1266083275472256,-0.3585849674318301,2.4071282804563063,-2.255949701829081,0.6086689542476942,0.9340900884969181,0.7826267749805315,-0.34150554115832255,-0.76055572618175,-0.4601527297546212,2.94102288802777,-0.6315932160914424,0.674846422300426,0.8460101341354209,-1.2154421912887303,1.03450537088588,2.251573182981189,0.5003030097706178,-2.184179791799097,1.1552023670959657,-0.23643538004805878,-1.218489700125711,-0.5486598377289297,-1.945556993884907,-1.471899251386589,0.8972902655651871,0.16053222298442027,-3.031587115486683,-0.24241071689269444,-0.046449528703209314,0.4109278465910958,-0.6847528552385478,-1.1412650372811584,-2.6265422653376946,-1.76077467469724,-0.957922531662547,-0.42951998610250164,2.8072472881691715,-2.668332381409221,-1.009167141727296,-3.0159958353653926,-0.39124455020848825,-0.2875470846354572,-0.7620242947180813,0.0017684471372886867,1.1910387679451089,-1.500757361558972,1.315974464002499,-2.661658349348361,-3.5065470749953986,-1.4624223283456539,-1.368139561257927,-2.524748965277144,-3.044027060688754,0.4336470328591273,0.32694018316072226,-0.3818053292493495,-1.118351643927073,-1.4664028488628627,-2.885206835434091,0.30604479615663205,0.40072936581149826,0.5045513902365686,3.470338758457012,-4.551180331925707,3.598893835975309,-0.5448935773813165,3.586792002008137,1.35789173929949,-2.2688377175745185,-0.5000479038769988,3.7555118709108775,-1.8195578443119294,-0.437767837436167,-1.3470843059679727,-2.5461545150533706,-0.8992063383700125,1.3554924369858392,-3.5084633652009862,1.683440043685416,-1.482088533958113,-2.169774924739788,1.626962664258166,0.6509896579020741,0.41957607587700546,1.5868210466511568,-1.1341554442868143,2.877902939099746,-0.12142911808608692,2.38094844170259,0.9632915997965036,-0.3065527278767202,-0.46726998053011515,-0.8914047624918102,-0.10130281369176988,-0.17904089660273415,0.8419667857706952,1.37826191919327,1.0628272752082961,1.1254929231785429,-4.970481901687494,1.5510126543448501,-0.510516990143337,0.30973527975246684,-2.3623571163713097,0.7306456676431883,-1.1159496354868688,1.3562811762892073,0.5401475336424139,-1.1659494503288619,-0.09012716718524849,2.0820367639367836,3.9216403876835786,0.7255387008856038,1.1181059098854707,-2.6060054468922424,-1.4655884611399488,-2.074949879818158,1.8354085845660997,0.3631747808449503,-0.2413082345169848,1.4357259348138702,-0.4888776964896389,2.0469741419527723,0.10427893948073409,-0.731073618094324,3.6650932999438757,-0.2972397764822795,-2.05525162504507,1.3514600678220865,0.10401000801356475,-0.2721714160620414,1.6229914722280003,-1.4779913790231751,1.3595085645697575,-0.34960588470905235,-2.450934327790804,1.3839995745094573,-2.354536294901502,-1.8907055523231193,-4.768496285114653,3.1024189603484924,1.162243383536204,0.02059055760860787,2.626387307280067,-0.8736897968223454,1.7929228344839403,1.4543255378626758,-1.2717087093082338,0.9658890311024986,-0.2223180250478335,0.5904812123875917,-1.8561902629740896,0.05725246651888366,1.0204653462111768,-0.5557585084901844,-0.3777434507287595,2.9603609036128913,0.5704323846920183,1.1258450894585144,3.1236988947839204,-0.6714769061570021,-1.8603974204336415,1.7571171199904163,1.1330861285954568,-3.4684491070894174,2.744355590739926,-0.7698967323953343,-1.8629877266319472,-1.2027513064250157,-1.4201833280485952,1.4786924455145656,1.8039530798339223,-0.8353895858212784,3.0070711882106833,-3.1320649363866955,1.0206565902657598,1.3491410675438944,-0.49774285206746394,1.94190927816459,0.293919283892938,-2.5820891243187334,-1.9524584341499112,3.5540270269272156,-2.7957832380154013,-2.1301828176826527,-1.1342647866224604,-0.8756038823544838,3.1645862168327628,2.0689819049157556,-0.7211286489946336,-0.37634642910187943,-3.565542888106849,-0.8354819183604761,1.0348543337871527,-0.18143755627606506,-0.3805143984187423,0.369766825715197,-2.852377734106783,-0.7900279415825473,0.7600313654393124,-2.9519406571050184,-1.9692844358067467,1.0050154724164508,0.03370375189367947,-0.5045822176701592,-0.4231950376620991,0.5085166805367392,0.6098982546835171,-0.9075771462445371,-1.688325620134614,1.3737362032755953,2.4890263667749988,-2.7030877545372154,3.0493716875771906,0.6685273694887874,-0.5472490082269302,1.7001183877234507,-0.3134160648949331,-0.520318533319925,-0.7652964473061529,-0.3636865413408058,2.7598384548091786,-2.6902169436495886,0.40039549734614954,-0.2824235128917174,-1.090554087481344,1.1357495516670624,-0.3360884355408974,0.04952648142840149,1.286868296664488,0.728456521955538,-1.6778329243935044,1.36658334539602,2.1636750689542863,2.5778763272024894,1.148486881499792,-0.8505955277110593,-1.424362035792018,-0.34001427898378345,1.1044775495054622,-0.06473112332176822,-0.9511828759115548,3.401598861872749,-0.13218531599114816,2.9042795144733264,-0.7518557604544709,1.6097654531583703,1.391208462962122,-1.8577879516869886,1.1084735719714611,-1.5652714724617778,-1.0592666477365158,-1.8013643438861096,0.34896668675608955,2.990978920927759,-1.2376928793823199,-0.3284975362407009,-1.535231803157778,1.0988646126977388,-2.493991456625675,1.7653548144700266,-5.003208443109513,1.8498740587190623,-0.8778953259210124,1.2000460789498026,0.5245550882644484,0.1606882975073849,-0.6309584420493115,0.6410658128077542,3.0272111128422687,-0.021870584093805934,-0.6186784522362674,2.6961616914186264,-1.626399304113775,-1.9027561267485065,-0.11545380787751802,-3.1501648763370085,-0.5584441967376638,-3.973898130663067,0.3265759618920122,0.31871061861948957,2.214475694136068,4.302655222033284,-0.24817054775682107,-0.7181616963837317,2.361987403187615,2.002973056592297,-3.7113424046422345,0.1940985029447661,-0.7478936250666608,-0.12976580871147228,-1.1613719291959712,1.7009735521287703,-4.8722482119043855,0.05473379929372402,-0.7761344182200767,-2.3430267920173997,2.767548353344525,1.683372263542839,-3.172038761284363,-0.7291165540779332,-0.2192261535295322,-0.2868884550980394,1.4960819014911788,0.5034883135304112,1.7124797163779704,-0.017335560146038098,1.246718833830697,-4.1737559429633855,2.2463466342259255,-1.2297193400646234,-0.6301901690234943,-0.06202655658932399,0.9198578937758327,-0.8540491884799994,1.597795128448733,-0.7433019397389317,-0.47509741157982893,-0.3533139212567643,-2.7310687999191456,-2.0210830251059644,-0.6533373880751927,-2.033261310491046,-0.7854413469214315,-0.9122822241072526,1.9497962191457794,1.388570359771533,3.0116455531047635,-0.6612301257304547,1.9585540490797042,-0.7499601154438859,-2.586844528520116,-1.8578667455816615,1.1650249769111676,1.5669450114401573,-0.8117959397892106,0.18493785032760124,-4.000121867796434,1.9572199920158626,-1.6721138671854208,2.8111972500468716,-1.4139723869588756,-1.7368163084039105,-1.7286450862876608,-0.27305365564788653,2.853327031066785,2.6854062231086138,4.149022458066121,2.06597227926682,0.1705145007773109,0.44275703993447646,-0.058544763547913325,-0.6699279754907752,-0.670661645861891,3.0412387615399084,2.6618719748726316,1.8867774599265936,-0.9751263124108754,1.0915971923582062,2.6315478086564106,1.380810152142833,-2.1879968740680997,-1.8787066303103572,3.4947094279064466,-2.5918418260362395,-1.5224593986747332,1.3076170376371352,1.88207742978762,1.2546679051953848,1.133654914461015,2.192372220138342,0.21965434508753462,-3.3069476739027532,-0.6358562622064569,0.781566643853028,1.6299438847290761,2.247122928871155,2.1529314740475405,-1.4143964256771986,3.951188399445062,2.354926154584053,0.6017884499839153,2.024681072265201,-1.1547985829633407,2.8342496973040756,-1.0409432265515979,-0.09725694142676267,1.1729830543874131,1.1435728759092831,1.3538317175060235,-0.02430259473719812,-0.964279564428566,0.8941134466257694,-0.20934158616906134,0.13618240240202192,-0.5999775297175887,-0.36644390025457585,0.10446420326776881,-0.15547097876527582,-2.754956268616022,2.710572804129789,-3.6899506945888705,-1.4392441399960552,0.16204143452291303,-2.5734849012042402,1.168902687666928,3.07685606476676,-0.09928098690746695,6.893512805779356,-0.924713134420265,2.865805391379134,-1.4585123569828717,3.3105963556614935,1.9351291434102162,-1.1255879213309046,2.7818361653519097,0.286113426857729,-0.3038557393630336,-0.018573532851120733,1.044175475116555,0.3541888241612047,1.8599279429828428,-0.42907022795735933,-2.9280316658595305,1.540258437293815,0.05325325530624059,-0.5048043865800531,-0.3952946018342964,1.4777064181359654,-2.604096559980837,-0.31516497498348095,1.9406504317351132,2.9176086150438603,-2.2683504031035535,2.0515229548595117,1.1332141766506332,-0.4554281823037688,1.0156499464569224,-2.912519299790949,3.603841459323469,3.4487656168854093,-0.34297604218530636,0.38964516725746834,-1.5423939687631347,-1.0770401359292017,-1.399801219960176,-2.05342125185968,-0.9626168314651827,-2.011128243658015,-2.268576463502214,-1.9497989786905292,-1.1335157097399262,-0.4289135771957918,-1.2695563360781228,0.29227419764764656,-2.0933764377125925,0.46626043630771563,0.1378154881237712,-6.7859188490988025,2.0099779832832474,2.207891328746104,-3.2100774551557487,-1.4768615604267379,1.0763816854752337,0.5123157285087541,-1.9958045823787374,-0.3199068790521534,-3.1018406507418996,-0.06855151715633084,-0.38075862564181584,-0.15307685336901672,2.521402146200341,-2.1218643876742362,-0.6292254891172745,-1.022217532928589,0.003417267485702369,0.6470855481436606,1.59378253985997,1.8570263156563165,2.4482257674476777,-0.48435107527851434,-1.8428498134676499,0.1741813168059332,3.766529315904137,-1.563971958529382,2.5143204711703944,4.490774502596095,-0.05667176786049921,0.6961508864406092,-1.5244973814029743,-0.05325991702226944,2.8033392039887266,2.429035717928927,-0.08968723647756652,0.40911593606533436,0.014002878326822565,-0.1559398168398944,-0.38967449264700704,-0.934175797076958,0.24696311039316884,-0.04947034660357025,0.23337465995331774,-0.35133190597399255,-2.274547827729653,-0.6123724149211669,-0.5612500980111923,4.511749021456581,-0.3085357516952112,0.7958263015991126,-0.790836176391723,-1.0783111697725198,-1.2523912784077487,2.5724014706448486,-4.158352100359193,2.6042592957113513,2.078639246912611,-0.2708528103912917,0.17364418546478955,2.069711492798233,4.433670638449811,-0.46027842482611786,-1.130473411537765,-1.21901673369168,-0.5300556980284823,-0.8961178198469666,1.9170915976702498,-2.71848756799256,-0.853085086766418,1.355046752503993,-2.538689392288118,-1.26265182001699,-1.1307174660257442,0.1614048822285863,-1.8768422364758917,0.20263815486310183,0.4445310078361051,-0.7369921255250783,-0.5397468759680573,-2.2903415776974585,2.2294389980769704,3.092329524980946,-3.121234598339462,-1.5228452334431721,1.5757668100969118,-1.8587443234172438,-1.0484369904423887,-1.3763012092288431,2.5881973611428775,-1.1290418666140538,-0.718589508117206,-0.7702223360594247,2.3168498638373167,-0.49337226281287505,-1.1262087009327546,-1.8034974909490478,0.7780455114511282,-0.10935748732999634,-1.6142764538012964,-0.3704474184637154,-1.2017886734906142,1.202072241068851,-0.25460723976730837,1.0054595626409237,0.7793326890433762,1.6464146262477537,-0.24064760541533592,0.1975224670137068,3.709994536016132,0.03613208092815092,2.0572578013371574,-2.1852804684284335,-1.6157397165593375,-2.7972503453328006,-1.5303909700403424,-0.09141660773878547,-1.403150552567355,4.393662047999392,-2.2910244318385615,1.3691171448635102,1.3431329233671454,-2.4977878318675124,-1.8570107331091976,-1.8920515650145158,1.1941341190440709,0.3764035083031758,-0.8456269699694178,-1.7845535001992365,0.1963230406705206,-0.2299023937181754,-0.7866153180491591,0.9944035967715819,-3.07190706256337,1.571370464449025,4.165088567851736,4.363816328133041,2.411199589555012,0.7648326042928713,-3.280074110056967,2.4441682906542552,0.7814226694599934,0.2192478375910593,2.556670248326782,1.0237716978673825,1.1067801132977535,-0.12065953184090211,-3.131856405562343,2.273739772516443,-2.103539902443529,-0.5116988609782063,-0.7350391009662616,1.9239628529111124,0.034541503018220565,-3.2465679074446303,-0.3926041037682075,-0.3080140101662312,-2.708090115428102,-1.0746978528541653,-0.2964992361143821,-3.3189051860792325,0.5997329898925313,0.6611096705253414,-3.709809474052639,2.73752719914294,-0.04547324186391277,-0.21572894194003928,-1.3883632940298882,0.4534954653576185,0.16443740239396698,4.079212933494721,-2.5667999768878813,0.21656245514106331,2.513054178453321,-0.5465807737084462,-0.30298525073944327,-0.3243540855224871,-1.7928661418745295,-0.08123804493515696,-0.15868728411631955,-0.85861834457503,2.7795293135923984,-0.966697995944624,-2.035648329366712,0.7327675774003616,1.7859078991210944,-1.783213584478717,0.28654318951888463,1.01199716343333,-0.5494489160674738,-1.7172903008154616,-0.6402484145260409,3.567670437790458,-4.417180465275668,-1.6724018730569892,4.346209064589575,2.9171923505776465,-2.329628616778189,-0.7233173823614141,-2.068805302398411,-1.7143058765598496,1.2185185260925295,-3.0423986196682673,0.11484595515165047,0.6291100723917118,2.6789079815741332,3.019137143484763,-1.0248599366883497,-0.2685750822627236,0.6124108834864138,0.05705980835068569,-0.7938557637499053,-0.6578970001882702,-3.6806708322279165,-0.9355324691121589,3.68383363175876,-2.5041853629297597,1.6515918279112782,0.9270711037070503,1.0062623831651587,-2.281021139266281,1.8796327953304284,-2.542045669948019,-2.206235321493476,-0.017783596920884034,1.085458231943449,0.33390544526176485,4.367823107341913,-3.1650199581004346,1.8068607711965572,-3.572671802403462,-0.7384429419088121,-0.9310193826575837,-0.09317471244006692,0.16114221325214573,-1.3761141811504607,0.6844906447392967,0.36971165199997347,-2.431550619014083,2.376906347353887,1.9762721712990527,0.3310210468119511,-2.1237023849118244,1.6395328390898418,3.389733843618493,1.7536123087211677,2.72694290520721,-1.1307902837071708,-0.45099520481816624,1.542983582225094,2.7020160812051506,2.602362981853447,-2.5767655371526166,-0.9339246554468199,-0.5778236444274012,-0.8050300340262587,-0.9158237211350183,-0.38640287698524883,1.514286930280254,1.5827933214884242,-4.4442326298973525,-0.6148752550665166,2.04724235268712,-1.170900981428327,-0.49973935711769973,-0.9128023156608646,3.0461385164691324,-0.5437498644018217,-1.5439840660788433,-0.22278761217604479,-3.12691212343472,-3.493408083521508,0.5398780959658582,1.27107369455545,-0.334717574634918,-0.19755730764275442,0.9623450736277617,-0.22301475896636747,2.2003116869489325,-0.8981939809717993,-0.32728485401360174,0.3149036597724809,0.1424152321979269,-1.2140950783265847,1.1104112934817427,-4.397364958710358,-0.6029735638296536,-1.4607632775470913,0.5031243932327905,1.6426445994259549,1.6774391953190215,2.1270843721549064,-1.217567554883881,-0.38149932864458325,-2.894269206324135,-0.6903837674592866,-1.744852891108288,2.0295612432988954,-1.5589274683177803,1.3976590823807074,-0.7450150480419557,0.23780039219343163,-2.115565123654404,1.3488563349861304,-0.010813012303280911,-0.26839923610375027,-1.7019236630660248,-0.35592608611807885,-0.6427444281309167,0.20538558721596734,-0.3408083903966014,4.069145077964413,1.0781939456574026,-0.2288439741548284,-0.4399730211139049,-1.821103853607699,-0.9502950747880026,-1.0351599849239856,0.1850191964644845,3.289275473555027,0.6501431218530171,0.00340944687527156,0.8759310491160883,-0.11373644187407445,-1.1332663278038249,0.1913541463060654,-1.5372068121850226,3.376364308228974,0.9308797846871802,0.612590475904239,1.7634058401086714,-1.5786544343741782,0.39720516355696056,3.5492689153589225,-0.7858191371061987,-4.327924432863162,-0.5782610933822335,0.8412470575444541,-1.661270816839079,2.4456473551154345,-2.5114883725644312,-2.355699859153799,2.233954242999156,0.023391225352846517,-2.2320060877542636,1.6388126671531085,-1.3078369285994622,-0.9697577056372417,-0.2124054979226523,-1.6515819553751512,-1.1363426627160047,-0.8083341493787444,-2.5703778739649925,-1.717548285229244,-0.6009604505843362,1.0963436985208703,-0.9108078412287706,0.31513134543350174,1.5995493458946028,1.4774824755411748,0.910594733401728,-1.9983261405111457,-0.6012489566730825,0.2073031385689409,1.3382419654704036,1.2586481729244037,-3.658935030635261,1.333320988811225,0.8651104718226861,-1.888722253300547,-0.10828283196204302,-0.7089495783666079,-2.665984266627204,2.0207759806791046,-2.145435342702176,1.1005388445996627,0.36972687088434814,-0.5102364722050138,1.4996311026969054,2.8732994868879587,0.10151520714564288,-0.9555273247104237,1.9885526705287788,-3.2577995505877966,1.2093439763384213,1.3878123730791418,-1.4494666163606662,4.207494643048082,0.44733236136949067,-2.3814681818669685,2.212216630799103,3.3776507623452776,1.0981514315748453,0.2154236760576225,-0.8038556272283566,3.5225762569946966,-2.081675504509101,-1.243927953519192,-0.9040871903131549,-0.8834935258610386,3.2591197755728576,3.6015142395460007,1.220322394768645,0.42393568520481056,-1.581990412081969,-0.970233461473661,-2.131636471733504,1.0641288600378718,-1.2186203210290258,1.129278508978139,2.0470388686557723,-2.808478359593396,1.0348928930553662,-2.2107073292646104,0.7974513002490549,-0.39346764303750725,3.3692742149665307,-0.09906505236799912,-0.6510834303812966,-0.16367946797657412,-1.847335455056395,-1.2551234946357348,-3.843241581797693,3.0395226402931526,-0.4228497543222872,5.855805171832282,3.538787011757497,0.04153162714338972,-1.9443584181649953,1.1680906551690933,0.42192287818538454,0.058332684095683485,1.1354990951067865,-1.6067519897702343,1.3123412605031808,1.5041132261691927,0.7765053436659267,-2.414441747268409,-2.4671855268348257,1.6426732891026643,-1.5319884648376845,-0.261268938722407,0.11948725837335536,0.23351336230230735,1.4266346979956652,0.930481388898218,1.1260685729901914,-0.4428964971555773,-1.134757757021681,0.661827398750383,-0.7184836541197401,-1.2508256236359125,2.3738693822451356,-0.8655278218747167,-0.5796885722677777,-1.6756831442672304,0.29758545225152666,0.43965478422764104,-0.9427227824002389,1.0436970764750662,-1.218478703498692,2.945887286451346,-1.681899047021203,-0.6776343214875449,1.0740200421604396,2.0192992687718476,3.306618930362068,-0.23917383089066427,0.34189883330983944,2.771733934282177,0.8995699240694026,-1.2549167200308515,-0.15185699643165723,2.4441539762887796,-0.6575285466215606,0.4569133941887702,1.2218617165923884,-0.9055036937313372,2.404529075246863,2.254447681303054,-0.5266810188894026,1.3784469115623141,-0.924771914468824,-2.09099370420538,0.3306943059429211,-1.0424732119956188,-0.5419412958185932,-2.811809415930855,0.5570238866314277,1.0024896070217257,0.5506670735216015,-2.155574617337434,-1.656173400071915,1.0750701417688513,-1.2000205062641003,0.002875353725705118,-1.8953698548304094,0.570407836360153,0.703248818608198,1.2148947363826381,-0.37144640114988325,-0.9101117970946087,1.4809654894914688,1.6839667262794515,-1.7499671848252474,-0.5570445909232262,2.1235884354990935,1.2273445516220947,-1.5425420195498756,-3.132891440514425,-0.1534683539948659,-1.8381741400683071,-0.8959139842768293,-1.771773810086959,1.9104254260606073,0.7713059729818268,-1.0142559263996689,-1.0507718340735195,-1.2843763451068289,0.8812248389108018,2.4952190444692137,-1.499313068892027,-1.241673217306542,-1.1253902126254052,-2.464812982202067,-1.3174388859801662,-0.588060868529938,1.5802571620891641,-2.3105531423052716,-1.8902529243974822,-1.676068000124374,1.2383425380030462,1.0212950112590975,-2.1968279108063813,2.425866159259855,-1.4861712747569722,1.2808213261091472;1.7262336016550117,1.0324240634070272,-2.0617495373358388,-0.1505417564131203,0.5411768349814821,-2.67622132680472,-2.067935363005141,-0.35831086697656944,4.102310678714817,-1.3190202040671308,0.7388352287006421,1.9655360393539891,-1.793247307703072,-3.367385598985393,-1.1714231718043826,-2.5815282946826015;3.6588819303712925,1.168932716672797,-0.7464766806500245,-1.859357702235347,0.1789205788910033,-0.9021026272499587,0.6098257550577105,0.5160505629968272,2.6610054900957647,-0.7360157291267831,0.5701282353911494,-1.1228327934069795,-1.7525404073515176,-1.3621555475091265,-1.3710679367212757,3.771652358327762,0.7297882550780292,-1.8815526628414805,1.6511626533555586,0.40030807435056054,-0.48502175135736403,0.6431792399205221,2.0185535246408626,1.8305039923186317,1.0759703833070802,-0.08900973864263517,0.4806442546498424,-1.0257625373201003,-1.443700901112146,-2.2149764994531926,-0.08463324587644772,0.8038070085590772,-0.24376642866952847,0.6647557036603869,-2.2570787739815232,-1.7652460564497798,0.07018079264323651,-0.128429187673781,0.8806080586680411,0.06393056422260601,-0.04231903157266734,-1.4789884408231406,-0.22360720718495175,2.25980499867968,-0.612414978948868,-1.5666576356660116,2.578882632155163,-0.16466521365244324,-0.9695693606527569,-1.6854015723874416,-1.9607971140855303,-0.8633716349573828,2.713044401310214,1.2455964576444711,-1.005411900269798,0.0939278952850639,-1.2006116993039448,0.20536621235891472,0.8512741627813885,-1.169916411286926,-0.09167468730399841,-1.6799035498882056,2.5584001431076766,-0.41832626309994814,0.6960747234938496,-4.244514730112541,-0.976398277229497,-1.2524852413816332,1.830693201720002,-1.3311638638163585,-0.719503042470264,-0.641772293183644,0.48707095986290605,2.256955558062233,1.7801281504494222,1.163080060314722,2.3746219814353964,2.355465135496657,0.5786727244602112,-1.485918022790595,-1.6150023116042804,0.8416979594499133,-0.02447130143232834,-0.31864839309450577,1.6342570316625564,-0.5516717796459053,-0.4347821425239923,2.6318815811051604,0.16986194278135458,-1.560560349526639,0.14569326870502544,0.6208549478966203,1.808326697098603,-1.8272974878227715,-2.4526303626801917,0.5687604185298916,-0.32157993803769824,1.4253174876088675,-1.043785898095907,-1.7638840795265232,-0.298336161848514,-2.0834379459984254,0.3684871017461422,1.0078934810013944,1.2384948435412262,-1.9941786133216484,-0.7164949720254956,-0.9633639908201004,0.6858973078464892,0.8099901245420053,-1.3871802930414074,-0.27081457990563795,0.1889601372494556,1.160959084199779,1.1136971239022184,0.040434504895384,0.025782582850042313,4.27783830754843,2.0050418251582154,-0.42332063881016946,1.574577661165185,2.8455163683240263,-0.4130464085212014,-4.478022178341941,2.278812154402009,0.963837303117123,-0.2966530743783682,-0.7450791900807865,1.0275333673030773,1.2725348443084943,0.2888310940811062,0.7311208648003494,0.18890136091815862,0.9299648009340921,2.2959530197821882,-0.5814402878526065,0.15728471361442042,1.8551553799329425,2.1786917997928468,-1.7989046833042284,-1.0253182516624757,-3.719387147890834,0.5885420712819198,-0.47461032023126465,-0.07756414565301673,0.0626124593299835,-1.2534127345739925,1.5684548492918977,-1.6208392031124048,1.760980990838894,-2.485163921085293,0.9664730542565662,-1.9775077283162417,-0.29978367574258674,0.681088060414706,-0.8423903646023438,-0.3995847786471495,0.8631859336556803,1.2393154590665856,-0.5923715418592197;0.8619227513142235,-1.6138376552454026,1.9071497131012651,-0.21403328416839323,0.2385342457357545,-1.1119569303149697,-0.1277240618004019,-0.19593470317151956,3.155868163236526,0.8511107261323021"
8,0.03499775512217357,"0.1675701058009903,1.1622595975056669,-0.5395912207371316,0.8949105560268252,-1.6320148850264173,-0.9049478329380662,-1.8070413949318163,-0.27484530066979224,-0.04626121726634254,0.11410149222651991,0.06188335288713521,-0.927553330811728,-0.19024084441321568,-1.4974466686057486,1.3632289751322504,-0.303626072898001,-0.4888861190436912,1.5889403284440828,-1.2422465335492292,-1.125587114031969,-1.0962203248685651,-0.0678713816994819,0.4316316296375973,0.7396754681178337,2.571995317494969,-2.2494324542007638,0.6087355891244169,-0.5571305725722312,-0.5864151488887734,-0.6197721282538776,-0.9087696708079733,1.6845248346034518,0.8422973270139027,0.023195978557374822,1.3510157524870003,-1.5125289652988756,-1.3307051313309262,-2.1779677321946878,-0.6994145401232875,0.1616985267047529,0.10285857793233408,0.14934191105988046,-1.4110568310660818,0.803154742614022,0.23962751823899794,0.7330542814659985,-1.8927621775900518,0.31149085879778987,-1.187765239917527,-0.39732325255136186,0.5343648986363834,0.09109360625591317,-0.8515399797793188,0.006273156184418285,-1.531535315243643,1.150267395898296,-0.20528401949625125,1.118549944255326,-0.526531687096043,-0.5235759884065829,-0.7641867866378464,0.8761739316930753,-0.7094311573284758,0.6445954324151765,-0.38245239766929023,-1.9759632998916197,-0.5703140677864661,-1.1791082143628482,0.03390272368233751,-1.1904077356744902,0.9259751007146168,-0.09107586035302723,-0.17759599475873897,0.6558921377875826,0.9639069340758625,-0.020098751769651646,-0.7712002995492906,-1.7739696161121294,-0.68604975703518,-0.6172122466479616,0.10705745299229676,-0.34514688113802716,0.6879329720514281,-0.6129832712706895,-0.05704116685294176,1.1839874431968893,0.3418252139549665,-0.06003754168856451,-0.601944441935177,-0.6332313967149771,-0.8506132529519478,-0.5410068657828994,0.7556658387443146,-0.2218882712922687,-1.349773069381231,1.7681692930597834,0.31996519114516303,-1.4069434005131694,-0.44184892724082386,0.11088638282841785,1.704592093297377,-1.1081124582588693,0.9760407193559466,1.399486426972343,-0.6286543050745702,-0.27751361886023346,-1.0363092473737703,-0.20346114108030489,-0.03658997434293117,0.6596499980823705,1.0901834710204468,-0.7480960646216471,-1.9673250642259945,-0.021244779276242128,0.2935375299686405,0.24941768768504166,-0.326673247509044,0.1247520996639345,1.5154448083522476,0.3817341689625093,-0.3733684250030844,-0.5001978170959958,-0.16985235767773066,1.6367399618306397,-0.1833007095261973,-0.01979434452070797,-0.48231357093630295,1.0989833574419647,1.959837254744675,0.4506130494313883,0.08277290378542575,0.03678283317423478,-2.3843067887857456,0.7451508642848174,0.13416641599584353,0.42834205066072495,-0.7114621940837048,-0.38445687897709163,-0.411024936503173,1.0216229840730389,-0.3787598366030933,2.0826603221097977,0.4308624190150374,-1.2756826599957316,-0.12854629325195685,-0.6516751221564157,-2.1943824698200243,1.5994709401137894,0.7031425422200039,0.5332073178993125,0.16540366029970424,-1.3820175686924376,-0.4836171395554367,0.8417807747840127,-1.0512200297825027,-2.5317693162508137,-0.22710600778092602,-0.1417575540275386,0.13556341641470915,0.7285186435145362,0.6376058122312086,0.2587698052439216,1.1955313880867093,-1.5189697808133147,0.5045818144773903,0.6265383633369425,-1.2395622860802396,-1.5028706086823893,-0.7459421264756013,-0.6615414425152919,0.7534194635024307,-0.6145387836910949,-0.856348518281204,-0.6116337366945591,1.1186323341542117,0.013043374376952133,-0.1792510253569118,-0.11000549870105147,1.2920603343265227,-0.7491717266032418,1.315508290940104,0.21049629892150362,-0.16041938197534772,2.5009004979342815,-1.0556394897985963,-0.35368575956700604,-1.2324312391640002,0.9524619705361694,1.689188933651679,1.669922781404639,1.2239487531460047,-0.19762046779596562,-0.3652409774898465,-1.671169772494065,2.0358735351817927,0.4689780781484677,-0.49195690486948307,1.3280568889869675,-0.9727645167600009,0.40662203422267407,-0.17262913429083468,0.638677139880301,-0.06357353918612146,-1.4509278911112242,0.07557637267003782,1.0488641418753621,-0.029216405853985244,0.775115121589086,-1.0455294856740531,-0.026260793269852138,-0.6245104550885774,0.7469808401047098,0.03149156226199577,0.6900736763366125,1.087710426157866,0.6916185751213884,0.2731184342936442,-0.9982122585114053,-0.002786110666901238,-0.5330904020158331,-0.34406395670422657,-0.37453415075025087,-0.9799255747822445,-1.9573385891339898,-0.6681430483277668,0.19337945192415906,-1.3481770454274902,0.015682236471624342,1.9002684243109647,1.0230565552522393,1.6435415091205292,0.3911278769327262,1.167509822986446,-0.7239647304677874,-0.6443402670219842,-2.7391402061374728,1.186145474042299,1.540323979819886,-0.55317724534727,-0.2539517063972351,-0.7538621136909615,0.3826535514774916,1.1249325453032408,-1.742771973881041,0.4094385306422523,-0.2766717717191454,0.11339439196668935,0.45899400167429094,-0.18820243877282114,-0.10358685340578061,-0.2138751675546389,0.9703162017882814,0.41875996012749656,0.22058353773736078,-1.2709517210922827,-0.3785797432131542,0.8986691603391742,0.037696573123922904,0.6595314695891383,1.7665118003276337,1.0386060692088166,0.09315833769974234,-0.5109891701957271,-2.5535495960558983,-0.16838492247285253,-0.32601249581684916,0.3903661943953757,-0.1539052269746876,-0.32038505943679435,-1.7793989305072206,-0.9399678291500665,0.4766510408005575,1.7159076311326944,-0.09752538374562343,0.3278110735741233,0.9524781569528054,-0.8108939362002497,0.36681404328544226,-0.7404901063321585,0.8648244384910113,0.15140304795173262,0.2984518139814398,-0.7825985974185891,0.7070323596107849,2.084712921231016,-1.0079116954282061,-0.3397590076475238,0.23160747416809183,0.7864062119958165,-0.5595462852894689,-2.83303029014274,1.359189494164025,0.7605061195841426,-1.742947530486665,-0.6075687917795559,1.5681824295273261,1.447796418457866,0.9386400226789446,-0.17611243395986265,0.08298741881250997,-0.1309258051261265,1.1282397832688376,-0.8758424064951101,-0.8057996548842047,1.0102745868360157,-0.044361455511561634,1.378467355453808,-0.6715122069805457,-0.0547783603388251,-0.9224129848439533,0.007362681423567135,-1.478546936998799,-0.4876334209549628,-1.4362538649281178,0.6939232331912581,0.7165893397596517,-1.730262730484345,1.3338857455005728,2.497415126419854,0.04600638673634095,-0.6411142602246448,2.8243305910030463,-1.3189684983025107,0.020106466869098387,0.17962227263192343,1.3451476204524146,0.35973897512678843,-0.4986338957884514,-0.9511843703879561,-0.34182182024613555,-1.0069273609451441,0.04782531978468294,-0.5641961798604865,-1.4940377932897506,1.2551457883749038,-0.4976725234290394,-1.2681368049753126,-0.16825913448754154,0.06837156596765875,-1.7464667255790336,0.33164766712576277,-1.0471575686902646,1.7110288091907877,0.5239605120767348,-0.39989999010931654,-0.7451677703173505,-0.10496770756362395,0.6127907415832897,-0.02549412858519966,-0.21715880713685662,0.058370290817895645,-0.6038589312369547,-0.3432059268430377,-2.085792438905004,0.9737262308523678,0.2987977803217619,-0.7734558440334302,1.8987349813552388,0.08701648039238655,-1.0361435719751968,0.8567374214704584,0.3980482165092625,0.39457998548421935,-0.4257556046515905,0.4504957237780347,-0.26175829022109454,0.5559414516458422,-1.9049444540106388,-0.4338734629791891,1.7221550978081948,-0.7670674554003005,-0.6038382974931866,-0.4479613384499751,-1.2148061358886433,-2.208280776228252,-0.23058639852361285,0.13585942408165688,-0.05250506853865217,-0.14487856194788684,0.043040870850387644,1.022841471550764,-0.19044618592921678,-0.5740825770872696,-0.2811254848880863,0.5793467597567757,1.4120268785432495,-0.6281437391691783,0.09893378702888371,0.3383574419359596,-0.9925780067288229,0.02041716721291813,-1.465673857342095,-1.7690503037393988,0.366746407892257,-0.3838747413307828,0.20228040762121913,-0.017894977008350053,-0.9764000486637974,-0.045254301964336476,-1.2331013050148552,1.3909723580014006,-1.3559703448599638,-0.19578527096858134,-1.0422715880472484,0.5704211733607956,-0.33143137128150285,-0.5186667196212101,0.8532015450515544,0.029430591677552183,0.5166444459359673,-0.9813259365174648,-1.404816943927507,0.10720796204013365,-0.3188463554947312,0.6264346724539442,-0.0799084526625497,0.2050753392346299,-1.6233825299412434,1.8884369396142566,-0.16424198503203188,0.697586970339199,-0.8360916702196265,0.3080099022173409,-1.3028447635247453,0.452067838259671,-0.3559740843858328,0.029190503935567446,0.6979740301300975,-1.2325403112202802,-0.684491730612797,0.4573242810867655,2.098221474546747,-0.13808233466148176,0.5911361179239325,-0.10697146985848006,1.9422455947562995,-1.7472216669652556,0.094621044669358,-1.625544033562061,-2.5065715705367166,0.29746205311781654,0.13949779614745886,-0.28483693774220137,-0.10619409003975315,3.0982994340712575,-0.2581751380314344,0.5101243612500749,-0.6493648196138809,0.29523257504060313,-0.23823367505561752,-0.41051848272973,1.8188985322003248,1.177184963184339,0.13674664739923068,-2.304211935943967,-0.3610092232525697,2.7030275644050836,-0.23066166663970813,1.1032175720536581,1.4419424019526008,0.21896391585597508,-0.8418216318681523,-2.4353123317828884,0.6841632086089545,-0.8147560028235481,0.17615045188769213,-1.2498203395893641,-0.2652375404702022,0.033719054901053244,0.26859358104429787,-1.1148221873524142,1.1969109487613523,-0.5968947847319713,-1.6744694604532453,-0.1090234199634638,0.03437530902646009,0.16058943317175978,1.3621324036850793,-0.23644883673585937,-0.11961962436877134,-1.1031843812330935,0.820553502887897,0.18430906407810346,-0.42002772729416255,-1.9046746934654637,1.4444121950550874,-1.2276799644560572,-0.5912780093697056,0.35834451107600324,-1.1965579286166865,-1.4935097782531435,-2.123947582700665,0.7209969529056358,-0.5451862447263219,2.92727009247333,-0.9943550656308734,-0.9214510234289213,-0.5653929702854015,0.2431346551384891,-0.47020333878531134,0.612332214002512,-0.9785883899886544,-1.381591718463581,-1.7982147394091075,-2.2235741679371968,-0.5180690194750568,-0.3009803123932219,-0.6314370274831833,1.243405797187162,1.228030209608135,-0.3348029874445019,-1.793921113191963,-0.5667051080550528,-0.5998213939170615,-0.657134962278058,-0.6977189038982449,-0.6534628957248072,-0.38654161589775976,-0.6355410988155566,0.20832250862559215,0.3603687159048611,-0.9106450871824898,1.2710653260070335,-0.9800623018406142,-1.6178006138153371,0.3807780713650517,-0.8174081344143398,0.321291470757388,-2.4036686011005304,1.3924559414830675,0.6722934080404022,-1.5004765491630017,-1.4787771238462857,1.6722659040975276,-0.7373799034979586,-0.8341848487326238,-2.2660520941492828,-0.35077820560155415,-0.22771961483575284,0.7154930967694852,-1.3990784281844755,-1.5202867922406096,0.45096263477647686,1.0067300712270648,-1.571152351117883,1.0815140862997412,0.03754184148682145,1.0918053390746456,-0.07022036151761657,-2.5222779174879504,-0.15196738231603887,1.06014381867127,-0.8937460190837143,-0.3879649689074522,-0.1761335035509783,-2.899513879868482,1.6713475754374763,-0.9013756798971745,0.505735432472799,-0.08670113614820872,1.25761905635936,0.4060561224280809,-0.23492427152097461,-0.8935150925192802,0.7978507013821389,-1.8734413039546167,0.6458904202758925,-1.0990447515548727,1.25228366195664,0.1612995426626951,0.6441237678501087,0.08198881382471937,-1.7523770951409967,-0.8607291633953384,0.6723893376113824,0.166655817359844,1.180989905305672,0.40327456303717174,-0.9667018907026598,-0.796064137720634,0.10291739052323721,-2.3140440660001054,1.6734418856229851,0.44174673637755724,1.2270345970488723,-1.580603940809169,1.2445651603552557,2.2314989110277486,-1.3208783553773176,0.7714017949037666,0.0011099446872931465,-1.5444338482482443,0.4928839718518698,0.8336032048373484,-0.6011265526688468,1.1659165202552229,-1.6667634067891977,-1.4947561464496442,0.13659739558875236,0.025385277972271716,-0.7165734884241052,0.8095944359718859,0.5308943142159493,0.858139070934016,-0.1231364353522676,0.6025802679783409,-0.44565030302999453,2.0538186900865956,-0.8125457701219858,2.105297429458312,0.034887947089408566,-1.3755108895687427,1.368079350488601,0.125901388394959,0.851124098380238,1.2238559185425932,0.33795555414502526,-0.5922408448128146,0.9757133776692501,0.000755507454595548,0.685857818608419,-2.1537305737914614,0.4469817170098519,-0.6385858251450302,1.6533096371785305,0.6230873478890951,0.23985774584929662,0.48630999335022157,-0.9984408528767182,1.6232566905280539,1.9913704184169045,0.3929135105482163,1.5904035685736386,-0.5691481986725339,-0.7971135662249808,0.04092474872892285,0.43494103836789866,-0.3939866812431204,0.5377681903684838,0.30638948207341404,-0.9983067752910549,0.5187930174517212,0.8635282425215212,0.17146931759039094,1.1526481032616924,-1.217403793496952,0.46795042213185173,-1.1702807063967748,-1.1140813582330875,-0.63093083373779,-0.9420601835742449,-0.5479958187411378,-0.21415031071118876,0.8371544863313845,-0.32115903870570245,-1.5856257067695927,1.1400678464951604,-0.8370901336150396,-0.05872042710462872,0.4465365069407115,0.1996104184027828,1.0941795475214755,0.4790031433927589,-0.861309579697108,2.178562173991662,0.19433346333823323,-0.14734022662150623,0.9639254230555709,0.24945094593007222,0.3992281929393271,2.492183998600687,-0.27512142825504665,-0.3177608940173958,0.1165785120124638,1.0715159355810386,-1.506534030190399,-1.9655558914765052,-0.5871152706201476,-1.6339229590592872,-0.42483134752563845,0.5024996961292902,-0.8907488635522636,-1.4268265767813424,0.06933716171534797,0.8625434846151703,-1.6949734385166126,0.8202323983059842,0.8173062037383262,0.954085102156628,1.2184802148716865,2.202013924659616,-0.3560920486190552,0.10957158007785811,-0.41643843324802554,0.0019768447558107757,1.5328733556363119,-1.3450144839306688,-0.8610496721655755,1.3771809365045613,1.0200365069020898,-0.363131646817078,0.8544020011207198,0.34121584249203324,1.500274609000988,0.07450959382677262,1.0256321138725824,2.64201191049262,0.5980991550474662,0.04932816579484362,0.7224469852209794,-0.3652808582038849,2.387967705524732,0.18007103769598148,-0.27293332022551287,-0.8356890050200362,1.0972201916064384,0.8671874128277388,-0.4973543714140932,0.5764513451224227,-1.5085559682128564,0.18497057507315626,0.4527563520766945,1.7073298095592229,-0.7708188027286894,-1.2783526288023244,-0.8954279609250417,-1.33656850031492,1.336657357758983,1.5486392950240366,0.3202165779488289,1.221294945685148,0.13395838058023532,-0.09511164770076601,-0.33303761905376167,-0.3103909913775655,-1.5478015563090313,0.26425476360733907,-0.040333910214043756,0.7453607240778758,0.0935234964386097,-0.16270370156909178,-0.8711930300076307,0.07215323682176132,0.738237230816162,-1.1433389910838607,0.08747375368073924,0.23304295152948393,-0.7180647836182643,-0.5878563049080002,0.23061084876621443,-1.133421018292623,0.34992371524939253,-0.8953543736592,1.0628536930332164,2.3378277453883,-0.8607568017018197,0.5342078623746747,-0.7267419048820193,1.0409541737977894,-1.265258409085215,0.48058675842771265,-0.8729889668893527,-0.20698458909836875,-1.031025275147307,0.8223504708957536,-0.836980354439587,0.5519642593318276,-0.34409802826233293,-0.11447237179886294,0.14775590740012853,-0.7618246716588487,0.2103671135408869,1.530334564354411,-0.7780947858327143,1.1718101432738448,1.4980976334877842,-0.816154989028044,-1.455054605090552,0.3019609001717647,-0.547407522766873,1.8686032191630024,0.0348075404998322,-0.8021994080351792,-1.1471595110117114,1.0899049590908303,-0.5711839740841865,0.04382879946042826,0.9558027451124809,-0.4842583519308302,-0.04592882874016064,-0.016568409822520076,0.6833245115160919,0.5907443355103258,-0.22011373125482853,0.06364906149651771,-0.3717790115234884,-1.4776124069194447,0.2576008573981294,1.8921917608330678,-0.8837191406910628,-0.773029709602703,-0.8707277716437414,0.7245917787231225,0.4484854541964401,-0.1585376924164567,-0.918019061638965,0.0923767916399243,-1.5646221273358043,0.14342656685749322,0.8715243860879341,-1.2511991366336779,-1.5325182768296637,1.5794378916948595,-0.6117596395045849,1.135947845943822,-0.1539976651978317,-0.16195481694132746,0.43841269949664524,-0.8839988567464406,0.13249714349564554,-0.38148941482409277,-1.3204934434050315,0.3374820747263991,-0.26330780687791616,-0.1570248284447078,-1.2101609434141578,1.5914003677628041,0.8767141863861161,0.9641558841719786,-0.305444702441682,-1.7291828895034203,1.9529173824895107,-0.061097508005868134,-0.7487997960200538,0.4168015744831139,1.1671207880032974,-0.023050556085466193,1.2785751679393744,1.0829999385168685,-1.0763811874020583,-0.6737901056594764,0.9575371632797675,-2.712612563810438,-0.14945569316498877,-1.4308312016246718,-0.47655380143352466,-0.29882008902920415,-0.35824437790750796,-0.5522612521126086,-1.097143649628814,2.291911266818686,1.8674620041613508,-1.162065820256283,1.5821167513035672,-0.3994654904728529,0.12918747333171046,-0.06327395989691587,-0.6597486412539658,0.9838523436061467,0.1258865305766578,-0.4765514232192414,-1.3045894438004726,-0.8935950137191204,-1.6413801156020968,0.012223548415169466,-1.1966655922843958,-0.26556051251854124,1.3701018536103708,1.1992995729215856,-0.03227689410261781,-0.08708472614314992,1.879874549421008,0.5207561203587112,-0.3278064598765229,-1.426018117120452,0.39387321816474324,0.8293237725828624,-0.6316515245136439,0.2912027551380325,-0.3635732949150291,-0.18403239919900272,-2.4878220575623313,-0.2217814037161355,0.9693693024080543,-0.6314025555665582,0.05252636821531626,-0.7559507066919204,0.3604416762927729,-0.2165231975361736,-0.9392415406820068,1.3325514676651278,0.9289320135322151,-0.6049067639281748,0.4977883094177774,0.5374120028203807,0.642301235011176,-1.6942558959950778,1.006606541032628,-0.5696989629257314,-0.3578279334412669,2.6378817522602,0.3018733807210118,-0.3863224754471755,-2.205294372755906,1.3897641339463556,-1.3452096708086025,-1.0034389034995035,-0.3313522990878492,1.4164117917002925,0.7732399866657592,-0.15783750984025996,0.308292063638821,-0.6003856928711058,0.13965368956535082,0.07333674477813668,0.9687698956813533,0.9671781224389495,0.4939773822056448,-0.36234755754610226,0.7418222943901266,-0.0919684662030466,-1.081914368713133,-0.40328779191093866,0.08452698378432454,0.9102157836647453,-0.18352817215715306,-1.209198711239606,0.05674168329681941,0.11345604005655238,0.18583762890275304,0.9198715159544302,1.0189232400898984,-0.5942108723816666,-0.6161434580489434,-1.0401987109554731,0.6988156702804763,1.4488201083377155,-0.3150819279089234,-0.2414305647249931,1.466782556898976,0.5055578532150077,0.43623570480105506,-1.1909165059737268,0.678728069279419,-0.9291363405097582,-1.1340201859349581,-0.34677157676671216,-0.5857927234486902,-0.22159969438503932,-1.4409816345249187,0.9588163064676725,1.127686294516429,-1.9473424741408143,0.9784578056665502,-0.8105286298216263,0.8569755369827861,-0.06844649266641564,0.028775564080998586,-0.1850976494212187,1.2121292042334861,-1.2395880125250283,0.6078403387350085,1.1013301648895504,0.7163400805404107,2.3246989143234176,-0.5289467627246989,0.9573048225935312,-0.10609063534142033,1.2334060763526695,-0.007688995721369474,-0.38787578186246957,1.306072203871629,-0.49156193901893,-1.4127257589005562,-0.5168468831738285,0.6190329465885325,1.3920387515870913,0.11112937529651211,1.3181970672340253,-1.3581749214775936,-0.4432634648179029,-0.28857511715410117,-0.11455942747251965,0.08409438825019651,0.6909109573921928,-0.44480683817049027,0.1390286869531256,-0.04512289032405165,-0.9258899038911499,-0.11366668908143539,-0.14365952989711814,-0.1650805650030461,0.03175945658145075,0.07567354061338613,-0.43229517910733023,1.2727147339712648,-1.1694806292030167,-0.7209701084698963,2.779963624223556,-1.03799135498923,-1.3537546747097586,0.7344767450012178,-2.077119853773874,-0.2352739099724389,2.1458249250764885,-1.5449359221534005,-1.9819644857387133,-1.4991812019576982,0.8983595683469856,1.1247767199858125,-0.5125887969785088,0.6832124040010689,1.3902553275119895,1.7873464144298254,-0.24633528117984818,-2.301471717669987,-0.8208789224096867,-0.4268041949352576,-0.2589387965783906,-0.1878594010087195,1.1188945979306693,1.2744284266875814,-0.17167365392478334,1.0984848760518187,0.3576613666310894,0.06450597286257172,0.9065441571099638,0.07225204823791581,2.0578111770977623,-1.4384111667945592,-0.5151708990920177,-0.1265188969539503,0.43945269045799057,1.267960487103089,-0.02439856723615665,-1.4222296495062072,0.8425138964550043,0.7549587661419644,-1.941858659379406,-0.0038041336707993834,-1.590141830680298,-0.6646510975020625,-0.9028089269627998,0.8092646982419858,0.11683017417218379,-1.2855910007560276,0.8800659629573423,-1.4338058239284144,0.33011379047094364,-0.8140106692915557,-0.3656770825305199,0.504270748038384,0.521449399059529,1.3369690735559603,-0.08225369967145317,0.3064508629633407,-0.4377373224043246,0.18198988262279764,0.4394860480085117,-0.09830984745437601,-1.8037504840924963,0.3314708963308953,0.364561477355457,-0.6801734763479509,-1.2843870360725143,1.4758791505039655,0.491445510894402,-0.2290810309217097,-1.1370328831474874,-0.8218148284213459,1.3025903967862316,0.1376619408680461,-0.5505870670007066,0.5096892312246561,-0.8143981874463238,1.5008430302803784,1.3528005348967251,-0.4665740712027766,-0.6286702470308604,-2.61813319869228,-1.481580771551368,-1.3394697749577562,0.1351903409873859,-0.3262337044413596,-1.3453354874152414,-0.2811640424645573,0.5053371476473485,0.5278393499155871,-1.8996702808588812,-0.12826348048383082,-1.3833407769716104,0.9017286971402739,0.7841464163534985,-0.8980272263244584,-0.7660452024003999,-0.46126705049830724,-2.252793394731339,0.3359681734405766,-0.2728445463401307,0.9701750825678591,-1.0984092179625526,-0.6191229482499316,-1.5065252580391153,-1.0042905634942532,-1.181981996068219,0.9959736788464457,-0.6982618487513923,0.12417568474461345,-0.3807634038618044,-1.269465266012813,-0.1683004231716427,0.5991033318635947,-1.2077593925433523,0.8091127907313788,-0.8497209214776963,-0.48298392607284074,0.5306831230100478,-0.663436157219488,0.03757485933586561,-0.31469082878809246,0.1293680067038185,-2.380739105523497,-1.829681815208083,0.6159670060468382,1.0371814056490503,-0.9104867035315213,-0.24402835217113436,0.29471925290230155,0.6932176016587042,-2.0276772716708487,-0.8860402469783771,-0.33257937984987496,0.7031401972360493,2.498430483721495,-0.22800572680971787,-1.4069774621039888,0.40226807720129804,1.32099578954071,0.10801412097950092,-0.9066485451542928,0.957993941480019,0.663545618498435,-1.0260808441956244,0.38142561753434195,0.9972655676588726,1.1818900425588936,-0.06644897530945597,-0.35807944617931886,1.2272738220812627,-1.210160502980885,0.4385792909210054,-1.3700266273644293;1.0653762722596027,-0.2580455156111615,1.2685832356474693,0.491412756355527,-1.22322023006193,1.4246277320772434,1.5512452664277294,0.8822864925992157,-0.7615878650362199,-0.30601395435740886,0.1454272174057594,-0.7037103993314333,1.6923465724632047,0.14432647172603683,-2.703348047107357,0.33935581275622034;-0.34815739681731317,-0.07492655611844788,-0.3686193657856996,0.8070464166066873,1.1196877785533812,0.28305316225865373,-0.33931118713815905,-0.041337204809170254,0.019599616577628293,-0.8024300398648369,0.5789286485712348,0.4600423238604662,1.5404412397766734,1.255349780288475,-0.6856749175901302,0.8202983745089647,-0.9509533830944716,0.6959321009408497,-0.5166141987601078,-1.0232532233755844,0.28004534269740444,-2.6745671281541408,-1.750975574405228,-0.17749188377428318,0.08244176663484246,-0.36931877015818887,-1.5794362987175987,-0.8178918421385055,0.3912093272373939,0.5817817706283626,-0.01622311759594124,1.1568337810369889,0.3973970234592343,-0.7474556539582122,-0.2805020534116174,-1.4028661572078547,-0.10813899039141675,1.1121006192213385,0.6852900847109679,1.402009325919122,-0.3028852437989931,1.3460997945142577,-0.19330422644796988,1.471585082569894,-0.02185674744212368,0.7072313738042767,1.4751123643098556,-0.1934276285812056,0.21838898754417418,1.2888634252063023,-0.1330031639300636,-1.320892282506161,2.14300705458491,-0.4697644643371368,0.15875605093754283,1.156006669451127,-0.6084939037312018,-1.0078679132221302,0.25373729677483314,-1.7930763979123896,-0.28790607686792025,0.2450386643154059,-0.26995189682516413,-1.543450943185747,1.5941779562040121,0.10353815394917538,1.431152117761741,-0.26003625018044474,-0.8800119816907639,0.2691809202551599,-0.21578712632821961,-1.177761457991358,1.4697842587874956,-0.622270222893996,-1.8402663847955685,1.3281660539573328,-0.5042980158126232,-0.6078238926156243,-1.765387587029974,1.7409414865969908,-1.2894805872096875,0.05844948070564989,0.9126203225404405,0.421716933003097,-0.0596543119921916,-1.7016658582874162,-0.8097248357672839,0.18780033804252202,-0.7871740699869963,0.20335945999876773,0.6817434088151417,0.9625028858001017,-1.2261793578126834,2.196646054978954,0.7674793445541306,-0.0017141536690639572,1.0895365830766406,2.3654077719999735,-1.4387201010568695,-0.2252626424913536,-2.3784316598733284,0.19265153264802468,0.36539424192514075,-0.03916211544275943,-0.6545335709983099,-2.0495145161883253,0.3735336834117687,1.455434483915325,-0.591018455733432,0.440059929023145,-1.5681443134200506,0.45721306369251385,-0.39338229774465705,-0.7624179506029144,-0.7603636412161305,-0.39361158203300994,0.3824333156925354,-1.3121632011955178,-0.39711533156785284,-0.04147177799914767,-1.0990392245318592,1.796665201675017,-0.8534954800613416,-0.6694369136334904,-0.9783079498224979,1.7984800871381175,0.5529052285994815,-0.9365920062436421,1.1062315588599687,0.2006986942888783,0.2572534211115017,-0.3444772087524527,-0.7494159869569733,0.33776609905460137,-0.5450872299955903,1.8167556295751046,-1.2692911052431042,1.5361567728549452,-0.11131884879780068,0.2990857340211059,0.8331577666294346,-0.6302492950044363,0.8642483846986365,-2.7075438553811773,-0.7199895332219391,-0.9240628073410654,-1.2535060123717616,-0.21495483807895113,0.3857499681816948,0.7026599984993058,0.2408767572004076,-0.6656934648935469,0.36901643782516713,0.12428569485085071,0.9360561679360162,0.7769367029315166,0.03047641392062887,-0.8972530061612568,-0.6529501558320808,-0.5497893596380333;-0.31526633391625575,0.2680504275897533,0.7151743901280584,-0.05111869301537766,0.016124787900472438,0.14330630500000371,-0.51590531313234,-0.9253922576429561,-1.7554378973107099,-0.6951493580768724"
9,-0.018423104561631987,"0.9758263091607853,-2.725902291735224,0.5862893266176749,-1.484262341508558,1.1863813701238701,-0.7895389796269743,0.5400848863584438,1.0476246208376083,0.35879907778431186,-0.1914728800662866,0.7970685280522858,-1.8462961268670073,-0.23492745384305547,1.69281048352216,-1.2887872356204575,-1.4010353763865995,-0.44979225734475126,-1.6960093375973944,2.2929067283170954,3.2331040937408297,2.5097967848430494,-0.26814679759640847,2.151497828591209,2.6670424060143123,-1.8216147404057652,3.769618991762875,3.4082589366926515,1.3802733888248064,1.907285283149876,2.7613338468686743,1.420235382921965,-0.6690550487509022,-0.9857474936931064,1.0972050363052097,-1.5894551601233262,3.6141089712551624,0.5979861388022744,-0.25539530875341454,0.5557038096115021,-1.7163332094548678,1.1227089012402791,0.44544453062062717,-0.37412354328787234,-0.33084151923808375,3.4433508625396225,-0.6029416235228122,1.1648506127729237,1.4834037990869424,4.477879163224451,-0.5987130165330652,0.462499951783631,1.3631817286436705,-0.9475164561706667,-2.177671876297151,1.8543893432573624,0.6194516743550686,1.2326804330342518,-1.4974529532888112,3.683518585960252,-0.6806760191016086,0.09414594752942829,-0.42720536105282164,2.4362418169290114,1.768109134586336,-0.30387030558098665,-0.1851740370258519,0.4501607146154468,0.285208413656312,-2.1756578284877914,-0.407068618249778,0.054777581355519744,-2.192784215125363,1.8911721622049853,-0.005826720142038666,0.9493674280720799,2.606725919669623,1.114324017690457,1.7634070981789103,1.7398313101970735,-0.9175807249844612,-0.49321290280852725,-1.290515671911694,-3.49759993179004,1.585314100137282,1.0864347580523794,-0.5095176416877176,1.3788701436165627,-0.5103182792634946,1.873456570864224,0.897300598540616,1.4792108259765686,0.6602561996087917,-0.9333231816127548,0.11918429821385823,0.9648878845018916,-1.8039682142470335,0.13802319751721326,-2.2636729563287785,-1.1587247640002403,-0.16287799756044202,-0.39125231564589913,-0.6114517254035119,-0.20305992241748227,-0.5514978411196085,1.525158052114707,-0.07186314794929138,-0.8735350156295159,-0.5517644526587119,-1.2921113073380528,-0.35537910831164676,-1.0123044564307646,-1.4057099141242309,-0.6087196650199688,1.0050041290707583,0.9088277224214811,-1.179894378498652,-1.7977419402592494,-0.3762223015963889,-2.2793992320600203,-2.512083420338407,0.7915585352710212,-2.0924439590290254,-1.6432903656377793,-0.9693525460801774,-0.3879677735764617,3.65233959958641,-0.5250830101192543,-2.4299576865363552,-1.7649933456166595,-2.9116264785738446,1.820620468069363,0.3911432079683723,2.471339797223922,-0.6967929897631963,0.11568732680360905,-1.46636820110617,2.8818132453830057,-1.5747187805689915,2.4163102844982793,0.7259473755437412,1.3238499531042434,-1.22671590658479,0.14032126845800863,-2.0154846034359073,-1.1839205834445994,0.5360499757172278,2.628276234707914,-3.9731137222992863,-1.4024992348076055,0.8298719296459214,1.6112273156862371,0.731905116232122,3.970229161060801,-1.9165924395440628,0.0009806210454981201,1.3263486581465649,1.9722679315445455,0.9824630523325717,0.8053082298802487,-2.1787894852545597,1.1678388043173715,1.172203277036035,1.793795005967256,0.03836989069172961,0.17152770490241742,-1.1703800854438302,1.9833948354476008,-2.0268670540440477,0.4755872774420551,-1.3008833449919164,-2.5033350402850947,0.8029234991086205,1.7650536695519838,-0.8743243548215899,-1.1437785539744425,1.6293353528260486,-0.34767922535226026,-0.5951159826533967,0.9000668483799787,-1.4020966437210665,-1.0283794520906155,0.27512598419914547,0.7523064864293088,-2.577115254407059,-0.4034995938602556,0.5362321457928343,-0.22278463148312544,-0.24068887716555398,-1.095462300919937,-0.48348750313253275,-2.020254397665403,-0.6008211569441739,0.8253145942298928,2.537986247363629,-2.313185943326708,-0.6762661507984872,-3.2318070637019862,0.1697635927376766,0.4316757688940931,-1.882878186086944,-0.9094549684981218,0.6424392719659681,0.13898167761039693,0.9510902925075617,-2.5501154033954196,-3.4793846402017308,-1.9053330041979435,-1.910729218054656,-3.450770770658929,-2.686663244034176,-1.1653320306096089,1.6840484115766923,-1.050603280977896,-0.4581662527191005,0.07231289602281121,-4.3032746332000835,0.17351906852275667,1.2935262744733207,0.7058479688585027,4.727296902615349,-5.700482403067531,3.8987162210626387,-1.0198992688417552,3.3906423454002548,2.1790339277436424,-1.5608250595347641,-0.2760229078526444,2.16579442165782,-2.289159272202698,-0.06671487527365066,-1.2955837208143128,-2.2787155963148438,-0.7020912203700468,1.2517737496935164,-2.9265479959873852,1.6510698521323595,-0.20176980496468522,-0.6348614634095108,1.5024329789885318,2.6368630106059117,-0.6996931087482479,1.1275463338220464,-0.5233543342756567,2.240724545064351,-0.04907364283447646,1.9153316881209141,0.8556643720429298,-1.2435111534110557,-1.607129702463619,-0.591432810401128,0.8171353305502796,-0.8204094296077864,2.5162049604271775,0.8630152713833801,1.1775891997444476,1.1970171414567337,-2.6570338281404124,2.0459344612875903,-0.05872166588311811,1.1712483584438669,-1.611662226601307,1.8897187846486418,-2.031254643714438,0.7519483614739293,1.4098195050778224,-1.84220736652407,-0.20723487168489624,0.7562039465232053,1.5748835565482013,-1.2249454996124665,0.876996963924086,-3.5822961395762083,-2.0396954942018874,-2.2039908763207707,1.4822771825484382,0.7594911718482911,0.5139151753159052,1.5906857591657557,-0.5040567643130288,1.728086302416168,0.9534285138386761,-0.7008657660698445,3.030343345463,-1.6656410905539545,-1.9444350604587077,0.9528226876409871,-0.6148134536375038,-0.9602626983302883,2.2583004676275413,-0.8561678879202849,1.925618315854392,-1.1674970075221163,-1.737957106686573,1.2763953699904786,-3.7144498984656114,-1.6328024448707668,-3.918838926286784,2.7815229359328275,0.9647294234355847,0.3833008594014955,2.2370967298391005,-1.1127973030297829,1.304764866460007,0.7907623855027972,-0.5658141039043325,1.4109029533210784,-0.43642804588643425,-0.06376699302547162,-1.8185114262409527,0.4809831516695189,-0.12090183930567033,0.11359001054761642,-1.0578355697671107,3.7070751028012197,0.5953061561763944,0.8441348814223053,2.8524196861937705,-0.5589576758148206,-2.211470706170124,1.1318543196326822,0.03142667751980066,-4.535826688219827,2.4433664403424453,-0.14836387945537632,-2.4427838953021577,-1.6845530171409049,-1.0940622818580632,1.6950446308498088,1.841132589258278,-1.7266363893588392,2.6348447371900163,-2.387000756295416,1.6580544642522175,-0.14824419738975902,-0.10065046492581842,2.7226370601599994,-0.7575643037792215,-2.4603231696520655,-1.696592525928187,2.2906486184205144,-2.8586736772818333,-3.341220027757089,-1.7478374476971172,-0.016638212377996453,2.5205401054087604,1.5252875154933623,-1.2882720336711235,1.0174426263480378,-2.9568171530008898,-0.4919321741017053,0.3622511798234788,-0.18892758429991136,-0.3498051182374507,0.11866258119030293,-3.667213150160694,-1.367981184537033,1.0632170221964636,-1.9606925098755423,-1.6029327067812977,0.5932212796165299,-0.37853852718959335,-0.2991756284177368,-1.216735730781463,0.18297981235642202,-0.6041137382863484,-0.026017877049939186,-0.6174579205115858,0.6381918164756044,2.4420352080851626,-3.3421489282252357,2.8136726999249264,-0.03642113722369269,0.16467306628503786,1.833598788835893,-1.536179682001623,-1.5259541605795723,-1.9379200217010184,-0.3027733278819975,2.1446989847000966,-1.3124086733209581,-0.2392169527498687,-0.34083598841940743,-1.6440246760309143,0.5345611901211336,0.9262974350690446,-0.6608609581077627,0.45869624822825467,-0.21018611618758054,-2.3438296431878727,1.4014109525072063,3.3057305061874485,1.3557940364176029,1.1552322561536048,-0.733700414760827,-2.3420412277748035,1.147114931003511,0.7174075531667439,1.4710738429982602,-1.0966909289455251,3.5602937037078286,1.3912129812432283,2.823885259733785,0.11150621727680665,0.3449751303597367,0.6662239314536376,-1.0201899467385998,-0.8340727800136041,-2.143845788354074,-1.022558890291696,-0.38089190588240995,0.2815156041104113,2.578923801494397,-1.4708217487445776,-0.5895812131060612,-2.6199487395448964,2.019122381519102,-2.3342732365840346,1.7382324633849673,-4.78052010848313,1.2627444953529992,0.07438486341381656,1.2362853146083552,0.47441295951323004,0.2804316069446864,-0.20941132751583091,1.1046053754258551,4.006542164941088,0.06751765878271043,-1.7642066279237956,2.275800292867717,-1.621300366078247,-0.737345534243204,0.7238229809355411,-2.866204866517491,-1.0154980428463158,-2.0869129463335234,0.6048697721571805,-1.0693617907045974,2.2192415988662413,1.6045358626349742,-0.09514238890205728,-0.625826149116846,1.9380292830325838,1.7838179556715843,-2.160846676068265,-0.6681159443315396,-0.15540964735815715,0.49904211046382485,-0.5911173944439927,2.914347693670692,-4.959188132637944,1.086931414978936,-0.4376283161281377,-1.3685006779528814,0.9891754125815815,1.2588699583418363,-4.539974903875813,0.561922965232577,0.18623574342672478,-0.43952454768723326,0.09803746670705071,-0.4424715589351674,1.4113174791366836,-0.329129091999342,1.1464962089976551,-4.143160765729369,1.3420315430041754,-1.6658720300294252,0.8059400861428084,0.3530375275685641,0.9927283689419215,-0.9765824936751621,-0.23378517544766986,-1.7336174405437337,-0.8750240790085859,0.013596568368521078,-2.824466253381815,-1.753531892692141,-2.0369020806599645,-2.23133570788678,-0.9668245638217066,-0.244112466483847,1.8173620230694438,0.985750669613062,1.0064760388835514,0.24347565922170356,1.3621127780574116,-1.1515869267259626,-2.3669527639451298,-2.697648659888978,0.4422568397025342,0.2338540525288157,0.09626660636212525,0.12674258457742704,-3.0836143104789917,2.143709437671106,-1.2920085457695818,2.6440123397808337,-1.1835999158982693,-1.5789541659812487,-2.789362420859681,-0.4861209654886057,2.968048423079408,2.6246540194796126,3.1267206407339723,0.40432895676726965,-1.450663028972314,0.4143907964551693,-0.9407234366729682,-0.06343958404989225,-0.9286316200386628,1.5737924050752412,1.8367768943752514,3.637980079766338,-0.6900400208025883,1.1002063410584242,2.9924001109423357,0.057500185174009455,-2.385583907578501,-3.038707791915974,2.742473725981926,-2.443294439206879,-1.2109733197720591,0.5757393027131973,1.6535975754315348,1.6525724782782345,0.41907035894136313,2.3729857897771227,-0.6028165723247749,-3.536003760014487,-1.0727245132929806,0.7130751266348343,2.7464528929581564,1.9218355095507333,2.249016518612434,-1.7611786868312858,4.189856225001965,2.2787923951740603,0.8434216168322894,1.9494771267745679,-2.160376380558403,2.9648401745044017,-0.6978830498798294,0.6479863054920155,-0.11963290204534671,1.3379710324755958,1.3107155172897478,0.663598472697239,0.03476255876295897,0.16000273509497265,0.5945966792886406,0.5360453491473164,0.5636683865320136,-0.027593732846137087,0.06082845702395545,-1.4513181692820507,-2.8476516437331,3.454655063917346,-3.896429610604706,0.08959707372827797,0.6729042146691742,-3.0118504030351776,0.42052293790807915,3.2416306481875203,-1.395204258514085,5.796439744730571,-1.7797941290095065,2.5584740714813803,-0.461342440120707,2.2080858148282965,1.9128671957507626,-1.3872829967308533,1.0528021704044148,-1.685775146472359,-1.0601354321559229,1.0888649688541072,1.2001789973840902,1.2805272544006934,2.0990346522302925,-1.4025410474929494,-2.2891804683400725,0.711798947423687,1.1558633037921384,1.0761066529240497,0.020140864580001083,0.6198852463822315,-2.821958252582413,0.581479407091417,2.0983209352052947,2.9095295400345953,-1.823126809059102,0.29918291587931756,1.5839607320505058,0.15262110844098958,0.19388361382516767,-3.006052396080125,2.626017949000604,2.667570157799565,-0.015088889893134949,1.516444086756013,-0.39094726629269194,-0.1327115307938802,-0.35378574173093447,-0.8698573741152743,-2.0322445491453864,-1.2789096028947677,-2.2382960702357924,0.42815093056224734,-1.4422292976367397,1.2190287724004478,-0.695352159141557,0.12824773193726874,-2.844910846345384,-0.3253458980643147,0.413572268554652,-6.10275518519361,2.2216554271290683,2.125062421186625,-2.505077970479067,-2.301187187348189,1.6022992640079867,-0.8666912240720519,-2.24571540019941,-0.11603738105935979,-1.3553449983256542,-0.49921598507211257,-0.1380314507924315,-1.0369937565009422,2.819912165442506,-0.9985388054575268,-0.253337161630238,-0.6296695750215755,0.5930690153883429,1.4644926422463933,-1.1083799393709532,0.8075960848776498,2.9122483711840506,-1.1867085363240566,-0.4729356545693515,0.44724892382306297,2.563105164617234,-2.3183661035969862,1.8241504382936573,4.130336211580592,0.19713285838159045,-0.4276808895782976,-1.9421982988027264,-0.4687502718500385,2.4117087506196078,1.3247932944335312,-0.8852404971655425,0.11156008602569423,-0.6771918852039467,1.0368282996678588,1.45139089727705,-1.9056218349985126,1.1807266079582146,0.3851010832193352,2.0244028116473554,-1.1419650462359714,-2.9489659882024775,-0.6982988985484719,-0.6269869984816916,3.6970883229549454,0.822823381502803,0.4154173005900168,-0.7746807051757415,-0.011717912555735288,-2.8459238059831553,3.1231505374299684,-2.7573465724953166,3.6182098798199704,1.5559264910217707,0.48927871066135364,0.3061910121828153,0.8327114292514861,2.315537589012286,-0.5579037736898674,-1.253129316876605,-0.6792882983543997,-0.6599781159388116,-1.5508133119859484,1.5832387808670296,-2.3271978464777945,-1.6891858040769474,0.004122349266610925,-3.059465460956348,-2.4434835953206964,-2.1105577064984278,2.0862004175615896,-1.6099640861475726,0.023269636772954738,0.880705089721631,-0.766916365700133,-0.506963401536772,-2.2848049081404156,2.778645990866183,4.164918812897107,-4.740004197996875,-1.7586500859779086,0.4910382715575614,-1.7699603130112693,0.22445001576000106,-1.6748021022251103,3.1780064733752575,0.039452158908727164,0.9103511783785668,0.9198050737680536,2.5993075657458053,-0.9513153939267764,-2.070199808096027,-0.7754606354378794,1.5297738308573372,-0.7514294028050468,-1.4564824405361136,-1.8715485442581519,-1.4216644216554226,1.3806731868346729,1.6491802480828486,-0.19520573752355264,1.4293098833250077,1.9663431108106857,2.3142338507560645,0.24235298958779705,2.282503070605194,0.06515390924915587,0.8330880703730339,-2.312413411879224,0.10490745904913229,-3.0587509287643853,0.027529691113603705,-0.058388357173077776,-1.5615450930654176,4.298151179029217,-1.1823977428618346,0.36683342162702615,1.5927443585912484,-2.1549605880197245,-2.2759098937366846,-1.787090728294505,2.0239542733305775,0.07105669354100685,-1.231375925369516,-1.8106076598622436,-0.48836065964278447,0.7761186762560011,-0.7808568944342109,1.7629652498683217,-2.7125923377107117,1.7642331770621786,2.0755577423565246,3.863822754161139,1.4578152131777478,0.2581291805698649,-1.009006831824085,2.665613540711607,1.321515805720528,-0.6967321327205831,3.118657348510544,1.6841531517013226,0.4171481825212884,-1.7456778467125722,-2.2574385360675846,1.398687300254168,-1.114316071766151,-1.0596739310994687,-0.47911398026163954,2.713092162348315,0.7027895234054125,-3.4994459158440265,-1.1358280987181226,-2.1569045332042514,-1.6164819449446652,-1.1256740273993366,-0.5426065862430043,-2.4891635339870506,-0.05510141879198471,0.38891464340237236,-3.9796413492189586,3.725086132767501,0.42498841701211276,-0.6065417003833946,-1.1215684627687685,-0.6782417712151698,1.4284678471830725,3.0372659884216624,-1.6446601582007017,0.2607831393106026,1.8258303424878624,-1.181363273033082,-1.408952775674055,-0.45853787108548577,-1.3444645327593052,0.0022305110195225963,-0.6720175153145829,-0.44482529514469554,1.450743519115091,-1.0633119437800134,-2.4313701854738277,-0.7916501383214275,1.7425195906391702,-2.0948312810903964,0.5342127126381181,1.8022370322553312,-0.0035415433526728712,-3.224454153451112,-0.9255625198251946,2.257884169946101,-3.4191653797581805,-0.581934892449607,3.3328605787370176,2.0588772960638972,-1.3941852373418802,-1.7585575291306776,-2.28868088956365,-0.8608552687567936,0.9687219513677195,-1.197142368194482,0.6343057932924034,2.9370097218979225,2.164153791463364,0.9986409534815287,-1.5663804118208056,0.518250326780598,1.425969989398033,0.22390100314673633,0.03905055128115631,-0.14019779471351915,-2.6366763781259452,-1.0023528870664749,3.1040869142800105,-0.8531154578926621,1.4387908761036372,0.2725785397741549,1.656864192844757,-1.740563705613784,2.487567559343872,-3.563536771211597,-1.2248802714911322,0.8670181007515875,0.4789425556403102,0.11831657210213693,3.3468155667779484,-3.5583389430909285,1.6772158178819412,-3.7050173064704253,-1.3043183706288182,0.43528522844495154,-1.2115581725352156,-0.8712553029520123,-0.9088717985247137,1.1149692424270945,0.09901185838850246,-1.6416192487545893,2.457891963073944,3.03188979015785,-1.1917302525903746,-1.9865446806224734,3.193518530817034,3.2397013428198695,1.1517335582125798,1.3329223794770781,-1.0819979425364838,-0.9685552548054002,1.7655113822176076,2.955344015549734,2.1443645008983063,-3.5082033457693558,-0.3140286543808297,-0.3811063976229192,0.9553039677937856,0.21952707239719182,-1.2525941840458195,1.0674915762442858,1.2237924410489516,-4.180457202111535,-0.050228119607737376,3.443654373297038,-1.650353827800731,-0.17949089173542065,-1.2113262547775197,1.7808070174467814,0.36928853435669284,-1.4733656437431135,-0.11012695766174585,-2.1851818468562576,-3.696039658617491,1.0233783100807305,0.24522078679790704,-0.831057837483932,0.9093044402850314,0.718219457734913,-0.4149509344107978,1.1760077678050895,-0.2737453187797323,1.0537566058806638,1.529056617182352,-0.20827479898475243,-0.7977693367380669,1.2435119835627382,-3.036053880783183,-0.6888649155663805,-1.2585513052248,-0.5456934761837059,2.632312492614985,2.47500639523932,3.108228920379216,-1.9676570453798332,-0.2266024197026471,-3.265741597283821,-0.9508871494083043,-1.6389834823555063,1.7876859307514605,-1.9053540682890642,1.8581309411984521,-0.39270343936062346,2.642027210870786,-2.605747474000697,1.9167668756973437,1.1065303146180203,-1.5005947917761249,-0.01936589847451342,-0.13063202006561325,-0.22101779117021333,-1.2296065870551087,-1.26850052669774,3.5114076614478487,0.2242131062315158,0.28034278428322745,-0.9188515536710544,-3.0304653037124556,0.6697990848327946,-1.2964648059626673,0.2872809088793917,2.698339468590839,0.12583728744306533,0.35885839735932373,1.0385563516309895,0.25894952441250646,0.053174770329421195,-0.8264791939526492,-1.8183718706594012,2.8305449540567507,1.022458125819548,-0.6250354944301528,0.6164737286036333,-3.1146908070155837,0.999599613593975,3.175129958206246,-1.2346175474226957,-2.5684020170273762,-0.24962068874709553,-0.4068405574549502,-1.673834031981158,1.9714230187937676,-2.06967513799274,-0.9848085772705105,1.320832359010395,0.21104366414465803,-1.4027926081811977,0.17010308586552547,-0.08237304873428619,-1.336032040803686,0.37337992756386174,-1.566511025679762,-0.14410900368730561,-0.2233128879231674,-2.018089515724524,-1.7346711664091625,-2.1253377488564595,1.2551963406630997,0.08019754150236497,0.25307059725684133,-0.045942106309529995,1.162045335918206,1.3097608653410049,-0.8594045951704113,-0.6604537516118647,0.18680613587777412,0.4605670639471807,0.6853301059087324,-3.8276494951659585,0.915679569157694,3.154664868229123,-0.4499744643503676,-1.47009781423342,-0.13881899418536858,-1.8942621573774607,2.720102446810875,-0.9689640147492284,1.5336877605492336,0.09117956033409502,-0.4396766165803609,0.9982913244407696,3.0061158766605804,0.5054702655962713,-1.701481807006728,0.9315006256504215,-1.8537251208858765,0.2529278942801523,0.21521788892580462,-0.800917185470893,3.1507345575143826,0.8229118946328429,-3.0939386559531314,1.4384902774994552,1.9313318384318918,1.1331212320779236,0.2906884659882119,-1.3804690988786255,3.811724925208194,-0.4384447806684151,-0.2855726182733189,-0.63387484553715,0.5414882013774247,3.2829561774884497,2.9689039002168114,2.3574946853374783,0.461352797360846,-0.9928115190643357,-1.6799502087964897,-1.357352466214797,1.772787237279243,-0.7478428304962448,0.6642708371063668,2.685037581527057,-1.1605027728811734,-0.49043321915744004,-1.4008106882011964,0.6712279416804462,-0.023885785012586203,3.33057432238273,0.240269058703665,-1.5247647239112132,-1.012886878897575,-2.0591818473804664,-0.2525203899825831,-3.7428584574123063,2.8287755044377745,-0.2158284967188414,5.225536744231867,3.2716219994905593,-0.1694295713577536,-0.30142379494739874,1.9594213399519136,1.353135054622221,-2.483019806330188,-1.5048929924923684,-1.2466029655951942,1.5689306231868327,2.279785998519645,1.5836069756045008,-2.025052376127363,-4.179364409696307,2.103380425748402,-1.4967303352986403,-2.142550759647871,0.10016264123609864,0.05924448851969255,0.33144491085489614,0.21312509607664248,0.6905935879941444,-0.427717587444363,-1.6419549585995008,0.20058999214307116,0.2020714604364181,-0.3904687984215799,1.2019258364378844,-0.7658650788273751,-0.16975684768891974,-3.551810786610871,0.5325544433240874,2.2997114423668092,-2.2133870689698902,-0.11056483531571468,-0.9201260049514834,3.183719071561744,-1.2994967531413195,-0.7692822413102431,-0.8614815367081762,1.333703205454612,3.081919702470379,-0.592246765610239,-0.5613246856071177,1.3625860962714176,0.1963229339131488,-0.7285859772463552,0.22471653610943743,0.4054169212510468,-0.8130139829947519,-0.9388841075396388,2.3098259275082387,0.8834202144783998,2.4027320895418107,0.9977012518875634,-0.6978627514545002,-0.19336403144136055,-1.2750576224229753,-2.8619554754736307,0.622719706973342,-2.5740590121371016,-0.7311252210894692,-3.2203793557136455,-0.19453068151965325,0.33335111187231314,-0.10060155391930897,-1.593495068540142,-1.682142954637961,1.3134738797050451,-2.4511834275599043,0.006222528211114464,-1.852205957459747,0.9282803586540349,1.5009934975699497,1.4550456377798442,-0.6320551178190672,-0.816038917883347,1.8215306190103056,1.1896503349972742,-1.516464933824131,-0.23728226994705187,1.360525457152326,-0.9901845338117733,-2.000252445563818,-3.663183303231856,-1.3196346519821327,-2.264717595773838,-0.35478748854514613,-2.179001598662708,1.6047521161369136,-0.2496591581805081,-2.504954523684462,0.2774233920623137,-0.3447879572349994,-0.24210993610717735,1.914107360660876,-1.874719712789172,-0.3580030829234537,-1.3952812650368744,-2.240924810706745,-1.2658282285010514,-1.372832621084466,1.0618128483452285,-2.5222318184170076,-1.5971376689841283,-0.3543226189124197,0.3273809923509332,0.45449680239402557,-2.6479892071786684,2.882079513800049,-1.615653922883255,2.57257343547856;0.6315002382299191,1.294604861361415,-0.615188081296925,-0.23415044137327057,0.7085095788822684,-2.773287884164895,-2.9653001942966477,-1.2832220809389605,3.4056674956568913,-0.09547775523363666,-0.22855519672147895,0.9785577225641833,-1.871479818712894,-2.236019097690953,0.731560349222625,-2.224995812062463;-0.20063929882543183,0.3675104105406022,1.040430892644839,-1.9550487703182828,-0.3689394390314622,0.2138087939410634,-0.917976104610736,1.7311696317672995,-0.635409880228737,-0.041292687007282836,0.5560220968422908,-0.5912847888018945,-1.8465730478044171,-0.4286545269165333,1.0294405559270405,-0.33689512678513855,-0.8464343014589786,0.9256722095027217,-0.3307748960230527,-0.5101608136502173,0.14945608966330953,0.7707502096187874,2.381713531732546,0.8272361076574231,1.1598399663883443,-0.5059661989878553,-1.0258681059694763,0.06233134961912296,0.10716991525959621,-1.0785127413645972,-0.17529452990401284,0.3993176017191309,0.36039339501808015,0.5042878533842724,0.29096473013744295,-0.5070086592700558,-0.5139006266488432,-1.198951397993876,1.784775039185095,0.013450364619293007,-0.22485305579485193,-0.9287920814524587,2.9356579023277782,-1.0733280322228955,-0.4288479256060734,0.4158368362860605,0.6002129657442777,0.957932055215684,1.8076085077692632,0.5061576554607123,-1.0560307999666676,-0.2569451251217815,0.30783237251388496,2.068226041505824,-1.397805478424297,1.2025765052252275,0.1799143695464168,0.8378305352294807,-0.10199471663593199,-0.8424326301263264,0.750872779401332,0.6544310271056212,0.9720569657397219,-0.01330463537863531,-0.5998220233198494,-1.5587869950238415,0.8193732681394064,0.42388948244398605,-0.9657826328639593,-0.5385736732966242,-0.46675881195144053,-1.4829844319824181,-0.8176823966051338,-1.1338303568063541,-0.4124790118879367,-0.7386974983295628,-1.6270049208667487,2.0225902305694814,1.2525407310292307,-0.7790194215199856,0.27242139665360987,0.417465089821295,1.1910858547734768,-0.8186050266600786,1.092106783982426,-0.5479053042069351,-1.3358624041686133,0.7241365593144973,1.2907584241224281,2.5879089735306846,-1.1997252650902135,0.6989196850807888,-0.40980124379353305,0.7833587105240313,-1.4704895512312506,-1.262769775698564,-0.7758748231664838,0.07896404566808451,-0.6410812665383554,0.6590543439134197,1.0268946182579144,0.5995775412453558,1.618787639660868,0.415826629455343,-1.216896710340167,1.3633765135383398,-0.6051562356059974,0.91041849968557,1.5737342165551063,0.45668801073039916,-1.4961588131646497,-0.9182121665097915,1.3227444668851356,-0.16912268564281638,0.07957353494216583,0.7588244161636093,0.6963228620803235,0.2787998123854607,-0.20866837122046583,-0.3126684457323573,0.857898825291343,0.5535695310677933,-0.2573000006177896,1.0821123129931407,-0.12903411512978377,-0.8516621743343933,-0.7589706989033448,-0.978740836309766,-0.2724100166036872,1.233724278336193,-0.8050951810305088,0.1884757610181029,-0.6566893456274132,-0.26030904127143756,-1.5100412119852522,-0.2205382291565374,-0.19370537980496205,0.5402879440356954,0.22328091325537056,-1.1983921249520453,1.0841982440435427,0.21030304022199536,0.19839351717748668,-0.009182353385138937,-0.5177574472222197,0.2178023397487261,0.4755884359285824,-1.746895691345555,-0.5387608373460957,-0.2549469704035893,0.25617060569427813,1.193311005927126,-0.7717408145967823,-0.497961846817842,-0.5125341106465501,-0.8015275901045416,-0.34718649511226246,0.7708022199879712,-1.0538354953643456,0.4278143951529032;0.5195885664809543,-0.957882619140433,-0.18139193509962936,0.6345355356125864,0.6210753793847155,-0.0056717952334078385,-1.0676293765344222,0.11535494366411303,1.6340637153185855,0.8945687983404947"
