Individual,Fitness,Controller
0,0.5844854462272262,"-0.4637576947995197,-0.9449562707797498,1.0021926538032544,-0.5333589572203554,0.21674008786497512,-1.3697764892591158,0.5692578552242005,0.4886951457474786,-1.2416200616581716,1.0316231128716402,0.5547458082427815,0.7400242527800978,-0.3786786927501306,0.17895641128644235,0.06337886886532448,-0.1481704047542305,0.17050327816584582,1.2564429737963825,1.0749506387039267,-1.1818606774688567,0.9854018169069398,1.1911433727480356,-0.15117767335236626,0.5084471037977766,0.49400166730301776,-0.8499666166743012,-0.38195628752832805,0.7508102388516071,-0.49582223683145116,0.9754995592623076,1.3049724408497614,1.1436718419804708,1.9798046031694567,-0.09073228229111252,0.17720107396906296,0.3206630477626402,-0.06039792499073846,0.5421789741016444,-1.711204029011989,0.20490538869251923,-1.3774366498828958,-0.962623277607578,0.7328898110299136,-0.19911623844902007,0.6976144747158062,-0.22077660360113002,1.1064063163911557,-0.2390807056213034,-1.9549184895631233,0.22539258201127074,-2.168859845702551,-1.4527209025324075,-0.8829465289985701,-1.0077094777701874,-0.5450508044162853,-1.0420678235311058,-1.4059526635856727,1.541835744840774,-0.6781445463918958,-2.2307676531473977,-0.36091837300925717,-1.1247310580275538,-0.8849676272928135,0.7103424813524852,-0.44815761878521787,-1.1525966012178852,0.4462535099572446,1.1499408306090857,0.5368721626398448,-2.4535555716504254,-1.114989502397014,0.04744853063620506,-0.2442994052640153,-0.32727515393919654,-0.982756692840834,-1.4055840830774398,2.00778171781302,0.027110953138911875,0.6421217888674178,0.0062511735838089956,0.046348698637989585,-0.06210339980928747,-1.1204458590744322,-1.5144894580342476,0.38622537374498683,0.1878424072711665,0.9382808984597072,0.7353608266420265,-0.8085121927496709,1.1325913089218718,0.7650271951545173,0.6908415698573351,2.2493267919788082,2.0439587625081876,0.6899137665548859,0.5651972058375297,1.0816551817696805,-0.5839537696703713,-0.5698292575910502,0.6734214070919132,-0.8564760891275723,0.5927694855232551,0.15683216653618998,-0.8561901045921188,0.02586651028829931,1.3050815921384162,0.0823704506538375,0.08654764761797734,0.3289852789045963,0.4591885228916088,-0.33084046608119305,0.3502610479670479,-1.0490703595907331,-0.799071056833888,-0.6711491080756229,0.46976268963410817,0.16023282755627707,-0.13435957724395306,0.6907699895852868,0.3788620827423358,-0.2899767799828719,-1.035230842819812,-0.8197088012267528,-1.4668094653928918,0.14056955015082576,-0.8621387824536719,-0.4953229819838707,-0.1275906806288639,1.0439951913306855,0.9287905983168195,-0.05470847125397434,1.2655034894002992,-2.012348509320861,1.8772205497665126,0.692499714304585,0.10280328501992952,-0.8913596807520631,-0.4380673661304643,0.6093508955780412,0.6320793835314138,0.6683933705907869,-0.7284967343664605,-0.9298477130152097,0.19520524435250644,0.7698539577714733,0.003184849504858575,1.4814842468851672,0.033137462190111384,-0.000708643832986225,0.6705599911926691,1.2192301375920387,-1.3492552598045449,-1.1180117080355982,-0.31326143774403825,3.1589417845886634,-0.2614685625409319,-0.12178294301056877,0.6183519298079181,0.9769289028134742,0.16978511645475586,1.1643474950402564,-1.1939711830259199,-0.7660884247427251,1.1624869505796394,0.010943114783474185,-1.2624506050086648,-1.3225379316172075,-0.8109408053447048,0.0021255421579162827,0.4673795697267886,-0.32905999994413937,0.38499918923951904,-0.43706648669361503,1.2239202016169175,2.5518400945723556,-0.39261273208442393,0.4799328107989457,0.3984108241501123,0.13869542625992545,0.6532509453412914,0.4788211889798271,-0.47105357038489465,1.316545772622688,0.2016662474867759,-0.3848004198303633,2.4432025238474013,-0.11621337715559991,0.2549438414237493,0.17544034458033667,-0.12989461095120813,0.44866470504401545,-0.844999909091625,0.5965433865230575,-1.7583540283924297,-1.298069751257129,1.8257245471685153,-1.2561800267217864,-1.9599588520368607,-1.2314161690661876,1.7400572691967342,-1.791861740272715,-0.9558141825915508,-1.458192484316987,-0.2741291970900085,-0.4360208981807365,-0.4807565067270335,1.8561337994051366,-1.1990753176375482,-0.10218777971711089,0.3386012463207343,-0.9802092620721439,0.4865899812466025,-0.3998104945533078,0.37430906618985604,-0.10799925152565303,-2.050531225566304,1.3060987127657413,2.0704583153540717,-0.1767541819348135,-0.8979520518666041,1.5060127211756882,1.8903829028674712,-0.1687954115899974,-0.21868061522051468,-0.0799110976714992,-1.6745488892453049,-0.29112587869322787,1.714941887549245,-0.16868866077056033,-1.0400345278722052,0.49668561930448013,-0.6671987984941122,-0.06645212366792694,-1.2688487805472792,-1.0366241611867317,0.7376592548635927,0.11586677940108789,-0.7760573868428163,0.11953513030490291,-0.6071467087272591,-0.7837601693701695,1.164034397248306,0.7828775531887718,-0.02127284963109477,0.14433733724970335,-0.00839801733434336,0.48700925917353893,-0.7995016584556943,0.8625047333686432,0.3535658378908127,-0.26305633788955163,-0.4877780315085419,0.8411309417668084,-0.15048631615010624,-0.6988930958298374,-0.38456976697432366,0.76920464888916,-1.6105532012460402,-0.35540890558047256,1.0705826696757639,-0.16821677210325808,0.2728167322778412,1.0867689645371947,0.8923296533971701,-0.4400587730399219,-0.13039355220383636,0.9047639017290136,0.9394694872838987,-0.08805012531494116,-0.05354565229242677,0.2676836945338513,1.3669006900172929,1.0675661206579563,0.6933867037990183,-1.0786692760638916,-0.2748334065482569,-0.22228667368990282,1.4184850326034728,-0.23886439117963779,1.2534428230776133,-0.5706986705310843,-0.4908839576607589,0.48145410581314085,1.568146705571757,-0.21177712926787717,-2.562767861861198,-1.564183402338887,0.2979615561644564,-1.4747960267817681,-0.8655628263964125,0.012341950638256983,-2.449367245746461,-0.3797257893254545,-1.1648085578602692,-1.4991797179007504,-0.8021844392180603,-1.0692089250694312,0.46948021799230283,1.1965267866828837,-0.36442685161106286,-0.5961257790468361,-0.41420500115789877,-1.1081871079384624,-1.2887418956196781,-1.6455544528933372,-1.3295209583181735,1.6319910071126291,-0.6904210353634581,-2.941628471763763,-0.5870569384810068,-1.5904145367608216,0.059484939997162915,-0.0483536552370048,0.05588563769205454,-0.0407260787451847,-0.3727103046197492,-1.4558961215399864,-0.07465407197142389,1.018924589135694,1.813673083795204,-0.23799132730600636,-0.12960994528368533,0.5004271790888933,1.4932415594721045,-0.4862966105045472,0.6926513169503377,-0.8228192655243886,0.32984899026550274,0.9706041766183706,-1.2908606065477966,-0.5251447220182178,0.9547830966950015,0.6161612305147948,1.035946140314855,0.8484396464540668,-0.3411035279167056,2.199190148394691,0.13690999075339472,-3.0557089491442007,-0.2823463723772995,-0.4691712569993284,0.7952491673672779,-0.45118531519813054,1.0989699958191375,0.5580993724067077,-1.0000904614700603,-0.14037333561142493,-0.7755334442754006,0.1847586468536697,-0.7814908672351211,0.07443523050906185,-0.27230575099041127,-0.15222325467982392,2.050940379798099,-0.36048522670720456,-1.9344330876171902,1.0158261447343475,1.0079559018020081,-1.978940173796826,-0.7008996212080673,0.43581055684652314,0.5242032612170667,-0.004723763452720521,0.017825378933284473,-0.9385878730831845,-2.399848713455687,2.0495073181835366,-0.9686672777067142,0.1765056900644824,-0.1588479956593362,0.8971975522735459,0.11489721348215849,0.1534409530919999,-2.6343182480089293,-0.8333390725422531,0.7446330465989972,0.6546682250719292,-0.9516528236172116,-1.578028582721122,0.12657930672293052,-2.906774048795815,-1.1486742523377627,1.7601610751553105,1.4450673288737685,0.4872493587651452,0.30733631448125637,-1.950170784524399,-0.7406672366491165,-0.29516859796577616,-0.7194137495011889,-0.35024333490786436,1.2992244243462943,-0.5418230612713224,-0.3409391805567655,0.7395312866837512,-1.4194757186028033,-0.8402045788388466,-0.7377225877568429,0.05559214655174745,-0.3449620674936655,-0.31334090934713393,-0.664853987102495,-1.0708302602147548,0.6091429242105775,-0.33780411896225443,0.6190189801473731,-1.1116273304811475,-0.6652421577496426,-0.22118302784676622,-0.12786703681621076,0.7543687259322099,-0.4305092895923585,0.7467422428108753,0.3749440085596946,-0.10685261008294912,-0.9512987964965197,0.75687526546332,-0.9263374673136506,-0.02128038015727883,-0.05394044293607976,-0.20709514261728257,-0.38931972298531436,-0.8220766949616712,-1.6169364373700783,1.4038047328403518,-0.4917234642572493,-0.12811209511746938,-0.1342273839339406,1.0956043372287483,1.93319422151764,0.15984741958868665,-0.15700266845691765,-1.1234570071594123,-1.4435884494127649,-1.773974929644101,-0.7958449595234681,-2.090854797313115,1.078829953740112,0.4230962439934246,-0.2516405146847802,1.1093839807607901,-1.071156077403275,-0.8199810553645547,-1.9337932803017448,0.774353695020212,-0.8103412863092737,0.015695613275823722,1.0025764005746776,1.370850755499421,-0.029146351490570425,0.3842374362713564,-0.9038502460436607,1.6833733430075333,-0.16615056029936615,0.0802849518681203,-0.40685307226322603,1.1992489984137564,0.1995939230831895,0.7609345774136242,0.353958139978882,-0.22040938321600484,0.9294685612995917,0.3453161945753811,-0.9609790608472337,-0.9892113838093803,0.14882672903163416,0.9074579023876276,1.6394205485064035,-1.7772134575808027,0.025659849098721006,0.48964766217499645,0.2956691349947631,1.0093271050337091,0.6555339764915022,-0.98550018358034,-1.014791688690731,0.3124548561517243,0.9905054244225251,0.1434175529526955,-1.5779330695682783,-1.0471714153162728,0.6915158558653307,-0.34864509091713247,0.117957303203288,1.0654180391517576,-1.2022090476199554,-0.4142426559019541,-0.5228728133739438,0.3554025365278667,0.7728881782719921,-1.4802674568987817,-0.005536359166269422,0.8693291040462117,-1.8547864514608354,-0.06439244143960705,-1.215784440783228,-0.6415669035495328,-2.505034589481522,1.3927341187550268,-0.3558291274035128,-0.8071918640359144,0.3282670454571502,-1.0423102326872493,-1.137244528881294,1.5103291698137273,1.8086630283267988,-0.592063672282482,1.0673547099161793,0.3560404439880864,-1.4138312917103495,-0.9281318938497849,1.5510997991969353,-1.4267950328241767,2.2809993380748588,-0.5713621759117792,1.5808149062932333,-0.30556379464283706,0.7999035915011512,1.395033140120689,1.3899538176810096,-0.5843655307929703,-0.8573880998991262,-0.08121200975113507,-1.3004796210339782,0.23926417561055854,-0.8207966522775152,1.0827097735429156,-0.5701124162181384,-1.7422589694800203,1.4009147761692962,0.1833680033318635,0.029134890420073334,1.0943947849462095,0.871576502298157,-0.7618535440104255,-0.44978160602616035,-1.112955250059338,-1.4644520551248152,0.5785925349153894,0.3921843100416817,0.7608292115225166,1.2816054414959426,0.7744747949256725,0.8634594763052582,-2.077961258172137,-0.306985241924994,0.9645764946699871,-1.1682087362052165,0.0916713828377636,0.5194644406135062,0.44285349383848666,0.3687963079582999,0.5989127190455752,0.1807438949282192,-1.4629282073910133,0.5069555354034934,0.28474656055374403,-1.4497484508554535,1.3797352110865708,0.5338376997480403,-1.3803483209774585,-0.8172251639721504,-0.5640520417461797,-0.5647634388006485,0.2930501888184419,-0.9763517510582618,1.1281367471219346,1.0458034513679912,0.6193173095995895,0.04424177539385089,0.9374475151515372,-0.27594772280400914,-0.7244888613832092,1.1901096456197409,0.3175427570190096,-0.6840576405813916,-0.4177423670415792,-0.7364279837652679,2.022174858828605,0.004098437450524535,0.15777131125366864,0.7212190478619405,-1.2153609826070058,1.0965472662862232,-0.607846130787853,1.8300162861151488,-0.31265873001459316,1.0376400147631857,-2.496798117119087,-1.1751330760859704,-0.2936071589976261,-2.030782998124891,0.6008844488414041,0.3129581254362489,-0.9908276498598773,-0.01595862986449861,0.8064772299231251,-2.103049516869974,-1.2734890162346568,-0.3350882992233443,0.02372362663247561,-0.05861142160154356,0.8892947854357107,0.47721124565539697,0.6966348405710594,-1.3898757328043652,0.14482385479938018,-0.3071425092379435,1.4620718816687674,0.17439563737789976,-0.669053934716029,0.85250127595504,0.5632977958646477,-0.8216016726404797,-0.34848970276917496,-0.33144645960836133,1.2274610922795373,0.20324187387844198,0.7267824785601718,-0.49327172113008283,0.3348002911394412,1.3033609029296576,-0.3610767652506475,0.1151548038377762,-1.3633062562376073,-0.7655580899100276,-0.3344428919978231,-1.060839308951721,1.3219736775218467,-0.8380070202415129,0.7867985921172455,0.1868362375314767,0.030851948510462992,1.4861636449651576,-2.2606002969275796,-0.1962048968231049,-1.080380336565442,-1.9614204091330376,-1.1947317337576915,0.017237535003070847,-0.7253471292064455,0.8966135898251485,-0.2138458479413305,-0.324738354720943,-0.3202809505060926,-0.098494406129539,-0.418478534942753,-0.8512536975641631,0.989184883976036,-0.6240950503889459,-0.38352661634618596,0.4294050800903108,0.3187412461572529,-0.8934380623460496,0.7549819441107466,0.5376703398384046,0.17797483418725424,-0.4313168505814919,-0.4067306905214086,-0.20179710300160927,-1.2318319411277658,-0.03926844859695634,0.892102040446999,0.8763711898340235,-0.3808517712764529,1.0640832727255365,1.9059045545294448,-0.3162075352628274,0.6915147064321684,-2.2628099626907923,-1.2581467281819911,0.09112102933352002,-1.0067330625183881,2.0392020447224484,0.5978796872965533,0.9658316468581304,-0.0290264061605871,-1.0032080198636522,-0.5188102821748805,0.25438047962635973,-0.6379153384090112,0.6711919917271997,0.7114149692046384,0.004981303939588323,-1.8256350870169995,1.714784933665959,-0.2126728566895177,2.709276648471036,0.652535696352195,-0.20995507673205693,0.4478218764980041,-2.019285517078612,1.0261424032359665,2.566941237529476,-2.089233473843379,-0.2874090098257076,-0.10533812279152627,0.875228629163064,2.1059756741655367,0.3828821225955647,2.1417918242155274,0.17043247688466234,0.4514238187962298,0.3282355661602549,1.2202997830050863,-0.4223210581102033,0.8182867587615089,-1.230796606256427,-0.2845041046514092,-0.6367436229388083,0.0879615586179422,-0.31607974940378175,1.132133692456975,-0.8786680951716425,-1.7313159358110126,-1.3572838197115573,0.9941680463013193,-0.969557343316222,0.3978444155207086,-0.29478750324807973,0.8242440547532551,-0.2307657051166103,2.764348516117136,1.8981170158185048,-0.31521018040569243,-0.4521345890949861,3.1323261508084617,-1.0788509613285897,-0.055023547918349014,0.022448919705427506,-0.0023378978145741965,-1.7387117205305265,0.4966024096759404,-0.970350091392317,1.435989124169071,-1.4559650424346218,0.059465927375476235,-2.216120646951888,-2.154383706340724,-0.8393519582926326,-0.6982100823370282,1.465726412989435,-0.040591836261898245,1.2924069009115537,-0.37978659467667686,0.6060851828803315,-0.7254753169189009,-0.7934730690986012,-1.8208501389178946,0.3357539938512747,0.2620834147001496,0.7773128872858522,0.21491828714139533,2.0261959771939675,0.17602763667750973,0.9918267143381206,-0.32410908299910274,-0.9084700343013888,0.7176951701866363,-0.08914798782034095,0.8320430459296209,0.3529365418446809,-0.7930133267901562,1.0743378776770285,-0.8711899537846677,0.6253262632955047,1.281611111525853,-0.38459483841515774,1.155994453672315,0.3976168340531924,0.8519437783962633,-0.8367556911025861,0.21430023205374768,-1.4080813100245035,1.7113005153104637,-2.013998321584507,-0.35475181962885,-0.9317085941996222,0.6747004152022378,1.9239459459299184,0.6549150986875256,2.961283696951351,-1.37794017655884,-1.3011841325285654,-0.8931142316154002,0.12124469529590592,-1.02692237528325,-0.7516627543050256,0.620483523927288,-1.2391718831138179,-1.1331960129701018,-0.398538752990072,-0.3044430708393211,1.0100157172213158,-0.9006397479781205,-0.7202799841208976,0.5816701162790064,0.8013943237833824,1.4287244671265882,0.46912035486475423,0.13036405996182662,0.5750384067461543,-0.26741280588854754,-0.2747675943754787,-1.7741103122787536,0.893415956689334,0.211458945051747,0.7770392663683057,-2.815810494477294,-0.04710170789354604,-0.8558815063776325,1.5013625048202333,0.6142169154838291,0.23423541081056018,-0.4319329693410244,0.39720831013164665,-0.9281856293781044,-0.09972534768576576,-0.5783633869874201,2.2664896549816915,1.4699477561908403,1.0630474839828306,-1.4903110221541578,0.8641571122840536,0.18766667514193755,1.2234601395161457,0.3223950951269395,-0.006717666038303616,0.23378429633655878,-1.8056332916225448,-0.7674032721677975,0.373335538703272,1.1393883584065825,-0.5504931163121183,-0.0408068798639337,-1.6009924446753903,1.4593108133537598,1.113741732233121,0.6521026185671985,0.4068061876308905,1.5525490651467972,-0.8050109913147171,-0.9131615563266586,1.061519786256429,0.9943133817081246,-1.193495586089152,-0.5313598815768662,1.6890931310773893,0.4116673282159038,0.787161518018172,-1.1590465425293566,0.6566445245371783,-1.4195415457708802,-1.9798213656006851,0.726823960180868,1.434445169634489,-0.2537860757491678,-0.5465506818544583,1.7108486562463705,-0.19478336911460775,-0.06576872355725968,1.6939572264403355,-0.35358481302821,-0.654027609344866,0.8155082241370877,-0.7118561543791159,-0.1446015381221821,-1.3191586017121992,0.18539708837651292,0.06809748720309289,0.9680202747231439,0.8572565366617309,0.551518008469582,0.3942556927810128,-0.07325411375234141,0.6095559689958032,-1.112332173668987,-2.348966071854309,1.1619176712128934,0.6741604622479136,-0.12698643427991477,1.0745586084459862,-0.7314974169465273,-0.7054925320831504,-0.8441377236941674,0.5676219751158847,-1.582958077214753,-0.7669616067820413,0.2897150232361355,-1.204151075922611,-0.6603104056611854,-2.2115675771145638,0.6058066494015374,-0.6878351933422787,-1.0992812501411542,-1.2950227259585751,-0.4182135122050997,-1.5801555868914396,1.9423796771486677,-2.3847446171689857,-0.45061914978649,0.10690692929125487,-0.7753790041365545,0.2121317372931155,-0.7996015749461614,1.530094463673149,-1.1188770141097768,-2.3512239413483194,-1.2984998504533216,0.38649477481371236,-0.11792437954886442,0.7521329079821167,0.5017446167109665,-0.6362803497252039,-0.4890834937955469,-0.385328775653226,1.8843460834966528,0.6908223146873695,1.8916868991785054,0.840779372341814,-0.06358339492155138,-1.0193614869856649,0.2015196711487438,-0.06086917221623043,-0.0936472853382139,-0.2090990768992498,-2.0524627075762223,1.2608398165346555,-0.050453489217317314,-1.4142531160286418,0.48176270907364516,-0.8558361686065281,0.5621406229707828,0.8816564605124606,1.0196364906693178,-0.16091672665482043,-0.41377772801851714,-0.6255383602646701,-0.7225560884604968,-0.017230064210917172,-0.2093430623917396,-0.8253038158221657,-1.1437847538029047,-0.10875609225858249,-0.43419761794383066,-1.1413669732818656,0.8305710134214074,1.7720927508252486,0.9625882139842246,-0.7201880116760442,-0.05022968458993645,1.5404289516874607,-1.173699642777493,0.7825951266852254,-1.4480832081439898,1.684037627431329,-0.4303145247509898,2.229043724523813,1.7280637986418301,-0.10643050958138787,-0.7194053731104106,0.19477547189091382,-0.18015896664656378,-0.40156696358559274,-1.658113254578297,-0.5145535836545869,-1.1104791217562398,0.5516477064252365,0.9910713165974248,0.7406840039235968,0.34237508962750735,-0.8529070671409017,0.20540077260191011,0.7927651436443759,-0.5862355743997301,0.11898642139500626,-0.14546158926992317,1.6623666696104846,0.8515481352645246,0.6091596117483914,-1.716693733965435,0.1728373267675833,-0.15501342892457007,-0.16365711056987284,-1.5634134727416404,-1.0877686222975695,-0.06801748790578266,1.1143557781904612,-0.5905245698394233,-0.39993872710426737,1.7810919952862079,-0.2968223891678365,-0.12878952385358067,-0.1152447820517409,-1.3455051464045105,0.5717981234151149,-0.6528761185843388,-0.030070617039738255,0.4443729644177974,1.9425575890353923,-1.3177700445462432,0.8649821850662238,0.868723256173968,-0.6382147727792733,0.5995038480519815,1.6434361512918918,-0.764971209212442,0.24146979713515487,0.40480136393978533,0.53417885495355,0.7692917607160128,0.1663048282521741,0.5134361863480024,-0.9114736501237233,0.16400349363955755,-0.4763412656805142,-1.2298289051540876,-0.5091445494369005,0.2694563921980581,0.43579727637019305,-1.2684591209227711,-0.9376767167248709,0.7246562796932211,0.5081480926158634,0.8871026620463528,1.3678304271765602,0.5378871095905987,-0.41480762717087216,0.11484945808191692,1.6598971009273822,2.764448997785387,0.46309636574235935,0.5355541388113065,0.7257083669974165,0.023792845819362987,1.163853902342624,1.008045292732851,0.3543764471488165,-0.3180199060056156,-1.5206963873771369,0.7324135476142503,0.21285831522610402,-0.7377677306541011,-1.1299202649946272,0.6614328493832516,-1.601236321616965,0.299641187443805,0.8435504091688937,0.5498928864166234,-0.3907397743584403,-1.2493744844749142,0.5870192397951901,1.2005230919534204,-0.5727333547430408,0.5069082002928592,1.581515118731809,0.33884709644161004,-0.3968801448777876,1.040853540063158,-0.7375609741578123,-1.298192015053023,0.8123211911459796,-0.40616226348356327,-0.3165210140036845,-0.6269406355510714,-0.4728173955540838,1.4030334275268657,1.6624987657836672,1.7949786361446092,1.0901206211775125,0.4662712597732377,-1.4322855919331132,-0.18752470290034973,2.1567544886236876,-0.43562157875265417,1.514144474772275,0.05503581903054495,-2.678142385853146,0.6404855636689628,1.2662546961783114,-0.04899596864054441,1.2330510044854137,-1.667827514417087,-1.3855642638993695,0.20486430808568756,0.47711472781753167,1.3565788685922786,0.6389244667485607,-1.193629089365043,0.21304562207438593,0.6007274452881491,-1.874233998697129,-0.04363346973801527,-0.33558254393822484,-0.6546930737457451,0.49877705175267234,-1.1496815265579239,0.4168795120036495,0.5594911292088945,1.0837633102609736,-1.1234192627926047,-1.5052342183545473,0.27890360733901187,-0.28627123386770176,2.902650262493721,0.458498476242932,0.05816171170418151,-0.17282795567641546,-1.218061845439449,0.5638815529545973,-0.07914502627079792,-0.07831368342943493,0.09444332549865539,0.22121252991724555,-1.7392556459175217,0.8370230063709317,-0.8464443748159226,-0.13803219746862735,1.285904920665289,1.7794485922701138,-1.7004944386263916,0.030244827674648884,0.2729131851660362,-1.5075300261914464,0.8025913644181649,0.11626267741417287,0.19415959569499655,-0.9175529183419349,0.41288664338134845,0.8382239563899374,0.12729788372593367,-0.5139359009630535,-0.43606931804636434,0.22039570712596557,0.0487973783806294,0.9048221191193951,-0.4802582875241659,-1.218380602740825,0.3593860773205031,-0.4775298529987034,0.7836819490363669,0.0075386304576006745,0.6548132043648224,-1.0143170467307878,0.1433862632298211,-0.6992632073839163,-1.2203736530762201,-0.8611078780710153,-0.544477091775859,1.2446945270238519,-0.5709403994926594,-1.2715402502782231;0.13147742249666883,0.029180660677674677,-0.492053012010198,-0.16122346584612657,0.9762270859965708,0.6707057653991766,0.5842302068737311,-1.1836787845202303,2.886548061715323,1.0512522102742219,0.5170285631908718,-1.1643117743972096,0.9477301127341075,-0.5011285102993281,-0.19427080463596552,-1.680779276059283;-1.2414830859405093,0.438546498827135,1.0062346752704898,0.6849044197950351,0.6508189967429487,-0.06476645695970673,-0.4067070153662121,0.28889514356539353,0.8214083231002738,0.004862254933591338,1.2102520199134048,-0.21506926381600766,-0.9802789352960511,-0.010362242041000806,0.10597227825956841,-0.08203006727640945,1.2806555608822612,0.8053019807240389,-1.4309409886217097,1.534367014198286,-2.7414170608291726,2.1510243728524974,-0.2873055135568764,-0.18956773665150023,-0.060016238973640036,0.38520543284018044,-0.0002632012668430551,-0.13339518883726725,1.3089183093561854,0.5655960797508497,-0.9588038543707613,0.7406739143357246,0.5241070031833391,-0.5452737255812189,0.7921384263621614,-0.15757260122303976,-0.22167347212510063,-0.2489131174329344,-2.4281180569523992,-0.5266993329346015,0.7131732421256012,-0.022411242903762993,-1.2851864298557496,0.9646312551920374,-0.2986001595433956,-1.221575490661523,2.206012461671015,-1.0531725944877557,0.8794915112857101,-0.7693141008546045,0.13582683457382178,-0.9021809633681757,-1.2393041812736587,0.5222025446714093,0.4052905451344006,1.1446494442190644,-0.034381930295863034,2.2203517941264916,0.26834666743703567,0.5667746812372123,-1.3584292451072284,-0.6140843151225307,0.5196797005159772,-0.08422776241358294,0.1876831350346359,-0.8164937557141936,0.12194697347162145,0.11854589159173604,-1.180435019885239,0.6425498446805906,-1.700064946917969,0.18423808059768376,1.7655926938255004,0.6805505378190821,0.6742992460371041,-0.8974266749486849,1.7690620531528607,1.3767180946022886,-0.8435900228955672,-0.47476324181487695,1.254656044926688,1.7961473783167576,-1.2646860350902882,-1.0037107697245766,-0.1437867564221694,-2.171094029442515,0.019045160209423234,1.1857435140299846,-1.4386370162357494,0.12710696497508725,-0.5817707049953131,1.6399459487539176,-0.5697918621330511,1.518993087748583,-0.5974550708112273,0.7711758053341299,0.251945618362699,-0.1382726665143016,-0.7905285690539755,0.3230954213178931,-0.4405352624849119,-0.689766224808138,1.4727227413757202,0.5475302274932272,0.6436389519072028,-0.39159851861226264,-0.18597834708330468,-0.24857666735111172,0.33723891250097726,0.6418034518425058,-0.03025137031157171,-0.792644994180641,0.7605704570265487,0.03340386820833625,-1.4408363787709808,-2.135294750079688,0.2978971754604735,-0.8294737988777039,0.4310621293964528,-0.7756183088639343,0.13318577249500724,-0.3784015279620916,1.7519208102733048,0.9503156578186444,1.34729690018783,0.024047769119065886,0.8223609391148812,0.09165007760114174,1.4695913674337262,-0.07256206525627357,-1.3974893403607938,-1.9986215252539388,1.6683111195645148,0.47850447415085934,0.5442568500417417,1.4896478422915818,-1.6517349437259554,-0.3586012152318079,-0.23606982961503353,0.7422752332070148,-0.6926402251008827,-1.20137374351479,-1.210348650997107,1.1494180762720203,-0.7425320938031175,-0.5520174843218115,0.6344981507279047,-0.6989454082348998,-1.7049484227556417,-1.581701173724899,-0.05680739671545823,0.4973284303652215,-0.20224524385042006,0.430442703809069,-1.6128375260076357,-1.5453035409681082,2.253935916294241,1.2327842721366802,0.7689718918985177,-0.6597246707344391;-0.23800619073045068,-0.0016773171336001585,1.3143461137165238,0.4027827664450917,0.5259138012878014,-0.16765493511749982,0.7926650668400846,0.3023227474312732,0.04402273274568029,-0.7430841721862712"
1,0.5741111612569114,"0.3496500472996937,-1.5648027713620551,0.0953441994413082,-0.2634482160822491,0.6791427754381955,-0.3020454994898642,-0.3294477863470914,0.7318707042882956,0.3350580290841175,0.3161559571827783,0.46926758980852623,-1.5355721232071058,0.756788679986982,0.6124687940136023,-1.0166831285764972,-0.2440804736742013,-0.039307287627631186,-0.1344967844017327,0.33385996656853467,1.4313667818311835,1.0817667276728287,-1.3122191934314063,0.6220699903060487,1.3289333195354096,0.38680852068920263,1.090980425185967,2.012270445700765,1.0237095461069814,0.24930859564172886,1.0450884740847535,0.14488783309689118,0.02390304328495547,-0.35141423571373254,1.5634133588321082,-0.8184286659420014,1.532367724678116,0.49986412374037137,-1.3993061748019415,0.3676492929914216,-2.100026507651624,0.6255080168310357,0.885231482988991,-0.5923559556520536,0.12354769595558233,1.9541574337502863,-0.5057467042619367,-1.0589075870566005,1.4816634024625988,1.9625871905307948,0.0036956718478473255,1.0114630354083562,1.341475915530881,-0.742484232538384,-0.4853058353678683,1.230874513154735,1.6850142787085094,0.5628808601743548,-0.8798143535020543,1.9870611116994412,-0.5309708978119645,-0.33513778117145177,0.34233783448962146,1.5541604207147741,0.8539759765522237,0.41486550036191044,0.4632885301181062,0.04351466864346608,0.5581395145185063,-2.529560077694303,-0.29660745906979835,0.241321934916781,-1.151014083619507,0.38632331781156,-0.20447122098612153,1.75547569831549,1.5730197252148563,-0.46580556911816284,-0.15083771156669531,-0.0739475656083926,-0.4516594761596227,0.19502498402812674,-0.7582820688875902,-1.1306153349375263,0.6227112239002686,0.6295295842218108,-0.8043157596599924,0.8953554307625996,-0.6315777291653314,0.2531652380379812,0.820344012612456,-0.03361256470371301,0.4547409121411344,-0.5164296438875717,-0.19646658342809717,-0.20585943088034037,-0.7465783465402389,-0.1767741631157821,-1.5486182988637467,-0.4911537471421047,-0.28487549336967083,-0.2561797524953801,-0.24149744587077882,-0.061764199860128925,0.4794415180860639,0.8745170741325226,-0.6497652268482671,-1.2032008553891445,-1.042044412243103,-0.48720292119492714,-0.3519213178165091,-0.7699960661974573,-1.2961166642498945,-0.4561208274741882,0.18142662011397137,0.5950294658355647,-0.5574230531083212,-0.41299782214343406,-0.9266983088473107,-0.03143917037477642,-0.8484286341908146,0.5731278132412001,-1.7858664919341112,-0.3596296724524624,0.3011073391917421,0.18383451632250436,2.6930336639804966,0.34980002456790754,-1.0040545968420103,-0.09546424708907303,-1.7762463334664518,-0.08059974929676088,-0.8330560570007587,0.9153902755601617,-0.5495402745955349,-0.11676591579524663,-0.6355578414044034,1.7388513518533313,-0.3212427661179117,1.8325570434792018,0.8141517621182666,0.48206672733538614,0.3687331473175197,0.39379729821625153,-1.92767257934561,-0.2788833941507565,0.8451579711843216,-0.04889718347410554,-1.405189846803575,-0.05240445057746945,1.7041055162554912,1.2468917155347194,-0.062004009366031745,0.9514492770580866,-0.36650702036805183,-1.703871586826719,-0.9244659881295544,1.5628887685081978,-0.2739930818293042,-0.24338397937501807,-0.29983819627488056,1.904136589573007,1.6259589153620633,2.218780233448134,-0.1590452104000513,0.29562448874709507,-1.5166425494207911,1.4769344261182744,-1.167779551267935,0.2167755637626291,-1.097302527632844,-0.5888668267386961,-0.8372624310497003,-0.6078752606758179,-0.5391227031489786,-0.5482687949250771,0.8333339117803071,-1.10486279306252,0.22054142701386686,1.2179591523055584,-0.513196364513396,-0.7179188907476018,-0.23052462518025083,1.1797252083607102,0.1941076309533577,-0.5312142946075985,0.48387665118803974,-1.1022921498364233,0.681359510442948,0.4086073077017676,-0.3078084711388841,-0.838585798447231,-0.8866809222834573,0.5348173363459102,1.2289805024890619,-0.6373077470287948,0.45838670355148425,-2.0870270186020687,-0.5846177306571996,-0.031058932870901952,-0.9096834169818336,-0.936506374789596,-0.6677795564688862,0.29219272832637316,-0.1873290184063747,-2.238231233324972,-2.120700152635066,-0.6068651778571754,0.45768658605355206,-2.7475048427252347,-0.4997301761516306,-0.5262478565174211,1.3883377782084478,-0.38502181171286365,0.38298898474092846,0.14125714008746323,-2.1305664798072006,0.7682072166317373,0.21539650545628794,0.5082686396745896,3.9262377064363267,-2.0841129394985884,1.7246966497611085,-0.28744751940035557,0.2873289044030093,-0.04551224530124217,-0.4242363333980435,-0.5698329282387588,0.32950873557300914,-1.5171736966716791,0.7505791675217656,-0.41619440488525394,-1.1300693390403578,-0.4500128579958137,1.2571492168625729,-0.5353350870162231,0.35845361820962024,-0.7309562757154733,0.7579218499236196,0.6855077387902041,1.8486088332964115,-0.1755639454992155,0.6686548047579066,0.09806753953894455,1.2958717818630143,-0.7188323876087304,0.7450053128772811,-0.19469729611668168,-0.06418817710849775,0.09175248444837286,0.2522403964266774,-0.11622904312195817,0.21471318317052634,1.5781180575621845,0.9854496856152184,0.8691545924968965,-0.4555395260238707,-0.8892408282283243,0.9553005582377528,0.8760467925297942,1.472670675750982,-0.6039806259692295,-0.22954865536034708,-1.6394841625254342,-0.39247110606087293,0.9965705105794472,-0.46649537922819795,0.6404797952008238,-0.19050310599781134,0.32405702822156063,-1.1476913898156673,0.08520944963390106,-2.9911359709007233,-0.18689615816198485,-1.6304732437151401,1.205994516546816,0.7774073527645112,0.46667098196608103,1.52100622715938,-0.9489165208248372,1.7473631979155582,0.9321915642603847,-0.23655528721894603,1.1356201471829441,-1.1062935124116342,-0.8245141615276735,-0.6085897232397004,-0.5289777080640152,-1.0565576427602528,1.223083067095325,-0.25885440036983165,0.35250496835687956,-0.5703513664136806,-1.8206033005485172,0.2700573583914221,-1.9122549754197768,-0.06863404608546861,-1.3683150388328105,1.987275999230808,0.9113627221747217,0.10575379127148042,1.2637066776546686,-0.8463159774657358,0.543479378670093,0.1998104337187135,0.26402008133367,1.2723535001067678,0.7324921027798023,0.28872366282502326,-1.6548874362282961,-0.9600462952794637,-0.12270893359572414,0.09337237427665124,-1.1302037246739238,2.411676675578421,1.5163940552535728,0.6021183203924835,0.07203686128374476,-0.21220896990115168,-0.9519184600222356,0.07748051851886253,0.2577525401427507,-1.2417605754816243,0.33417641724489744,-0.15525904882474875,-1.907807557877391,-0.8603850107795019,-0.41360553342164424,1.8876876573401904,0.5565531245337582,-1.3354815690998914,0.486036289417637,-1.5473039889383655,1.0826910538870733,-0.4711246518178786,-0.09363618873917084,1.32579664754219,-1.28716356858425,-1.3971181851129912,-0.5835993263460049,1.0383788510193166,-1.5193460754768424,-2.832155598110569,-0.4511588584089988,0.5517407999109204,1.2002617497388293,-0.463161362085399,-0.41142660711600243,1.1539007342557472,-1.8697416996954206,-0.38852077518300926,0.19042388992505774,0.44921872128503426,-0.5098066931908826,0.03444101170584135,-2.4883273534129895,-0.6582484123338483,0.4535087125544674,-0.9822940342546795,0.058984221589597374,0.446872500802698,-0.34254920085776497,0.1704637709965709,-0.9627325652846123,-0.20661127969604665,0.6102161695892225,0.15697296096843422,-0.5865312695639355,0.224216404290793,0.714609790636618,-2.049941278577478,1.1590740649558977,-0.336254738681072,0.42548993324023027,1.197246923645228,-1.371673697230466,-0.7094410024275466,-0.2885486958757048,-0.7837535211244283,1.7349365758368085,-0.8567720938267928,-0.5555467794868666,0.20438903160297678,-1.2021495260760888,-0.39568071175626385,0.31745326125017514,-0.33286040438251124,-0.09338685889994829,-0.5293321124483709,-1.514470309180767,0.32159321133923857,1.7549330716472415,0.01840163078343813,0.22526411724754952,0.6927227551168594,-1.2693304965466992,1.7025146581296056,0.20232879642280202,1.631856899089109,-0.7330329955239894,1.8180619225578247,0.7751554940347831,0.5530400858523584,0.23402445435314795,-0.24852861807444937,1.2005316584738726,0.14035986984804696,-1.9670697035871523,-1.1171864617070024,-0.1858457521927473,0.3099989831655551,-0.05658848889989584,1.2189707897936632,-1.9511018640386248,0.1435879365051602,-1.8179792253871547,0.7597122954841684,-0.09445871444200275,0.41960997202411815,-0.8638829605897661,1.279464931657751,1.0417246640588513,0.5835443030118876,-0.12951724686344077,0.5798572852951321,-0.7068925679873489,0.8555556590207121,1.649480894323921,1.0706105599791862,-0.7296024698074095,0.3614173172731029,-1.2931415437586478,0.5723903111756757,0.45060341286253885,-1.869816339532164,-1.1617838439123638,-0.28313889674376713,-0.30085974714082625,-1.2094769354188053,0.38897872935218375,0.2514736089405121,-0.1942691319785193,-0.7557915001583629,1.0487071264165635,1.6554071130882952,-0.4835614838465371,-0.6121669171548207,0.4912076654119963,-0.35802937974698623,-0.13939720066323416,0.7396531517246714,-1.9093560875072928,1.3183023248526693,0.07268052432934134,-0.4114931445621802,-0.08923415422144892,-0.03757064497948127,-1.7312013034449254,1.494938227453236,0.041325632270618466,0.4430021304473752,0.9515497705740428,-1.0211624575603002,0.47347189903522846,-0.26764109089879357,0.8467707752164937,-2.1272274203514954,-0.099094300241269,-0.6028206557839616,0.4322629506341555,0.47004418736820214,-0.7076258948220261,-0.7121738641760436,-0.11066536855732945,-0.8966422273152082,0.8419836954521269,-0.36920720044744615,-2.9069882193216414,-0.3748220566218061,-1.0385438208439723,-1.6312758154609455,-1.2374266382225725,0.10940847183297006,1.3286408282482312,0.31318447386498,-0.6065033882157397,0.4559041951707027,-0.45909031021899177,-0.6946003691631446,-1.1543626682329844,-1.7518288067517191,-0.3899237065594453,0.15805348992013185,-0.09662367001488972,-0.4159669279473586,-0.9457460606967811,0.6082461916849685,-1.317131919946585,0.7760279138434754,-1.0022170189267248,-0.752435237353035,-1.466785190615677,-0.5014021468856367,0.9753124584779789,0.5156280884439565,0.9784221120280351,0.5221425459339358,-1.1036698285303692,-0.33078922432755736,-0.7801991291174627,1.3305749040390402,-1.1967886464263116,0.8936976893891109,0.8929538701087693,1.8296202017160872,-0.40968659262949736,0.7123221595801621,2.2816518365388427,-0.6176416769336966,-1.5350402475323597,-1.8800100339077637,0.7127120288613313,-1.8831502080585838,-0.37231905293792283,0.4373131870389607,0.18517553682991406,0.42544486418417227,0.22228985580085406,1.2788658133133932,-0.952316380738797,-0.6769951384585313,-0.772659445270824,0.8301918118626102,0.9003985883950636,0.4512253193185082,1.1834936668899279,-1.1780408673763807,1.667224111551137,1.5232386217122582,0.7356219972457467,1.78179890877106,-1.6566232076777738,-0.5244481362626519,-0.7353034606819523,0.7214793237573432,-1.0501407396021456,0.7574951493374855,1.3705361439967134,0.6952029000839993,0.2837510236615011,-0.9878733409007492,-0.8468509661253646,1.2496189052966666,0.7793490039053323,-0.03901951937754412,-0.41790954576589057,-2.025807873111377,-1.0708524186844388,1.9114190871397234,-1.2804555710024668,0.18947982122108065,1.0074439731951985,-1.2549226680022925,0.1847104747810833,0.937915537510655,0.012499321907250335,2.8684030556667683,-1.6685992588781953,1.0587285298838789,-0.17280173739646437,0.7719201548366751,0.44130715169924584,-0.7331561971099966,0.22899639245934025,-1.8579014513982872,0.6032475005713938,0.29815846599052565,0.6386601686431024,1.0581183250871502,0.3676198402097109,0.1480894197982762,-0.8810683366612923,-0.712220763649051,1.186734620177331,1.4363354057059785,-0.23811043631205406,0.04600274725327412,-0.9046143749937661,1.1727568452674448,0.6654168236917787,1.9412174364637491,-0.8783230771797389,-0.3780078990182172,0.2314459225255723,0.6464895377257707,-0.21566763754763232,-0.8729610904537004,0.8814075289235711,0.7211353625455816,-0.9162741005637249,1.3554428011054958,1.1701987091966037,0.13429649724779288,0.07959786237603639,0.5540577711159071,-0.8617030702562581,0.03003147916408217,-2.1523835446091804,0.8764556455029355,-1.5614932224418594,1.503419828428999,-0.3301200939664503,-0.2116669819311769,-0.6277339060845056,-0.2880388739220764,1.4185313451480366,-2.4878086565350794,1.2769653860881878,0.33802348110170816,-1.2070216478572156,-1.0753123930492379,1.676393027208203,-0.9455068799427312,-1.1533505105959594,1.1373145423647293,0.33855287628591424,-0.9379255765363989,0.216624975404619,-1.0257526836402773,1.1008213984226052,1.0613709648731335,0.5320061988219431,0.3616610612470166,1.7611881248673737,-0.0003136726117747121,-1.1818741254208012,0.44947391283230687,2.0860470495371137,-1.0147594931858521,-0.36146276669398575,0.41644603810145264,-0.05390484900573916,-0.9823035803773146,1.1218578562304709,2.3200407220172594,0.19613145902390733,-0.9040682897360003,-1.548960525053475,0.2579759812211809,1.1038773433162576,0.4751677464953816,-0.002403840918853844,-0.5892716517893062,-1.0921636327180897,0.8347513263248821,0.9137716213855857,-1.5457297866907331,1.5898389781806839,0.5740712208940013,1.3995946451457935,-1.342127748485115,-1.365824155415439,-0.14896930976729691,0.5027844268951942,1.7963608229269636,0.7060789138151315,-0.24268127681203333,-1.0263692076658921,1.23000057271915,-0.9647054257507148,1.6284685547723217,-0.28438464960650933,1.5905820726178503,0.6789312900592783,-0.13699548944245826,-0.5193963718261266,-0.3409078773460798,0.4283166923752375,0.07715649621771674,-0.5938114080687051,-0.16563141031763223,0.0785770297191498,-2.128734094414812,0.4581681147886987,-0.9797212247168068,-1.153332403205745,-1.6873443471107104,-1.7938924978678903,-1.3554475031122892,-0.7090209576304904,1.9532591375265682,-0.5258796758952039,0.17775010626803134,0.4004813865063287,0.13106518621584873,-0.07744346072599365,-1.1952937635992447,1.4509275482792119,1.8071966436378852,-1.6826586941226858,-1.0240285908863795,-0.2798103423770061,-0.9645377949101913,0.5059655534558652,-0.7282722024066131,2.1650560678066024,1.190548594343596,0.2125740306322149,1.0269862633197322,1.105900424357309,-0.5639474880582432,-0.8162172445419648,0.07814306296964744,0.861636124497944,0.13906039865341766,-1.5769964821909972,-0.8028244439508423,-0.07397286359437803,-0.07566560432583026,1.9725421767898081,-1.385987942398998,0.5055892418358746,1.4891131083282896,2.271449745422796,-0.40439742318396127,0.4914294527201998,0.5697603571986469,0.19548173155329082,-0.09884520123930605,0.4359753895000459,-2.5322460852196853,0.6820694900626313,0.12617790366196718,-0.22247489677826537,2.046862195719558,-0.6749340187905523,-0.4030759890650308,1.991553302204734,-0.8320613048498566,-0.5501152829365389,-0.14702542343084998,0.8407344821295493,0.2078025073533134,-1.2926253471522626,-0.5321685631271895,-0.6073544332122114,-0.07722104522304557,0.4258436586298291,0.4182057558879721,-1.7760117540484022,1.063940987560856,0.2525688459966235,1.3845320475939062,0.4441983272906719,1.1013229577357622,0.46654531145012695,1.3462257562027482,0.5222506360177785,-0.09791524644290406,2.2724347204468818,0.8890371222798921,0.5737444210044131,-1.276304416538336,-1.2883076174635377,0.2927154821418534,0.1455211977682408,-0.6141225650083162,0.14098269961206,1.5886269280435958,0.6954024745502987,-1.1410085097527383,-0.1115088271429437,-0.8049664808525608,-0.38769991640856116,-0.41361566562964275,-0.4776455826040052,-1.2551353719733949,-0.12765468151819012,-0.56060763684731,-2.929448690002268,2.052972024501663,1.088769654216672,-0.37630072492499606,0.018819049740598424,-1.1716543473175618,1.6957228778108653,1.8972886947731116,0.1566937282465246,1.0235306441853447,0.17528677893392386,-1.3367254388759306,-0.4118233689636573,0.13192796677195706,-0.4545477187434442,-0.218653277435036,-0.09139955750911445,-0.08087849786546131,0.05225849049748321,-1.060605066396601,-0.7170161491279362,-1.2845842656999693,0.9778155496862003,-2.1056469418403245,1.1535903433169254,1.3863493972628433,-0.3021805869826214,-2.6031370878272986,-0.3613105619672905,-0.06418416128881928,-1.0105982199289134,-0.5152183938082427,1.5301951988633513,0.664927162301741,-0.9245641143780999,-1.5975991695954321,-0.3270173176097711,-0.21345677935043825,0.4961991873633163,-0.535316712567659,0.5114995753618614,1.9351540400602292,0.8155010224442626,-0.048088507330772585,-0.18315047105329468,-0.35667313417987123,1.1806409124521446,-0.6273134459513029,0.04522270899998256,0.05119790188108534,-0.501784192811532,-1.3724655478841008,0.32297450361766816,-0.06100397185538355,0.5002404694365699,-0.5336003064391669,1.2208212988130478,-0.8767737812118448,1.7120402840178925,-1.7476365098282616,0.43477006455689116,0.47543068252662346,-0.7955570679408823,0.4243939378610126,1.2795186697601588,-2.2168188393540644,0.5027448074908146,-2.4932708203300775,-0.965664803523208,1.6291663649009451,-0.581782033392054,-1.1738799644089726,-0.19793772898468187,2.067906338163552,-1.8316822472060261,-1.0513099116393445,1.4974316831796264,1.8577023435377324,-0.10343122429028392,-1.2390527025266425,2.095843501809159,1.5944423917491968,0.678946987762233,-0.81240234893742,-0.049029340838036735,-0.16036008104483077,0.33085130461557777,1.451001438131336,0.8794170411374032,-1.0773760769847582,1.3764964500195378,0.3131321400131553,0.6870657958589163,1.466540859278603,-1.1115802495135512,-0.035825578706462934,-0.531454551359215,-1.5678594253654559,0.3467099776049199,2.5115565515844236,-1.8400777445057528,-0.032280611049470324,0.6405429350747734,0.12307820165618115,-0.1131280525157404,-1.2992163634458243,0.23278674294016363,-0.7567639770159263,-2.1899217049785533,1.1945922205137307,0.9583858198420424,0.0516609768510798,0.22907468820570256,1.0743180127155614,0.2243396567780826,0.9040175547613144,-0.29748220087385013,1.3119837385739466,0.3207857259326839,0.19405194360587402,-1.270061088712032,0.2869558543017087,-0.8319549174944512,-0.6382827265284942,-0.8153756283161211,-1.066234931899225,2.1247714030169615,1.3313390619884031,1.9203675021442612,-1.222895019555564,0.07125374991089249,-1.2935076252040958,-0.695694877197064,-0.9181269834165748,1.2395840064415615,-0.39622967810175985,1.0683793336940164,0.604120889588518,2.303638752104789,-1.479444223139724,1.259233239786799,1.1464408704007276,-0.9733788380270346,1.0071333364731596,0.3361449630262288,-0.22747625995340778,-0.8239354869719996,-0.7191094514491859,2.049812095785926,0.000682818957482628,0.7821300015314592,-0.7908993816675531,-0.7798529462216388,1.0819848092499422,-1.3495762115515322,-0.41521376790527154,0.03402741107223205,0.11137260184005242,-0.17909328501615626,0.3958197810959231,0.6928557558178116,0.73463754545933,-0.9858038086678267,-0.2841550979287972,1.1947628618769377,0.8946471875738723,-1.372859451481064,0.35147990035220167,-1.9782252493748103,0.04693490206036963,1.897767016745977,-0.9478927172689863,-0.8343230454915821,0.7640297815728595,-1.542801515209646,-0.6327550298850391,0.5964411375817527,-0.6342858476894031,-0.23596998721097162,0.7441857103150346,0.42154608353656126,0.2668183962954019,-0.33912227927003874,0.37006111526895535,-0.12373268009975662,0.45780560992578473,-0.49693202511797824,-0.18256897437954112,-0.9899577925520139,-0.0350076100062359,-0.8110008636288448,-1.1140464501619933,0.25866114785538813,0.21273977585766032,0.7828737349485725,-0.43112556957509907,0.4080528468367557,0.5507975722736632,0.44477380783159476,-0.8256536828021421,0.1493634822711889,0.36414029605466136,0.007178466907941942,-2.0864776583710847,0.16048962397348007,2.212531039397242,-0.3600392687569827,-0.7280770978553212,0.3733485597113982,0.3123782104665717,1.1927351654164144,-1.2578681559088878,0.7313802525749924,0.5904220612514635,-0.1421465369405461,0.33868731792169,1.0294574815983573,0.8723153800284503,-1.1430193120737286,0.8201581867554845,-0.06468860503251848,0.07287409801551539,0.0731969910016945,-0.15024298879825998,1.191707497107065,-0.08371795984921201,-1.1195461283831687,-0.39352985596972884,0.1786947168104756,1.2292147842970504,0.6030946849488336,-0.8505352787470439,2.4851899166788916,0.2647753109779796,1.2753907379990148,-0.15171443357722914,0.5333592447054494,0.8394685045184047,1.218194711754256,1.057368305378225,0.8721970000729778,-0.3150867311941086,-0.5717460419560614,0.33260751032419755,0.9331280723410693,-0.22272070077660705,1.0651719657143865,1.4526167454861794,-0.9163209190734197,-0.8369207037962799,-0.14037505890533644,0.3076126681891964,-0.524567013767051,1.3522026788671444,0.4240668615184512,0.03944704824073949,-1.4359095238685275,-1.3158158164275071,0.2810092502818063,-2.132595626154836,1.0126374096440718,-0.1581538443723203,3.2430929695947333,2.3079162506161106,-0.18144906924751675,-0.10633700253131496,0.9955815140020298,1.7031726099180378,-1.6380290574360168,-1.7863754653546866,-0.6220348055543814,0.5827375831738644,0.4968735905075971,1.0697714549838502,-1.1996975283653082,-2.3161438629688766,0.8580141953021454,-0.8281962729652346,-2.018487864388638,0.14506374595938162,0.7931756882186773,-0.12205713212127726,-0.45784838618248924,-0.15936223214590656,-0.37058276240078286,-1.3480471119401671,-0.7146806769904318,0.5212799050138145,0.3216785413765001,0.16805980596682024,-0.9951484818533795,-0.18150316213566714,-2.1770650464428547,0.17847666388538974,1.4288577078135674,-1.4741321320421057,-0.5859276733177553,0.32910677871012955,1.2528426344274837,-0.4482246163001494,-0.6922503292658964,-1.9689231424160831,0.10343812930810638,2.042076040143744,0.2773584619646759,-0.022278979183713316,0.32208231076698546,-0.01109200394860206,-0.8130143722601298,0.8232799156777053,0.2257615231117544,0.017613251933657315,-0.97536602727825,1.3035079319347591,0.6647027453331099,-0.552920837367302,1.0018248536819372,-0.49757083838520716,-0.782003492511037,-0.7597031174802871,-1.7710685530880912,0.47154238041820573,-1.8311448783383502,-1.2284438312657626,-2.0755880090785332,-0.08606969279089306,-0.15032046027187207,-0.32669621318636405,-1.0425776946705763,-1.17223375343664,0.46436986354657417,-0.5505519317084877,0.31635832153614474,-0.8852486861242225,0.18106274277108234,1.3032780373160637,0.5861658003927833,-0.4124138182164804,0.25719897035592737,-0.24066517453021302,0.007880184694728152,-0.3256110521485036,-0.1643352058853912,0.21209335307417523,-0.9933586995819507,-1.0158788269899783,-1.388542553831211,-1.60027110450371,-1.2172826922204794,0.15946250680412918,-0.8927875154918841,0.5136144642310962,0.03471374875256186,-1.9685042134380537,0.6549755842216898,0.8107986455917099,-0.9938626748348534,0.4201915428949916,-0.856498237409199,0.0976703767483354,-1.2644984069549656,-1.7931064525345768,-0.3828171896129687,-0.12372894627483615,-0.39767969361460404,-1.1840305582225594,-0.3998990621311371,0.269294752580734,-0.04489303012253698,0.1825010305992134,-0.6701152004542329,1.1717179147161596,-1.1761733365547806,0.4875602970867186;1.1818910929599615,0.4809080927488954,-0.20252422706483003,-0.5282970466629792,1.036087651046256,-1.422974925261673,-0.9701242603796436,-0.3975577654917214,1.2376537575119981,0.37976763604089603,-0.9680457585102453,-0.31030770538490365,-0.6143231440962944,-0.7097889922335351,0.9788895585567792,-1.3717431292635056;1.6087808557343735,0.8282296901846228,1.090861670603698,-0.4629395120252583,-0.14994071907910936,-1.433151814524712,-0.524662407066803,0.4936548476431509,1.2960630617813962,-1.1071568168024517,-0.36550593698526584,-0.15129922023252232,-1.3957892021924851,0.5913492417584003,-0.7239903317426091,-0.19539035117702397,-0.4519493719118777,-0.7893385057196743,-0.0070449854805546995,-0.21560957856802238,-0.37185788227866556,-0.7284616216803428,0.31952467078295543,1.653617268492285,0.13988723283912738,0.996118214911129,-1.3902219251534627,0.15776143929376948,-1.0973683189710666,-1.4769249275319014,-0.7393714074590363,1.1918993344135729,0.9500158286696456,0.24300472205439969,-1.5327005598899308,-0.1962806513879368,0.30170000890173554,0.1755362295785979,-1.8437935834807457,-0.8903178480198718,-0.06407776414871663,0.5362909095171899,-2.1961278210999464,-0.16212397547985843,0.14304876987895235,0.8496119885162131,0.6928575842374367,0.5825713188088052,-0.7999405067019342,-1.9080021371233076,-0.39305275706140097,1.00163182520856,1.3934545275244314,0.7105491022977853,0.42934082280173436,0.3796396483859655,-0.5561187467607805,-0.13006029355362003,1.669069525826331,-0.9425580057918763,1.6147787907098514,-0.3220281544920584,1.3254321090950785,-1.4068150094975382,0.5859042011646491,-0.736770135947622,-1.4152671919241875,0.21853404241094568,1.0094717885959688,-0.8449414385934964,-1.4990159604584012,-0.09184476433495513,-0.08743532877718108,0.5483196275544987,0.9495945713644882,-0.059415181272494094,1.855503314794263,0.22423474453529177,-0.3464265060068996,-1.611567359102828,-0.26265952031616774,-0.33638694541113623,0.9603047962814704,0.46248362406685406,-1.1793691216326172,0.1722543864110375,0.6715311717290534,1.5280313593878327,0.8875039674140593,0.7608466543114778,0.06008599461516361,0.3883120054234496,1.2495049007061587,-1.3327773974796497,-0.3494393272169559,-0.7725687487562407,0.3791531187261241,1.2302221756507876,-0.5969742867210739,-2.390304367469438,-0.41222074502447015,0.9134737320174066,0.5376299029498797,0.4281862478105761,-0.27999330187447974,-1.2790307362197864,0.5152943216244674,-0.8342818100346248,2.184096733380456,0.570507208354516,-0.5806483025539511,-0.6113852473886282,-0.09294420661358828,-0.23950192202174977,1.1168337755299542,0.18641616974404632,-0.7316317389085281,1.8904406851557827,0.04930833152022263,0.7688396759688968,-0.6082265074447593,0.3631156277445234,0.3111099911431952,-1.889649292096153,2.01527511046064,1.2906444609225471,-0.39719531614598763,-1.1022697404558555,0.347561613803552,0.08669769941439658,0.3556689485632294,0.19157739619408962,0.5062409893059261,1.4473056993918065,0.5681032051286461,-1.0496554989099411,1.362562852712452,1.6406145634882874,3.152056734512085,-1.123494033239598,0.242882013150275,-2.0820987031889873,0.5531491563792091,-0.5482002981667726,1.9234457948249533,-0.7746149700185819,-1.6891830379672617,-0.47126374070251964,-1.9754877712171375,0.7510994545073101,-2.0650830462563206,0.02845758118315888,-2.077811819856197,-0.3202978045366419,1.643378155804534,0.36064789143579495,-0.863493604964934,-0.031203488939083975,0.018016872044446585,0.47263034584340563;-1.3668583632808264,0.5925672738473307,-2.704391631602775,-0.6298845523638104,-0.48827384245154465,0.6333268260712385,0.02263085267686914,-1.4055630538562867,-0.9849931258170151,0.1986800095474069"
2,0.5433584843143163,"-0.03396062190125185,0.8168448965985797,1.2389022312783422,-2.3651432935054135,-0.7366687908953733,-0.9983653063492748,-0.12382510339204789,-0.922672776593468,0.6641054995099086,0.17241034104890116,0.8891901693541645,0.953007957373568,0.6790860184158487,-0.33579055111002465,0.1042775387566231,-0.460873905319802,-1.3647353139697909,0.9537878470877154,-0.08406462726929725,-1.5026119641246127,0.5369495710876008,-0.22394891762274788,-2.059803972620879,-1.3737292724646786,-0.7006111586610962,0.21051205844388599,0.7880199850505609,0.7537689306975566,0.6028629549303025,-0.03436237169197916,1.7222323105982171,0.6998712439998862,0.22210536924228982,0.5665881057303603,-0.39903500315560303,-0.057243601034954156,-2.0819540395515617,-0.3867476624776022,1.7598880157667738,0.14837527728709607,0.10673977736161182,0.9986040951492808,0.3578254156223773,-0.7864838042565948,0.02365751219032361,-1.1352191246785146,0.1836121706202837,-0.837749952403941,0.9282946120337436,-0.5102406217713283,-0.8247039091345449,-0.11283198831147859,0.3653918191297132,-1.2073319968398417,-0.5212665973235866,0.105162305693403,1.3383685495365274,-2.528715764293775,0.615163203683238,-0.3835655644061074,-0.4946103468956681,-0.6811269601357584,-0.36389558363425617,0.6208172009119944,-0.5367864711552751,1.6585920158136227,0.6238667842924046,0.19797212515287052,-0.1660561178166235,1.1898542038281024,1.3360196867583152,-1.1613821472542445,-0.70189810539909,0.6346302063920273,0.9366809444440224,-0.30034054830926843,-0.7424448597125031,0.07861262596654432,1.4766934307459842,0.04103426005214217,-1.2639407698251313,0.10958322757742063,0.7827480712298537,-0.10137731134975811,1.2581668124839103,0.8658490355174857,-0.06175892369635511,0.043144019640461675,-1.8417597051832237,1.210226724912163,-0.32951734867031085,-0.39995673927634884,-0.5498536065274171,0.456697562490096,-1.1286930007626592,-0.9841727817125441,-0.05252510169935318,-0.6265133315848681,0.33523357337308185,-0.5898892793661827,1.5950362643755869,0.6934575067844043,0.6808862123789485,-0.6049617538213081,2.4056796744394484,-0.4390110142743279,-0.7138102772901164,0.7067425969553479,0.19522813294033114,-0.8183843092411778,2.195847162088581,0.9755994981928379,0.004005301267938927,2.401110131083261,0.8107801442882526,-0.01190096979289329,2.2814376451769274,0.6589847334742065,0.6152452623203697,-0.3863476271605023,0.049413485699647076,-0.41069299586421504,1.4397357460414526,-1.6094141434174631,1.3658704330648481,-0.8773425286979435,-0.05792120316351218,-0.29521638782423004,-0.5201524864952068,0.6897841481354932,-0.005189213328808956,-0.6676987601488863,0.15399553017779374,-0.6960867266665095,-0.537775499001422,-1.4972630890388055,-0.4503089934847631,0.49420452639453427,0.03712491795803734,1.8150636689731425,2.6128174737213055,-0.46421839632072315,-0.8333177577042885,1.129816546358944,0.33520824203254546,1.1358742770149732,0.39883073120450924,-0.19435784667577463,-0.18868504821877893,0.4327767783660504,-0.21111389571485958,1.2195012431978693,-1.3023372395011958,1.2141436360610967,-1.8734007479160366,0.14510228636122208,-0.3310427306235488,-1.516355703651181,-2.0600194166787373,-1.0975146701051686,0.045684326560339356,-0.6021841287797184,-1.040948901171178,1.3522810829223855,-1.2321846779285617,0.6791173315494465,-0.8889970083822046,-1.1228059331585614,-0.6038386269228911,0.6199160472041114,-1.3714657565980801,0.28745526050670145,-0.9607599976713864,-0.7807668702460516,0.400641589041065,2.1734828299444775,-0.9110169899875991,0.7198805836570012,-0.31271237723295997,-0.47474345479679664,1.071376009750154,-0.8435228108598902,-1.1541132267947551,0.4601757952190857,1.594783796486747,0.7499947052911516,-1.4070173807365334,-0.6153330439689177,0.9795982415768089,1.5811102179086,0.22871132527442153,-0.5791725341077932,1.6460188393686188,-0.07459358515516813,-0.6058085741543605,-0.7749325381750329,-1.1950183469888551,2.833580429456599,1.4209578654605897,-0.6562933160502777,1.7318259267219165,0.533302173403151,0.474108001319148,-0.7179170301160287,-0.5141271781459458,-0.04242403458324075,-1.9655489944401228,-0.4868201433990694,0.004489631233426936,1.3095189064672372,-0.6165475460685711,0.8121381111144732,-2.0604938200711684,1.167030175472735,-0.9003469671117644,0.1302729690747601,0.4063431191792189,0.21017955735585955,-0.10677975865396522,-1.2415162853732897,-0.8895409182894928,0.9964319432216039,-0.5973774587934136,-0.10329559336349221,-1.492086257090582,0.8585733615249258,-1.3194830401400899,0.9159628086021071,-1.0627117606434355,1.014508030327775,0.010192915306325904,-0.5587573964470904,1.6004017554481238,-0.0688549928182328,-0.3618122932559792,0.9091179275980095,-1.480457111519996,-2.5271656040165933,1.1579799736368765,-0.8363020786520318,0.8646224253864991,0.04616237177802067,-1.1639894641274782,0.6072824196741966,-0.41017019023107754,-1.0773403363065117,-1.0512963721967525,-1.7328387541717283,0.4030248821827379,-0.9354007444451926,-0.03472212770485495,-0.18172249451237293,-0.9415566811796708,-1.5228997141388207,2.533710829130129,-0.04853252597824866,1.8233829527602974,1.16493678372679,-0.32116530149040856,0.18096463733980891,0.15191578196714817,1.8442006889324398,0.8298336916434127,-0.8072727460262709,0.3516188365547248,0.8043143414202529,-1.1753190489050744,0.49414934480535166,1.3454889562051204,-0.8574726516251461,-0.7193185675845094,1.1604725053473395,-0.3542363129064926,-0.9820084134190988,0.8822730430340756,0.57685423672584,0.09439390749607787,1.124582628448704,1.1956352431945556,-0.08282290882277982,1.9743263875527035,1.5833899534269977,-1.984298449890609,-1.0301174234331814,-2.2552918196422387,-0.3247149947247542,-1.2112181983000634,-0.8143183987396746,1.0905681467828723,-1.7548290597350802,0.12973574103081262,0.12367644248041414,-0.08238928755214436,0.13077868197977363,-2.2322817104157613,-0.809554515797692,1.5430008652573897,-1.196871085509681,1.6666108135641995,-1.4068224117784063,-1.5270406324123211,-0.9517788172640964,1.1290829682869186,-0.5461208297493778,0.34540698843914275,0.07363692201720405,-0.054462182730319546,1.274118092607574,0.771517940987039,-1.1429031971623762,-0.27557078359166426,1.743439820030832,0.31956178916793554,-1.5078459640913198,-1.4370389023767902,0.8901453085662238,0.7024373171760636,-0.9213655751373316,0.7476301789743467,1.5993921367192492,1.4578588396606011,1.604278036822457,0.5554887750628047,-0.1776598191298878,-0.4024800804668359,-0.017386888612843297,-0.8760233044568659,-0.3592987245190305,1.275119748297601,-1.6090710084374933,-1.5406697256914184,0.8305306044184286,-0.3501729246834748,-1.925643024558334,-0.06133415634044044,-0.20412158481360743,-0.4310844764913339,0.685706026481484,-1.333195568791597,0.012985414859594728,-0.2109724946124373,0.03782522791170415,-1.7321861581367204,-0.5226488881400086,0.01976919103722762,0.5411596362978963,1.8463965054124993,0.8059483887390206,0.4611552006334153,1.2714747922803773,-0.30382244654323404,1.5539281636348552,1.1192727900621153,-0.44587779064246214,1.923955175733291,0.44693531490667854,2.192968976061738,0.3031822542833061,-0.5619298595106359,-0.7675366433534065,-0.3557434547329391,-0.5712949420296661,1.2713885569586938,-0.028974244550251695,-1.6140226725624092,0.2130043158716886,0.12551304311028644,-0.4686076211690107,0.2675920219842707,-0.04410943312889722,0.6337653673765664,0.5749789386832206,0.3649028563990718,-1.2988559037700649,2.1190167281423116,-1.5559857033323108,-0.12870917681509025,-1.0944333513488027,0.39633816166012553,0.13840572480730834,-0.1687660846202088,1.5177727839378523,1.1084959171771165,-0.3271153430915307,0.8041346419162541,1.5646802578384538,1.101345039542963,-0.13621858546750398,-1.5903009014295166,0.32464790491986023,0.66861033539399,-0.7696169002835214,0.02254526705804166,-0.08288780876602542,1.387710635805243,1.8538161755900895,1.1752144703007017,-0.08555568317611022,1.1477162469478168,0.6487882058302696,-0.07489957638174051,2.0923902890032995,-0.7380184398825007,0.6039089756095426,0.8395606455539233,-0.2874988395237334,0.5591381878793416,0.945497250221145,0.24463442052791423,0.47249556334278153,0.10543112294902098,0.7975201115267103,-0.22897866919380577,-0.3117977833928547,0.020560153849150973,1.1836688741983097,-1.7473631486709842,-0.9093693167108169,2.2757700482854415,0.2751884167742996,-0.4070360469627019,0.7948518354882873,-0.7850270002020256,-2.1027889121949874,0.3547999477473889,-0.7307838340448287,0.10138977812989972,0.32940078983846927,0.1421161695657772,-1.7089954121119826,0.02628084258740832,0.44460194136440706,-1.400059263224245,-1.5191735588465338,-1.0690245858543965,0.7467647387602364,-1.9983157464875707,0.8297738511443541,0.39205574829023,-0.2575019505319146,-1.4806296624004127,-0.7964675448912183,0.7819040520106344,1.2567252018433608,-1.0313628176412637,1.1418635102837786,0.6858752327081286,-0.006837197764784593,-0.7378551296404019,-0.5813900212799901,1.8229226161542995,0.1784418142130577,1.3298683420109085,0.24155798328814093,-0.45269792559143307,0.5840901804351359,2.1578350720798922,-0.6441166604860968,0.9138689034473524,0.19050898228762644,-1.4495180163723127,-1.4718738428399167,-0.4519837469385462,0.347488584140919,0.878372969688513,-1.5709130539812346,0.652697520157137,-0.11838025553020513,0.0033137815325484914,0.5886118460328457,1.7461053201173238,0.30364180040609795,-1.3567369827090405,-0.1870925129292241,0.8521340231464815,0.8850433969165468,0.6658243740903074,-0.5100311553390688,-1.3678252976172942,0.5895077558239288,-1.2142368595979316,0.6930110164251835,0.6932893586946344,-0.4676929367310304,-0.11246328998415221,0.19867786711955315,-0.6148146733211092,-1.381680034110053,-0.03921927704690393,0.06503261047984459,1.3610473636530522,-0.7819920716278592,1.0684961737811112,-1.147069478926436,-1.3446021996987705,-0.30086244470927503,-0.9409090106097221,-1.3586158073784438,1.9443303158147736,-0.4516476363559422,2.311303586756249,-0.9947337988985762,-1.7085465666329984,1.2912897189283241,-0.726656632260249,0.1388657981988194,-1.3556334850128828,-0.0381131419300436,-1.3716260698570923,-0.07390739771096427,-0.47393253948848,0.23026773038610357,0.6256913711088117,0.24107999919922046,0.451046542162149,-0.10903267539952402,-0.4353187015656371,0.47011868278956803,-0.11144781587818474,-0.0733097821141441,0.3977449654468618,-1.0332155980225177,1.4296110940944324,-0.2493565805562629,0.12418161597007096,-0.044519447930577986,0.6527431539021201,0.3391816709708394,-0.049923946869495056,1.448754116136872,-3.203345609204686,1.2426743804669471,0.9202154051909595,-1.8358166328024461,0.9292832177172525,1.0584674455595386,0.5617634898810563,-1.559087443681418,0.6826527175642255,1.0071968560019282,-0.5722064947808724,0.44113385598605676,-0.35320789551945164,0.8853769905168424,-0.31350668522774333,-0.5801174628460125,-0.03929654266971919,-1.3416521204833574,-0.13858198323236143,0.3620927373582383,0.869959269366351,0.24895673863819942,-1.4326016370863977,1.3522711382297627,1.436158506374239,0.11256725527078222,-0.7519416211486548,-0.5316179364615454,-0.20352239771808517,0.27866845619765995,-0.3044852815097398,-0.8583875339011758,1.0230098842164372,0.2572858880741008,-1.0523720224359485,0.29131045628579044,0.16187082877908168,-0.7180529119443911,1.1950497596109866,0.1348892064273157,-0.21662164208216775,-0.08348174807542144,0.44391679585482646,-0.07218341453010418,-0.08054367303887512,1.0659650683253792,-1.4184043274872655,-1.2515531395949613,0.776963359991937,2.415849787083634,0.8764954501520517,1.8642087960727245,-0.434371613715728,-0.637081178337818,0.45653317324605136,0.9536489598270304,-1.311550901282355,-0.21321837282983316,-0.027017167644053444,-0.678870215685374,-0.5622218265457437,0.8430693010591931,0.4696844810908235,0.7984514218594542,0.3368746903727739,-0.8732566768525382,0.4231030518391713,-0.9520929023775087,-0.3117533390343419,-1.036248654818225,-0.6108877920708671,0.09047884735451558,-0.4574906044953215,-0.8831624100244786,1.1377974715820798,-0.1195917173778594,-0.5279280464329243,-1.0823991107019761,-1.8719948851431487,-0.2220470137311213,-1.3782187035199713,0.712036459360953,0.029491194598528805,1.5583607791381355,0.22307427323713172,-0.7266577972596497,-1.8800076023684493,0.8065438637417565,-1.2989482605353901,-0.40814452268976165,1.6740882465549136,0.6109833490487265,0.3898654545349406,0.944322443120109,0.9070498189055277,1.5809464319541704,-0.6021793504688688,-0.3766841534307651,-0.9223846290616873,-0.03269763638397336,-0.1322327291701942,-1.754952237335574,-0.6539007570945464,1.4391165341989665,0.2442085948870853,0.7153986180867128,-0.12054466785068123,-1.8870935241978417,-0.12863592182953928,1.041696557520979,-1.1856837912439093,0.747038926743637,-1.7018316692926767,0.02019123823233079,0.5445184501466294,-0.31211252426939223,2.47247154045335,-0.4931904370886025,-0.5784162376782022,0.20449204185500447,-0.7549731358372088,-1.4413375938153115,-1.0976697749222168,0.7579867595478953,-0.30493955887535495,1.7020209505019264,-0.4412362450725351,0.710510354732298,0.5108419794618706,-0.4561508071800212,-0.8788089291659094,-1.7318036989259478,0.5531207796800928,1.1982597325501452,-1.5899306717542343,-0.3704449349966743,-0.6669183301927487,0.5513691503202077,-0.3286526879526677,1.3229805704178166,-0.3843931909668498,-1.2363834595359044,-0.4688053252108123,-0.3586146001587534,0.5260999454946618,-0.37351905536548435,0.4400965134003775,-0.7904842720890186,-0.2946766797946561,-0.7850342767125214,-0.8466415896761382,1.2748335572840124,-0.7151295714592688,-0.3476047821477652,1.0446044599494295,0.7500013962715297,1.6412072166615346,0.48280186450417817,-0.6003993896860579,2.0571446489558993,0.5820807445552683,-0.1546953388016661,0.057465549700520056,0.17928157945071474,-0.23681187478932472,-1.3758556019171673,1.6267210522465816,-0.021834076174770664,0.18349651270264328,2.0781440593944795,-0.6832852632175852,0.6554853247141043,-0.7922986835699833,0.3210211625454386,0.20150574625135806,0.7906010971403166,1.2081687176903333,-0.5795210911996718,1.4166748407239182,1.4874809385613124,-0.2499853846935096,-0.0065825814031294635,-0.494350119949439,-0.3054412138436379,-1.203475655250068,0.7775357723291906,-2.050293892524772,-0.6970948507626862,-0.046162051069567465,1.2997973304279393,-0.5452445693019066,0.427851671102578,-0.08098411445023078,0.9451189004723339,0.3755857489573709,0.8302093880397223,-0.55063491515459,-1.0140248941583359,0.3671283190533627,-0.4877280190392609,0.030323871849971658,0.3172749402640901,1.2419075306547247,0.7865706433899993,-0.6810096727739703,-1.145022237757557,1.7073811047544476,-1.5826596719743449,-0.452502847691051,0.6452448203221168,1.6387612469500321,-0.18966152512419504,0.02734299427089362,-0.8750274215974253,0.1266161121352044,-1.1501539793008795,-0.7502849532186529,0.7638905541384806,-0.4335768168619258,0.91724892205307,-0.1535071266491106,-1.3688400928708147,1.168365275711301,-1.3153260850518884,-0.6017875088606148,-0.19969908193814329,1.0058286206592073,-0.5264848226902434,-0.926717162470084,0.16267307156039604,-0.21396572322661914,-0.46739059903916114,0.21648535648784556,-1.203596215393132,-1.7218405409656807,2.1387301072682567,0.10418609336157737,0.17418088196226977,-0.7819893806770777,0.8976988434940109,-0.5334852601458465,-2.7861476877805345,-0.5670333405086315,-0.28141307792445,-0.17008360433451275,-0.1990116627445822,-0.644914616976277,-0.7415210597033679,-0.29797866679203067,-1.6454760870359149,-1.9575962938105422,0.09805548991963844,0.1147348742649906,0.879400580053997,-0.2555653103707719,-1.193627213107529,-1.9396468151979664,-0.890196075956866,0.4225197440575192,1.4414489034089222,0.054085412771513956,-1.2135898903361118,-0.8799206025050699,-0.8487059240643177,-0.4059886015648107,1.12089542499487,1.1989094501567816,-0.17225589477488634,0.18307011011359745,-0.7975578928734657,-1.7099084443537065,1.7883383534627457,-2.3224870505935393,-1.8358403176645526,1.796405855159646,0.01661540467044677,-1.1259149070880428,0.6827036310893113,0.7730533060459779,-1.3326856451477445,-0.5328453764695744,0.8762458637057208,-0.8169057463704911,0.2821637386138324,1.424812186366273,-2.3924848315411182,-0.34124831932876215,0.26163599856748904,-1.7920493859434081,-0.5296113902524683,1.0444986441418134,-0.7043151487438896,-1.4843264358857589,1.130831823162261,0.44450169353043195,-0.06885629150462086,-0.09839182710802215,1.0282824711049414,0.29452832500922926,0.6456121462685421,-0.6925663948070852,-1.9173550088067448,0.6219137002084548,1.100927921666182,-0.22456196767248382,0.8877565837935135,-0.33521279317691743,-0.09069916131847244,1.7524287883872727,-0.2915200537064307,-0.3505693925533944,-1.8699795232073142,0.690073159980992,-0.709841365454307,0.14722501101269264,-0.3150390874327181,-0.44579271549194277,-0.11772948986164354,-0.04085233955940816,1.1760790596352249,1.520211856692579,0.6507151024415878,1.2715559134708565,0.8541474707467153,0.49461410193582,1.4551429352934444,-1.3084746309253235,-0.6844622012492365,-0.8209015268560932,-0.3013879166394584,0.6859003580842945,-1.1151034521867482,0.5027991968111057,-0.5870609184042378,-0.3470640531869431,0.2004156634338564,1.6812481390614995,-0.7123470522541273,-0.08009339349343572,-1.0782252255970555,-0.7219477163447218,-1.0873414349244748,0.2447850879665718,0.42530876948877877,0.687049346723827,-0.753649710906341,0.5079430785450259,0.11310007824801788,-0.05775249725132784,-1.24142282750771,0.15325349931811524,0.1849566199111648,0.10172844454223381,0.4000507572772094,0.6945956590694305,-1.0980233089577194,-0.2166960864283521,0.5157676015642436,-0.26839482087500266,0.9594235570618448,0.09017849669256522,-1.954922641123551,0.8394289191976938,-0.11710322685533016,-1.7697108331252864,-0.2522898602867978,-1.2683643786146133,0.7531312855941531,-0.035840980146165276,-0.9237453648017658,0.8108480569628599,0.45852566599624855,-0.23576473702535808,-1.2455974395363607,-0.8424737935365935,-0.8574579097060389,0.7464972032643885,-1.680897285644227,-0.04723481656308301,-0.25028439077208625,1.0355390177754167,0.23273655767532012,0.5352102851436686,-0.5253600037300187,-1.2309981875052616,-0.32547597587649235,0.7771623859264323,0.7748906311517684,-0.43058757111569645,-0.8607438046485579,-1.0566791249071865,-0.13662660272656119,0.13655117171933262,1.4731915129757585,0.12333075761887453,0.6137659938071383,-0.7804679879042188,0.04170100492912409,0.14007845553686568,-0.14053052784437825,-0.02181879686992613,0.12621846762010605,0.48103681309431556,1.1691180434137616,-2.26554779163971,1.1137375141386876,-1.710808116317977,0.3087628210367523,2.3556289690884733,-0.04254028842578179,0.18001913941464184,-0.3102597139204678,0.6672623472649369,0.36220855263974167,-0.6760472447790711,-0.11435305518482101,-1.1184365037772128,-0.11894142123231492,-0.41937218691673694,0.1365409515907167,-0.7099138971419392,-0.21443169008619967,0.008772775188144158,0.07841769795665741,0.2742837157058423,-0.17416766528098634,-0.7866936589316964,0.08207327264957799,-0.17885782559576285,1.02464564210721,1.1507415009103594,-1.3720804354370215,0.6171545484177509,0.8177441610899081,-1.3458312958641396,0.579472818912714,0.8959549177663008,-0.9496466378785903,-0.23634162312103854,0.18631993582022166,0.570458060099278,-0.9884394104476036,1.1570066978156122,-2.029348130065603,1.3237455489254997,0.5502674677899182,-0.6217715111428042,0.8644058427070802,-1.0477990436021298,0.11493605439387525,0.23850487380859514,0.2361348139590144,-0.8397175571153462,-0.4960771723575772,0.12674486615081526,-0.7267437429665786,0.27145279427660823,-0.6141259682265786,1.0000000260772435,1.5626849505709355,-0.2974641746572593,0.9202587609701054,-0.21230454157659961,-0.9364311967413436,-0.42571774055516237,0.08556974075621303,-1.7869576644270717,0.6256567614454964,0.08602084893636384,1.0005439574691546,0.6081375537713583,0.11994831716388846,-0.35583493534946287,1.5228617217029874,2.169872686836033,-0.3391494050598114,1.042293473702551,-0.7067496589653025,-0.5876859536890603,-0.38624495149849886,0.6846826876063495,-1.074913294339058,1.5499642270042344,0.9378722573730295,0.6615152054288809,-0.2938146660026889,0.8294875898567414,-2.9173628613030647,0.44090136349249903,0.16012206766274562,-1.8862155652178947,0.40625298273216875,0.5908917258760729,-1.8537327448341785,-1.1867714176520807,2.064389151850951,-0.1863535461024663,0.9756260594983872,1.1268019242896752,0.3939368139952677,1.0172413511892788,-2.112888358164718,-0.23052941168065752,-3.0805987271739275,-1.746093664567248,-0.5460144969849473,-0.665384438996181,0.04141028914247959,-0.020650511602989502,0.13374242998123173,0.17470964863067906,0.33292272460297095,-0.9590446774119618,-0.7247923193638015,-0.036878059294752734,-0.021342950672923657,-1.0819273652962986,1.0815593810130513,0.7248006775508257,-0.8597166853631285,-0.2083660129166857,2.0095396507971155,0.1605770378342815,0.3956859552000656,-0.6089355511311296,-0.3131121085283415,1.5113259857834025,0.11329442729253622,-0.0709282188728815,0.007641085936465705,2.5453827884151843,0.03980750314788466,-0.8300766992136013,-0.6553509016152382,0.7807560023881039,-1.4284811266467767,0.45058298146422965,-0.7238175276494426,-1.8587695564520077,-0.9800722169135948,0.02753380967865958,1.3951673934928166,0.9133294119466377,-0.29369022617075313,0.9721870698180928,-0.3567798292390546,-1.4665115847458894,0.02108763563267661,-1.5059339950067847,0.7914083074850622,0.8058800890068776,-0.8799699395302623,0.14559750682566203,0.1360492341914411,0.8719633817672413,-1.245068253983848,0.5994875235681804,-1.3167692510055098,0.7771887376728707,1.0626974013331458,-0.6695913936398925,1.2191288665415394,-1.5740329630187886,1.0995834452105484,1.4384562381626407,0.34581519415153167,-0.19552578102936102,0.312419820099923,-0.6037583687311271,2.624626679162744,-0.5865312904342913,1.3174011696573185,-0.7412274174241421,1.5968082795036493,2.0123285817551695,0.38599081101934346,0.2866572685671504,-0.9565790247845786,-1.0756676095682847,0.2979146051656283,1.4581924771811208,-0.5482024891490305,2.207929217794186,-0.610145939629838,0.22939194074997077,0.23201646640365564,-0.10153437523551705,-2.04382751632623,-0.619073100430896,0.19963929230287222,-0.09598509598021387,0.6362026594027826,0.7568359119918517,-0.24007846117890985,-0.9624303723154463,1.5483177053834132,-1.355462330515652,-0.5953072234321486,-0.8499599239738012,0.7464576218021075,1.3170219744805909,-0.1736933755109449,0.22977676033491254,0.42877182098914957,1.804004098588861,-1.7735734422131775,0.7442218991269286,0.3765247479395033,-0.3708395252458204,0.3262267357202956,0.7408289758299179,0.5831627124828029,2.1585006059162986,0.12748158779368524,0.02690518329032648,-0.1812987856697749,0.5529788371458881,-0.03205826148594767,0.0132091450647669,0.017829860006256772,-0.1346085694900931,-0.6086728021524077;0.41810653819691085,-0.28504756501661865,0.6136795028204439,0.11076762892799707,-0.3865748763290467,1.5648304050350645,-0.10231258554697635,0.6228230145618063,-0.6999829059921012,-2.0255393311311796,-0.5669991676770471,-2.137448706399794,-0.23686286681924823,1.4686470145390538,-0.9052850220766508,-2.106043857594188;1.5002569910125267,-0.47535476332425175,-0.01573838216868779,0.7882799691310772,0.5231727649891493,0.750512419611869,0.9004289895454238,-1.7461146325894545,-1.4143477401400193,1.171169662628841,-0.7817391430916868,-0.6726458449635592,-1.262842522164318,-0.40494788934748205,-0.34931606368447105,-0.9374606876851576,-1.0530827448757445,0.3186630921757059,-0.8076692668884292,-0.6063122569782615,-2.1862783467740807,1.9382002425310245,0.9418240294747006,-0.494806053326942,-0.8990809356577203,0.01088879723312497,-0.01653358959765406,-1.2759665695146472,-2.55053622892236,-0.5260759075166689,-1.5633745308995133,0.17137994672354182,0.17808156666067446,-0.9732126983419084,-0.534584267655453,1.7630416919780836,0.7751285262709626,-0.45225277070890396,2.291959326935979,-1.1969374119716447,-0.8126947248165548,-0.11051417070792717,-1.5310070653763155,1.7903091646278466,0.18315203870928057,-0.7899488568997947,0.44778695140476144,0.1460558482978913,-0.3046510841258466,-1.2085151668214802,-1.436211925529107,2.1868009974432265,-1.3527348851099972,1.6979655193513756,-0.8447591476159557,0.7900325675403224,0.46543309008077954,0.6654187002964168,0.7320142722401903,-1.6115656223375108,-0.676345992474177,-1.3680479592177142,0.18930106084759718,-1.3233443321242262,-1.9810471770732212,-0.23747733654357459,-2.209079052487446,0.2587381947209566,-1.2576295233777415,-0.8405797480802278,-2.2804159731577003,1.650102213808546,-1.4629148869780788,-0.3640012345478949,-1.7917385924612461,-0.8356678083807723,1.7518217810242103,0.2974767352653478,-0.7236309963105796,-0.034173479655463426,-0.5605590566866114,-0.09242057982758684,0.7438687190329611,-0.3310979899070392,0.21999147392510457,0.2364954976482552,-0.3261456472977434,-0.7359259896700556,-0.5251833566044607,0.6991852515350768,0.7824167049754506,-1.137794331268471,-0.2609893343880085,-0.7529218691023348,0.7999524297161409,-0.4712030397799009,2.200923817571368,0.21789738989705285,1.181996454223222,-1.014610826803366,0.011722149085865649,0.6161730983702236,-1.0333002418218002,0.02034271181057728,1.0518590322005363,-0.3274500079234857,-0.8517525045726252,1.802959455472518,-1.1717453016462986,0.1558906283815874,-0.7082763383368067,-0.9368342388575521,0.7416570827032594,-0.2055359116625379,0.40588646541969775,-2.2551457211251944,0.5031197819620602,-0.7205959118163332,-1.8788519511582686,1.8847395547871757,0.6010135264946271,0.22727741267959795,1.2494188497398657,0.24756928138853604,-0.7986140101436061,-0.17496761048237716,-0.6783662131920524,-0.5003528928247095,-1.2577036658592413,-0.9700205758003195,0.8945855326686752,0.33207543880324786,-0.5030130525315085,-1.0280318644631352,-0.405396978807933,-1.6838498029670688,0.12663059942435256,0.9454714819925647,2.366972660059023,-1.1032587225641184,0.903802445950609,-0.7072114456978758,-1.1284562900510124,-1.1288981288559767,0.14073572642696686,-0.9307936236932695,-0.6068457712934849,-0.4404013307372619,-0.7399678398989107,-0.8125845526991459,-2.4291597625184753,0.086953290111869,0.06767148955845191,-0.7973448497355118,0.36038427038837106,1.396907532065686,0.023579832834283734,1.3302577791562278,2.23813192042712,2.5305246891202735;-1.188236086510001,-1.1830630064186702,-0.4444299967257112,0.12871520125984065,1.5866519998435806,0.6272412210909549,-1.2032871296724998,-0.6116574084743284,-0.04200020796551447,-1.4891599781454952"
3,0.5355802806468606,"0.8734248199473259,-1.3687545355960296,0.5053546309917457,-0.464062530128656,-0.32443258174848666,2.001575745129749,-0.19646922455152543,0.7546937503085799,0.7189138372033486,-1.1800239140985067,-1.8453943252229041,0.8209820924169108,-1.0835461924485188,-1.6641829545710272,1.0261622148441978,-1.019426733775593,-0.772517475684394,1.9743731550892953,-1.659735361381571,-1.2562860414069255,-0.45969814247392055,-0.2402568398344221,-0.8937452821176533,-1.1586550973229164,1.509994324431931,0.26298612410471556,0.585168744209188,-0.13722517655853597,0.2894549488591364,0.9329016611095905,-0.9962990145453348,0.26483599651798184,0.6960423134078911,1.5447973463842604,1.9478909798017614,0.06985979698176144,1.138638949687134,-2.670167933371547,1.552282909376714,-0.7258836617208037,-0.24109744898789084,0.44110448436702115,-0.15344236731551375,0.1964533795681345,1.5876929682261434,-0.3842200453459713,-1.0869238165005535,1.813463857298551,0.5267642170046775,1.9222389753134637,0.8636299105789041,-1.3235943920134368,0.6453846717568814,-0.9839480658825546,0.007431802439666953,-0.07571440360775782,-1.6176638046330563,-0.8128104895617866,2.2051873001591,0.23837740484116443,-0.17559613466295235,1.8128902199409256,-0.3962353100691686,-0.09142036196912011,0.9908028561228497,-0.4007357986163498,-0.7465207393525012,-2.2537564153607175,-0.9364983133827613,-0.9460277459896131,0.15856669546860983,-0.610458265727776,2.158019010857196,-1.057628930234806,1.400646686857405,0.21975295512754914,0.806774035712389,0.7460195947358699,-2.2182355303124166,-0.01155267897655717,-0.26222813723383215,-1.1329780946912673,0.4596260372158683,1.7165403158774715,-2.673003643884066,-0.5344696758417209,-1.2457661641136228,0.07177782623769331,-0.32562128314999605,-0.6056772127571781,0.6895068283290587,1.6361813010570987,2.6613186517578353,-0.7396290484685878,-1.8208755518180693,0.5591964340783401,1.6104847353232035,0.8136899670407284,1.606347039530311,-0.22548667060211924,-0.6095744397731283,0.11543590740131227,-0.3305531873668884,0.663094021340344,0.969767778003491,1.0480836645718858,0.5105926708043899,0.24582232667529963,0.7944266892508483,-1.9629919076527214,0.21057075233394207,0.05247805717045095,0.2130803959715548,-0.08762354625423106,0.43185549346161606,-0.5746029215340153,1.12952342945363,0.4736497774134741,0.15068585788386077,-0.6975165706361199,0.8153168852079051,0.2066596984944911,-0.7554833935369165,-0.056661542413238425,0.6290826192412396,0.5515735388198252,0.48700896780815517,0.0925313917410772,1.0258195333018967,1.23779650381161,0.7373226156755405,-0.5874512748557071,-1.0580617172905176,-0.5439397669715936,1.9536567479767233,0.28169591382735354,2.126441827526385,-0.12019834358743646,-0.25881367049292153,-0.07405653664407366,-0.09217408005330353,-0.7736509118677243,-1.148848268166677,0.5013366271808629,1.0549007175973635,2.4449813006664014,-0.4337129066910224,-0.352655486864075,-0.7712292944510174,1.1257274293735673,0.8149874547962647,-0.8769345818745263,-0.9021980869729431,0.9525147585958975,0.3831961512084077,0.7583887130111439,-0.8827684783389129,-1.8777248639102067,-0.8749650166801699,0.6877667300112269,2.111057978634891,-0.4294639895276082,2.2758558818768657,0.8298197674916881,-1.3930323017088262,0.21403383781103172,0.8639742784118608,-2.4254828985526866,0.644451157913382,1.1727211798231125,0.39886812413114325,-0.0617212106814233,-0.17292658300140687,-0.2313223276918222,-1.1759798037671092,-0.6875238319049674,-0.4165940456521597,0.11349434622574224,-0.5568147576570665,-0.8691292424979301,0.7597708591258453,0.3706139719478557,-0.5392295367895669,0.5062784714875873,-0.453157893685935,0.06306502948812001,0.9750440547228668,-0.6037410931662635,-1.172411607833743,-0.14513458302134166,-1.363465016185462,-0.2774485093509754,-0.28063747931345684,-2.463684123905563,0.5306351637445099,-0.18268976668132056,1.1818964527719358,0.21553197979408253,0.7356085703155483,1.1900387532070433,-0.13171708277074626,-0.0008231888639018695,-1.5735432233902318,1.2395377452342413,-0.1456973997215546,-1.0057305503479816,0.7397224864874274,-2.179781191964252,-0.4292742228731781,0.9083110412118409,-0.43772185196590513,-0.7179219509485815,-0.41615479711295045,-2.009929264468574,0.7154784317830334,-0.12288604197691305,-0.27232460999476205,-0.26866861640904127,0.014079798464584264,0.6534373706720666,-0.052063541199248935,-1.3616365481798123,0.5755161215440671,0.4985696910042263,0.20552699821646023,1.0752413069613191,0.030378676412958838,1.1113760889892559,1.4072110214783964,0.5823128855244826,-0.7479336218779372,-0.13078571850244072,1.2388560340583739,-1.4976278660695068,-0.3919536681786087,-0.3429648364467441,-0.8652106003537336,0.8728789499187865,0.37681507104077705,-0.711058356600492,0.6055129202358394,-0.15841623466821794,-0.8901945732223427,-0.7129184102428672,0.4360510747759399,0.9390098785218387,-0.4867682329547862,0.5444413336690117,1.5817541575774825,-1.258870556370253,0.35566987283862367,0.8306556912954083,-0.09514981659883062,1.238283210855647,2.198837038261284,0.34335534838630294,-0.23358973227799906,0.9769828076619566,0.8420688603779013,-2.5188309549181844,-0.002735556091113593,-0.3945994667391139,0.39670569151391666,-0.19365828029379034,-0.0851760922710017,-0.8632127594610817,0.7345292184244875,1.655042221468732,-0.847671949215035,-1.3970550231469734,0.0200032198274639,-0.02865566103526391,1.17093278612036,-1.2291949523785322,-0.5379551750240974,-2.147703239266853,1.3749836362118226,0.25054462832336355,-0.46343291398079656,-1.3222714785911764,-1.230476058177251,0.41426689979139125,-1.1074250456007102,0.10400542314856936,2.0429448611350307,-0.3475876229448206,-0.9614444439743789,0.38200720545276307,-1.2257917407817274,1.7199845303294035,1.403619668528335,-0.16417161895364407,-0.8972931814242199,-0.4257698727753605,-0.29566561208542824,0.38356713170706486,1.039632329301116,-1.03651263075859,1.0109095653427445,0.617685612811298,-0.5077894908066064,-1.0867118956770103,0.11623271729256779,-1.0595884837020841,1.023680849162606,-1.1238827721322047,0.547706193163144,-0.0806163648150821,-0.5606248843752012,-0.10283150631929085,1.0799831696342017,-1.1922574089937898,-0.4121565551918167,-0.7517435646871881,-0.03861713354871464,-0.6846808925126543,-1.7680812423866143,-1.0551375469323623,1.6377550185381118,0.24672821128627265,0.21236205380807743,-0.28261239000863825,-0.05162542410916941,-0.42981192283138003,0.5269285310410652,0.10080885425937298,-1.1712682101586152,0.25372450310419264,-2.4587419232715506,0.41385919967778556,-1.4093568568365213,-0.09605508617007594,-1.194627603196189,0.002823199533097012,0.5782785192762222,1.5028270852495802,-1.5413576550114785,0.975472955671135,0.1311527053774716,-0.45066715282462405,0.7598565050594597,-0.23592485108520672,0.7175305164006791,-0.9922697131279948,-0.6329970322962923,0.9436000527945995,1.485400523570422,-0.035031899152849294,-2.78728892535578,-0.19904928260845492,0.03242611782242977,-0.2327733766931721,0.3363385616655311,-0.476909927597322,0.8388708606780273,-1.166713272731042,1.236848707354141,1.5500788239610925,-0.9130597380603075,-0.9135998256030627,0.41069531377752816,-1.1872204097428893,-0.49260287110232015,1.1025269564560145,0.7376067644769629,1.9801963416895896,0.17078414760020774,-0.6108380022781855,0.051243511653020504,-0.15058833940863453,-0.13655710920313543,-0.023803708095732967,-0.9317667088462365,0.28221775497064283,-1.408663267758591,-0.7168266079081144,-0.11887876313981743,-2.2595533126555916,0.7689915363449175,-2.0531545098475052,0.6695876908981782,-1.2928092899281622,-0.4049186907034995,0.5191306469494293,2.1981395194794824,0.1164519777073494,-1.982626328199508,0.953695132635774,-0.23191840485901827,0.06990665445882359,0.5578630298876143,-2.225377956905714,0.006536847735195777,-0.40969388995269546,1.221834906005519,0.7271137633387429,-1.6270019227815473,1.2626258523490483,0.44952508816021125,-1.5472415974532183,0.05575310349277308,1.0348261138558552,-1.214043872573394,1.377577335845417,-1.5126287741275257,-0.7912271766469846,-0.942870835389692,1.3769337315886618,-0.49101613654919685,-1.1628170026609979,0.44521087891406186,0.6611809905927187,0.6675360947941315,-0.27133916522600965,0.2545343010369479,-0.6502330862292857,1.6748016779357304,1.1442051586579316,1.0829568290406753,0.7941159345735455,0.5197333059950014,-1.244362484149788,0.6333012362556484,0.11426523006332008,1.2633640849509191,0.8074191823824282,0.5503804701530215,-1.684224797530156,-0.08900053660847063,-0.5578922599036563,0.2523659241830736,-0.4155482714426437,-0.27594577609330595,0.4590339049067038,-0.43213811356877607,0.12159153957401245,-1.5194118908743064,-0.8324014767600587,0.6560435672029604,-1.2301921166964744,1.245725077602997,0.9743993553013208,-0.2682299353397865,2.9987341055024648,1.2431035778482933,-0.949279506705735,0.7461740537000482,0.06586306631975722,-0.7767120908594111,-1.0699091431662089,0.994893334888379,-0.5979454646241336,-0.10187635503705197,-0.9210259282265284,-0.7481579372985909,-0.12692920007147204,0.38818229272415156,-2.5883591635514485,0.01691979916675013,-0.7461210125850355,1.402362653450225,2.9427526460054367,-0.35927903495371544,-1.7222285607131944,0.11687696991856647,-0.20542932949320494,1.9713506490012904,1.6665893433755425,0.8653749705965644,-0.5866940812126582,0.6777665661808034,0.26500635906830405,0.24132320329939075,-1.5582298485678703,1.0617953384536465,0.10780832831123513,-0.10084134754457509,-0.6001564950088275,-0.7936164996533775,0.31725858127898193,-1.749162801858082,0.7894987596500425,-1.0541054369956855,-2.058680686205292,1.8218953159260207,-0.8580870493455784,-0.7221591615216957,1.1345383310080746,1.8544309005166413,-1.5330015786034301,-0.9561680602506695,-0.8826788221605966,0.9348016626956545,1.6391321279295334,-1.080252561578079,1.41474533796822,-0.7090341115287021,0.33612290294557223,-1.2714536994278176,-0.12193041358199798,-0.11111271407271618,-0.31515830631527364,0.38497098131969715,-1.007030864852526,-0.8837232981868416,0.4378721449493555,1.3420353309757287,-0.022813694047922984,0.5036707734621725,0.7580800102973402,0.8305051886334915,-0.9535247258366385,-0.7770102302049039,-0.6900745939435349,1.9286338008939643,0.508192939171904,0.46331572038501684,0.3662357531837386,-1.320793403619499,1.9381904707770388,0.47918753078696064,0.7231601126549526,-1.765521288915802,0.779643852361518,-0.35621245012762687,-1.3227829747262372,-0.9537636658717974,-1.2648942084533663,-1.2817841951146103,0.060547820364210025,-0.38676278873165104,0.33406936216138733,1.6759758710680044,-0.12950371362733745,-2.244889293958427,-0.24195821154781655,1.1933944363978717,-0.08593947249682984,1.529330653691702,0.4529415931378187,-1.838269734397389,0.10958225043835845,0.2970012942647289,1.0803558012736438,1.8196365716115683,0.9077255197086991,0.44047979738721704,0.6761882715783463,-0.16800680644956742,-1.4628778368074293,0.04149608622286022,0.3652903274589056,-1.203657625911923,1.3266216394999415,1.0054110154824312,-1.3717614152878692,1.3658322887898744,-0.3083143692098472,-0.7784915651183486,1.079277692746526,-0.05105441276005814,1.8991853208368699,-0.852888043886751,-1.7316575239726546,-0.2804382811661415,0.7892224990604728,-0.9271429855355432,-1.3301003827998792,0.2289274027027541,-1.4636872101675165,0.3066926996134137,-0.3406230512281771,0.4944664883523733,-1.3838288039246018,1.2981631514439038,-0.18303448499368985,0.7635226679048231,0.9598754612848892,-1.1574449523659558,0.8822575096080764,-1.4250667751443256,-1.3701377427598929,1.9639992359884344,1.1118533687966246,2.073664175433755,-0.3702140306079106,0.10242866407800864,0.5273547467523633,-0.012195566593894366,-0.7461360206959045,-0.896084697880049,0.21386223282894956,-1.066859841662305,-1.0948634923668525,0.3935720111545927,-0.09515935148561522,0.9372062705816853,-0.4249114100828423,-0.5812559499755355,0.423553396035471,-0.8120248745538271,-0.6581277255566853,-0.6184543903794149,-0.2097021062955529,1.7724365432959026,-1.3767888249571572,1.2955075821174589,0.7377867562899169,1.5669788473699928,3.136686048322273,1.4314530207878553,0.9256669479078613,-1.3124963516250174,-1.1862222615110427,0.3601901843652216,-1.6980761479195645,0.6154392512912192,-2.1349218907610115,1.1522333855646156,-0.32170031193359855,0.126596945470189,-0.7483722964204824,-1.8985264102225723,1.2346952791942618,1.335701394954714,-0.35148776520369784,0.6619295647340078,-0.3908914202104039,0.28848984426624635,0.7591391989201097,0.5550849245738736,1.3409696134093454,0.5188806757053354,0.02808461703859529,-0.761418967877422,-0.4785053803239208,0.8100513967250161,-1.5018265189141187,1.1058073034127964,-0.2811437260145332,-0.8186059044078899,-1.0987241767814673,0.6743677856483871,-0.014641353803318163,1.58876522322982,-1.263075650525921,-0.578163623061863,-0.09222115812741334,-0.751856743969934,0.006118664141802973,0.3195007664155189,0.4844842391297401,1.506167130884461,-1.3034724287815804,0.33776031993531075,-0.6469428195881666,0.43001338002358463,0.431332186353047,-0.9869193832323313,-0.9011523426340876,0.5116430634695749,0.02340451074413049,-0.2196218407316043,0.6579868297749736,0.7317184758621317,-0.5296301127017028,-0.8520531376425,-1.261918976837642,0.03345412020148505,-1.4231602771485647,0.09942845822903407,1.2168367914244393,-0.3534597702862842,-0.5362042805401637,1.997844773627145,1.509701819187646,-0.7645978705554142,0.13901318105897514,0.3286782423480826,0.2036604227261782,1.8146734477127877,0.08722989241942036,0.23723487563101686,0.6886622951464159,1.1899197160476673,0.9368991943041058,0.5380847863116393,-1.5586998053939083,-0.488137724058426,0.8194212072052708,0.2503986972793056,0.8261286338229519,1.887166061671248,-1.1769632050593244,1.1379101748045837,-0.3303634624936311,0.9353498192747322,-0.04122074336811748,2.1270045388929955,0.13008693626173806,-0.6405142243559804,0.4198746227917677,0.32394278071826993,1.1380970941104478,0.4480527986049255,2.475064639169303,-0.11140413540227233,-0.09961994978047371,-0.6038860500530543,0.085668338354177,0.2310591210829541,0.2812105299558777,0.0671876754939992,-0.6098212167272987,-0.8816651280823552,-0.37517372483555633,1.1415376602351135,1.3567996854914792,-0.07696453644043502,-0.9415829664674247,-0.08117361031679111,2.0916654352700794,0.9989678353166206,0.5507426915325475,0.9626849170525694,1.5405666113413128,-1.1528662015471196,-0.39203986869712276,-0.5287216328368156,0.5871143970709833,0.1601108906395973,0.7563112906894081,-0.5068873498672227,1.3719520506791563,-0.06933370814930177,0.6945455519581831,1.1954064989229398,1.1151243154949684,0.3608284084017966,0.8193469063825453,1.7416606639722867,0.5136012339746958,-0.7296464020615799,0.583050730963885,-0.037281218019590376,-2.348001134404344,0.4619980237030926,0.11665065001560704,1.1564177714974384,-0.7500936574883064,-1.5057096623793076,0.16868085941050945,0.3801773876054463,0.0938329453855689,0.020708683685403476,-1.0687269542063265,-0.13891713697492322,-0.3484058295044152,1.07270874076744,0.3793253640306142,-0.277997121745195,1.7238848764227657,-0.26890767621500933,0.5577867238861631,-0.1669213335892823,1.631152515028004,0.08685977581361101,0.11641422789067367,-0.13987035877271356,0.1965119260012147,1.1995378386479092,0.8458438446846879,0.028076181116170988,1.701325106456654,0.8729856413425691,-0.43818111919734926,-1.380348353733938,-0.4150138017965702,0.4133487785502528,0.5972003706314267,1.359137683302019,-1.094545975119,-0.43915533394681044,-1.177642669874513,-1.3387992115794456,-0.6278187459533185,0.36661224429402106,0.7713944348903161,-0.9483541066216746,-0.8092759193872399,-1.779823175323434,0.2143522082769957,-0.7321389019707383,1.6630313782118475,0.4098087996495947,-0.1714457434567751,-0.6411124275444524,-1.4946702201942292,-1.367871776945431,-0.6221409545721348,-0.6989028820243047,-0.9991718428459944,0.37709472744234446,0.5142655924148591,-0.4586323973017281,1.9351522682653173,-1.7467293665160921,0.058163898972263255,-0.21858020408792528,-0.5507008819672566,-0.6976628460130594,-0.006959882912358075,-0.22552782732172874,-0.39187652711255944,-1.2987196349893746,-1.618111817810499,-0.2885164751955654,-0.40209610449653027,-0.19703686027682768,-0.10862179788950874,-0.5225023418828179,-0.21240742381820554,-0.8535283081034944,1.5239458091632834,-0.7997401481499686,-0.37098070946534056,-0.7237887891138806,-0.7405815402049029,0.02464156663794665,-0.10223420988301203,-0.4594603903752102,-0.2834759915543116,-0.7198135509932705,0.4017256377261605,2.0551927425907137,-0.8748412772332184,0.3939632237346047,0.044948957020710126,0.6686297581325897,0.6967929604960715,0.20541269721866062,-0.03982057611509975,-0.43445019964844644,-0.7649603531086354,-0.09684566095178475,-1.2845888314176803,-0.5938559901174687,1.1068536244725686,0.09851222107969118,0.8926644189355497,1.469643886658424,-0.17702945591481717,0.20732583419364153,-0.30184589415275553,-0.8126057604756063,-0.9529682593324047,0.8431503725964913,0.20862728048564805,1.846603072081053,0.972052012923891,-0.7312129895363679,0.8403421802267712,-0.3050755391022553,1.2168597091290014,-0.48633387724302024,-1.0524259602426724,-0.7957550770614096,-0.7446649024149137,-0.8402517646186641,-0.5726082756051067,0.8566918703252376,1.7960442082661843,-1.3301895155535037,1.2635130428331494,-0.4777037159744287,0.34788253120223395,-1.6541460305732973,0.5240350173448559,-2.0053123968160627,0.3139350723101654,0.25725604702933647,0.19100763429546735,-0.7349101506329294,0.5495266744296438,0.3910815094167172,-0.20995278364111966,0.671850307175194,-0.0956041465655053,0.528777158908762,-0.1258793273940902,0.2167019911095406,0.574722941075262,-0.39791257361803495,-1.2338365862541953,0.27607900554815457,1.1893913786129298,0.29915097295744597,0.3181423146963727,-0.04217610649664051,0.7391186527732009,-0.18593541613793732,-0.4538987811268618,1.1052982528748658,-0.5305383182926822,0.8894709464517491,1.1059354619577089,0.5668169320620609,-1.2492355195726326,0.02715490922249759,-0.2019999970586173,-0.4959992553353133,0.14275158734642754,0.7692063474975481,-0.45855266013119844,-0.17138267427367443,-0.2410589338319876,1.1638710455443118,-0.2571006178105865,-1.2344056577617455,-1.573434838990514,0.3627295665659698,-0.7606817398859019,0.6687245052724784,-1.3312199885071314,-0.5389121666106078,-1.3305688495201482,0.4346107155489233,0.6488475406246502,0.3386251576366002,-1.0859363204038428,-0.745763744110666,0.2343139886115539,-1.687741408124364,-0.24113494438790298,1.5169053533358814,-0.17995554918037482,-1.4885446390319514,-0.6074092476761354,-0.6306923256775757,2.140308779836561,1.6656790805138957,0.730935434101578,-0.3430759307413982,1.200629660979723,-1.1334596390504585,1.0765753152442592,0.9279735374200438,-0.15134573464928072,1.139186313350772,-0.4472211294638499,-1.2650855980982336,0.9779650129999213,-0.08524292913945923,0.6017806032986677,1.8208865915594061,-0.7222540723962968,-0.1433795048399753,1.569634504577714,0.6687317308552835,-0.6997827442045963,-0.9550177035394786,-0.5280806401033457,-0.7384147048028783,0.23734811948953083,0.07843450719759962,0.2792377542753513,-0.8408128015597823,-0.07083390752525513,-2.0556997739562166,0.14500631736136646,1.1754406449558652,-1.4247459093461803,0.48342823064746115,-0.6110143517605632,0.8025011536933694,0.15864745121227877,0.40470411266044076,0.06482389875544045,1.3283318063843528,0.34741047769510236,-0.7054237140024512,0.09871505232100361,-0.36888104296604934,0.16239990651958913,-0.4197697123668127,-0.6768107355463147,0.19927221274844584,0.055789628616553615,1.0639558450458475,-0.41495587913281295,-1.9808538474953072,-0.3638707984633129,-1.626430758916577,0.41567197409657614,-1.6738979283487876,-0.9883710624141014,-0.362334458274863,1.5439506047611449,-1.0728901157149175,0.0124049831465862,0.579976576957259,1.4840605532206974,0.7777947517214098,1.0939069516324653,0.8643070588515412,-1.2091229713961391,0.35969210431704673,0.8486609521722227,-0.9565002896740199,-0.5797598767240226,-0.8031922951270563,0.7726229859680331,-0.06928112032913199,-0.320845894335097,-1.2816699166529877,-0.06739425319379243,-0.567588354984749,0.24333956526416234,-1.1429671986454508,0.17790625950620062,-0.4389507704988207,-1.2492969257351465,-1.3272840378781467,-1.1770203880226942,-0.20639905744054216,0.1209954343635004,0.2698236323771812,0.3075529177284476,-0.7585232609792003,1.0584029080951756,-0.442225526008153,0.45014976005973206,-0.1641554334938168,0.3756212317030415,-0.21432806614491376,0.3936348765745664,-0.00738886988032359,0.8138405706506889,-0.8186850432111983,-1.7698913358905783,-0.9733574194340967,1.0689184152380338,-0.1545588198877396,0.09206229554656235,-1.053636614046387,0.0655537251502785,-1.0228126440726963,-0.875781275052755,-0.4024836828238803,0.4450972578421455,0.5518475806425102,0.579044897937837,-1.588084115044374,-0.006664500390261396,-0.19678183338273603,-1.5321824160814554,0.015983766722198454,-0.25042721743676133,0.5115256721178874,0.08124707623980247,-0.5493205302832531,0.9257624504569774,-2.2212335007751243,-0.06426512842961017,-1.7632509319919358,-0.9121932712061199,0.5248137030093496,-1.274197480440803,-1.4237178187039348,2.3819449834156243,-1.3592890514201645,1.6505209030879733,-0.1722021645792605,-0.5248291214389753,0.5667863905882048,1.3365940755444992,-1.1460679421083284,-0.5102497897285304,0.8468697346842523,0.287994312427,1.1019178306413826,0.5151119544317794,1.8082240091491482,0.17858859883365027,0.22181114833096185,0.32172137201579876,-0.142488851726558,0.8480871588009244,0.23704122386302606,0.7881800091451439,0.9444998536241601,0.4284546815603274,0.5017163242341968,-1.0103297875965338,-0.5503535878198212,0.8433834529907315,1.4236311818185134,-1.9404302255083603,-0.5678631472514148,0.023620602414650072,-0.8792744620806778,-0.8225196441816829,0.4749198737938048,1.5813759691714335,-2.031823556322141,-0.17047614898169622,0.4632803417903879,0.7802139722002417,0.31912734306903845,1.7614025499361152,0.02890659332579404,1.3119927903920974,-0.6463676703459691,0.05798294658884979,-1.2127150757988507,0.9008644405489943,-0.1204428626411764,0.357821062519898,-0.31336863128507375,0.5864285016590159,0.3974339738557521,-0.9946514299712064,-0.9367674325830104,-0.027768730341351775,0.6595739574066574,1.8628955531138476,0.302990856665729,1.0075314024885402,-1.6128509347641686,2.0129558494339825,0.6056862111291927,-0.049604511158779736,-0.1646960474579254,-1.1071997978589982,-0.8212867957201709,1.910435632133414,-0.9890044382860126,-1.008267757866345,-0.7022204860755791,-1.1981807529612727,0.015306574845510054,1.0889105126652388,-0.6104923262720335,-1.3733242797608214,0.2918613130146538,-0.05577433767981306,1.0027245500816246,-0.45450829930227044,-0.26015677962667516,-0.14953036454326896,0.0890041105534821,-0.39256167735758984;-0.5546441080460088,-1.8503776848818414,-0.5653872091201171,0.7152232680817521,0.8502455193688858,-0.4711130235913006,1.299485998181762,-0.0287040717003548,-1.337846371815948,-1.6523840564542558,1.2182579226197263,-0.3730037252610738,-1.214064523072579,-2.259276171435535,-0.39571611087514297,0.40475085899636126;-0.6976911440462046,-1.0532451601338715,-0.5493757686067274,1.2431920191448558,-1.3929816176751906,-0.6417010304225171,1.2107577396175906,0.4941762894237535,0.1791278137789563,-0.6484461354162487,0.030504814500427926,-0.5378290684533007,-0.859386131070751,-1.0800574753017402,0.7840955963724985,-0.06040613221613558,0.31451374380269603,0.15167318580140368,0.4409188278083594,-0.2547187899858918,-0.48165745105457425,-0.8152803293911224,-1.4139691334071136,-1.1220331706229165,-0.3654177211002216,-1.6030394844354783,-1.3822859041360303,1.0421398926351775,0.22417948485379244,-0.45183672820352067,2.2715744589045603,-1.6482497187130287,0.9756112764618219,-0.11146608277941604,0.7850470229128118,0.10895371727080708,-1.8722450622452576,0.09546046755882846,0.33555585463959803,-2.191985298524414,1.9440482938018984,0.3112075941727721,0.6719877401364955,-1.1655293895763117,0.6906175221456182,1.0895044595630559,0.25356822813784585,-0.009371558520764512,-0.8935881248984164,-0.21620691778332585,-0.5120295142592802,0.5719956373926842,-0.8498759251174026,0.5646507215035573,-0.8389855627296565,-0.2623525541600184,0.6160443970128167,-0.7037967199860439,0.6505364889776019,0.5529941576713682,-0.27095067337694356,1.1617832013557894,0.07778434197711431,1.10227652658535,1.7934649248771786,-0.2413010217013114,0.6449549840273966,-0.6375679253228755,-1.0328144095081981,-0.19545965738642843,-1.362600279749463,-0.9376077796473099,0.5914325993210678,-0.5136490154488385,0.7105140871218615,0.29941193801748717,1.8511540620191151,0.5243372855760459,1.1142180702793143,0.4018846631275464,0.3113935010780726,1.164733042113315,0.6687974658652647,0.21006361295742812,0.20565466592971773,0.538229311830416,-0.671373519459885,-0.7137994661386983,1.4254059323729322,1.8644136638599977,-0.9288824584101658,-0.6689944324397042,1.1425228195041448,0.5335199931423965,0.6764281053209221,0.8966012948530571,-0.2407321617440756,0.32996992499018646,0.2521921506980921,-0.8584916002454605,0.31509094321570386,1.237710696149668,-0.33413323884336144,0.15256924874093414,0.206708916010856,-0.28466455043527067,0.6769012376943577,-0.6800656312549874,1.332645518695934,0.6262055616322454,-0.9367686006728946,1.6980096848862534,0.16810146126159542,-0.7229475172350517,1.1045545249911912,0.49467151944802507,-1.7719597042340383,-0.5256603172438536,0.2790973372215437,-2.1595666776426587,0.08507008538739401,0.15797937270525989,-1.1834918823758225,0.2706448862599635,0.007463839125033536,-1.1912941058850146,0.9195605468628252,0.837853794767805,-0.28973708685236127,-0.19858132339182377,0.7262639375953454,-0.20066314311180655,-1.9309082005201545,0.48693655739992736,-0.8132593207385084,-0.3898430544175937,1.4578705679514758,-0.13397847400879806,0.001734935873873215,0.5096672754635975,0.5053339438740322,-0.9191977673777834,-0.06029851553437441,0.036152527925827134,0.27202689662882695,0.28922194091661935,2.5874412287774575,-1.1758597705872447,0.9800916201979563,1.183375805833059,0.4927839739235272,-0.6503153948730749,1.6646680302676264,-2.191982864740198,-0.6832666972178264,1.1716821972228113,-0.3701116034225179,1.5964645248001856,-1.5118047446784004,-1.112101893948008;-0.5316381701269749,0.4173992775365288,-0.22202015038002296,-0.49039925256242106,1.420396431098524,1.5134449753891508,-0.4143797657075555,-1.7097678073296625,-2.1574838291873797,0.23929011478035628"
4,0.5199103535229798,"-0.32307574267702455,1.3355704555367565,0.9752005416847661,0.36926377764990465,-1.5058324053306205,-0.04991023304116202,-0.589915396249933,0.3310389028172135,-0.8093466847948803,-1.0257233949746074,-2.0648652776836416,1.2218046849767015,-0.3997705114430575,0.15714578370253451,-0.0022381164741810933,-1.0674339329604994,-1.2590649114481933,-1.0053151259972355,-0.723168438829393,0.36660624701380495,-0.7957176635206115,1.7464906315946216,1.027151035893151,0.8083595496657083,-0.11965890247315014,1.5142807357204837,-0.21800563112112403,-0.031261414154246076,0.1699745397492694,0.701823040543344,0.6369080790029854,-0.4751252784446032,-0.5329937194259537,0.6399029571520845,0.7152365838912327,-0.3933511248228728,-1.587188069678454,-0.20731609600824458,0.6235257988258587,1.8054168464197806,-1.197957962340662,-0.42657125283057357,-0.3894035615253766,1.3558053394315013,-0.03494150045863278,-0.9073265593722656,0.5586952829218191,-0.40463852004094636,-1.2243872733579544,-0.8927733072761507,1.734041954422619,0.38420922164946225,0.10776005545254295,-0.24989373581204613,0.2921488421187989,0.2802359460024943,0.2921688282073261,0.114845090277753,0.8687983383055493,0.02310434600073103,-0.9779388355526387,-0.6124228909008682,-1.9790186934897123,2.0268171160423925,0.8627545919526867,-0.8300704951292369,-0.2818448493970999,-0.6368764742064333,1.542547211374117,-1.419877164270929,0.11447605881877927,-0.10852784256484785,0.8268386307091143,-0.104009227724695,-1.7582088766554351,-0.25111783464244086,-0.972162217943325,0.07957954655656065,1.4341770365203266,-1.7394252442322782,-0.8002227353999037,-0.552692953783497,-0.38163109541321133,0.7401256641052443,-0.1735444175613875,0.4158027257204452,-0.6257730437317763,0.22992434541793752,0.7777976308777149,-0.7322995497370884,0.7813581198065147,0.05237276872756848,1.0454602404822526,-0.20141990007697352,0.3812446551620988,-0.04060623167853,-0.09621226204057896,0.25893042822568985,0.5368074692249037,-1.249564911924005,1.4336336088178778,-1.8596630405497985,-0.684812109738896,-0.09426907076490067,0.4123559690859481,1.5761725277413785,-1.8582914882251074,-0.5076941283897106,-2.1268334877992654,0.03162197391024777,0.27168358450003066,1.5907957421712526,0.12063476089345412,1.0440251294423797,0.583837081539059,-0.4352481970051683,-1.4089607467920393,0.2750022982918108,-1.4921020171453638,1.295207072669644,-0.16206210203682392,1.1951774115114164,-0.48021443413239945,0.2688507864009919,0.20934885733468878,-0.04504411801092395,-0.4326595133965921,0.3924560184705202,-0.9261632634832083,-1.2094353289590587,1.2428268933268276,0.7271679888921005,0.06589160860223994,1.6651423825437814,-0.26776551872484483,1.3227032199889794,0.17557408492582183,-1.0247507500763902,1.8480401917708498,0.9907108466240852,-0.1210210310095643,0.7271712595339491,-0.4037034339979068,0.829149035059542,-2.3910785652839595,-1.0198013336945937,0.9792597442869628,-0.24965553821891934,0.2075422948887419,-1.3467856621154346,1.847866995702103,1.1905296437176767,-0.20068521837532977,-0.4046958568633263,1.029604361419693,1.9824704501689276,0.9537602558113537,2.171802667396602,-0.922351329061918,-0.8193868304987907,-1.1889411180533487,0.44176064964947936,0.1756035498043702,-0.15195112347198586,0.8092586281232986,1.232328605214664,-1.525662409286842,-0.5969720279011155,0.8201435941230599,-0.467738683858582,-0.7982060763581541,1.0185374276503947,-1.28950006972398,-0.301579807791105,0.32864402580480856,-0.5738199139101188,0.7831556560131748,-0.568876975197369,1.4086194934459193,-0.12574629749577262,0.6712701367053535,0.7460239529828163,-0.6275400027440727,-2.0534865486558886,0.36075575466383486,0.0722883471248695,0.5558260275751273,-0.22652747238283805,-0.43042769880071585,2.0084730109816995,-1.4723540615107777,0.7339504783642384,-0.574601858183391,-0.33577861774042206,-0.3171028325739657,-0.8034342741712571,0.5712242102362395,1.3906435959499572,0.47001366124666144,0.10338199621209512,-0.9864404990992466,0.5168252658244509,2.1563496317292987,-0.3806946237950925,-0.37598357935186616,-0.5610891309809973,-0.4894142344944204,-2.7452995536723845,0.4050353858557128,-0.8455521763546138,-1.6102631187918002,0.7531899497325488,-1.0820177850419361,-0.3386690538837576,1.46644239118858,-1.4092157980245135,-1.532598234597762,0.26930618956233815,1.1494873640103684,-1.574341717731963,0.4076897368371771,0.5809995399616921,-2.0591604836923203,0.7985013379072202,0.8766058798421794,-0.31178557325602474,1.2523463622980082,1.1364555743248452,0.10311792571720485,-0.45144539032493364,-0.9728278925829571,-0.03756350936619123,0.569758919704179,-0.32417686104064125,-2.19750100526203,1.2687138945765704,0.19022322184489376,-0.37962449667683384,0.8571583884232884,1.5246385964827562,-2.8019115694878916,0.43426364992207156,-1.4266492108103472,0.49911050679894126,0.12792720237457925,0.6357265264405499,-0.4992476144946552,-1.873240111819152,-0.4503681912566681,0.40684763513978306,1.0153923286752233,-1.1718313004725252,1.0270604268730175,-0.6478722896465213,0.3624498815945265,-0.5098939528656328,0.18217062771210168,0.8918776345702746,-1.2270140772885358,-0.6799058967468314,0.18496258734208662,2.4015836610303523,-0.863189712166828,2.040133885996919,2.004423303675171,-0.09731115070159116,-0.2981525261999003,-0.6920651986646917,-0.0682025303326691,-1.406719432559558,-0.0762390173205976,1.4968802738508562,-0.6110850624767177,-0.24072430398905076,-1.7011404742672418,0.3740620881310435,0.2644816849513739,0.0637023597657709,-0.21682705022214338,-0.2927579187724547,0.5019002337006719,-0.02881660158862331,0.3149718715553322,0.21498281745454795,1.1234272870957618,0.6769940973750542,0.19286184315019064,1.5184220306521798,0.4202685290565615,1.3049626887904189,0.6069426083866378,-1.841919078931543,1.3048347633193296,0.1351762413426691,-0.05195477090077795,0.28134834748957704,-0.3449831619570674,0.2270288603889453,-0.5918760663430924,1.27427225873437,-0.1135881136210503,-0.3825838427224335,-0.9249258157192739,0.2687757891486415,0.1871071001250919,0.3884246136775064,-1.0272518875051289,-1.601181198811573,0.6255913025065598,1.4846418618765076,-1.0263536223898961,1.5894412835616984,0.2839110587363809,-0.007062904550829715,-0.397548696545778,-1.3845180194249966,0.9877285159245996,-0.7756063614376031,-0.7798066757376003,0.9919263098869546,-1.8829834466717266,-1.5235978106681667,-0.01813424350808177,0.2932844290048521,0.48473464796892385,-0.3017984933962528,2.5303696686416894,-0.22789255876583409,-0.23078615210272213,-0.7969866688138775,0.12390681652107108,0.6149612320467747,1.20357805453346,-1.489284264440218,-0.2459953383557008,0.44670361080914417,0.5870575345945356,0.006548657804539276,0.5424239695321018,-0.8089638929258004,1.5579054323183568,0.9926281029794295,-1.3449277870651724,-1.0751030481167556,-1.0469217501069061,0.6779699708965284,-1.2847277664174672,-0.3310243342080806,0.4547043964167744,-0.06616593454643473,0.2588875157127058,-1.0658027113487583,0.5948543733972447,-0.6132118924759965,-0.32461967439794126,0.23773172790598612,0.10307822153084817,0.023980019015592963,-0.7506268219767557,-0.29954941119919215,0.0021835908370359453,-1.3750852331670849,-0.4625329663133788,0.38767987903284645,-1.2774366038453426,1.1565816515942398,1.2696132625998429,-1.2451505759600856,1.3576196330501393,-0.1435815887121344,0.4185145591570548,-0.4966510521282467,0.9230448272267618,0.4060940188486671,-0.8141532565976035,-1.1652019999652885,-1.4603024352092226,0.18794177643275645,0.5724714117797358,0.6509656787794414,-0.11798109460737784,-1.156996455664364,-0.682074798023783,1.1523486389619257,-0.48462856460008136,0.14341763068147614,-1.0756504835748875,0.33658304545903495,-0.45768456167907784,1.0467127137757637,0.7735577062068134,-0.4957059465748997,-0.12666402734766338,-0.5511162400406288,-1.4194331965450098,-0.8574424295472166,0.19821732772082012,0.3252594982295819,0.1485479035926389,-0.30173305395863576,0.9330666057209853,0.06354190456093739,0.7032538280959473,-1.7737751322025186,-3.9224002516183423,0.2837880278380801,-1.4247656537214894,-0.21245170271305602,-0.30209704102460566,1.587400602415537,0.3999965529436064,0.16585902679867273,0.8369911546336737,0.36849758683903877,-0.45767699298843306,1.0714759302545598,-1.1097501278882742,0.32324718753356224,-1.5475697941363111,0.20394385751599503,0.1929896417729295,1.6764549619146627,-1.5649738934417794,-0.6008871758538126,0.8226824265741438,0.33531725639730775,0.18030505133750305,-0.9561357029585392,-0.5908183480914292,1.2450410082232566,-0.051509193753927957,0.3753596961444733,-0.115188328776479,-1.1830855152497652,0.9338104260749966,0.5032323845324963,2.305636837367189,-1.015581379650545,0.8225729212004805,-1.3115439660370012,0.15734656767307767,0.9765065890631646,-2.072135116096487,-0.20493247424160788,-0.5632097340426203,-0.7019572982951219,0.3852126522593542,1.1206857064225952,-0.1332787152291555,0.20548642756002017,0.11430875305924776,0.0018035063564141765,-1.0893426377121063,1.1084446017228928,0.295195368158836,0.39488149000257766,-0.8065096290255822,-0.4592203979892406,-0.17613419771077837,-1.5341246934488515,-1.6880343251976782,-0.6007479306385678,0.52252076644239,-0.6531373899299409,-1.0188051975907135,-0.8146856532376702,-0.4553424231453126,-0.35385896282010376,2.1655214522065567,1.0546206284873183,1.024774112281728,1.1685803642733814,-0.9988208693340495,-1.2223646149872391,-1.1068702915340567,1.3345061333378379,-0.547191788882491,-1.251356182239287,-0.430996200219813,-0.23860553171462742,0.26841327369456214,0.250951020712043,-0.8281805638735081,0.6856563925137109,-0.6391935337501581,-0.15627633670504304,0.686774070503355,-0.6418214039443414,-0.5693514235811376,0.591668049693131,-0.8577331766050195,-0.38479202360407067,0.5557421780428925,2.054092441435975,0.6054045047627467,0.47263976299001165,0.5308015836727296,-1.0731902740670494,0.115596738679908,-0.029766488336401747,0.32158454037275613,0.11650805247587083,0.37969967741711247,-0.31146719489920155,0.058608917371792725,-1.227828566056992,-0.3199072780029138,1.3908335481766434,0.3188083396282559,-0.020921037383076883,1.8961232762543467,-1.3608349783010791,-1.1094555554462198,1.7127114112762727,0.04596093604893383,-0.24258303628979377,-1.1992043250956432,0.44769626639501187,0.5444598695274623,-1.0944943608348963,-0.14027558555042832,-0.33551583203306606,0.25597714641877106,-1.1192502422206438,1.2519474545131573,0.9158237815976042,-0.36317555873281615,-0.2164187116383712,-0.13642215027761603,-0.7783085530065034,-0.4434294182350357,-0.27027036767460905,1.612868370707128,0.9466183083304367,0.9346547073366236,0.3699256130043903,-1.1173270089312346,-0.041491104577379236,0.9704884596133799,-1.258264629367288,0.6365532068732643,2.322609225262766,1.0618166459897318,1.4140291355619874,0.2183387504421607,0.9679319487649898,-0.7178532143540355,0.7958638123412264,0.6543881340607632,0.2899111740376629,1.3160074197184983,-0.5387848378473886,-0.18705751647366262,0.09546204135829657,-1.0296109710894006,0.22693194380024787,-1.718930412953847,1.0469545344282092,0.046637366565965746,-0.5208929039037633,-0.8343736122951215,-0.23457902961918758,0.6882597107724135,0.5477389787375606,-0.705537947278461,-0.8460396726276345,0.6568987063196474,-0.7223474046150294,0.05990977407950356,0.12375464252427706,0.3120621317267384,0.8582704301818718,-1.2629629368673227,-1.9111593252604877,-0.5674472812283516,1.801528407832186,2.0221741000873785,1.8311771355658875,-0.1929813677606896,-1.7821150819848288,-2.343039101651841,-0.6140381615494112,-0.19807363014936016,1.3006254010559588,0.8678054595424457,0.2274050789916206,-0.8898447709411417,-0.9607795582448903,0.2541276870714354,0.6970509788397266,0.39188126224558456,-1.0345979596066548,0.6506676287920862,0.4259109671014114,-1.0706664061901783,-0.7843209703002557,0.6884959745615665,-0.23450753514589096,1.5891473016364572,0.5011292760645764,-0.48663118818926915,-0.01020560039093268,0.06338339263771817,-0.72839031324171,-0.9125881981776266,0.7013898938094993,0.8452732970420956,0.6037814695529586,1.5153180943238018,-0.5417732360116019,1.6742707660711302,-0.9009211185541528,-1.0126855633684928,-1.7599588821492502,-0.44579531382681703,-0.5037223368294537,0.5259372802546505,0.24389094162045094,-1.1929733710191368,-0.39272623842581755,-0.37146202108768545,-1.7759822469618927,-0.9809467270133695,-0.7708136306140894,1.4336250198209464,0.19145071595735258,0.6621687539474996,-1.498635497149212,1.1942144830139918,1.3011020630240928,-1.998344967144626,-0.7053167239158482,0.49576557301551033,0.6443884535381822,-0.6784947304872218,-0.3054994630536529,-0.5973810610451429,0.11041804694611956,1.1971785314619128,-0.7710421571412046,1.000820497768414,-0.7816720723468876,-0.8476272124968842,0.8185946183432132,0.9219363780076167,0.8514099367626543,-1.3157974082181412,-0.46595097807205077,0.8229885920033214,0.04154184056389461,-1.0736928461974642,0.4583179391254417,-0.7148072589914705,1.794524848392212,1.5448414624182585,0.6040974263555673,1.3610067047697736,0.0647913501233811,0.7654374943750158,1.477720295302075,0.2454986817943127,-0.25518717151428366,-1.7046219581771158,-0.08313352572149399,0.8234231845623113,0.9456334275676297,0.5043650657184098,-0.5412990949622398,-1.9768215689475905,-0.4952150980047351,-0.3043448710539514,-0.3129289671900141,0.6185563569779244,1.9856764110148397,0.12352920184109302,-0.21673178915646166,-0.2592218130040925,0.1243847669077142,-0.828293760348399,0.12019855874605508,0.4508123363317998,0.20968606357448813,0.4575419340047812,0.4337476093485353,-1.7718966822464437,0.6368701583954032,-0.6710148456624536,-1.095839163003958,-1.1044518278549962,0.4335416104725293,-0.22257492722485295,-1.6819687839854107,0.47803781519228344,-1.4396081307988273,0.13982135851821087,0.23849892567305414,0.8855770816950449,1.7816847864668515,-1.3646763259005417,-0.05247385606304944,-0.27633529504421733,0.43374968596096225,0.21566877093361858,-0.35254624273661994,-0.4409021886108555,-1.1164508551840475,0.9878615824065092,0.45920418159952925,0.9177681977951373,-0.3103961364755137,-0.6568354686944304,-1.0783150666292278,0.3589175837406595,-1.0397932245282346,1.8486630689665502,-1.3076425810934404,0.2736601192125019,1.5668547072137862,0.599089759263809,0.17567371249177932,-0.9684836469618956,-1.381769188567704,0.7700501089175859,1.5061472407749465,-0.43884999047817147,-1.139061507616351,-2.4581694305490185,-0.9807648436625377,-0.11365684249904019,1.5991232408367342,0.6731336922329685,0.305085404706753,-0.40011966130113097,-0.5831657172559563,1.4056475975079636,0.20073854075838948,-2.102600691921022,-0.6735396478972429,-0.8582160317716268,-0.5462640091774649,0.5629106602850852,-0.10744488179424941,-0.07686540700366203,1.3134731613252366,-0.6964610897866884,1.8641995258873496,-0.6713075913710861,0.08919819661257138,-0.2812035954027669,0.12341913350096105,0.44459199507312896,0.43383524008887653,-0.75311733062058,-1.1229146774475707,2.5031717909057107,-0.4839843396005531,0.6992124386719866,-1.6076413105231968,-0.2796127199046768,-0.12719938398244293,0.4728150699278325,-2.722454140991939,0.16614061307833064,-1.1497414553678929,0.32434571119492384,-1.036329196838163,-0.8554826959255813,-0.27362761039326816,-1.0523294696031953,-0.47553444673535483,-1.1933757685433153,-1.8331704516987275,1.0179570524293595,-1.2960486928239283,-0.17868088760798354,0.7528910814937849,-0.6149441025160431,-0.8251658997455379,0.22623808866742148,1.117933822727152,-1.1693152650864689,-0.15014783201743892,-1.7324945949673274,-0.39320100368219,0.034204684538075444,-0.8546246417550657,-0.45699183382523145,-1.40822676830745,0.07707861138149362,1.0556942488831498,-1.0971438697704636,-0.6226717665523829,0.5025462464541818,1.2120907193227362,-1.4931898122089313,-0.16878473741594932,0.283130822319525,-0.10205639062884797,-2.476792066877087,0.5010900093087719,1.5193363510906441,0.11666175116950343,-1.0311060532942633,-0.5131272463642831,1.769913067655593,0.9099625408605586,0.6400266183843293,0.35641258353437605,-0.6611371121909724,-0.20057118065576857,-0.07792273567851586,0.549574316064444,1.5089188942669034,1.118338136793128,-1.4193843557960406,0.22399496890104872,0.736763345167897,0.6188603301446354,-0.6292337633874194,2.9141092157683617,-1.2770845623311189,-1.08318844666605,0.2335950812615763,2.1168030549638535,-0.8361948507041709,-0.2658283656469923,1.0772936730156928,-0.0178621548877335,-0.3346038545302957,0.5656329018867201,0.2725179902295931,1.0304387856367914,1.2914688890653634,0.3070030600053617,0.291732725378309,0.21411098228613354,0.4891305566492876,0.05517063787146392,-0.0006084823222894505,1.1966271208272423,1.5161161803550431,-1.5075529446334208,0.010021151740569072,-0.6886944334452347,-0.3109714664860723,0.40251620973532143,0.6694383715424684,-0.1121264436113449,-1.9133403347228028,-0.9650455805761796,0.896499670200166,-2.7404264220349313,1.1874271516819999,0.5212299906445413,1.316176081530022,-0.19856918688096045,-2.061405424022905,0.430362641506498,1.2746531240383412,0.924721805513421,-0.6626914834880354,0.0867610754626467,-0.532836268779924,-0.8192664641893721,0.955388571179851,-1.1975323112651621,-0.8938164305816126,-1.1040256334723855,-1.4902475232990466,0.14641429184260343,1.161503048481976,-0.18487675624526564,-1.5057478005641665,0.8399445397420275,1.6857017540349715,-0.6462423241465945,-0.4785542667177183,0.5156606300833942,1.6218737477850513,-0.5198341457252261,-1.332449780998205,0.6314186062724064,0.7990680731422993,0.006131450435226853,-0.5581332596574506,0.9943787309920463,0.5280360045479643,-0.7684355169034929,0.0490947313056715,-1.3517075320246466,0.6858904564379201,-0.2622335693828559,-0.4357108323847371,-0.03287448515243416,0.040307699330247825,0.8949300615655605,0.5910905313252215,-0.1564092787928027,0.7636681497189952,0.40073725369161306,-0.4265996362860371,-0.1247181582364859,-0.1482228888431208,0.5052613431742017,-0.36702261472164177,-0.3904091864216333,1.9687573094339588,0.9397354817471042,-0.7606006644251391,0.5709409939421983,0.11835006565517724,0.3915511752600938,0.13734132456510456,1.1896426454852358,0.34562034465144587,-0.062088698214287405,1.0421905769830173,0.233285041087872,0.12147857932905783,0.3140226024861145,-0.0936090233663665,0.009226992995468902,-0.5866945887618727,-0.7511672196238788,-0.9985703864824396,-1.391983286797076,-0.8797173613845565,-0.17426703446692562,0.10311758244563701,-0.2712965631476405,-2.355703490127358,1.5745863577623422,1.0864801228903818,0.4457598512171287,1.907490672553268,-0.9773641174837107,1.8876251206260046,-0.9652140767505479,0.23873792529135657,-1.2738373251342043,0.014694095544366792,0.3861664979983887,-0.1546903311345547,0.7138774440901375,0.09901444948725731,-0.5224147283775092,-0.5668133178023392,0.8109137726156964,-0.6537420298069675,0.9154029704849369,1.2227117928319309,-1.66871386234613,1.1329263873010347,2.060422698444699,0.25200376120192847,0.5990841852948223,1.0370053243691586,-0.2754823151790223,0.1822802235378697,-1.3141995296231093,0.13863502853045098,0.4981119956445415,0.5161630229264693,1.0654247235975804,-0.7748021781355291,-0.5326067566734964,1.8955073459913552,-0.15032837376370992,0.200033787312328,-0.06701004172522106,-0.8216808263050224,1.6235292108918062,-0.5277014119206057,-1.12728552370693,-0.4507402773027516,-2.0017060017255335,-0.6512874649831818,-0.9681285978523266,0.6174286309273244,-0.6734142395598725,0.8878039355788485,1.3984839930693214,0.7811753362875992,-0.2153882888600766,0.14111449670559295,-1.5249849401440596,-0.13377937252123967,-0.8604384680668331,0.6943263811492989,2.572752389244474,0.49982163597380935,-1.9911401489546665,-0.36123019291437297,0.12249092537445466,0.0873574252602637,-0.7308131256087531,0.2452917426369353,-1.2425008369193873,-0.944908722685067,0.6457976416037114,-1.015663230879826,0.5382116054922572,-1.369463774656058,1.764825883791736,-0.7742699224040547,-0.22366657180344413,0.3306132610904059,-0.5653499525010943,0.14340596107130443,0.5753567245201257,0.9606132325034853,0.7914974359729572,-0.171810463802674,-0.14663177404360228,2.3491085580250326,0.9498890682492921,-0.9218236563202137,0.0999881637655518,-0.3351431387781925,-0.1353342339231097,-1.229495157708088,-0.41192323438595313,1.8115557731939131,0.579076300875503,-2.49116140815146,1.2167234924979469,1.0896295229091613,-0.35928530430641653,0.7172635437832151,-0.8593992108172007,-0.47025571626635737,1.4985463606698537,-0.2717300398697084,-1.869731661954991,-0.06330322278133675,-0.0785883929143568,1.1983685693734596,0.014336422175760023,-0.42158231144029273,1.045056145231206,0.12079023250111028,-0.750022681565717,1.1549975605416176,0.19366176451679923,0.002925966679437699,0.1779083914116544,-1.070668371416597,-0.5276537761783373,0.003582601832783283,-0.19466369502467995,1.2724283828165954,0.21740585272700344,0.8549039226364025,0.009395354575849457,1.056288483746123,0.3975277565731539,0.01342048538846011,-0.013283088959019524,-0.9544386262909633,0.5069157201363107,-0.04020473453637896,-0.5019919601812046,1.1064617708120716,-1.2502160258948012,-0.422495895432434,1.0277187487795334,0.31552294092025324,-0.04785892765275731,0.25100354315014656,0.1794141710488413,-1.5166625462859213,-0.3492618853479615,1.6165216545137489,-0.6593241347771676,-0.31830101410433403,-0.5416207633091875,-0.08701522331813741,-0.5831228313242981,0.48674150215806,0.19731341229026655,0.7735476151070181,-1.0509411661889605,-0.34034048288290325,-0.22572263161213502,0.45564691008859476,-0.7932211972070344,0.9156538042583441,1.1864155905176088,-0.9888723476355838,-0.4908728948935657,-0.5319315082920923,2.6323862046774984,-0.4299001052078867,1.6776254421561345,-1.2666319951066096,-0.9896509661643634,-0.6866045318482008,-0.8456893114465224,-0.26789873415849874,-0.7087782027214982,-0.8193415927345735,1.1584719964733277,1.2237936225131651,0.9492964983753157,0.5239989555843281,0.09274306577955228,-0.4970306906659087,-0.953157504755092,0.3629957034326874,-1.173630392546798,-0.9939209291753933,1.1529132562048097,1.900649041722087,0.39329513816648076,1.1064571522946443,-0.24584831744398336,-1.3376741860876842,0.612171618618584,0.5692893232700639,0.07166855388024412,-0.24237545810511135,0.9622105785810979,-0.9857330334274744,-0.7737805788906578,-1.008106506760428,0.08497296263582721,-1.0878930121092583,-0.6842421805152435,-0.7057555622271979,-0.2606083323339582,-1.4873744464039769,0.087204992037267,1.2473036506646777,0.13549137231676192,1.5413211448013207,1.3339981858769252,0.7777350472478546,0.07468584263688564,0.02250038824543957,0.7637997723632599,-0.39167060950403243,-1.8825207514674638,0.49200405410295983,-1.1310686299349713,-0.9621412281903847,0.00022394799578804667,-0.09512487755346981,-1.4120756063156303,0.1654915641331403,0.9661396608610485,-1.1283415702657829,1.2724833308487593;-1.560170825129944,2.1173241443709534,-0.4112604304834833,0.14561699682689125,-1.89203357248567,-0.06213606646930852,0.22848217771819174,-0.08616210409949455,-0.5630810770523736,-0.9465645185278149,1.130526619537311,0.03080713499795014,1.5407523765167723,-0.526482354794923,-0.43479469337221693,0.8155942445961629;-1.622974962003564,-1.213463360152923,1.0974849713531636,-1.1719339292231947,-1.8190510153025476,1.868527188073091,-1.3938176478742055,0.18411939832816962,0.06908519272427115,-2.8106283166180837,-0.2673170231678089,0.44841324947910954,0.3543093815188606,0.9035206838035016,-0.38749131490543404,0.7125044420921607,-0.6893290680800719,-1.410467416412775,-1.2977283756812326,-1.4621104551954147,1.0095859678911938,-1.5145735090585566,0.27403884064930323,-0.265924194072433,-0.1026485734506316,1.3636072951996998,-0.4384273672152734,0.6116015615496833,0.037563351381111706,-0.15201890563269788,2.2999691243864735,-1.4413417457153697,1.2891318354374448,0.6564065654899721,-0.47952499463178405,1.629318517441612,-1.8481101123885366,-0.5217666572990717,-1.2084822042690762,0.41208346487146014,-1.1130641011871776,0.4330639467413191,-0.18643641582155404,-0.47935394265608433,0.3886472460333105,-0.2686216239380641,-1.0886348430590387,2.8013729896349786,-0.4871671830291446,-2.2176090801520147,-0.8420986897213886,-1.2672766883727302,0.8261456160405156,0.321652659591586,0.3987128017903442,-0.3700224658372443,-0.2793502470569215,-0.37093110360766823,-0.08119318413546972,0.8353334353648353,0.33607541250534645,0.5001128296208667,0.49955890824920274,0.8844424373817379,0.28815004154025464,0.3588480726789188,1.1888062411931566,-0.6650459180031121,-0.8557425799515072,-1.185921599186856,0.18291456362025593,-1.8537322412191233,0.46215409605967733,-0.10919309450055267,1.1346396998210568,-0.6719173104649906,-0.20331828541750677,1.1222033332933687,1.3831356467781524,-0.68015236575182,0.1817812325871601,0.2944189776840481,0.3736534056211483,-0.26257565931562216,1.2813833981236349,-1.8897034836215454,-0.421130234801084,0.4479307327729469,0.45722481194934356,1.352759030614763,1.198225393201287,-0.28554162530722377,1.2998712435306046,-0.7140417437774549,0.9308873827918375,1.8105224784209932,1.2149441068549691,0.10577038352412323,-0.3317787717721222,-1.5285912962592862,0.310539637914204,-1.1152172279709192,-0.7931346636139368,-1.1907458007366716,-0.46039233265665513,-0.027969414486982293,0.27361458116570514,-0.6005066354139633,1.0692837063951832,-0.20820525798996595,-0.7877224332655192,0.22629226724343637,1.963552833543816,0.33516056653511783,-0.3628556273736071,-1.527461356118704,-0.21941232097207036,0.23492812508811559,-0.38758089125557005,-1.6653846382409996,-0.8505653895034339,1.4545384608877576,1.434001003730461,-0.8866391692045981,0.6727567871994219,-1.1785727847701737,1.4043162819949524,0.24523584789423636,0.9496414986165338,-1.715093347182539,0.6776371019248881,-0.007674063684503472,0.8519290707908426,0.9148677980978497,0.06578468947474944,-0.6008296390959147,0.7796961821794943,-0.06015449940512768,-0.8727849535276425,-0.9201522314576858,-1.4771644163123816,-0.5102911595630633,1.1026920460743783,0.17782979970543425,-0.5297677059230407,0.8048559381800797,-0.8324766217233888,0.09535027433277855,-0.17963037272551532,0.7791306255883522,-1.5772283709195007,-0.8501977458146558,-1.6382456590945336,-0.25959672180927,1.2114275036324305,-0.5054472096535272,-0.5106839381956507,0.8717244241841364,1.0685495584552998,-0.08857106726878992;0.6847148540498922,-1.0769545408779464,1.3779743339254138,2.1487062939370514,0.5212157911887249,-2.0843316213428005,-0.5582302623977843,0.6128253216693214,-0.4214829971663628,1.2721985542500975"
5,0.289628130301854,"0.3576113268291417,-0.5083737080280446,2.751220225169737,-1.8069167876889403,-0.6210040518890588,-0.2707995990055907,-0.7874192376753404,-0.2535433722685532,0.2616340551354004,1.9454143735602722,0.4760477551096175,1.0103658488725993,-0.9222688849516327,0.445455341270286,-0.08433430001307995,-0.8298269292372155,-1.411813817675963,1.1231803513970275,1.561319898321848,-2.2483422461196554,1.8665049138836811,1.0595369824936263,-2.269818066066459,0.7237542544727527,-0.8962714886901552,0.18675244249993028,0.459428391102014,0.3743014771176881,-0.2847036050189119,0.6883076167147968,3.53469871676843,2.4832298469501337,1.427414598003808,0.7970014320986,0.2508454445872358,-0.46373106155189614,-0.8531227243313547,0.03830937522717326,-0.3923670450883019,0.3209374669739576,-0.8972306370029868,0.2498134633672,1.8360471993075536,-1.1739672811192756,1.2290009207615382,-1.836860708486392,1.4199252850957522,-0.06955752323890235,-1.0592141763398328,0.149054779172982,-3.577433006014754,-1.255954509321646,-0.39012286715549394,-3.0193069930878265,-1.3358502679892519,-2.23843902425458,-1.3450231341512593,0.2809356935998937,-0.9660242050726797,-3.696996633261728,-1.9182108240348512,-2.4068846465434377,-1.9076489382143669,1.4196790919438154,-0.2172659062066507,0.3919342920533637,2.204202164807911,0.2705860582891988,0.6269234273503534,-2.5315011159964613,0.8571581069415071,-1.6762048172030308,-0.40331241418414143,1.1467354038581699,-1.5130911329686578,-2.486821522953691,1.2748186601664848,0.06142624906087856,1.43879693556386,-0.11172677931241533,-0.3159436711409881,0.33857215246470007,-2.0252609777937964,-3.644879921197693,0.15233334659843667,0.48558268748963973,1.1502727776687156,1.381598150320702,-1.6607172862650499,2.487156114525501,-1.1404190235527303,-1.003801621664267,1.253749600379091,3.1326150482197312,-0.8630199815718659,-0.007474640069713434,2.6950667038072575,-1.2857134916213275,0.33435359066184633,0.8409963547689705,0.5610355660057899,1.508192811425103,0.7061435737222856,-1.2576304729694434,3.314538169065384,-0.1998758108257379,0.2894282238209786,1.3609571397999667,0.7313091174067132,-0.08621044193333166,0.23515769164833528,0.8926847877618025,-1.4811039261937362,0.8343802584462469,-0.22616638381455573,0.22271380588112583,3.3971973688318147,0.5637817509496191,0.270599433308396,-2.9460567785201968,0.6730250189098843,-1.6756635614158657,0.7248013446732515,-4.275853262487618,2.2295733678591207,-2.0160627019018316,0.5410855391534044,-0.10965500240745973,0.6708153118383278,0.6369782856778637,0.7686925898658081,0.2430808558980928,-1.9084858126931326,1.1330101263818042,-0.45668201855612,-0.062115713480914575,-1.8598777278364738,0.37852188039565243,-0.20388872659937374,1.769276863365239,2.836276863899743,-0.6318621706628823,-2.2023152362032437,0.09447850210450078,1.4366228695424135,1.7459440929384589,1.2545984806057997,0.9964854325078815,0.8571421605906586,1.8192569213515695,1.3761839403715117,0.6139160677374527,-0.6291357917193471,1.491489976454886,1.226462710404898,0.826677403242196,-0.11469559516673211,-2.0416686162241575,-0.5676296056482959,-0.9363341813530346,1.926104893780025,-3.3183126931607125,-1.1498799966347206,2.3764034561671306,-1.9471665128573132,-0.601218417886939,-2.0421730669707907,-1.4570150575143181,-0.2505887787278683,0.6589579942687617,-1.807225540933553,1.0998857672593871,-0.5866025769543112,1.0920881877532593,3.935901416355996,2.498501778061612,-0.44809039481896096,0.2304125920239108,-0.7705654670950395,2.118234783290985,1.4899980857995672,-0.27244297852402366,0.3196484478748597,0.8760698527310199,0.3855195651297765,3.0339957489590357,0.25938249633026417,0.5251301298728792,0.9234398851507994,1.0153632689085015,1.704061186154843,-0.10969418845146695,1.81767074277729,-0.7374738355655921,-0.48170212647792554,1.572406660179533,-1.7989081006079646,0.8912658199448165,0.4005917667387102,1.2253217416816193,0.09154532032543616,-0.6004806679155215,-0.8017802427629799,-0.9543457907098585,-1.5054912348526217,-1.1579810614577755,-0.6431245474684961,-2.2168011114148785,-0.2819786215978847,1.6773860402577419,-1.1559434808668032,1.7846377495581753,-1.9859837509582652,0.7350482180450975,-0.24217292468847484,-1.9218791682498362,2.138508011918335,2.071092183932916,0.16321587934487777,-1.2835496918862543,1.3450358165924166,2.269142373257878,-0.5533348511401157,0.031053336963084127,-1.4267919792024089,-0.696670902151988,-2.169933551827035,3.166546057510657,-0.8413570455345797,0.8182432374374655,0.7709540332320928,0.19376341463154323,0.5895827399624272,-1.9104995771893292,-1.916869390231699,1.413788146717171,-0.34545230577673347,-2.1024559023338867,-0.16635083526799432,-2.3522858303686505,-0.21376787761015903,1.595558107427246,-1.1624579775723625,0.9786469397056682,-0.34650243809749426,-1.874375657180259,0.32189709804194444,-2.767457727691944,0.7722237472081306,-0.33457540117471946,0.47334340911443074,-0.0709092769494285,-0.1044234045031669,-0.22696199286535945,1.1468595853319912,-0.8374371421652123,1.4130092527755567,0.3583488145540552,-1.6131285212557505,-0.0926483630965802,-0.3665713062445418,2.486712880126537,1.9762012316293855,0.30881223095495625,-0.37772222585257076,0.47052725128855727,-0.2139820633721775,1.3887363986322485,0.7418063574004214,-0.3584479316523593,-0.02506903318763437,2.700728945190612,-0.6772017445494483,-1.18535050698243,-0.8275122264030577,-0.8497320207119898,-0.7630907569502559,2.1430558213878754,1.8359703265665182,1.3911971728339037,1.203156469308467,1.5956710607471276,0.09882871289260448,0.398434393184528,-2.1933547810613323,-1.9154919928379397,-1.9216173556939657,-1.2194789818228473,0.03705570450299822,-2.3446647121358373,0.2577651730292892,-2.7433145275176893,0.21457815434834976,-1.1335499997364151,-3.3434248351820575,-1.6008197439057807,0.05525397115329178,-0.714552533149519,0.7931443842859054,-3.412395703570205,-1.2780762412052031,0.6353953154933718,-0.6983309258549321,-1.851288106115883,-2.195243648724417,-1.491784265233638,1.54514333051184,-0.5788820451237843,-3.3235828956678573,-0.39990068073389784,-1.1748376440598998,1.4797529888027587,0.12149492193614936,-0.9287311535264638,-1.4780564759887602,-0.4540992700624742,-2.239581677489506,-1.2270391362985222,2.247879300681835,3.155390397215859,0.93968963901358,0.7073561512255208,0.6289485908755396,-0.21815990999401502,-0.44095249195963654,0.38376391450793906,-3.3043919683037126,0.5033722305186871,1.83855081302262,-1.8010346642540531,-1.7716068787227415,2.1920210695570814,-0.45687398841979143,-0.5563249987278405,1.5198197932134148,-1.1435440393066498,1.7300640991092133,-0.0682630648843818,-3.1982194069514622,-0.5556713042893796,-1.2252368111764715,1.1495054531039595,-0.8146441548841694,0.7294753454565494,-0.37004824121063296,-1.4492610453194001,1.6069516525025536,0.8290827787953198,0.870173633153708,0.5549910431402356,-0.5018571030142375,1.0019414267519664,1.2860987175463663,0.8602554139868599,1.0094686859555446,-1.925584673297972,4.0252619577230115,3.1029463474782806,-1.3063672854969925,-0.9213431427877423,-0.28014813987806586,1.884496311711862,-0.2516443986856494,-0.13544430615614414,-3.22320304841818,-1.5557110421915006,1.7588937570013818,-1.3940515639108781,-0.2460294613810317,-0.013150637571564594,1.0205183839605083,-0.290065093200948,0.9339056200011109,-3.8180589085423495,2.244400940283815,-0.9901438631899342,-0.9455988557444323,-0.8364336456154786,-1.2034044442412504,-0.44341936627592193,-3.0605378514859316,-0.10966694321762804,2.9119445216763316,1.5226751985788811,1.171507468928326,1.4771807929485918,-0.1967305632399332,-0.7945862307038594,-2.721514006809331,-0.14810457992166115,1.1136785853188875,0.8243756819785576,0.024398413270025898,0.6233926833246495,1.6985540672718948,0.550044133228083,0.5423458886660104,-0.9212888355693826,2.1148220575920016,1.4911053760771698,-0.8861786814698418,2.4254407917029317,-0.8875127339800931,2.4554959179043303,0.680482453454492,0.06938914691156028,-0.7684337911580246,-1.7762239857018187,-0.8681510459150558,0.9502988654258056,1.7548266150415475,-1.8969679150427732,-0.24531597136932182,-0.31725532175958143,-0.14855479544006317,-0.25220186652143983,0.5531023876779609,-1.7454608045902176,1.6720567218913225,0.8519173898836556,-0.1060955144249851,-0.9426111334331009,-1.3289183456407692,-4.823013904609877,3.0133718804031795,-0.6519932618393333,1.1382532054227106,1.0477643634670275,1.8409221984656294,0.3782970883152852,-0.024918825860869798,0.7062747630953162,-0.4876580610372384,-3.745523648907591,-2.375607837105914,0.6351936840878657,-3.836967384531078,1.5591536965213928,0.9720920959554199,-0.5635201390309217,0.859286184202107,-2.266633713972661,0.5463180466021117,-0.503338443241484,-0.5162043593304176,-0.8580376772604907,-0.6755297059381624,0.18635119651776266,1.0530182629183373,0.707968952424938,0.7052069716842713,-1.819637423701593,3.221018217258912,-0.6881847192012805,-0.012288254053368655,-1.1113570614507178,3.2521872044824267,-1.8149909764856882,0.8590598838598988,-0.880428677916864,-0.977555333938358,-0.5122073390334165,0.7426580965910607,-1.3423481976343603,-1.0050871974688316,-2.8990013918625377,1.0385424963877585,0.9923040841221855,-1.413016670093529,0.0619397753298665,2.1226554571176375,0.4399063905414582,-0.16684955857557582,0.7824359110578324,-0.37931308432294186,-0.04670793329037726,1.1155607206164517,-0.2282579111089993,-1.0419659523473945,-1.3917103607299741,-0.8604675400500711,0.898563058966106,-0.22354550961321212,0.06468528045562888,-0.622507173607965,0.7087858281715016,-1.4889738559914587,-2.131676036822694,-0.09071979803008123,0.687489185575231,-0.8578123823766058,-1.2730532330340163,2.247620471693859,-2.9656829894660444,-0.9563920357676428,-0.6067422394103433,-1.9151606610246799,-3.115113304823651,4.0367278304785135,-0.28864754992178226,1.5817983496330004,-1.225791129931244,-2.4723386512690393,-1.2072143622047087,1.4641652076308862,1.243865641439072,-3.814499038412392,0.7646059315375953,-1.3593693993903555,-2.0033012608268574,-0.19985010108002044,1.2779971827694738,-1.181586106677953,2.665691885132887,0.4541337643603697,0.9640071024810515,0.10697876682952362,-0.47787480264993154,1.22173363076397,2.273282869991996,0.1159557246196854,-1.437376621165315,-0.8360880399132101,-0.812548718214249,0.4239179313176734,-0.4418791404570514,1.2006035030836615,0.09128376960681839,-0.9056808301473448,2.6637316713752215,-2.0471981361495017,1.4385617612783266,2.2150929674203406,-1.44852152100386,0.19753889753964604,1.2343814930508825,-0.32649906055538325,-2.703745002352888,2.1293551523444934,-0.0831101471748284,-0.3450906166324488,0.5219107801346937,0.20197172840355726,3.1517283974335246,-3.498081539153808,-0.0892626267698331,1.535200892746607,-2.3188261132008927,-1.0734130884357596,-0.0114516837385098,0.414954170064766,0.7995422148354833,-0.2498487780551425,0.9537181594282832,-0.2598854466246936,-0.08967755047057291,-0.9304553979226995,-2.31230922942388,3.1636331382697227,0.649577195224453,-1.5306155476996184,-1.605627510192192,0.8011435691440779,0.6504481309558433,-0.8710347145307519,-0.47891205125674263,0.8110422438527674,1.0095956811081772,0.4496709648426481,-0.621079896794754,0.5430603180329738,-0.17624139994996513,-1.0382573670923199,0.8331430605471719,0.07241616462542694,-0.6663144682318943,-2.6029811104426246,-0.7357689074329462,3.4257861149180986,2.4590758138465696,1.9850532136278511,2.201342032132221,-2.0099657985127255,0.6236479581248353,0.15308974697273203,1.6972794216821339,-1.4280427464959566,0.6104139531061454,-3.4041343487731286,-1.601918959725635,-2.3079370071700627,-1.0392366320984334,-0.5729963826946712,1.6749676614890037,-1.1295568908888183,-0.19318136518839552,0.27151416725729294,-2.467028264802578,-1.7363733817804956,-0.6313550013602598,-1.165403686723108,0.5145784056930203,-0.7551647606982121,0.5638811612180277,2.604188764077026,-2.212636327088549,0.1937646973525209,-1.132989387137005,0.2716842732331619,1.0120710538570312,-1.6685431641171862,0.4278268158681525,-0.1845732253667921,0.19735385345522094,-1.0314921187527635,-0.07577141350803535,0.03338688810083612,0.518736209770537,-0.17078446478084763,-0.6171847947425267,2.5429223018156843,3.371373349609655,-0.6898303222111113,0.6536802294549605,-1.3594261736882851,0.7846361384851881,-0.2494906043200274,-1.3552052831493608,-0.04264565957831845,-0.6853408367634048,0.06936631379795599,-0.388207912122689,-0.3474085968954175,2.645424927192335,-3.015027586572673,0.19382130932939343,-2.514159055809614,-2.3757478266176095,-1.393331327383859,0.6795811385503174,-2.1123897977786057,2.0951778735803197,-2.814893549164141,-0.31918696656650813,0.9329631445484301,-0.32592339964893113,1.721205347246186,-3.367922204832463,-0.2615811784780555,-0.5051674256499956,-0.8774673082768135,-1.408226704711491,-1.2916343806245472,1.9251846020045729,0.026861512383470898,1.8235350428007147,0.8461630623462589,-0.561668711370037,-1.7396743535081027,-0.9798557323289291,-2.752111965946079,-2.755260408887288,1.9546978999068116,3.22359803881005,-2.1066479013732606,0.9697332140108439,2.4491571477875898,0.1673502793783916,-0.11976739609094567,-1.1321827762075944,-0.9490311825116289,-0.6868835595080018,-1.3518688709655065,3.2458075602424943,1.1116518917958707,1.7115332129793193,-0.19718918298836494,-0.41133136389518465,-1.5230186851876257,-0.03432993800970735,-0.8711653682758673,1.4242348410249766,0.8273271223115741,-0.4761273405242706,-0.4609166962620317,2.7185071391150677,0.736603227421446,3.95468339567598,1.1625157321088908,1.1795011234741466,0.9155884266634295,-2.2676844463211165,0.8186181994492676,2.6605789680852263,-2.738216486636391,-1.4190652031427702,2.686007485303332,2.2010322760479695,0.7660370781219494,1.9790785615639797,0.8870568567805315,0.9394599871406784,-0.11258971959698788,0.9230521888688883,-0.5190342420429119,-0.009568312421188718,2.157129990115478,-0.4073640452398831,-0.7123886411500177,0.6312277997793784,-0.6757085665662599,-0.9786394644256793,1.1079230476550195,-1.6298022035313975,-2.1916753866839414,0.0007127280110741374,-1.4751331764881703,-1.3834982048649223,-0.035890294665497424,0.38797089576770344,-0.08457045602094526,1.293471054798855,3.15171335826245,2.873310044116292,0.6119529561218628,-0.1439652829215734,1.7977064947323627,-2.8909929531171934,0.48752081506617045,-0.5764449020402235,-0.3213507411117795,-1.9722039145078176,2.125036911139315,-1.7645874076760477,0.20122286198879946,-3.0672160474694685,0.4465347621698169,-3.842061090183939,-1.7128636297741486,-0.23698344178982023,1.828742752031843,1.0012217069123015,0.11038608925568061,0.6514118599393705,-1.2073411596206287,0.07365929645900449,-1.1081203882780575,-0.22359600232665577,-0.7405626910472218,1.2446730053568706,2.053546421526325,0.17563492136538228,0.4554733422920462,0.6723238109772682,0.17067603372207815,0.807097360124216,1.2741965936470303,-1.3110704205980903,-2.244949468489806,-1.3819824364929596,0.6272731714326949,-0.12908172453099526,0.12568999310058038,0.765704194777687,-2.4719587227540405,2.6712922508714647,0.6671479099621483,-1.4565016754188767,0.29984673007344986,1.0090061477954382,1.7331966945559483,-3.551084793680726,0.657223949220799,-1.3031599648840584,0.8435931889908126,-2.957833684710355,-0.4917888110280416,-1.187187569472254,0.9829754649028434,1.5801209380810968,-0.3611467844836238,4.275669321132101,-1.8144806710684205,-0.9287433176641392,-1.5199679528624077,-0.06250597590853671,-1.5988418523159158,-1.4765399294460178,0.8957887934295758,-0.018854711182600514,-0.8692960826850817,-2.6447850974471434,-1.3075582401376848,-1.15559297584129,-2.187195154816058,-1.1676107863437635,2.3278792469487946,0.21345918184386126,1.9009883266138425,1.134175631539419,-2.3321416800422927,2.1742755686734467,-1.2409093485916665,-1.3664700018738682,0.2173251891457315,1.4390176348110266,-0.4831554327962917,-0.02802994585889318,-1.7102097790695352,-2.345265373320854,-1.9171709897668623,1.8700375063302794,-0.5879013670013931,0.4404802344375034,-0.32534786475621014,-1.8759983970303709,0.08835006800727296,-0.126314332276721,-2.557042473573269,2.081673602591497,2.1752629263122043,0.9927979593598106,-1.57226938982565,2.923631169743558,1.7097381793977158,0.6566679909630959,2.1596393087622503,1.2950531360886184,1.048124682194962,-1.0929988312536136,0.12657790081951914,-1.409643892679204,2.5950221560989988,-0.5746715176251681,0.26429087641896604,-0.8456524372395091,1.198930406380458,0.8564694492432698,1.969736521815784,0.51095515132764,1.0197713959322052,-2.5994226866214634,0.20460401511401805,0.18878155281296916,0.19202187769614953,-1.977688780924673,-1.5899500468268006,1.466608637519167,1.0993583789435384,2.3124236441535038,-0.23706090409068536,0.4323178753977447,-2.5827396600042443,-2.077889922124272,2.005772144047953,3.141513736505366,-3.009004972059605,-0.9076205625036083,1.0438060049714268,0.31142606522265587,-0.7410969333805805,0.45311763828985074,0.6276044873728761,-0.3415861830984479,0.31295578437011184,-0.5918694521453606,0.5076332264031408,-2.286456544760114,0.32702729857228474,-0.34240080947272833,0.5363359041301194,0.44504000102499863,0.8395458901596043,0.7083128241990119,1.14419147087176,-0.45376701994448454,-0.4376432301977278,-1.6154291188469272,1.3876317711436932,-0.46547574103937817,-0.07305307650531617,0.8923915330359378,-1.3433906464388945,-1.4005508259475472,-0.5298949732831888,0.5456378431393825,-1.5426975975740347,0.40063778973735054,-1.2198202560465066,-1.9937548983017581,-1.0905562006197624,-4.372565410781856,1.0578308012222646,-1.0589565168768713,-1.2315939754355334,-1.432021623051778,-0.7156359628953972,-1.2177787764903107,1.9606368763923319,-4.589667700357291,-0.5318699706931986,0.24056928371685124,-0.7514330870789359,-2.032004774750732,-1.4237089444942428,0.6167055710738354,-0.5779345417728916,-3.3319084642672667,-1.3628225186735448,1.7012621140928297,1.8663027103586238,0.6623449970150611,-0.29170905465188757,-1.3072902687654269,-0.8813050563326013,0.47294479015878044,1.8786890199103876,1.721697254540719,1.0668683781893822,-0.11983093763153285,-1.2426227219573747,-1.1501162429386336,0.011723903447278305,1.1624645243757175,0.48907267424962186,1.0024203651613044,-0.8199923744212032,1.431983742840099,-1.1099129831127517,-2.0829813619034394,0.2900968124954061,-0.19508644504982142,0.16556148796006082,1.8713156089538163,-1.9302917568750657,1.4481476082294207,-1.1518113434033974,0.26242664404978466,2.2252715469794953,0.6698513269099032,-0.15034969178124727,-0.5165670493386458,2.330884883302432,-0.6557030241916534,0.3400970455991857,-1.681797682902424,-0.05249213914086903,0.05434837422419081,-0.12531449772440628,-0.22771511161165986,-0.05625963700320684,0.22145472015797907,-0.033323831568842666,0.6962113020926426,-1.136686564091695,1.8138937616493056,-1.306124030676943,2.146481766661933,1.2393446555490102,0.5738650494201201,-0.15633161709267318,-0.9308538985087631,0.8004011645787472,0.22348038817075533,-2.143134825523486,0.5299658587202769,-0.1640820265226588,-0.08605860746070793,0.7824769437173529,0.17991551512119452,1.163429201178359,-1.7633459913099647,1.0034551233293647,-0.2985097224998794,0.37391064107078287,-0.22854981063803576,-0.7663110650154418,2.1522866401806153,0.5884915706205359,-0.8148645281762709,-1.0354831557371074,1.635263695333001,-1.4607317836398543,-0.45650837357964547,-1.233288281715125,-1.2269431774809172,-1.2972010764002688,0.3702712226750865,-0.24468213908313535,0.675474187947767,1.3451766835007766,-0.6642619172336817,-0.09917863548510436,0.2845634553359648,-2.3392698948115966,0.25600195828040895,-2.1084042106829264,0.0889129523262989,0.7952206296913992,2.6951951926023447,-0.7494902329445368,1.4114466103801266,-0.3180188731280744,1.616292393280568,0.45278677977405163,0.7090164935835044,1.40131702887291,-0.1292092364679806,0.08285401379004853,-0.06351494140690483,2.0551614962254177,-0.6839502871290829,1.7970189903929379,0.37549422854158476,1.3455683180075448,-1.407771191889506,0.7104810421139041,-3.117077462659736,-0.004459946048429975,0.7266670150614212,-2.757516103643586,-1.5193249459707592,1.719934859381998,-0.4535923844402714,0.3561148419611,2.0584137699514042,-0.5978826448295741,1.406787347892617,0.20745419148816907,1.3334705286180852,2.352468372252907,-1.455649747816453,0.39247807979768745,-2.5201998069517026,-1.8542440419548865,-0.9798855051009594,-0.23944280213270797,0.2682419144925644,0.5679642116976172,-0.9717563051917597,1.9695876703069928,0.6337731067365354,-2.1857489435093553,-1.6838236111082745,-0.1516952357493776,-1.8769252679292303,-0.22178156881261396,1.6070052485681094,0.743998367855288,-1.1580396835858195,-1.5251660182991764,2.7212930605239682,1.6564397209343409,-2.0035568741077836,-0.9044261154733931,2.4730872042908207,3.3178199158558352,-0.36838157306449587,0.3000834992232009,-0.3323171204401194,-0.12779816258744914,0.7970763841655089,-0.9185061759079616,-1.4006879334221989,0.3813102832797719,-1.3498306602116912,1.2343676573261952,1.1306400164916708,-1.0989262336691226,-0.19562365935824744,0.004419632029818654,-0.3226127068791238,-0.157894906954572,2.178966462358852,0.09423064775188839,1.9439144361080656,-1.8698218605173573,-2.8851622264536334,-2.0390396198983503,0.036588542995318774,-0.01630454512505121,0.5045752914923165,-0.8293065844735699,-1.9760139679586337,0.71310910185345,-0.8925118030018881,0.48837966725614534,0.26074661771639623,0.11331151055745203,1.2109205064331185,-0.5443712465566283,-1.3640053134776282,-0.5646793706404368,-0.07209596458807843,1.372873805050765,1.4078837063649,-1.211183238253372,1.081951877363967,-0.5877777259954574,2.8798045921293776,-2.9300945243601917,-0.30345332505614864,-0.19657839443019126,0.010547751228319246,4.518185656686664,-0.39258297544595416,-0.1370705587214674,0.8996185936545926,-2.9488056198239883,0.09163566054034672,0.31018115991406536,0.9684536183943895,2.299636671086695,0.20474331518659192,-0.9169793376662784,-0.3227570502610747,-0.9153953130382997,-1.679841846244352,0.38638084038056764,1.4955057294051766,0.787355992996174,1.0153973291371834,1.9394322297224933,-1.9994183970420334,0.2852373985621345,1.293727849744554,0.7495501546160921,-1.1368149122984796,-1.0965267217765418,0.328970595522442,0.5867518713472389,0.3784374271360924,-1.2269387751439904,-0.006374935963962408,1.5244928081266342,1.097974283309331,-0.6410806692054477,-0.47431537981749183,-0.19135580003459174,-0.2794848001966994,0.17106029542958456,0.5517702436752925,2.32439679830651,-2.1289533028028353,0.669642263052681,-1.4640141710532424,-0.6430633148292472,-0.11566571655293023,-0.5352227321267666,0.7270814796642822,-1.714138674318548,-2.871803542157374;0.6790433526846058,0.568551624045513,0.2241506593663033,0.8314090728370929,0.8462708868820209,2.1351118819735833,-0.05315297108145167,0.9891301166232667,2.9123759273000833,0.05268779993330752,-0.8303405780579067,-1.9505566367684897,0.5916937163051283,0.7253771245562679,-1.6908085606336072,-3.7561279680176574;-0.1822436323107699,0.49946724548516286,2.4169560970061497,1.1006033734188896,0.6451986805072609,1.7213906073398673,1.2325429544363375,-1.2461382278814108,-0.525471534311934,1.6653842359722948,1.0507343736578756,0.6788948865947939,-3.0081817633044436,0.6770433863447771,-0.5788593515002377,-0.7752529870407823,-0.5187870592840613,1.6586130741243776,-2.0983721639723445,2.373235618143133,-2.931718475383077,3.1817310008667348,1.807226171061858,-0.3943381224424124,-1.5274031718661556,-0.17996985476220767,0.4975145642167868,0.10666853799705517,-1.0415345516790726,-0.8694965018191771,-1.6509794204485257,1.4893491482259744,1.0640785261300685,-1.731872748088902,-0.5621248871595006,2.1488038885889127,1.5245649383476207,-2.393678864660206,-0.5314277816911992,-1.6403342793595497,0.6204128064558228,-0.4836456614440736,-3.198610703490634,2.1095152204966316,-1.4950960466798906,-1.5773691941533439,2.7518876284524567,-1.1187315146362224,0.28834116388484843,-1.8726810686400988,0.019229504681269993,0.5374843093209183,-1.9909508606443471,2.272690314001408,-0.26853074389613035,2.4900436373519046,1.1952337868054668,4.74044768845667,-0.5114604216299696,-1.0979565407451723,-1.7882519400856633,-1.1523976279379928,2.8742052960292415,-0.5411138687081963,-1.8838540153629408,-1.7226007495690694,-2.06823117661097,0.19562324717934493,-3.14796196646372,0.24924278845666364,-4.285233334751846,1.747107944671467,1.3187242370535897,1.1734583431336025,0.11569431962531052,-2.045554266141175,3.685174274330107,2.3986981187495617,-1.9476512022375863,-0.7529310350340218,0.08470233769762658,1.3314229483953106,-0.11483444107438401,-1.3164871212875804,-0.0709246231540944,-1.2834198401218209,0.6170060654299944,1.1433402539420459,-3.4063652424662045,0.9811955133071747,-0.9277677432669036,1.1259748617668162,-1.4529910173378981,0.24744670797007817,-0.7146985226170552,0.11134250337557872,0.8845315009378978,-0.2615216189235722,-1.1988067434428473,0.7880417480841084,-0.6990548738925063,-0.434099844263207,1.398384359844538,0.11796896874443247,2.5961400810710034,-0.14062929986063932,0.6953060184001882,-0.060901105447971615,-0.3849386931281342,-0.902868829505096,-1.1910454906197778,-1.856431063105671,1.780537405335688,0.6792450067177865,-1.530771095137865,-3.812572938649031,1.7130628870187734,-0.21785338493774975,-0.275716644084075,-0.7266338868301434,-1.1052171520550123,-0.3612815982759675,2.597211923952165,1.3988095016103057,1.4516615834448254,-1.1666416595780251,-1.1378220212803971,0.3935697413562153,0.5671608383176788,-0.472099869898147,-0.3875540916462443,-2.6544625044077863,2.289675819180752,-0.6694431619128234,-0.3265041823316014,0.3054474707975292,-2.24044614338498,0.2542152573270242,0.6471405285138987,1.0640739875285343,0.26948230497811343,-1.6894321045627694,-0.02457175226587749,1.116431114960104,-0.009493990732639457,-1.9953034832207597,0.7113076926402979,-0.4088458954670792,-2.9012504242729307,-0.9631188902310404,-0.33172746928875874,0.841862598332477,0.9617380804302509,0.9007853916379595,-1.776483855753355,-1.145167053596471,1.666110232722448,1.4029070303880018,1.5347797523316835,2.919006923036359;-1.4966747712042894,-0.5036051325224555,1.547080252351373,0.07118837000076433,3.0737077494155187,1.6591889726262048,-0.6182528022234969,-0.5421751905505775,-0.09326449040061237,-1.2110550225432442"
6,0.17635487139236455,"0.6559556222187976,0.06299778557854581,-0.07090810708075847,-0.8045426146940825,0.6549797939138383,1.67818537889891,-2.216877677335556,-0.07750118878771532,-0.9703483494136004,-1.4904659940538516,-1.129975870784416,0.3796728556844046,0.404962197591166,1.4602877611748,0.008781547145461293,-1.7582216298695785,-0.23816954237597165,-1.3863790722157838,-1.206795886422005,0.5805590584064954,0.19418090559442003,0.5875655954353307,-0.357492847271728,0.790529563425356,-0.41340289829011123,1.1166828327422471,0.3446389394715425,-0.20699687048461748,0.21209304417609687,-0.017860700974917706,1.596106515312923,0.24543762257878912,-0.001612672394508496,-0.2384908570507993,0.843184219245011,0.7079133390535047,-0.27384163031262815,-1.1556415146228087,-0.9019681383783537,-0.18416253954219608,1.348927506119083,-0.25017662924691386,-0.5941236099655645,-1.7607193132486463,1.5135414356022965,0.56902814598146,0.7960099700058577,0.9616880519293749,-0.16473022875896323,0.08459063374753534,1.4886019419519942,0.17958088931913696,0.5875252900639945,0.8705507172005115,0.6429313324226437,-0.12816917026649377,-0.03388384281391958,0.7776404379759422,0.7760028599347263,1.1682325990194617,0.5510969833098386,0.5966056135920548,-0.44623336678444686,-0.5811495110719016,0.7806306743514945,-0.574185068016375,-0.020701003116861988,1.3790232409712908,1.220570292345089,0.3017888307971837,-0.2961395798337102,-0.12337891034350469,0.8676601410556147,-0.03649927744616561,-0.558282393010264,1.215774756407974,0.1816001391292812,-0.5772558209917463,0.47894018893263096,0.9712184131925081,-1.0076730647877605,-0.20045391335293464,-0.2466833675884122,0.45228716578347633,0.6320083228598582,-0.5514739112794855,-1.492751175906025,1.0317987545994007,-1.1199452705772128,0.27118420504387725,-0.13198089873068228,0.1624439052040752,1.6512339717068583,3.0382816136218285,-1.6334374113986085,0.9839061553329236,-0.15624777267764606,1.0478545137125523,0.9572630761791636,1.4097448071981633,0.2849649151626972,-0.8895764849550238,0.9276494887096202,0.1179975761440643,-0.23384321513413248,-0.47622388070496197,1.0063355691051292,1.603369492007377,-1.1953525586996343,0.6219522424789306,-0.3723871854226452,-1.4672723981921136,0.14770582076300817,-0.8331377801895606,-1.5777532278001976,-0.7817404722245345,-1.0277739179138536,-0.6466868530633912,-1.325884076953689,-0.3951401086262139,-0.7132491280839726,0.37561387714565736,0.5935389863983155,0.2601485767784419,-0.23544445787350907,-0.2624275956923146,-0.8370749874113654,-0.8129946594099369,0.7036038680787361,-1.7597025986504642,-0.0807249383129424,-0.32352906156120115,0.5991321013748925,-1.4250119834223507,0.01248070548593954,0.3429843413591068,-1.9047312186239949,-1.0743279728617372,-0.09178984681279126,0.5141469076343045,0.1824993111126999,0.5604542529498073,-1.0793725126406546,-1.5887503497280266,0.08450580575678937,-1.2293532382141148,-0.8653223260478031,0.9322783548263736,0.18909955676685122,-0.5681449052554144,-0.6980315046409635,0.6209215568891648,0.21197093564998332,-1.214556642322691,-1.9478237331009474,1.8818018326401498,-1.2224792253175578,0.5276965033001229,1.5106929323381741,0.1475975688331556,-0.6004366764672047,-1.4260490416957121,-1.4400105363200304,0.37669484867638603,1.4509763229499846,-0.39545909670452917,-0.5557204621493641,0.6974810908111866,-0.6859472539047468,0.27448290762842115,0.04180145008551258,-0.40946805857805557,-0.015538158736520495,1.7631521146499791,0.6045329441009561,1.0925008042559785,-0.918694360920061,1.0959361476075746,0.639020475468985,-1.4995960965593678,0.5397907333710997,-0.5132741367946773,-1.5458036763256162,0.12977573232761952,0.5390425910626099,0.15160806864456286,-0.1091385848457553,-0.33058533845833193,2.466588009341556,-1.182569388528646,0.8729219823572034,0.015422970888983768,-0.8544665062670321,-0.04839905062857898,-1.3929326375886175,-0.5954904068068536,-0.04693432583560569,-1.5511170585991298,0.5063825384880583,-0.9637610409115323,-1.4517209580135524,-1.0804177358283704,2.1759541618354867,-1.9780641418688398,0.4361230887697904,-0.7516362710192865,-0.3501281715175616,0.6039309286803327,0.5548187148389204,-0.6806964191617907,-1.357824006633294,0.6221409737006393,0.5523771930093442,-0.2849695087881883,0.44194438380837825,-0.4458294809755354,-0.8270375650347882,0.003962181121075194,0.5190327410915175,0.30925026955243373,0.5091626800766724,-0.7605788732891259,1.5818811247582527,-0.3423808553386246,-0.11891565147659144,-1.3186559092178678,-0.1938551562972839,0.5322377368515171,0.7625106126926647,1.5619407371867822,0.5202348958254609,0.2769131957997032,-0.44629511151431916,-0.6617404082330068,0.9702485146681558,0.9510703517389086,-1.0770127008487727,0.7230958871534814,0.6503836913958424,-1.1138088850141943,0.5404568047891768,-1.0495464594818074,-2.4292929676734887,-0.1601024136920497,0.25781470525498895,-0.1150708048831132,2.8671068171879743,0.37885122923497444,0.14714181929870035,0.4295913033140909,-0.44131900440009764,0.9294790620935388,0.36100194617710163,0.3151717038924908,-0.6241202228669391,-1.5643303264490933,-0.5013860890772907,0.2826338562598923,-0.4446994797449462,0.29172716706737095,-0.2323618768563049,0.43057948462652357,-0.9768241258753142,0.1928900118850813,-0.640954146351397,-1.538282942130636,-0.16515412302837496,1.5363175738180468,-1.4585764078459824,0.11939225039419937,0.7975770632642244,2.3000306851444514,-0.4929329824466878,-0.632000604604313,-1.1666921959392664,1.1405163348462193,-0.8674143292390752,-0.37059643177535007,-1.8489378773712553,0.883971842678526,1.1582582807780262,0.8457750635843653,-1.605325281353718,0.6071510407793064,-1.672670384724001,0.058040302064240386,0.2050775799837972,0.31018321810826505,0.5346365326374684,-0.008033603559272125,-1.9624295127285525,0.5351210087995322,0.0976081411277479,-0.9026197913712333,-1.5693974211366089,1.5400221859243586,1.2313005382906828,0.7059574073074546,-0.6762999112347031,-2.5169955522115175,0.7646791754352351,0.36668677385507503,-0.3746623090721766,1.1248063066978762,0.8479975339628499,0.17609548823084945,0.035058417871113794,0.05096771759968127,0.6799398728347459,-0.8574763465429882,0.4259831217850366,-0.9205909444695907,1.3365551717522342,0.5321285715752346,-0.6882282616389296,0.08059582402974991,-0.8537863800280407,1.504112837700796,1.6228759844712095,0.696223682562848,1.5566565676545774,0.15179594887250042,0.763512567174797,1.2247245219097556,-0.005743595515917001,0.07110385731734516,0.9336566014288975,0.6464979655959932,-0.7554607202010528,-2.186829371271469,-0.17552806259704828,-2.096914179225179,-0.9910173361055483,-0.8742869572003843,-0.5686423109401264,0.8204381441635414,1.0376795407302604,0.5087407198072074,0.6325069760618053,0.6561204563686461,-2.496829991220924,0.010197682007116406,-1.7964587211700052,0.5091394756715406,-2.093108147319697,-0.18043853535069926,0.5477697760195868,-1.117757948316312,0.9617159605132203,0.5066221699517468,0.38082469583790973,0.698001587510532,-0.3592000877666557,0.15191886375680877,0.010051572234199141,-0.01254894461614478,-0.6720310766470772,-1.2425321147227057,-0.33685834928947517,-0.3919479071942671,-0.7367309875168898,0.8520537818100243,-1.172206617855613,-0.1715091588912414,1.1663397115612522,0.9091293525995522,1.2162938850972826,-0.5907805773742271,0.7842881257277071,-1.0629703969781317,-0.2758739558165403,-0.18175581078019307,-0.5758402121980103,-0.3618139880845252,-0.49337592749735265,-0.9823938111016954,0.8564135060057914,-0.18245000287426927,0.20143654391728583,0.16377687119285475,0.05472642511002143,0.09280454605642857,-0.3054172200310214,1.418396868514863,0.7607447616353589,0.018382032771019827,-0.44705443596606326,-0.11882084272908042,0.41762151637174566,1.4999400925363118,-1.3730475446650445,0.6597747586417776,1.1267236367786344,-1.4867184699052318,-0.18115087673127475,-1.064517973083039,0.43052961167703435,-0.35835093235555227,-0.13013906688012547,-0.4110558072784743,0.7201634327682686,0.2290329605981383,0.23092676403965554,0.1606218250814536,0.572490880452137,-0.2619718548563233,1.7007747875409267,-1.2347947512185196,-1.7259184481696488,-1.8086805686085732,-2.0795881192924357,0.6731698148202521,0.5513676992826408,1.2077764917755949,-1.056638214705522,0.7454614547455006,0.056824062149305965,0.1665864991558592,0.6256228953496078,-0.7562817510624437,2.5872491354044875,1.3318803042753538,-0.5317059539953605,-1.0907380577233479,-0.08790416180469174,0.18225844358204224,1.0656152597083106,-1.168720911568326,0.2854869431991662,-1.529015024414789,0.4363575934111188,-0.10750422045805064,1.9366797622857632,-1.546002544219677,1.3706083814901049,-1.7038313351662184,-1.3272102744065042,-1.6770945584721653,0.2503526084510541,-1.1736988107537336,-1.348331505280538,0.2027676016233806,0.4517753858746905,0.03984930415032582,-0.1622191490215529,1.8289096324371783,0.14583626624197032,0.8056914739222492,0.14292212568995877,-1.0978762882546842,0.5498876819020168,-0.6557973114697923,-0.09098613803923626,0.305402681893426,-1.941418066886643,-1.6095021238917289,0.9094591724975633,-0.663746446598944,-0.6163219891088609,0.16643839737082022,-0.38567259712186935,0.41758838164278955,-0.05112178873304408,0.19860295018044843,-0.7018583902422526,0.1935948232809277,1.105089086835444,-0.5677482161141986,0.9153183002721513,-0.051560318322649144,0.7344816559779378,0.1287713183531109,-0.03341092009792633,0.34972968207636607,1.213597562302249,0.23609729421507558,0.47853083090839754,-0.36848491357670143,1.5708864739950257,0.6403371109296716,0.07770846002500614,-0.1226536722546745,0.9779082692731105,-0.6062040770452595,-1.782875016271333,0.07239959942445533,1.1900045731143436,1.591308811184674,-0.1072939434338799,0.04358766394178335,0.5195304325159551,-0.26434941886376495,0.5164059483911488,-0.08540175106826788,1.0113682571901796,0.7229805130978236,0.8102278323024328,-0.205317644802088,1.9259273205022611,0.4839119423794722,0.24729405348683148,-0.7609429805669716,-0.0970718201485539,0.11437976070263597,-0.7876772964243001,-0.2923171457690879,-0.1658000181030098,0.05592066092321825,-1.7627069900416041,-0.1352705407042644,-0.3773461830799317,-0.020884149624899602,1.035276566180256,2.0523954921212058,0.678377199644627,-1.2344221720663362,-0.3454069518325343,0.5959633088310913,0.4832904964290231,0.9873257354530744,-0.09735099429059582,-0.36350024436550565,1.7524240039160388,0.05867060336963758,-1.0166743760211148,1.475133657032921,-1.4960954913944449,-3.4950452224886055,0.7693867580375736,0.9107009710246312,0.41401294194469096,-1.3024560839920498,-0.0588698552423208,-0.2781685735538712,-0.5372890108923895,1.4120694308092794,-1.046666058631689,0.3161044531063998,1.194046983662575,0.3814415253190378,1.2411183724953738,0.5637147224289293,0.4293496704920289,0.36683486883214705,0.6134432666501503,-0.38553909741226045,-1.3018738518727866,0.9540434114633092,1.161742300505766,0.2519788109060436,-0.5483756196343702,-1.557717116529638,0.0858070999233881,-1.3489503447179714,-1.4889875026379256,-0.020731528015692665,-0.7637695011880145,0.3453095561647705,-0.1592956025618743,-0.60663456622261,-1.7049150807289657,-0.8528881258303576,-0.8161364900510906,-1.225307673514962,-0.32904429524238493,-1.1472519911746517,-0.16374274729121518,0.24041121366865606,-0.8261699543891778,0.42540862941858476,-1.3613578712477037,-1.1121773983962906,-0.11321729762476908,0.6870410918886385,0.8673995414892665,1.6123906221575592,-0.37658887481751024,-0.1275013186783045,-1.032675529017987,-1.253766331991023,0.22857208632752485,-0.7758714994462428,1.2323792000172902,-1.4623857318673907,0.4863532058246964,-1.0057392388170292,-0.8204484667720836,0.5391120652520308,-0.6758804361079083,-0.5157840675199,-0.8121583635515687,1.7850297916134417,-0.6174863110800096,0.05155221743276316,-0.20191360028107427,0.2214170617242611,-0.6147369469659352,-0.20081723454165015,0.39395200899393523,-0.8630071380029918,1.089321356628154,1.1854805190416324,0.6064926261587394,0.06987638359648339,-2.990601448204536,0.4242911326544627,-0.3913304052288644,-0.2462744114175397,-1.8973773305228165,0.4935884858741925,-1.4485810468269544,0.11842454599139433,0.9046574819098411,-0.46932818131755216,1.2160517252284404,-0.7469903782071803,0.6004330767310017,-1.3047857514585275,1.0311304346805235,0.8759903825792899,0.4683579229637297,-0.39328413661381123,-1.402000623428112,-0.3906403152194575,1.1103071757481227,0.12996187156911543,-1.5530369295124498,-1.1247276394199412,1.2531514008522797,0.4879127521278857,-1.2340001207399278,-1.7658314961745936,-0.6250421346000665,-1.8513587079899194,-0.1558344900070006,2.451625371836304,-1.5969560756991719,-0.18602566320621514,1.311926575331251,0.7490878583000953,-0.14874071479913828,-0.14634867016819725,-1.1559097824245792,-0.26765577000555346,0.24344071424013,1.1051135432740902,-0.620175623514756,-0.18983512806346253,-0.9492134807566824,0.22532517954050518,0.7837794503089633,0.6296480134298948,-1.1701870754423553,0.14686320945641482,-0.6773125282501883,1.0110500156528333,-0.16131272277353803,-1.5195133382410844,-0.21980270560773324,0.4584725691988813,0.24400606314279952,-0.5117960136519804,-0.5852733898711462,-0.9875043982163164,-0.39474962033530625,-0.8556789665258027,0.9700859861773148,-0.9011373907316163,0.1222844623622011,0.05430390332633274,0.9456674478849113,1.089368288958371,0.6959699432813283,0.3529283432901299,-1.048646146094058,-1.0688700877382575,-0.845690819764949,0.7519209996279153,0.07332992825063586,0.8686572407355625,1.002802734320083,-0.7259519002992479,0.03207432755718716,-0.012993678683590195,-0.3277876896242152,-0.5348428545247115,1.1847555034110568,0.05197172671550086,0.013144788559767907,-0.8027776748685957,0.6752124304135045,-1.005107500838015,0.4549055288446821,0.4822293600551622,-0.4125150493235687,0.3176520811831798,0.1856695590444871,-0.039360624810149646,0.012943980145232497,0.06178182319352129,0.12991167267204817,0.06024203134370657,-1.1038641902121418,-0.15221095100560478,0.2649486011968721,0.09728872853929155,0.9537502593951385,0.6200865894994544,-0.8704095350531359,-0.16662710805439485,-0.3113366534471879,-0.004348486627184031,-0.002981399838699799,0.6115216692398487,0.17732836314114375,1.2305450052085505,0.24100313766236015,-0.8305905203372766,-0.46728062016821964,0.6037890707317585,-1.6141682645056854,-1.3458804147600452,0.010697207125230437,0.9509221185211658,1.3070354319548776,-0.21710574702177146,1.060828686985884,0.07226790976889787,-1.5314149822432306,-0.008076536478369603,-0.6189081246215511,0.9182308804777409,-0.025675260354486758,-1.2779131065564704,-1.4997148109085592,-0.02097995741445105,-2.4202174714597056,-0.5181652898279008,0.23103032574284177,-1.057016504055358,0.9939871569053297,1.191006549750692,-1.0167009527519517,-0.29804417419648666,0.9946931513214714,-0.0013075342550890683,-1.3944785780990199,-0.14332106856435312,-0.8529283222958393,1.1081978964258854,0.6059320943245888,-0.31375694526562803,0.14214801253004053,-1.3081215769724863,-0.7537774585576116,1.553279187692493,0.05351465257966726,0.930085804791365,0.23201308840802834,1.3142818430295244,-1.9988375325992198,-0.18821758401900646,1.6447816462163891,0.9561734355606442,1.3253722587901913,-0.006764593656490827,-0.5371064154133834,-1.0271644596879284,-1.0969280916615103,0.8070605622085191,0.513211050420852,-0.06657344933036004,0.5081906548516807,0.14245175905206084,0.9622177013994835,0.9526867549081701,-1.0658741004848424,0.2736459874697901,-1.6688667501940821,0.13302073809059622,0.6043042797015853,-1.3137193447931608,-0.4164627354608322,0.009526377219802219,0.2339149163733896,-0.2786037032248349,-1.172288152404672,-0.05400720191925828,-1.652243566940978,-0.2326414366821449,-0.4413736136969297,-0.13426567343942075,-0.5593219774756829,-1.5076808381562004,-0.36634332058951224,0.9308201250373191,1.2614608039888047,2.4393342787192664,1.691650408397664,-1.1969379266681042,-0.40843760127265955,-0.022785634837776975,-0.08555983423369973,0.06953332989622589,2.4075914215475587,-1.0820515457923974,-0.7135311362142988,1.643825930089093,-0.6159813430848522,0.39358065033571576,1.0346573698682087,0.4864990167320297,0.19176563310249223,0.9386107696939839,-0.8930685565049704,-0.4963631294960013,0.5356375884651636,-2.069439259214251,1.4165838233446926,0.3033923751977811,0.1530317527811502,-1.6305128776410573,-1.286609125399738,-0.39858366430086173,0.8074298502955989,-2.0766160121985853,0.7883648007773563,-0.3600313241083667,-0.22342347274165192,0.2535929416908065,0.2693172378464116,-0.7124285899365972,0.6249100884688427,-2.3193981398964385,-0.45041888656765466,0.15368176317690393,-0.34494931521447475,-1.8269103039659818,0.7580273787604709,-1.2483878121270522,-0.06751400752828958,0.15303459706762285,0.019827153765367127,1.1690109258638153,-0.05326255999368678,0.42745540469694027,-0.055904033151241074,0.6129560841662747,1.3934952970475232,0.1375418294721938,0.7818503575829996,1.4553289348821974,1.3571842469742714,-0.3852894036112106,1.0364323557451673,0.24877116004719282,1.1172299977339137,0.5686345835629499,0.27566807603618804,0.43397208034635437,0.2552379560389313,0.2943330451365102,-0.1588323605819089,-0.25172434060751725,1.7631749293726693,0.477527911111184,-0.5733049222313997,-0.27741743142964365,1.056258453447951,-0.7361867100886195,-1.4820276818110107,-1.4084491406020445,-1.7289756002047878,-1.298814858264458,-1.1808659398008103,1.3852373796081388,-0.0461792126592684,-0.3632635391367173,-1.4434130630185737,-0.14312639747134004,-1.7373280625641925,-0.3694171712863648,2.064494389843675,0.663803578706365,-0.20979816035453064,0.6981236054063564,-0.5215431781275682,-0.8006777428791878,1.7041296295328423,-1.1422746539202735,-0.35412123567735054,0.3060332823635102,-0.9362342057574482,0.6506049536314097,-0.30659452464225245,0.6639103275668566,0.5859841797505183,-0.2430121306258299,1.7106586725909851,-0.6653358034334415,1.348870470548737,1.1749332426280408,1.77088220766044,0.17405603934302077,-0.7885857119279899,2.076796585329547,-0.3347014679763642,-0.8135425727055355,-0.1897867459048128,-0.9816907161570776,0.5261488251233458,-0.6056683817585125,-0.28748416990487213,0.9677788616649623,0.6236932101761915,0.015584572569658653,0.17087352874698206,0.01225543063154155,-0.43115506641736445,-0.002526660847787268,0.4908416254929437,-0.1261621289788396,0.41976763023027386,-0.8366687784230472,-0.6038936511457048,-0.7343205032739754,-0.5651313717924064,1.2871810467060911,0.7260387931103602,-1.0769231186843455,0.437498296408455,-0.39058231264857,-0.6823845854715656,-1.485739465722507,0.9719186938202443,-1.3638631496671385,-0.051963178009874454,-0.9463112457248688,0.7758439470699247,-0.33435182631395055,-0.1344626555203447,-0.10073426293003278,0.30257033493578345,0.013004763983309435,-0.043273188961116336,-0.5184019752547779,-1.574729373342093,-1.1185509595418555,0.7184797386806455,-0.30581946332629767,-0.6640097777224797,-1.405728144418045,-1.7196471400903521,-0.7032068801281984,0.8880528540452571,-0.5570701936223185,0.4004855252414476,-0.6030598293979578,0.6388666960288489,-0.3517508018086691,-1.2318842455504964,-0.2689530678994436,1.8340004182804073,1.7898843155508546,0.48653330277936463,-0.1370588154137025,0.30390180209508344,0.3168523387332896,-0.039886752367101534,0.440944019922617,0.20822686215356342,-0.31597238536431355,-1.195256799383643,-0.46005924222016575,0.7995188490735968,-0.03146222449536458,0.30028689158750516,-0.2830155277044124,-1.0595975050106248,-0.23862971487182286,-1.0224559007493514,-1.0862891736035514,1.2056366088694095,-0.42008600493421644,-0.7414847254600336,1.6179596843809054,0.8149850354042416,-0.3715092255018381,0.4276363255523683,-0.23578831826070276,-0.6926796792795997,0.47469122448500445,-0.32430188532020293,0.07549800899940326,1.0213632348996715,0.9112131037953766,-0.5500932918560765,0.48603160228708603,-1.127856246145756,0.4504141613157049,0.14849530580110562,0.3789793623634307,-0.29744475464423265,2.08407127365249,-0.9012997076203142,0.9715517109684616,-1.0316983197683316,0.5043441746293211,0.5757899772517827,0.054975871562285256,-0.4953244105437042,0.14113489074529878,0.26701033343017444,1.7899364863062825,-0.8723402853002961,-0.5559134963140018,0.2847355570693363,-0.2560537903952518,-0.10004103773060016,1.0703518353637607,-2.820266503429235,-0.5979493450178113,-1.7423692262512493,-1.1958164369040705,2.40462449207247,0.5981681339527561,0.9515649250581041,-0.08052964978643137,0.7587138248319099,-1.7665645075202492,1.0382984117696008,-0.8198441185598999,-0.5313158193259131,0.5051510704546522,0.3164467585822151,0.08462004839354878,-1.3630961535803188,0.09981366882164183,0.9605613534832284,-0.532487096099794,1.3149370453402958,-0.8726919359140094,0.006547891718373756,1.5353277333766129,-0.6813999126996095,1.0539854833770739,1.9746523622218093,0.17104406892415022,-0.5270169873833069,-0.7727388029500236,1.3046027033473253,1.276694199339649,1.4493091228686754,-0.032838350655947084,1.037806941527105,-0.04883939112607021,-0.8830551216083591,1.124176785112353,1.6338702782782046,-1.0206019727813198,-1.03943096290067,0.03998193423012464,0.956128605741,-1.1338191937539535,0.22701573695590588,-0.5904269540597518,0.7008290998250021,-0.7978868214958904,0.7718030002741793,-0.1582148108177082,-0.9371405236810427,0.06368995542688848,-1.9379733144883526,-0.5590945721049398,0.3374010703246616,-1.7717547790318953,-2.5711368531054113,-2.3393673198131673,1.32712855550037,-0.07675901276272937,-0.5324653940071872,0.9451547356668297,-0.40444968246911106,0.268461899866732,0.025755350923262824,-0.47099942075297796,0.2941458838891059,0.7732612214201445,-0.18490661701698782,-0.4605555731546149,-0.3425124079994532,-2.2979125327857317,0.2830595465089119,-1.2091112889885514,0.629718724118924,-0.09042410067529387,0.10512109653044063,0.7003291706062024,-0.9265237663409348,0.3692484433509569,0.2676210525626648,-0.18478083264279324,-0.9281862007635379,0.5952383640551641,0.7034545444193161,0.11360202597788406,-1.0703024157146448,-0.5274490329254542,-0.06033272242006658,0.6884945499820935,-1.5834894011131166,-0.5638034643043767,-0.40267255994220236,-0.08322157940302932,-1.3013252840248468,-0.2175327783733332,-0.31048356431258967,-1.0375918714896566,-0.11796758416868414,-0.5411690967855018,0.49558614250970723,-0.8853275610043386,0.08983412212845515,-0.8083888372292681,-0.5997542381588126,0.2972916277054057,0.23471773284215555,-0.4170221825783604,-0.2694106183326679,-1.453606445109524,1.4027643105807002,0.6874563978780281,0.6514480508711067,-1.5950322169562152,-0.5954899924892867,-0.33454602892362273,-1.9310614920340123,0.8899500960760867,1.4538844885481361,2.061934956003614,-1.0458838275177365,0.11732349683427376,1.3228182691504213,-0.25361847894695383,-0.5669879138426778,-1.8660176735444909,1.1326224577717492,-0.019260756073364933,-0.7293418589630624,0.28385728982886005,0.15300537317866494,0.1682591023545915;-0.21709806232667525,1.6223581587633655,-0.13365973326242211,1.6193220763233047,0.5641169264001977,0.3511701427617313,-0.11327475327815528,0.9739566935459205,0.11299176757799528,-0.9321312151135317,-0.9654921909980355,0.42248462193427205,-0.9073788851664958,-0.06223105697249944,1.0571845385510912,0.3039701778943337;-0.7221348703287477,1.4099875116161396,0.5478752369947015,1.0177929872040894,-2.2675583432093025,0.3308528782627462,0.8421578363798933,1.7002886422979921,-1.4638185841510416,1.2061145891945328,1.6443802857012446,-2.0172889772789793,0.47859110986974274,0.6176208143407019,-0.3270076626519062,-0.49009446006628976,0.6678539132878224,-0.614981753410632,-0.21724932841809785,0.8124349008239216,1.7540430503268643,0.5379842725420181,0.13348449541451154,-0.5163974846607704,-1.0106000406510562,1.1095782415009494,-0.1534498511268846,1.1507032746667285,-0.3295518779954617,-0.6492886613610113,0.420798888827516,-0.07653593926840017,-1.2055286046107376,1.817368329781848,-0.6269837737716375,0.9275915211742136,0.8418566293964815,-1.2594627649143568,-1.0023876446164846,-0.30150933970012783,-0.8656465445783166,1.7264563718786883,-0.20017563679851152,0.8897490428140682,0.5136373890002042,0.26402244899635335,0.040321210739587866,1.237130707788697,-0.8250929733350166,1.7263353104565862,-1.287223180504095,0.7815117256224239,-1.4051638599397827,-0.3157055522269598,0.09330993806096685,-0.4866953488295139,-0.18166956961689104,-1.3869704479307934,-0.9874504687235515,0.49826470719588245,0.029671824977444982,-0.6905280258215071,1.3242777631296714,-1.2199308999902159,-0.3615904658640628,-0.5056562781784717,0.6150376277610444,0.048163691137194334,-0.10816524653459693,-1.844216703867239,0.8650344806320929,-0.21782581483173696,0.11566101761041994,-0.7485632200938773,-0.9058287628170728,1.499287758475687,-1.7732385782624127,-1.0541990277827717,1.4804921526690804,0.6407463809986538,-0.3254625317424196,1.2465963142886531,0.44686011639600887,0.23266009197441945,0.22556201710241766,0.4652382172144937,0.5056925012974529,2.195973052895957,-0.1948928116726721,-0.16404718814820396,-1.2368931875707139,-0.05189738682101813,1.862886899544819,0.9844850024346564,-0.5436677438753278,0.03004136452128492,-1.2964383755849946,-0.9691193442983064,0.14944115261371754,-0.49445460282045284,-1.0445997893784182,0.4898407647378922,-0.0822500866533239,-1.5675503716910393,-2.075146966167788,-0.5700114985742541,-1.5882651434415278,-1.8689114064706538,1.1289692014020853,-0.09771088986529282,-0.2654463782255031,-0.18840581615074903,-1.1378321507929698,0.41097616501416834,-0.1307003267325405,-0.7574086559794119,-0.6076286845249997,-1.2274587132122954,-0.40624287290183475,-0.23962788078251399,-0.4322833291299641,0.05515455734158626,-0.07851170476175597,0.2307685386646072,0.9430970369215944,0.5930234772130807,0.9545898405103357,-0.8477342298262288,-0.5086148940886572,0.6535966839459677,0.6714776714320864,-0.6786206175368819,0.6115839257817424,-0.9435321166459417,0.4810557241417938,-0.026296200865641,-1.3844356039063366,-0.434073821759407,2.1822678096954933,0.20278036280499484,2.30044997671826,-1.4439265298750363,0.7507417926638422,-2.5343361918071157,-0.00023548491478317415,0.631217377651321,0.8378900949962763,-0.799269724580413,1.039090421976736,-0.5337147600446945,-0.16409725111239673,-0.43332221935663384,-1.1363893507323315,1.5697195874208587,0.04801781715807684,1.087318378658628,1.0447112417646005,-0.967940214272983,1.2161272476716014,0.5034142435493226;-1.0409018644728891,0.44885083134150466,-1.0229678848680677,1.6064583679786404,0.8137867449220965,-0.07114856219103526,1.2648036182171838,-1.5819876447035377,-0.7493413001200414,-0.25241972174037147"
7,0.1211505354505405,"-1.0608660337338207,-1.2623944338655129,0.9405835107377303,0.30286838618441114,-1.6739257001324814,-1.093865721438615,-1.4309273015266066,-0.8875437385448293,0.5183583245311352,2.3053305033251497,1.2305339823467838,2.535004452484964,-0.6134681565895266,0.8472194359309484,-1.8249752754024389,0.932460940886159,0.14323653923405474,2.222275833830984,0.7535332606616145,-2.1780011915894355,1.109295231885267,0.43019069192612724,1.401445035179582,0.9697553271890137,3.1556028404869174,0.11387884782140023,1.1846893721381486,-0.03777557074811111,0.24527120539252772,1.5483419929970001,0.9020681647437465,3.0752935724493975,0.23610005840010984,0.11797385944752431,1.5941630581319008,1.564614008430166,-1.550002684318595,0.0025328069472758674,-1.4372941760959443,0.29355332738550977,-3.720425702743646,-1.5931150957742313,1.539842330934114,0.7596251585984113,2.1801072527982495,-0.08236628889032085,0.7906796179316824,-1.352680075603607,0.39835980836325935,1.5598378069879708,-3.0121304312080737,-1.5617066133591135,-2.040852908908129,-0.3633442413538034,-0.23908861536933823,-0.7931645085848089,-2.300174485587467,-0.6236393344092168,0.42176070877809635,-2.9891279298907727,-0.7066693554564788,-0.6536256834883029,0.6419459571066124,0.12244789583960303,0.1343294589466867,-4.131621580078767,-0.752403038847115,-0.5023094229781129,0.5171370152970263,-5.638201080653076,-1.2665927992482549,-0.23257902666933541,1.8730415646112817,-0.11691002868427791,-0.8958111596685684,-3.4446250635053888,2.7409936356483042,2.136371586943069,1.5184699177923298,-2.0738673293481447,-1.2461113973628628,-1.538696252521554,-2.790651914604228,-2.739696868452719,2.3950413758427,1.52226951802768,2.962517491300996,-0.09597491192645868,-0.20208784323897733,1.4659367332351625,-0.4547694182398627,0.14671981949476798,2.945385837709104,2.006114087266859,0.8251329196862602,0.6820306491949135,2.5053522601897344,-2.394657034073073,-1.4879027300365948,1.741943192166758,-2.270370658482993,1.1066571321176872,-0.8047835160702608,0.13506427096041285,-1.0570032023573679,-0.5250754348369058,1.5833839360704927,1.5277830834269257,0.16693938164239874,0.2364297939313005,0.8332224590157735,0.8850888071770291,-1.448340760377178,-1.3840957236006959,-2.000777951158227,-0.7831349406030353,0.925047976886708,-0.452295676910211,1.1773325227228875,-0.7040166761020518,1.1851810274234276,-0.048197266122262494,-0.7814619476636291,-2.073823839406244,-0.11543283669841672,0.441562572177844,-1.6907332156640933,-0.056680772931273105,1.8264249343386396,0.8804010831563094,-2.4463744567697736,0.6179878531822277,-0.46610677452671156,1.8425985771440347,0.8105755484947639,-0.35659699305967396,-0.8372576817678218,-0.13596439361462764,2.7517108470729434,0.6886362951762648,0.5445420493088782,0.3692101139395846,-2.1401711717912018,0.24569220908343414,2.8919007564525785,1.4148662849572986,2.297491148702,0.03869739748556576,0.18630307388860845,-0.5628372367523983,1.3545581749412556,-1.504057248882946,-1.966240845398881,2.332311583117832,3.267246521998693,0.5679386224909722,0.6967746690515442,0.14598147087115615,1.6070701226941067,1.2486926154233087,-0.6988620452466319,-1.795115506297475,-2.1290522232124642,0.16237295489649806,1.7447900931321858,-2.625762038626915,-3.036815595619055,-0.2087631559891321,-0.8436374733346962,-0.20475699839840078,-1.708514123553158,2.3397005933607415,-1.1974001126341915,0.48396024613849775,3.2624909697601474,0.6603781835432858,1.470924716242998,2.633476139970471,0.22418305223060309,0.2901094380421845,-0.05457211950770896,-0.5705090671346054,1.100617031139004,1.0085669228799163,-3.638381233335746,1.6618322745813598,0.7260704125718836,-0.7657051176785166,0.3512736082047273,-1.02632017101477,0.003353211672153078,-0.24708145493830647,0.9924611273905513,-0.923824242169305,-0.4596145387531281,1.4194919684572327,-0.33532632148714636,-2.30151777267941,0.5012121441810304,0.15426179669284723,-2.0106239209106302,0.2800783176608702,0.19919776697809488,-0.4413826984730146,0.838672669875657,0.5842703073570535,2.3861620583162773,-1.7738912730701524,1.988718299976562,-0.43257768465510715,-1.771157650631847,0.31908048833627506,0.016196541462589975,-0.5442991626472518,0.009900636711668673,-2.854557842654219,0.5925142196032314,4.652577237587073,-1.7951956584339013,-0.22466808493517965,1.9060663859844753,4.137217772922945,-0.06777832514092187,0.022153069550024718,0.5199178689993914,-1.4326477273603833,2.1861566801843493,0.16631090642921675,0.09616864094103544,-2.109788347852494,1.3516790602255195,-0.48760055734053614,-0.08622773201407191,-1.5082645350936579,0.006333792858418841,0.6911570047552633,0.5295759087160231,0.47750395415483193,-0.040962813415902036,0.1530791679371074,-1.7928722525185568,0.7181723329830195,0.5466496895110128,-2.7844782845524154,1.3886683359860739,-1.7676763899517924,0.5575316382747952,-2.9244287109258047,-1.5884299292542714,0.1286324401740784,1.710484373197566,-0.4768522808435467,2.3661769899612257,-0.362182450860429,0.8579234313693718,0.14163716477571997,2.5048324053648816,-0.5096963981183429,0.5640232540564877,-0.07644234939545091,0.23153887664463335,-0.27821992596959355,-0.7394470142728258,1.830352528038547,-1.0292211926518573,-0.5352259780025911,-0.06714512662161254,0.5624548633839637,-0.6856419155979557,-0.09788664309223673,0.27754556173101846,-0.5042527614202756,-0.3508158317015626,1.3276616620287345,-2.5432592119280617,-1.2037583342649048,1.2696293343186715,1.1016234997961476,0.7742778006278941,0.7959943579989704,-1.321437827548935,-0.8482852932555422,-1.3604337338791401,2.481128848692847,-0.11172350110445169,-1.507352218056561,-0.9618153658557093,-0.7888112209789555,-1.7385597292932364,0.3048757344083167,0.43567129037711055,-1.9657715439548338,-1.303104279447068,-1.8711531418802063,-3.0741218553379914,0.1037633616101864,-1.1164276044064128,0.3334255781746538,0.08303162121558438,-0.9203932845739242,-1.8557122222530515,-0.5906585944844673,-0.5794313900325702,-1.5144347748629607,-2.4557277922059093,-1.5677406627353911,1.1179155349364671,-1.435902578523517,-2.041499610119062,-0.21076690903519701,-2.5845168898372104,-1.1352323922525538,1.8628584499601415,2.7570970786625266,0.4285632381061235,-0.4423809659339645,-2.0059687723505437,2.6718179495435006,0.6556632026786207,1.1136131293138634,-2.470478068692022,-2.237073484610354,0.3334794806080026,2.8678782219222354,-1.830736968345715,-0.13585338011838377,0.16146583881395427,-1.3351861083423553,2.5034294698177657,-1.0803567474350495,0.5500579769459913,2.078352835596184,-1.0059515008781001,-0.031848851145834134,2.456896199984599,-0.21900026193812064,3.705782316127925,0.5812565152424526,-3.100926825316433,-0.7583747591167587,-0.3798631700396445,0.38859766863003703,-2.3859776755021738,0.6324570810049363,-0.03694070583749898,-3.3005354323478118,-1.5644776714117536,1.5301607096099867,-0.07035005540795466,-0.36961877395852555,-0.5083123757735807,-0.5875300866810936,0.5769028518446235,2.737499643989123,0.7728009695501985,-3.5374731440011695,0.284715891051757,1.6877290635906457,-0.1555567998944054,-1.7105067598308263,-0.6218785952389261,1.5502697079246057,-0.141597947773401,-0.60492406364373,-2.1259866756022325,-3.7854924485392223,2.513801950208153,0.35456545459586364,2.5183538001601073,-0.47482081055643177,1.6250139932781051,0.7306582627968722,-0.08869464446531647,-0.5632992340980851,1.6691041930627564,-0.6093784184904965,-0.5607835944165876,-1.039635680804691,-1.360467897662965,0.5622117924071041,-2.8187023823805966,0.0035093160803534307,1.286120112391276,1.6931537864387818,3.4855986761636135,-1.0337023321048049,-3.551476941630505,-1.819691570410277,-1.39836231879252,-0.4390418458180513,-0.8497900377822847,0.9383012818352834,2.1291857677506734,0.7156374522243321,-1.3017937701944824,-2.3384862037079994,-1.8165254624579468,-0.888920215303564,-0.5298234954598031,-0.5556112252213397,-0.29074848329538205,1.7422854950815576,-1.9187595134646946,0.8399929777805741,0.12890591940099688,1.6665169200023588,0.3027759677329691,-1.121126177031473,-0.5693480625411644,-1.3819877019632443,2.1290310666894396,-1.4305789884315219,0.6761712853203896,-1.1920620719895274,-1.046492014177178,-1.691761390135439,0.5315798202103026,1.5916601264782844,-1.1176266105862003,0.37695774190599923,-0.6645168900607838,-1.7322264466666843,0.7299181700165515,-0.8327016997497224,2.7452584360199985,0.3462732232244195,1.341501548042981,-0.7093427684970521,1.681892575941478,2.132311544001613,-0.7451774152248771,0.6005220565545839,0.2675923948657384,-0.5501638332966553,-2.128283747682352,-0.18012943737356524,-0.5277913463434025,-0.4571035071799485,1.602993911435016,-1.8876654705202396,-0.8310319298095274,-2.2584881630800457,-0.1667382149704124,-3.4803566122043446,1.5004848566842068,-1.510705784067421,1.0951982666909648,1.0848831189054013,1.3519967107635393,1.9005869339452992,0.7858428243601124,-1.3808871922542882,1.7386213245522788,-2.3285155847459724,2.663707873012191,-1.822176689582179,0.14768304182253722,-0.28463774728228,1.167670743172831,-1.7321019010372745,-1.865065790045375,1.3665475342344857,1.6284256609482244,-2.789728567738382,-3.028403043475727,0.15968329918454488,-0.30801068264432063,0.2805625765917972,-0.06358835254248008,-1.0386881986078549,0.4520509719048305,-1.3384103888753809,0.9004719651460054,0.6560031407337256,-0.9652624153282847,0.2711463361149349,4.816718351235616,1.574931957777654,-0.045924880169449345,-0.34317450468586674,-0.18719586241960484,1.949753445101798,-1.648355297609318,-1.7845241743239486,-0.819781931605275,2.2938245279283707,-0.003330482114962341,-0.49357808152428273,1.6691218474198277,0.659350870896724,-0.6895910695390851,-0.6628242490085743,2.8884358219870636,-3.6533591956858613,-1.2969659531802402,-1.8799531546255888,-2.0802163185700913,-1.2721811278488213,0.6342036398261451,-1.3142544905690339,-1.8538420516124479,0.2591914665382634,-1.2633963788529268,-0.6738937739040207,3.239470623942686,0.4893258441271544,-1.7617301694811762,1.2227205005750663,0.6491485263515142,-1.947475634652386,-0.776550174006685,0.941926924273047,-2.613723892908303,2.4835452230752666,0.24299547807001598,2.1136320558277424,-0.3591274214372472,0.7573438977765187,-0.33909546446214467,2.9207239126983326,-0.1999840691787358,0.35594141676805713,-2.2638682126329863,-1.7399298977827848,1.3898200953903181,0.2601781778613159,-0.7648082313360738,0.36086101959041106,-3.1872612661572712,0.6739548649656747,0.9622868865435303,0.009211729678872353,2.8301356724810196,0.047311466322274565,0.35297096172369136,0.026289277998138072,-0.17258986605711424,-3.351791674368425,1.8762762987195458,-0.07027470969272398,-0.8631530777210372,1.881360684129893,1.0882466450833501,0.2249073838317608,-1.381124368279926,1.456164538485059,0.38738759666530886,-0.7138301006423895,1.1036128402937204,-1.3775289624127804,0.7980874001463529,-0.07449326629283426,2.4312564377836066,-0.08691366771856632,-3.0981112753972555,0.4780124700561391,1.539896302321944,0.5115144084738696,0.6178346045232618,1.8528974508834213,-0.7148442128514743,-2.4224074501944903,-0.22767051063518084,-1.281892058233852,0.37460102155489156,-3.1197435955540085,-1.403078733396304,1.7084422200176297,1.3125453775651024,-0.6703436778068956,0.824759730686475,-1.7278768804088784,-3.497365161550603,0.7548878061577122,-0.375468357177151,-0.0912786781615249,-1.1548649141665521,0.2054973681080705,2.73817814320374,0.4880531514140704,0.33706438050381765,0.615273834224227,-1.78840909764435,1.667753960500701,0.023866107982267182,-0.8111640073035915,-0.794389079964801,0.08432936930728285,-3.836562284557613,-1.7474566626939496,-0.8800510956012901,-1.3107823312577844,-0.7169318404560677,0.9156513815997699,-0.08652205219299447,-0.7852908823373049,-0.42084707212015027,-3.5781832993148526,-0.6042679293860336,1.2261280460590638,0.6314555520269919,0.09563052154357624,0.27109185528154944,2.4015798635804613,1.3460044987158308,-1.43554931256015,-0.3442175819112808,-0.13609037639691096,3.380731808563496,1.8931519591744426,-0.6460697974052618,3.0424623297435947,1.0272644965568953,-1.3632580297740775,-0.638406241261175,0.0388028794201129,0.09297074434496344,1.090973941579496,-0.2509991613419008,-1.1190289571834096,0.5312803925277323,0.26654968492820563,1.065456828928198,-1.7864258369070385,-0.7531271500740413,-0.7916315102206213,0.18565858000302865,-1.0510824473511204,-0.5797313894932528,-0.7196568609331776,2.412405346001205,0.13489726498902882,-0.46203924534552554,0.9964467397031123,-5.280145411670919,-0.5072990556655005,-1.2984824878277648,-1.9061071873719104,-2.15845393030338,0.27855272502275397,-2.4581716556790774,1.3116694083487705,-1.5123377912519778,-1.4256286290432802,-1.5035770084207323,0.030257650166283234,1.4565406642039842,-0.41806787441378107,-1.7033714325925462,-1.8391838243386154,0.7026729893878119,-0.6796051763203372,-0.43408654986513234,-1.4957157568393662,1.0077955425456442,-0.7120815001363614,-0.21380977672534868,0.5674610438139644,-0.809267050650119,-0.36411972212013194,-1.5209724423393718,-1.9544461752243139,0.07390092840511464,-1.6630846048911847,0.6668282487099262,-0.39240924989132275,1.7405397521034902,0.8785551647508302,1.1251894199150025,-1.7426451093727073,0.5385314970843751,1.3275479682823716,0.3640134065796927,1.5050372307208082,-0.3158879825080665,0.9966730223586209,-1.4984831741649647,-1.2405872804895226,1.0636260371734103,1.9839094002912145,-0.8140483748819234,3.134188636971981,-0.15922815285571335,-2.067579089257837,-1.3081675397920673,2.4698911302523205,1.1592844687189685,1.9630352243409557,0.540366339295851,3.2001079719867236,1.3293402279221649,-2.682126838252504,-2.013057049117904,3.577754425298781,-2.895708227823154,-0.19310925472012008,-0.658368588026458,0.7352414080889704,1.9985150139735999,0.7278340374636962,2.478895665407987,0.17259477960610728,0.07926050097030635,-1.8776425002555874,1.8105960291067924,-0.8287865943491461,2.247193410001628,-0.35974631163961746,0.21507682668853262,-2.359679050221606,-0.11394088221368807,0.6448181360970546,-0.6073247491932823,1.3372009835389522,-0.345145212858027,-1.5228950028472183,0.01626343130239527,-1.5465212397708736,1.267720233369276,-0.9590455998549536,1.6521866995078556,0.8587570712058286,4.318552555923871,2.6832064446277935,-1.7386939120248865,-1.7348990173120185,2.931583912502633,-0.9377002227431696,1.2034721985342005,0.17764237586783807,0.8419986844794544,-1.1620611873679954,1.7200640549486832,-3.035076920764266,1.7660973458388474,-1.472383254022156,-0.413659945496899,-2.6448891177363003,-2.666846810532121,-1.8315311299106107,0.3529244343726664,1.4746231772036493,0.03451613739381684,0.39140542740358997,-1.2690589130924195,2.435424342329987,0.3180669294114843,-1.2456788802637457,-0.518401737527012,2.258757590510479,-2.9351058153052145,0.3219083192306095,-1.561894416767057,0.8385176786063506,2.160882632001289,1.3480236670317665,0.46103328465624976,-1.2759602603721918,1.6005977661743338,0.7045568929887818,-2.447241199290824,0.8213602027809831,-0.15190668343160063,1.4867336997882945,-0.3441303516223114,-0.6162791512487108,-0.49961270248872536,0.444609762418929,0.47887850480725347,0.784143654276956,1.1519080583672814,-1.3254479189566972,-0.42770967613453825,-2.0645629888652657,2.1957966896828753,-1.4157159105108996,0.1259611820369817,-3.176866227631084,1.1273865447731677,1.5811440230693168,1.3217176802672135,3.2743265208355163,-0.7649140633228213,-0.5570970651877246,-0.22717390175124297,-0.8313944082168034,-0.4384221138494545,-1.944090519989016,-0.4815904488160333,-3.5161766837519686,-1.7360929486943935,-0.4479492959153806,0.056114367850756575,0.12365635318599444,-0.7241095650521729,0.18821162566259408,-1.456657070458812,-0.01183419243032402,-0.41107120282566134,-0.9600392314789332,-2.2214333528688073,0.7930802544568686,-1.058950032485038,1.123417843980954,-2.828460181628529,0.2781897421267705,-1.1211714065993441,-0.2416146322029058,-1.5367899102706628,2.197415056202208,-0.22136383821512307,0.30856990504647497,0.049000989949255946,0.5375862329017036,-0.6569494252337146,2.3615895716649997,-3.03058788581228,3.1092502190382625,0.9293275464585251,2.7545760572137064,3.3279525464387487,1.1192774967921872,-2.53431892829504,0.4282106618795145,-1.1269387187198208,1.633248986548255,1.957846305676465,0.4978332241079405,0.9582869905140241,-1.1075464554265597,-1.269215508757251,-0.1982227438994752,-1.8637055725291756,-0.6105069131845654,-0.7352532889144044,-1.9551046354996948,2.333284851492314,0.580794592231244,0.007702229876967337,-0.36927487478527543,2.1971917491459187,-1.963215815118056,-0.9547320971002086,1.017290974783999,-0.2994671496076263,-2.0992632629832326,-2.0367927513270665,1.8199277486476184,0.06366193003702036,-1.028619965989905,-1.2070879351326562,1.4734826105743906,-2.3243759918638855,-1.582640470699768,0.872763338358243,1.369833152963131,-1.0963451595792328,1.2116675211990333,4.316208954847545,-2.4119358212758124,-1.6032503147515056,1.323193226300798,-0.9769417708531439,1.2019848909071504,-0.12087092737910576,-0.4665366697430662,0.3850366060541681,-0.6131047075247976,1.3815608322296935,-0.7213989875568076,1.0198978391194164,-0.30712952354937717,1.6905668812811743,1.0381560904415625,-1.6183205308437736,0.9116974570967569,-1.2739324423091762,-4.058065671802936,0.9594310716576167,0.9370454570602202,-1.3444834626654307,0.23191937154239273,-1.3288609624221959,-0.02580734251598027,-1.0617526908717971,0.35155959629689865,-1.390747775538217,0.9419881947423605,-2.5204626804550463,-2.4908219611235283,-0.6333000381835672,-4.49384159780884,0.8097775895157268,-1.7404866989026653,-1.5033889364092963,-0.12188946677542112,0.016192811540261864,-1.4333391464798309,2.6188881812417386,-2.6165512900257855,1.5917442123017431,-0.043229955699012584,0.4151801937980679,0.49097638218783,3.1452726779602216,1.2507243649630846,-2.2159198896660426,-3.8714239394457195,-1.8752915795719858,0.7729872603542868,1.0092130470440501,0.49842771189162743,0.04018191486283745,-0.786762119312071,-0.3547975115820377,-1.424033936483232,1.8453252765834702,-1.2155626076229582,2.650343452422781,1.3607552968845498,-2.5713571200712964,-0.5603613350908918,1.1638080818302212,0.0399167731616912,-3.9405964361413837,-2.7704472875795036,-3.522431343558144,1.367306544092756,-2.322145569152534,-2.053378640231547,-1.6056195410398895,-1.7529030152581635,1.611520092030007,1.977634529232071,1.6898063320226822,-0.2621657132763061,0.04363422518830451,-1.5524546774529187,-1.9790063039564862,1.5539635577526534,-1.5816924247615771,-1.1228447773312245,-1.3141475432439522,-0.21850452153792926,0.7920323011493546,-1.8001110317360491,-1.0992523244876384,1.1031135106794965,1.6017542292988582,-2.039196480454257,2.3323821079579714,-0.13412025339206002,-2.2128004459765274,-0.5825302674864099,-3.0786012896060244,2.0124162207744707,1.249069017468525,4.660471766135857,0.616897823713958,-0.17510227846503518,-1.4604847444782325,1.6556520712642113,-1.745534261653236,0.5864704791247383,-1.3251733148342062,1.0736562050725553,-1.0719757381106152,0.24137914849121705,0.8778997244375527,-1.5511012867312663,2.876948646272863,0.8754898951433635,0.37324091388807007,0.6181519341469499,1.7046228609825442,0.43751375180005275,-0.2688711436610713,2.498985503276849,-0.41987760631786475,0.0811586211155525,-2.637953108984042,0.11768443029420084,-0.9294978620046297,2.6093767710844933,-1.734664962359237,-1.7522361770052095,0.43341847296741176,-0.7868189035869027,-2.0624076147202346,-0.08405630246826135,0.9793518368164845,0.02392529772975366,0.46216736510314327,-0.21599422193955276,-2.237884275388856,3.8398815055637305,-2.1274960862112464,-0.8911003160257013,1.1484901650514243,0.5243553224417126,-2.4482277048332595,0.02007847997486001,0.902860211427024,-0.26998451042759714,-0.28948999422899735,0.8739034188120332,-1.7529850608994146,-0.6114240446994472,-1.8967965790017298,0.2822658013877327,1.8939762116637129,0.033280459667680895,-0.934848349138949,0.3542558584622084,0.3376546058498623,-1.4397031284604767,-1.7605574469363,0.4653722274341001,2.059435723418521,0.5258751207062109,-1.6174375070801095,0.23265451117956049,-0.9929434691663269,-0.17020275186128087,1.3746391329286776,0.9926399542006231,1.7007440112255412,-2.7940676501335275,-0.6222779928826585,2.029242196754103,4.056889346567991,-0.7393796438768626,1.9232776617856973,-1.919120276410223,1.7146901841726945,1.1167506439970016,-0.06649960455929227,0.9036864086185918,-1.0300530026590817,-0.5124815627950816,-0.6153438195611317,-1.5774315902059448,0.21094050318183388,1.6060222521742842,1.1442360827582383,-0.9169620439680809,-1.860080004159861,1.0143323802663555,1.3325705151196736,0.2501084183908251,-0.1806726089750288,-0.7496098596295335,1.3121639190212213,-0.6870759285327084,0.1272359754652999,2.1768553763373806,-1.4135630274975224,-0.13669859618904484,1.2243794595995081,0.04873520793659414,-0.9061967116245927,0.11343506572319573,-0.33118568952737915,0.3522972119107177,-1.3315114289117203,0.2733153010464843,4.920118494295394,2.1519288684848883,0.5611038114188647,0.9204461222858801,-0.5607341231194434,-0.9874821378175418,0.1769512487396243,2.595762661120234,0.5800008989484294,1.521289594334981,1.7869703286156946,-0.8626333316902792,2.669200748766686,0.5935736180424764,1.2595198794116986,1.275877253070356,-0.6729518389491431,-0.9781205725795549,-1.3096197289800935,1.6415386530782654,3.0222614769555887,-0.8890201628918915,-0.492771189742904,0.9032200318667738,-0.9119015441653132,-1.3331472696185631,2.0849003813660754,0.18298202694185006,-2.012229178867639,1.0721852567764127,-2.583223322820298,0.47837940896590797,1.1151372196983158,1.9096917585587578,-1.6751824589086157,-2.1675758367432727,0.667543230195053,0.4290053873417707,1.42208539944945,-0.657600812809233,0.48133797060621625,0.3649062036351192,-1.5661036239969595,-1.5114160552775802,0.5633419165673331,-0.0986197978372702,0.39903837683953924,1.0964359075821783,-3.8414192707989385,0.5657083844188371,-0.8804914427173208,2.0158534147343263,0.03977410794794789,-0.17074206768632805,-1.9692237118945692,-0.9266856656860154,-0.3787312147016279,-1.2876434236538878,0.47529210786446646,1.8433043226074297,1.2153135663929362,0.2687351596230274,1.137730001686728,0.8071775517516213,0.5804031037555013,0.16995801570491564,-1.106952233467172,-0.3059501286473515,-1.6130012619214051,-0.2710671551441953,-1.2962720507165848,0.38987035640386614,0.32663984341101177,0.9174569609902021,1.582222875235494,0.4455212768068794,0.05381898843361177,0.31591702525078813,1.5526564042957256,-1.3940415839372764,-2.2058370441889004,-1.2680970933546987,-2.151021149984409,1.2246633057414251,0.08063856288587756,0.970389884318257;0.6324255053338241,0.17188249365100167,-0.16575033302028935,0.6727103271344328,1.0572550938870642,2.4958450084029327,1.4278173778231267,-2.0860453589576324,3.1218941556517756,2.094784804604664,0.17363096108371712,0.2997744198863972,1.4286763604027486,-1.7059702114508126,-0.24606030964495618,-1.6448099936197877;0.8463037395641952,0.5816463365423141,1.5224104253714437,1.683308081054311,0.1417241552837225,1.1002227260065265,-1.6020264280500225,0.2442413980550132,1.2493943128456517,0.922433450703251,0.30795877444109987,0.21150438636807195,-0.9050780729666624,-1.4389530891807578,-0.46263864953392636,-1.5145935432738207,2.8958973595503106,2.2774484808481885,-2.2216355662438003,0.48583208838259684,-2.4532508761782883,3.1665574544502615,-0.37970151284565257,-0.28842859135412746,-0.023518965541160876,-0.41175314225473364,2.6455963874995136,-0.2513691845761629,0.8642035081537246,2.494983592839187,-0.4125148046412812,0.5267664755524005,1.1343978271238688,-2.114994783520864,0.5676262761274558,-0.22148023058009414,-0.5387898349637841,0.1508481354752599,-0.5792700539623015,1.6283680825592137,2.170182045992008,0.877311000396351,-0.06306710578597285,-0.13566459814710352,-0.14718505414630392,-1.9994971094356047,2.3067142957818083,-0.6038444777516419,0.5089785643186121,-1.106940406409027,0.212989762788254,0.4692902270114081,-1.8939548049179735,-0.8110114554870217,-1.3084509254638277,2.1141184598837204,1.926058161129905,1.8867773369526313,0.3439864344621922,-2.544585711458441,-1.4872187352361705,-0.4303068153193095,0.8285911132207728,-0.6246055930587868,-0.022201953743030772,-1.006373710496227,2.022956861715686,-1.2868043232389337,-2.3601259166454813,0.4691147124183527,-1.57071820708961,1.1512121715414305,-0.13001791454024492,1.567325043729237,0.2692228232329063,-0.18305959694609586,1.8100326603816028,1.4650728240042348,-2.5588186232682557,2.6465851953846324,2.1983321074588065,3.2873631280964073,-2.043356493289318,-1.5324188654897855,-1.983120364589187,-2.7666406446863525,1.7259752285883367,-0.18735368004432695,-0.023856178234516134,-1.3345582103670144,0.14493974329401038,3.150790014388699,0.8531873647534849,1.1937963032804575,0.18867334438207417,0.1483978771988519,-0.656120026599646,2.4335983146855953,-0.41530161428693546,1.0374188314403572,1.823137942811148,-0.7095009372528449,2.1597741561078148,0.6542106000091925,0.5584442913015579,-0.09911596261992978,-0.7397479104156577,-3.5020900567025,2.1489733835133786,1.1870584724640327,3.0422728141476303,-0.8325270440289889,1.1784781446080859,-0.5463719238719504,-1.4103706219930225,-1.0931085838056962,-2.280982190048711,-1.2420338922547667,1.2838492832767765,-0.027498869803888604,-0.6407506037839141,-0.4516668366484638,2.32996726703266,3.4312234107942228,1.4870693900886083,-0.5665964481853373,1.5687361925359067,0.9592515621160418,1.4056760852302463,1.7744262399530828,-1.0032317175457282,-2.5581399018775253,0.8504369218066969,-2.3631815299429153,1.0749499269546252,1.395026959462197,-1.6792525805446774,-1.6725068635432434,-0.2604032765079106,-0.584489225490411,-0.8187830675193302,-1.6386862258596475,-1.1224926275006277,0.4346185494385888,-2.373087248406318,-1.0389292318834462,1.6320559055439674,0.3902166205747186,-1.9227595630029424,-3.713426089911543,-0.4129519989777247,-0.44767493716705126,-0.7546816665346678,0.6432552248787269,-0.2689994512086997,-4.5788208155682,3.698489754008688,1.1515737480388029,-0.21407230791606835,0.5946010052969573;0.7940929822240419,-2.1922989081809443,-0.6283759759092804,-0.04097583810799503,-0.7617911829559539,-0.3754844001881422,0.9044343506765079,-0.024496014517257973,-0.930580804964575,0.9404000660077916"
8,0.09012832861012804,"-0.6609135693938903,-1.1324472206692273,1.7622516811421212,-1.1634981332580079,0.5931407759846474,-2.0266470698446133,-0.2510986031927701,1.4687990433705098,-0.9288776617856263,1.1587415888365513,1.1868642365663984,1.2823891062185355,-0.17240671462381416,0.4038215036763012,-0.7233984987803168,-0.6352036825704976,-0.1840070614188024,2.626200736541401,2.2158411021471522,-0.3325275498111623,1.9052375705201132,1.311295228986957,-0.4935949131787056,0.8825557172002418,0.7586091936725399,-0.9325215333813949,-0.6826509672436579,0.7430877869991747,0.0782168686121189,1.3218772778362828,1.4958999487832552,1.9425509415598667,2.635352277106123,-1.579758603798081,0.3214938198174797,0.28343260596205516,0.28690603801554315,0.727156418424676,-2.8240969790361516,0.21006275512415282,-1.5607810053909223,-1.5617344015330032,0.3591164986650575,-0.5310926233263505,0.5621220369146334,-0.21245589100774703,1.2891175979880913,-0.504737121815195,-2.469477865663026,0.177663764524162,-2.7721623069380197,-1.8728936329860613,-1.4324931488749912,-1.676505292768804,-0.21490423916900359,-2.1163065625835884,-2.4196672579967453,2.693211968471247,-0.23767679650191087,-3.299783695567113,-0.3173424285894203,-1.7591468662982384,-1.1524190537498225,2.103229259445996,-0.4788109141718916,-1.5866771196352913,0.3502061508088517,2.097122778115732,-0.048307764280797194,-2.7312899341206016,-2.35840801192871,0.18673083662228507,-0.8100460337984978,-0.5359041200130776,-2.0704531231051098,-1.9274283944241164,3.5998295211191924,-0.6870106237316014,1.0293721000127833,-0.10409497552587371,-0.5627143400285982,0.4349508848481095,-1.9998726745311486,-1.988349214700514,0.6519054602824053,0.2470692926934661,2.1880266762319405,1.511395377509162,-1.9153111623048407,1.258872695638703,1.1892108669216315,0.9202995095753514,3.5529197353337145,2.396242339494409,1.1461800555401571,0.7360434942643916,1.0486626673703061,-0.4848261505176122,-1.6607576560437807,1.8029232023452129,-2.13062504637828,1.087565275417658,0.3615939086684174,-0.3263517609818144,0.27220797427638577,2.5068493651575796,0.43600776925997653,0.2012763908136081,0.006718650449760999,0.5881272762080072,-0.6580839235127738,1.0912312966787734,-1.1353333530990657,-2.130455515303919,-0.6383221512018489,-0.1382970413508785,0.36692318486384046,-0.20439216269224153,0.49622542331461544,-0.07882076846585179,-0.3817994060565999,-1.3668155640840454,-1.2111544393447313,-2.391762254961149,-0.2441857320740278,-1.3061573701895068,-1.066361229771923,-1.0326497638349685,1.3836251142674403,1.2450770099786581,0.6957031089981961,3.262344175272954,-3.242732591740137,2.8879041049436625,1.311238431074949,0.03067998217246634,-1.3172290744822226,-1.2405726902420908,0.8775142233605623,1.338825666930104,0.5034830451825058,-0.9905743847451083,-1.6762525481867998,0.5399245360741349,1.4974480244385822,-0.038319568591216456,2.2341781414566944,-0.19579334618586974,0.13661056563548798,1.9553698571014348,2.065891082282555,-2.447592069483142,-1.5385918808512085,-0.3475367904432322,4.272393173125226,-0.030582499233970828,0.606497589740738,1.0175849316593668,1.725751972763625,0.7520073366468876,1.8509642494219243,-2.0577871223799855,-1.1539524243953876,1.6009383135781126,-0.9128296773331234,-1.7337360686267835,-2.143000905772162,-0.9655777423247254,0.43697880177988346,1.006682430380072,-0.2523386769899103,0.3980800647367511,-1.864979384598497,2.2181619984074015,4.073194575421791,-0.5614779849258236,0.523051918809408,0.4675273056249476,-0.4483284216982716,2.231584552101183,1.9475340177026457,-0.4583308285548926,1.4289103139932078,1.1074243194509137,0.9594150436702843,3.402624438644584,-0.3006489953397078,0.944341602344104,0.7704488098461476,0.30053257363115365,0.6219578345021058,-0.9570769594582522,0.6490646647359167,-1.1965084078769057,-1.5241962905967157,3.3385269060768517,-1.7686030694982111,-2.688695933964768,-2.2714228054804892,3.584766071278028,-2.7335151443534733,-1.731824510579178,-3.157065769688172,-0.16771423382336267,-0.8257707327922208,0.1973425799149321,4.033302770887643,-2.246559276544188,-0.15170988595255827,-0.09185788517887866,-0.7786954138446169,0.4695173209871607,-1.562494716092049,0.35104309420409885,-0.30509895767380085,-3.10582454306275,2.7805665211163815,2.4368409167971996,0.04572617466336579,-1.616707689096543,3.0789158270380756,3.4636937270674704,-0.9907939771896479,-0.15276131575276353,-0.8656774615814418,-2.4926705665950397,0.5036530565659092,2.1366693851538225,0.047180478503836026,-1.9311395905125417,0.7383189649917027,-0.21828538054737262,-0.1847111451672418,-3.0447167747411124,-1.8205578294349964,1.1451917475493736,-0.3758701493511243,-1.2817596922444792,0.07341010759630362,-0.35884889088156346,-1.3052898416909138,1.2299379664366945,1.6125928581777873,-0.7622370682380817,0.26531082931400884,0.4422846023634214,0.22531231914730043,-1.0622669697396219,0.915287583222805,0.684298099146539,-0.3672129053918677,-0.9907191546336132,1.1231287663513911,0.79510940624188,-0.48243611940664194,-1.0579914558263628,1.2311468803197532,-2.167555268720041,0.15871860776105406,2.1726327161182413,0.7817539030171803,0.4645436876554626,1.95044638129611,1.8450348914292485,-0.630677638948048,-0.3837578545187645,0.2956850701712249,2.1958010344662178,-0.7273653074303561,-0.5797078700222097,0.8041622460698238,1.9632851246624843,1.8492389997101046,0.9535847222345939,-2.404930840600634,-0.7260634562899686,-0.596874315707605,2.3660020803869704,0.3993033452746034,2.0026800893961925,-1.4815779762113488,0.040217113272336236,1.2689408991665319,2.3071174312220095,0.18432682545219786,-3.4700276441049436,-2.1487392565237338,1.1505547194272632,-1.7313942367526833,-1.6696790197004723,0.6887013106305043,-2.8857630692726786,-0.251446108331867,-2.136910338859861,-2.1665938997633747,-0.9752079772827227,-1.639918371228669,1.6047758014721467,1.556213891419436,-0.7477100883666382,-0.6918706524651388,-1.1420290134515494,-1.098291146207243,-2.5272884719764264,-2.5680887935779015,-1.8384225869416255,2.478580519470134,-0.9892917594968871,-5.074630429098514,-0.33612293362579576,-2.0147153288872466,-0.44113951338872687,0.23207969326401068,-0.37700071730885243,-0.9325684933092809,-0.357804228023451,-2.5512525695443267,0.4783588129780028,1.154324046526066,2.6409844272262717,-0.6023978257983313,0.1348234193203464,1.6082129826139986,2.0006164992961635,0.32197897332360703,1.2102826755588607,-1.7268793317583517,0.40054974998987103,0.46950795378303867,-2.477807562486926,-0.45915777564852134,1.4301163141489883,0.9562249144244939,2.3777482076885077,1.765229029638537,-0.22852793991482773,4.369860883552958,0.1827364393828473,-4.494125558199422,0.4303167140256678,-0.9167853163864714,0.8359300108444413,-0.7987766068578792,1.8282847110172393,0.5410110186878117,-1.8612587937762903,-0.3698614075637815,-0.7503802921919842,0.13768906715047713,-1.7946994016256201,0.4183592874063945,-1.487069105935228,0.0391501890056441,3.0854495849957138,-0.2005833596246776,-3.040267951723208,2.429340493095588,1.804388080164754,-2.433439666656821,-1.129476077334781,0.14950618315036385,0.46177860668581105,1.2083434586776367,-1.0196106970878955,-1.5709517628680505,-3.2318240993421257,3.0193619367506463,-1.5554126981605525,0.6087293588924234,-0.3416918039892548,1.6683489367487299,0.38102034901959353,0.5838020143143974,-3.2501687761122353,-1.3351718038310385,0.8262923786005874,0.7263085991395574,-1.8595961145549311,-2.5530028191982974,0.46447656473958676,-4.8268436262116365,-1.0416409444138446,3.1238520186328342,2.679829827629665,0.18343273693935508,-0.018336355058839238,-3.199390353377392,-1.669632998795553,0.0041930627019657885,-1.2667740383859007,-0.46559235983487574,1.5310522961039408,-0.7604572550725701,-0.31838704364710313,0.8413265234627153,-2.5960060676582026,-0.9282834373277408,-1.0845077711582585,0.6265399372361699,0.7585127229102779,-0.5766664495066873,-1.3176625003557034,-1.7539471760341496,1.9204928129366934,-0.3311183268636037,2.0731846927546203,-2.3833214986454365,-0.44957352729515276,-0.9779416199754665,-0.6781628597111857,1.6025441533738962,-0.07058923641816545,0.9498850378881522,0.9998254387525234,-0.2141390775909221,-1.1913928086685055,2.0576311749855907,-0.2579635464033755,-0.14836358579876263,0.2062161548221887,-0.029771011415265253,-0.9454821342462754,-1.8447908990290935,-2.305944421440445,2.297820876436044,-1.0000603780324726,0.5016665437409037,-0.31738678061137726,1.3742629234056718,2.575345016184873,1.2343662568609801,0.15273128970939256,-1.2491201248132968,-2.234627894082353,-2.929530803222982,-1.970791913567035,-2.9087566543199266,1.8867446876950837,0.050722252122575195,-0.5326049075579011,1.0282710203155931,-1.7681039815430375,-0.6471972661643113,-2.2416372847752744,1.9663724989638327,-1.5649506788144292,-0.5854225641592473,0.5685941547240827,1.6413231228869825,-0.6400450376478317,0.8784226782274361,-0.7744090328603348,2.1104410045662134,-0.46536724759336734,0.06636560179800643,-0.8138974266534937,1.6482362614700683,-0.3560761625411789,0.48723056420066674,0.2564477329874016,-0.7668488979778187,1.1423663747399961,0.7586445689308654,-1.8412294617070846,-0.7815013157631782,-0.31502385997814464,1.984734387627379,2.3331566743611627,-2.254898963151284,-0.2448041699860001,0.7579815828992325,1.264522161209693,1.3110018508762902,1.2876861706104221,-1.9421667601836647,-1.5355573089054397,0.26993426875851656,1.9889040198712267,0.5189557578910201,-2.151577485850646,-2.022917025084011,0.18625667291746528,-0.11467272222099348,-0.37347940958434467,2.7234218578874496,-1.2063191595919263,-0.13516512995409236,-0.0976799654304299,1.3491458134041139,0.9573333625103632,-2.1292016426040536,-0.2028210795787552,0.9609939800529198,-2.9415046195410324,-0.4345010789267059,-1.8032448340840466,-0.36203289702032826,-4.331013743877387,2.4084409802661693,-0.05869533431955831,-1.1296981669954973,0.9643261764283315,-1.3625645165308478,-1.896417950581569,2.1058539766963986,3.195755293855359,-0.6455478618893957,1.0637782962769138,0.2841053563935635,-3.2019094233064824,-2.008626515893566,1.759590436296881,-1.4467450643694617,3.058541227209903,-0.8369708421728734,2.673372184056016,-0.5482756481447365,0.7254324892474642,1.8533162427112686,2.552535171152406,-1.264370193686755,-0.9700370677854678,-0.23388486518200885,-1.8115138794070489,0.47405848327285627,-1.6341629957602894,2.1707092300391935,-1.8592210314429305,-1.701859656923596,2.4251990342238594,0.08760950667049908,-0.25539747407610225,1.7067723445733132,1.3476771906388245,-1.3627167087772167,-0.5618727480663277,-2.397363687434477,-2.645162543367258,0.42779714690478987,1.0883413942955182,1.1914452682996106,2.092425536747012,1.6867734049237204,1.1214010201659659,-2.8673812353412935,-0.8002148165641796,2.007406066363468,-2.647939554096645,0.5980287671722799,0.6732991327678338,0.2639861360391919,0.8502626881901366,0.46896394427183263,0.9033393169937092,-2.9569049104938747,0.7595213991234178,0.7363447579466669,-2.0394200608502233,1.6722814508309471,1.1069688716873265,-1.703734412871604,-1.1225187576277975,-0.2499323343543438,-1.7872462812619831,0.7335202603454287,-1.9029453489451744,1.5989583523847037,2.086362339432056,0.9397725817107978,-0.33488971726071765,1.5143793545231035,-1.0288492155270168,-1.6193254309750746,1.3290984343676457,0.71586169525816,-0.48121579851447793,-0.3173706292223831,-1.2144258230676404,2.778831722734555,1.1191409314904492,0.2427880161596323,1.0098261102063688,-1.6959970980452321,0.9967488505984503,-1.1355350977997485,2.0964290752711694,-0.36221708247296636,1.088973846054634,-4.614400898899399,-2.4496450435187764,0.115646032856141,-2.9415598515137447,1.0857397279002987,0.22260526744213804,-1.8503920365866682,0.40579949318757835,1.1850335439882267,-2.145650083534618,-2.6651635550771595,-0.2442283008536148,0.007251543273202075,0.07004705323291302,0.7577178501679783,2.1760218855333457,1.0621768323611347,-2.0479618378083755,0.4515379473113821,-1.3492550845291258,2.6661527028548693,-0.13177535188711675,-1.194529144170918,0.6428773634178396,1.1939289392739463,-0.8670264457004064,-1.0888342713006758,-0.7192940102797538,2.6483302011259053,0.583801147282132,0.9012392192630838,-1.1754347995458478,0.854496603174093,3.464912241166693,-0.8142852455532725,0.7995931760690751,-1.0281110613888353,0.29367153983958927,-0.9230162407746354,-1.6704422945581732,2.115142404919763,-1.97937258024291,0.8634047743405967,-0.5457716497293833,0.7604481571075087,2.265537885596495,-2.590595807015716,-0.17920128295366858,-1.5066641069059186,-3.287801775352263,-1.830389906221487,-0.2934276464208407,-1.4576082846210072,0.25172034072220084,-0.16185176361411224,-0.008889313286223555,-0.6105458361786327,0.26219950932362024,-1.392463897748575,-1.1423750272813606,1.7860083864509033,-0.7023952782111851,-0.9482788625795797,0.7303236700183215,0.8109555448309681,-2.204831687258456,1.580705897954749,0.7950014761852682,-0.06512251676148947,0.18369896081603804,-0.8613184462780534,0.23552915416640188,-2.284833035052587,0.4339700806981166,0.9942612792889912,0.7587707441911329,-1.0175312039860727,1.4806305385183578,3.0012338650377615,-0.1828474648941978,0.2920065224793862,-3.0640171751329834,-1.3714517525564724,-0.2031841104194223,-1.114664777930814,3.5712167102023518,1.6441511897052654,1.7083194493650737,-0.0015107008544160104,-1.6419433425855292,-1.2722529077082863,0.11471382406325417,-0.8670273408467672,1.1167578468609731,0.8145605203875986,-0.644664802892479,-2.8260195931729575,2.83405351920289,0.18718032538894214,4.838470970012727,0.6454969599544059,-0.6137752841231685,0.3814310849614294,-2.9882415453781572,0.8309842798716596,4.130625757651446,-3.649557485409087,-0.4148517309089593,0.15245856118246098,1.0201130393504811,2.9753588186046467,0.39616081063197783,3.1978160234624076,0.2772004459618126,-0.5412725365712556,-0.1104798401943094,1.475257313330959,-0.6960605412618477,0.7214896416491607,-2.1270615941838242,-0.4437440649534228,-0.8074998047049333,0.17451290112683193,1.1467879182276102,1.6044242353466487,-1.0786436011915523,-3.4348766021385666,-2.0628130165745007,2.113034662574927,-1.4408968484416012,1.1378844996548463,-0.6884915302690622,1.0975614764526385,-0.8399323317893874,4.586423167517429,2.853482861561816,0.22282391777137983,-1.043375845512963,4.471735877267304,-1.885870620173979,-0.08405317439871147,-0.17861922524062956,-0.8257685035371765,-2.4836984875581356,0.6800574129382768,-0.9110141623009598,2.6169296844862417,-2.2522847950086726,-0.4758293442702268,-3.2205490953426423,-3.1376084513387155,-1.0609934747470162,-0.7819808347159577,2.0657446244608764,0.7059572241904974,1.29828396625384,-0.2333967606193291,0.5467276799936375,-0.44640420744091175,-1.5429164476686066,-3.0984208518995278,0.31092409326209686,0.9060525391892001,1.0477951329642567,0.9313877217410986,3.194174839099667,-0.26133700294021567,1.0918292171179196,-0.4979980706687568,-0.8744721999882561,0.7546506301838968,-0.14476979952649677,2.4476438032212156,0.13271642282938778,-1.1870174636145858,1.008679086451269,-0.7563474591741862,2.573887123337431,1.795411719982864,-0.7311297135201311,2.6149261285914642,1.1028838789811302,-0.123494363899748,-1.1089703993306228,-0.0504901528014364,-1.7962638930041144,3.659642708614925,-2.9589250248311876,-0.4004402694413189,-1.2042745113863356,1.0792420509608667,2.774539679102084,1.067498353431934,5.126767474678607,-2.3333142472602946,-0.9689844901456066,-0.3000208552558541,-0.19545072491805415,-1.8130762310326518,-1.1074785247860885,1.6536595295259224,-1.511445973029051,-1.5793059423657798,0.2151122339077267,-0.08171562037518726,1.1933313974746398,-2.09372413679915,-0.8744647830740767,0.49207482918045864,2.1930793035567695,1.8229811323106575,1.1215749453498185,0.03966006039140273,0.9967231292006749,-1.081182587636123,0.03256550806301989,-3.005002990320514,1.494545516958368,0.4009652003200722,1.2695021779361022,-3.8255165014768315,-0.06401579063773855,-1.2624178302590352,2.147181937679882,0.8856970460857161,-0.05469417950283298,-1.1266040708906073,1.1392298073866567,-1.8491363343295588,0.4571686738911355,-1.1760570369630532,3.1104583315857317,3.202864071342771,1.5602126723276568,-2.013996657834436,1.6959135544672421,-0.40847222849142406,2.185504115120315,0.9008968276497271,-0.048954569818508896,0.002231573596998493,-2.658434401511921,-1.7584727528932846,0.29254412780478906,2.8396760342139435,-0.5612691326952148,0.2262264720484475,-2.667184748536118,3.5524483094416137,0.3781591759714258,0.7141549880520911,0.5389963838278823,1.7426790013632238,-2.418718758726807,-1.8274241024605868,1.1192825708639158,1.4369249965262962,-1.7326357824441765,-0.5598369546364476,2.9781492823038285,0.9747474683042455,1.882753223542025,-1.7141796019942275,1.8565795673574992,-2.244909967019677,-2.9758708301872607,1.0240200177662253,2.437201270416661,-1.9607602902102,-1.5237275584590995,3.225502516811033,-0.41395704033544906,0.21213086981711496,3.0820457298498125,0.15199521169090857,-1.2107336545478868,1.582671609164845,-1.572702303489249,-0.7280293331420206,-2.6993729898103855,0.7172668945806714,-0.1406296162146539,1.139999684033413,1.5396239863800458,1.229711232113209,-0.22857414110159624,-0.22739010067964593,0.59601978883409,-1.2610900174973556,-2.9279339695756224,2.049252797757906,1.0832329524991036,0.3533508117234021,1.6303211912079814,-0.24102578783067996,-0.4930309214448786,-1.6206084691738492,0.5490854012199765,-2.193393654698906,-0.6384238731364447,0.9647453757535108,-1.6299829944529491,-1.3290422323934212,-3.8207387618951616,1.1707609996017263,-0.44918335748938304,-1.7999401071112837,-1.5366627360444938,-0.3669429218223058,-3.069204945804601,2.513958602005067,-3.6879017422510927,-0.02969855935040694,0.053355427819647784,-1.717382489529957,0.5133646671345671,-1.9018549189371956,1.651737191799166,-2.544979524108814,-3.7126775990840626,-2.2650294115530047,-0.14020316489485168,-0.40765305687769393,1.3944902436861049,0.9887720467724443,-1.0846381472926552,-0.07832174558153754,-0.5093908808089798,2.2880972896723266,2.1679018483723063,2.074756278746367,0.6964604992739871,0.13946161130289633,-1.8202804522246803,0.3031863593401982,-0.7224416285427694,-0.6452724178303522,0.4012802964037999,-3.4053360275251547,2.012412383593994,-0.11876331159234407,-1.765873428224408,-0.1672609605196509,-1.8274940831199542,1.2293774149550356,2.017505250789491,1.73986497271975,-0.4660723571211771,-0.748947825519915,-1.588367445357495,-1.497708074921249,-0.5229699044393471,-0.484147658147287,-0.5362533892524495,-1.6296840413533225,-0.7077958668428913,-0.6303204541469096,-1.9841602042609314,1.4196033499561695,3.2080839255548135,1.519134346196497,-1.247676717042498,0.2600708141997013,2.450710353807978,-1.2937470578154657,0.6100602984880733,-2.03932348031397,1.8025709383578632,-1.4343445271641202,3.4129771130266553,3.130541186777087,0.9080571614026395,-0.333677579542506,0.9986966843720804,-0.9789645028257412,-0.6667329157076864,-2.7075796279771525,0.35971264529368896,-1.06564140620973,0.37973696671614676,1.352027421194157,1.1957320359842778,0.22835941793653508,-2.1283816979827512,0.42395522436910726,1.1635091460388423,-0.9853914153878276,-1.0460014496911318,0.8559199390301415,2.164183058160609,1.3468079037333909,0.6308836310456237,-2.2596015353180072,0.2865122278177976,-0.5990603925160456,-1.842915477877411,-2.7787941773248725,-1.2106177112641383,0.11430229962239405,1.9178462759169081,0.02710519475021167,-0.4357364771164934,2.318332375587269,0.20410535354014586,-0.7321478444041598,-0.42429557146403357,-1.658785243608956,0.9373824368004589,-1.806627161842324,-0.4214291691374869,0.6676148279766254,3.059942777846741,-2.0323968394116005,1.570571781961605,2.3926440368249455,-2.0119304370877726,0.8271478967101406,2.2816534021333137,-1.1273450344343752,0.7419756802414299,0.7075515361391688,1.6276468072714931,-0.0034611505034173318,0.8842309849713346,1.3054632628968716,-1.152973587572245,-0.41208956968058297,-0.7279046660658358,-1.2265965896639377,-1.412939024237133,0.032912489966496844,0.3831949129909294,-2.2853688892164588,-2.6453644265035052,-0.023826364341260398,1.1205220288818356,0.5094977554003808,1.8724751189839186,0.5577678560896833,0.2398991348218682,0.26103404399452024,2.927179752530969,3.7568593796713703,0.15150122722650783,1.8732139256312799,1.1089307939582547,-0.5389732468917331,1.8560092581196987,1.1510248874495959,0.35602209142110425,-0.6561095242126009,-2.1610110783355436,1.7312836338202195,0.896739578157329,-1.479424638322909,-1.7189829376687595,1.0714090118471744,-2.204632621066149,0.6096198318584802,0.7393266055942898,1.003530342585099,0.0963068673280752,-2.2708111604532504,0.992870148929279,1.7997070826058237,-1.690154805947298,0.7772387751070537,2.243841934264743,1.1167126846386413,-0.48770157776801526,1.261911200687743,-0.3184275369408892,-2.0664565942284407,1.1769842032102602,-0.6354826507181326,-1.0102892488073627,-1.1196526200542778,-1.4726586498076066,2.631315573983029,2.444876251871105,2.671625157611783,2.1968119798605574,0.21513145667797673,-3.357747230513151,-0.2749164169467243,3.0032767386832755,-0.7021961538297972,2.65586764128199,1.0163914059595822,-3.6889920551498743,1.68212401498066,1.041855558391355,-0.015112328899244971,2.042281791509624,-2.9782942012114244,-1.5207699276187985,0.7028803110343026,0.6867511875054595,1.5245831934753984,0.709260408328463,-1.9326383874734367,0.2821968896687838,0.7034804632066987,-2.9381372002210915,0.46187047199116815,-0.5311862512221912,-0.43995558314968386,0.7128477337379695,-1.4925648367087256,-0.670914233762103,0.866679427863533,2.3588781639912533,-1.6304095967450292,-2.5428489998747397,-0.4357648151686351,-0.13088925586583092,5.201276977716425,0.2748480499536887,0.7955341628204736,-0.03787120311512007,-1.7102932072831245,0.8885614004576114,-0.47290776815496416,0.23191637866366618,0.2831337514412075,0.34189877372181526,-2.7073032751991755,1.2158648452061058,-1.5037069732291166,-0.6412467274871095,1.7437110118983334,2.458960544986338,-1.7611091014817797,0.020003498575379003,0.1670324632286183,-2.6537335537049023,1.5687572496950817,0.5136090972419326,0.5878971159766667,-1.6627187315549303,0.09462366799904709,1.476643737831465,-0.27279683470827387,-0.8406148801774199,-0.5958600594000806,0.44168524675441456,-0.3088360421303046,1.2016879390154367,-1.892766012696738,-1.4060375011538082,0.2780434661459561,-0.45104810726474004,1.6308374177736693,0.016971685276608115,0.9200146086083472,-3.029739627554643,0.3112482150129651,-0.47841668501107776,-1.9857411738343722,-0.23916612043560248,-0.7763961837046438,1.8743941222529619,-1.270787393839656,-2.422198104988888;0.45694244625258396,0.12132639863870726,-0.3515917811472482,0.3342867665315192,1.3177259764134022,1.6671655194650175,1.0961498459048995,-1.2802885208441706,4.084203877121707,0.6667820080005675,1.4490793228258498,-0.8113458826937743,1.4974520923695724,-0.766004771547087,-0.4058997073026599,-2.313446029421487;-1.7749211240903326,0.4749528760784565,0.9887089299721697,2.037894626370306,1.173450678941856,-0.2075377711157779,-0.14467885772194483,-0.45027828762971717,1.568035486508473,0.028516910881628235,1.5455483736815998,-0.022256784119869644,-0.536298544042476,0.20401480337104147,-0.3673101800984872,0.04858964628704675,2.370800553994698,0.7436115911706576,-1.9947820273441699,2.5821985206466627,-4.223005096448787,2.858422304087757,-1.655192127214773,-0.7106851748357006,-0.6851991041342123,0.8419356865267162,0.5253648276978157,-0.2337060923374187,1.9248208238664715,1.4082106919507462,-1.360356596568593,0.9156208602333044,0.608011107756189,-1.0831796789352754,1.0489926407946784,0.021515257657362064,-0.07190548394762444,0.23798661029117293,-4.5872484240245255,-0.8035289576461078,1.1939167641506843,0.4421138110163135,-3.4483918481601257,2.009096349345152,-0.23184747901441027,-2.0607581135892468,3.0289933386990366,-2.0838745423999256,0.4038265595354101,-1.4230002349575768,0.746660281622946,-1.2328678002970093,-2.032219984988841,-0.27014281136970664,1.3293869535578449,1.1149615139441862,-0.14420993636724222,2.9289013739732006,0.45814861832645587,1.2890010064802349,-2.4394578756743384,-1.2642052495969396,0.2878339193796996,-0.12057624641600535,0.5912837635879744,-0.4360644788034625,-0.23548775303316485,-0.03794434073919689,-1.2904455225507538,1.2478819992671297,-2.3321409733293637,1.0386985839696652,3.089535069520604,1.6104305033498805,1.2312789474947643,-0.9787762315498041,3.5095646400661593,1.0457051516697837,-1.9178683064585247,-0.3188303135445285,1.758056584242817,2.502729465188182,-2.5232823348322153,-1.0985784584718736,-0.7771888420346345,-3.0029869800038353,0.7134425731194411,1.4223195606644632,-2.8374668570471693,-1.134067297646427,-0.26506566982723073,2.1222269693598967,-0.6517879143994165,1.8960096620319302,-0.15002020475584887,1.8135838533821937,0.7787091218652603,-0.24960764972237998,-0.8671211152627386,0.150914666831176,-1.1926009676331684,-1.3505618385002025,1.3978636955243295,0.6150290297384043,1.5971734840466436,-1.2910326601630693,0.02885257496033941,-0.8425679230829569,-0.29647158021792486,0.7366761108913545,0.7210340772311095,-0.7282911431105024,0.4724532538206961,0.1371998161661433,-2.220054635722552,-3.6185463862274068,0.09370186848931247,-1.3974699845148084,0.758927451184614,-1.0128826032832985,-0.23823356428824105,-0.8560417074930371,2.7816572806635946,0.8827691632905283,2.103924484672507,0.4728538243666805,1.6328019073861606,0.6402311771267919,2.3623764445592865,-0.7420408410476589,-1.70109453268311,-3.119520645827514,2.85988636092423,0.8571503738567203,1.5970956540471168,2.3661274006247432,-2.3989829359517723,-0.8192867432329338,-0.47148955554587657,1.736877690418313,-1.6032794956840903,-1.924865686628964,-1.932336587854436,1.743207026974116,-0.8577303089265145,-0.9465542839497727,0.7159402341172407,-0.16186525267136964,-2.3026258315816106,-2.2616698376955107,-0.21721030602450103,0.14063361766595922,0.08962429868292623,0.9062550286041944,-2.1767489433843092,-1.926492715523669,3.5870251399654336,1.469552558222813,1.7031704802203995,-1.2170942903641082;-1.2096947428411076,0.5999287299962045,1.5307508323436974,1.2187618516973167,-0.213442870930208,1.490726136849952,0.14866745720211155,-0.33708597111803934,-0.6134026635409398,-0.30246968648812833"
9,0.07292992716478003,"0.5881572644358652,-0.7064755007657966,0.032264810771252796,-0.8938332206390901,-0.1825848784124418,-0.5545932404325518,1.1747618002330382,2.116012056830995,-1.431188333235752,-1.9232162862097522,-0.2451724218513857,-1.5184156988286825,0.04621160367091715,0.7489361138059267,1.494141897266825,0.20139455871528109,-0.193155224849579,-1.9783849165730842,0.026185149185798437,0.07128726054946169,0.6389568142127453,-0.7084881015290911,-0.4350526002358597,-1.4780022553041843,-2.2912928068840652,-1.1084970907967833,-1.5703258142530165,0.3367122954206112,-0.5181340566668573,-0.5382371300747891,-0.9844130461752121,-3.2325654325124336,1.5083107487475504,-1.0002705227767883,-0.412420069849907,-1.4548921652893105,0.9719303434406339,0.14342893703732443,-0.8263652852658686,-0.39222961134402384,1.67817992212487,-0.07296943188127829,-0.18173353761590585,-0.9413814861392652,-1.894581150472303,-0.16003867357934443,0.32548511232461763,1.0995844643276695,-2.2484965344996555,-1.125096327023029,-0.5807410905564503,-0.0034808485732018284,-0.14503369152842244,-0.12168868568726955,0.4080960585699445,-0.9032931107791092,0.9341414422336946,0.4334524416994807,-0.31983226412807936,1.6009079918889153,1.5564160355717669,0.9328953551938086,-3.0185567705677925,1.5789450927179753,0.7947585224719341,2.0064086377129366,1.2374645917335385,1.5783426774972855,0.878654850180379,1.3486931986455122,1.9941237407344399,0.21655473837820582,-1.5722305440781297,-0.30746090001514215,0.3899455993834367,0.07488758437155775,-1.2465619661594265,-1.631067625194979,-0.7411626686348293,0.807739555984151,1.5803397708229694,0.9165676137777012,1.0574272871141361,-0.08081557316355767,-1.742082457705964,-0.4552205808827054,-0.25876441187237875,-0.49705248683568226,0.05469486537462616,0.4414197598929505,0.8530151882434975,-0.27811986436633407,-1.9037594056445934,-0.4828777192911349,0.04371039699198385,1.2228079221334083,-0.5678078421841054,0.5125436283994018,0.29008789963543236,0.043900533123388444,0.9305333193245915,-0.6608411967525808,-0.5751864496435164,-0.011900823094228097,-0.6401465050936997,0.5080122910545997,-0.7131923043661328,0.2263042077451344,-0.10017276878675659,0.2149259647767057,-0.4597413950630392,-0.33908829452682704,0.09600926799704997,0.20207450616131267,-0.004201915391156093,1.705362356513084,-0.9907369187412842,-0.06420379495271358,-1.5736290221169846,0.3720814786673863,-1.115246536376814,-0.27831025587657626,-0.3720643253313259,0.2808911266011715,-0.5527909175451801,-0.5953056976939823,1.435856464085898,0.28456679047452627,-0.561050852022268,-0.25083367181123084,1.645354952270745,-0.235164878251097,-0.6892766231523877,-0.6849961501263927,-0.5491264809895774,-0.5944977224267224,-1.279647848349243,-1.124200096946978,-0.82932037436137,0.5915710184530977,-0.3812372872728735,-0.20716168909404023,1.270088025254897,1.2950071499384181,-0.28212494313773495,-0.630863510683409,-0.8644303136735378,0.6927757697082377,-0.20470723352228773,-0.3864948903227902,-0.8136645751375527,-0.7696664090113885,0.32005819149324455,-1.315438265887262,0.9948686937879384,-0.5338446438149185,-0.14963594425179252,-1.3369779581405543,-0.012365938242364536,-0.32832094269055984,-0.05008059885646664,1.4717088983618904,0.17769804579023982,-0.7946591841458039,-0.7113199105465682,0.5951311859137686,1.298693290993424,0.28191802075105005,0.6887127445547695,0.6097377233367051,1.419064413357521,-1.9495901727260327,0.6672189393045282,0.9837360439035638,-1.3387237061355735,-0.885668184006416,-0.8507827486281534,-0.7287901963773834,-0.48171705093552597,0.24260281305494147,0.8656746511673697,1.0813169577685364,-0.8378230611677818,-0.8447029987029827,1.315821840016223,0.6467439354186445,0.08286484186899613,0.4733366755549671,-0.029803781851440635,0.5245846830476146,-0.3360666965057405,0.2688049344392308,-1.5105460503694963,-0.687784294825431,-0.6770111767903435,-0.3743900332069141,-0.9265132547797481,-0.5335436258230818,-1.5144140623981206,0.5487004763949003,-0.08251351891139448,-1.7052076077760168,-0.8348299105466731,0.3366014275621669,-0.5430219463857897,-0.6969414601380967,-0.07459267700807634,0.3435975351782162,-1.4363524570391606,0.5501284812178794,-0.8002932816073767,-0.01792796824979873,-0.035420140691509526,-0.5270661182397741,-1.0236597461307144,-0.28568654809226357,1.625330309075195,-1.361675030463631,1.6923130191048756,-0.2597211710765324,0.03537141708863912,-1.0867108113847272,-0.7712694166774808,-0.5029096500380191,-1.0456949708779122,-0.20891795737087174,-0.4070158918067711,1.8507811424357334,-1.165974185680461,0.10269051674858726,0.24784628190182476,-1.0703205486518375,0.6868274954528385,-0.3983270128816281,-2.4923896515830672,0.659849612104565,-1.1169408841023638,-1.047774946139099,0.6879020828923982,-0.3471614824184498,0.9177721505515003,1.2101660953653188,-0.6449284603222979,0.7932624959550306,-0.7554608013928819,2.2331159171321766,-0.6929570045312151,1.026087440960004,0.8437900258815756,0.3160878221089338,-0.6705431614166831,-0.1513974919414092,-2.153588112944552,0.22442003838225033,0.34961533102838527,0.13349941906137147,-2.9733061712925575,-1.265636445089811,-0.7480909828486626,0.2916589331890461,0.2893389056429845,-0.17022379197117923,0.6352455366039567,-1.0262423753029,0.6102350056939962,0.47474210483989104,0.3775547328379105,-0.18204043108565582,1.8307438248312617,0.4931956884898786,-0.9683358632535589,0.2483054757359842,0.7524833770742185,-0.5881085989243096,1.089272246931099,0.3820337057160107,-2.342478337665347,0.29967197733792633,-0.40602915441271537,0.537179814541736,0.9442148402518143,0.195162047141818,1.6652522339446956,-0.17870688456349573,0.6248178230538752,0.8049425736373473,-0.09734596889273275,0.7787743079777822,-0.5946729871621688,-0.4225684190212185,-1.3124886903363124,0.24140911637004694,0.32525167585434406,1.1792631585792293,0.7911400043558836,-0.28479555664743317,-1.178179687334277,0.432850402519974,1.110753172414642,0.7551849738039433,1.0844775248572875,-0.21188953119824255,-0.4666189681756455,-0.736901352231799,-0.05589646661359551,-0.0785907959688194,0.2066776285391162,-0.129297457035508,-0.13362772972677125,-0.7766940529721439,0.9416190135514908,0.0765180622437113,-0.17444393428528215,-0.7474292532492047,-1.331913110391086,1.3079641925493437,0.5546387081318072,-1.6239178425699672,0.7631423007096569,0.9224811702331092,0.12437612230092951,1.598110895751759,0.21671964212288297,-1.4168235279491899,0.365169001048321,0.24489730171272925,-0.6032968487781549,0.573558836877425,-1.667665266190862,0.9905668274427895,-0.8781217036054526,-0.9849461251170324,-0.11382477230747688,0.4329729280436354,0.16392406359342962,-0.7426591657723782,-0.5060892911918885,-1.133042347377462,-0.22467990162987012,1.0750212145109097,-0.004262937643876164,0.8594142547594531,1.4554013377261916,-0.588018519036967,-0.18657325305536468,2.171192861062495,1.4443434119799452,-1.6724045258123525,0.38714831606090655,0.0005599923396953997,0.8264531108587624,-0.7449787674850553,-0.8396083720406722,-0.6760707152936095,-0.5719285461984328,0.8153241668090142,-1.18120117314888,-0.6226138999593189,-1.7890123905014412,1.007117823412373,1.2710300994311405,-0.3270734308637865,-0.297949364813223,0.45322190228289727,1.4744820073782556,0.40861074756391724,-0.6975419424751146,-1.6188225719864404,-1.1151262626634877,0.07321945031246505,-0.6553275232007943,0.1949677059907586,-0.552924016236234,-1.0581464312944115,-1.177031631453071,1.5623545093732296,0.8889877491836431,1.7305179518279585,0.5399509007551029,-0.42999140861483903,1.323340922489938,-0.033068001361767865,0.22084177029035232,-0.042824379075518997,-2.9469042192840145,1.6047350122948532,0.49100394595775343,0.32982306086851004,-0.0617760622705607,0.163427820386131,-0.5972789358462477,0.6165793523072711,-1.3070983443991324,0.18606843247054689,0.5615734705711045,-0.198669133822903,0.37086779247102475,-0.9913343922342502,-0.9658267708959641,0.23671712102639317,0.6785496546210517,-1.874865655501711,0.5220206351107666,-0.5432015003763371,-0.19280608730741247,-1.3395179235650372,-0.8516172401867081,0.9661253255303113,0.032863373980213176,-0.3827784017095585,-0.11648835263103476,0.4892118246643012,0.44049449616333775,-0.07502700039680087,1.0929591108966683,0.9704626369066661,0.4133720291303957,0.05461178291007045,0.6573210951195391,0.3142674218011834,1.0608000718059476,0.8995613767383077,-1.0182539014177285,-1.0859631707417063,-0.7012495444040763,0.9761386900669211,-1.5763089967712456,0.3947573891079933,0.36254309109296134,1.1626480586861927,0.18033869066388744,-1.3432093905839007,-0.9593549606481229,-1.1819955218978246,-0.5379439663331403,-0.1829015674239269,-1.165441526221057,1.4706619906522893,-1.325281371952441,1.3461034238624805,1.1851630314393404,0.8983025496890353,-0.6937666074967505,0.3424508791769014,-1.277371133550618,0.9109070350337493,-0.07398478153626888,-0.4093202145866852,-1.2237448466562693,-2.477506118629017,-1.038540857035756,1.1127981956129065,-0.402833428474804,-0.1693288571150473,0.6555543582884528,1.805668878116265,1.3250046549456387,-0.9723350038161881,-1.9425705714374064,2.3596142591001037,2.2689916116594535,0.1884535964292827,-1.2704882455818216,0.9632265338939392,-0.10798368601261019,-0.11298112310661049,0.894458843105129,0.3343747468732986,-1.1858149110149452,-0.32474193508197385,0.6611529286613466,0.5102522224050186,0.26201657435847575,0.9334229544758642,-0.3617169878172646,0.17866977521907204,-3.3755791001776,-0.4496501938428139,0.7639029085756444,-0.39039446711714254,-0.466227391717112,-1.0414529517748186,1.0033658927291456,0.5484632735405707,0.8254145978230849,-1.7262139619578896,-0.16045004326563395,-0.2801110077500062,-0.2805717065985525,-0.6160275437179559,-0.34610427178001524,0.8496447827066518,-1.9128513533478293,1.7772947680304536,0.4838411250264615,-0.04233189566021276,0.9068341463729263,-1.451834745168435,-0.664700905151014,-0.12107543239055386,1.3655603704321775,-0.046496581126557926,0.45005467118514625,-0.5895789959361277,0.486842068967491,1.6772395929744568,0.9955266916741141,-0.08145598777787942,0.6754908472654697,0.5775169546072118,0.5065876716972757,1.1119533608604089,1.1044777038374665,-0.1271585968748843,0.6418790614777692,-0.38309492115979377,-0.9230723963155776,-0.2694937557039864,-0.07627815173958268,-1.661580989177992,0.8603325594167204,-2.767325422602398,2.7148169394863215,1.5018791337963189,-0.2610087241723136,0.009426360563773238,0.30297187358728317,-0.589160387988942,0.19261914758693635,-0.1439999777016611,-0.09427271723096599,0.18146106348063867,-1.3135277983539944,0.039569724133648135,0.16344774661747724,0.1288496213559143,-0.21583075543615446,1.1378577759693718,-0.3536525548815512,0.22732590682319032,1.2972975339255457,-0.07937614002031229,0.21446326746755132,-0.0963846363148971,1.2373697935635992,-0.25772456158629525,1.2833545772882056,-0.1035878946470647,-0.8594597234480168,0.679373170574121,-0.30466783375565604,0.6205008990991628,-2.729404384923734,0.005205261894946381,-0.4596052987574804,-1.063258686531278,-0.5532410018397994,-0.5737031442926516,-0.04798579485058113,-1.3673264612849558,0.3162737802597137,1.366214785205788,0.28092849694782634,0.808988609229009,1.0945624546137955,1.2364895121841768,1.8701386928213053,-0.49920199827593026,-0.7184839851611164,0.7834656483247346,0.7082662196573998,0.7756752996156893,1.889282454250252,0.011369908798494166,0.4261565596461849,-0.9803882514834749,2.1353211239759577,-0.336544921209111,-0.30821592816082993,-0.3467498910082427,-0.6448958586443377,-0.7294370488476493,-0.5237042828895252,-1.3657959280509446,-0.7853179202632383,1.9489631114476191,0.7356551436413686,0.925904176727718,1.1772087874169148,1.8341345643623908,-1.771422551443844,-1.2298831152865406,-0.8037236608946853,-0.4697297964895977,-0.30056939058524895,-0.4469775528060408,0.21930891313205408,0.0352953907452159,-0.7228347951782497,-2.17554877698757,-0.9928687053786982,-0.5492386533125753,-0.24707943680771946,-1.129667459310537,-0.4908064664964202,-1.1309873884855863,-0.125819351548333,-1.0730913283626153,-0.8489046563704645,-1.308684130989139,-0.15350069556978385,-0.8664477699523984,0.9067842666754293,0.405850266692899,-0.069851868183643,-0.7974854973437886,0.3805203053163029,0.690700889348637,0.14268841220163028,1.6037018554669304,0.45963731807481595,0.9136072175680342,0.1335654155359782,0.6756644532569765,-0.7967812326691753,-0.4583983632127938,0.34936355348237974,0.3420994815573816,0.5076118229432475,1.1003928922787292,-1.424971171815412,-0.9744525476102961,0.22957264107425313,-0.7243636318034608,3.377768241289362,0.515719619170136,-0.07833084893015722,-0.5154692730838591,-0.48016228319304444,0.030140661315177376,0.11198193262125772,-0.45669914469351297,-0.2731522465199018,1.3442845752345964,1.3845049626510342,0.25203397993487703,-1.3412597272367377,0.5385031566390435,1.554282441611026,1.3697811019623787,0.7344258528096671,1.4224229552858216,0.053384272479021756,0.628102969833705,-0.6807755663251802,0.29226545615571214,1.3295342439705244,-0.589423411486891,-0.8614434294642864,0.09748893902369685,-0.22666220372399956,0.6491477210704204,-0.45325952594704233,1.718439615602714,-1.2896760979610558,1.2537347862197346,-0.7648492283081031,-1.7959827345840234,0.23787515634886738,-0.25460798601388357,-1.1096093679030308,-1.681376891715264,-0.00836078727145676,0.9758368916238178,0.5849534930864443,0.056706648839265496,0.4788475732177351,-0.027214132377857005,-1.4297242430303712,-1.4208939852234432,-0.20316852898467888,-0.16065328636607445,0.8509826785067651,0.7573042237747472,0.6051330157589494,-0.2802827130771807,-1.3806521701101395,0.41207113706602394,0.5251693132621684,-2.388531462477686,-0.8343381865826627,-0.691054377393896,0.11835020112343628,-0.8033604327656939,-0.03813456882464037,-0.21053494035299194,-0.15914947153772793,-0.7163942937007461,-0.6389850540666776,-1.0802670597806927,0.380067440573832,0.5711026285913683,-0.7706179501253388,1.5206400960170445,-0.3146014474420489,1.5301856237965608,-0.6421271738316033,-2.0265777765994355,0.4021978249123513,0.24854510511898723,0.034393795307583075,-0.6422324784439893,-0.034572225485819015,-0.5112594578695273,-0.30234956633175064,0.841632255765075,0.18421722953009348,0.6099513873319773,-0.23186850662578992,-0.34201734580477505,-1.1534825308886436,-0.370036612568197,-3.321114555589139,-0.5902219663056348,-0.08187417719083905,0.563673654270156,-0.26867787752495675,0.3476735422449994,-2.1797886613902455,-0.056836852206949735,-1.6795027929134034,-1.2083035156593327,-0.18716554786386091,1.2762639878735544,0.37120676347005876,0.01823099713711716,-0.019530389467102203,-0.7136288932044673,-0.5439834133726836,0.42737604547079716,-1.3853605184444944,0.5930540502830212,-0.38850706711885274,0.8255570748695653,0.9610934572320833,-1.67308401250574,-0.5815807632272181,-0.8555276879406237,-1.812727965073143,-1.0325332762094106,2.44125584526534,0.6095098962124401,1.917287968605754,0.8290984400183357,-0.7418431610084755,-0.381771196674043,0.5884361802403073,0.4375062034730363,-0.5773420157083338,-1.509993170579207,3.287761187388739,-0.14114967234280568,-0.32573889318261995,0.11333446390530184,-0.24272858931102861,0.1227289077054837,1.2869472861164193,-0.12454847968642378,-1.1627104393277614,-0.16164379447861094,-0.4644017814099108,1.4238989372468513,1.1711190647375707,0.10752500043079882,-1.2787358548192564,-1.2258922634399458,0.015123261584553639,0.3363229693212808,-0.3746228193260549,-0.48016958420723416,-0.5927992331786469,-0.023393960243946223,-2.382762352073065,-1.1013266287697099,-0.6270508454473506,1.2075031949519206,-0.8138136419289294,0.18046814183120646,0.22654275093099605,1.2979165056607622,1.2625774069641502,-0.05750296879491637,-0.47548474118944284,-0.6638331028256903,-0.2410632224657809,-0.43403335432359996,0.553627409358232,0.4203098174852043,0.5918011911450157,1.2592837114361684,1.862869121400177,0.12466339340755687,1.0994637713956532,-0.35166018383421516,1.1850069835830157,1.0615091571758442,1.0084159699429913,0.09406984119152385,-0.6683581639908888,-1.3945284378654765,-0.04003720752109928,1.533012542249183,-0.3098449013640731,0.7851265854600545,0.8439514005189311,-0.28368622092717277,1.3163448375195195,-2.9086607444805037,-1.222750278738175,-0.9156322963584598,-0.8197150228673898,0.3362629511858955,0.29003780305390187,0.3939905721750079,0.596081494132487,-0.9501045691456493,-1.218176066807319,0.39631968200786294,-0.6302320736464391,-1.5704750453679706,0.9713442845414815,1.3951019065022976,1.5571608896986593,0.18700772147472028,0.6259320959729026,1.3698682233619108,-0.6414157900234342,1.110677684054092,0.2753962341432087,0.913711652342591,0.18609302087593527,1.2962567097480018,0.22352376254153686,-1.4839790594674176,1.451926632314722,-0.947530740972112,1.2530582102439143,-0.09024288144032204,1.1760109851977065,1.134768614866765,0.4301429743153713,0.5085353176271308,0.42262861719256595,-2.013824756281078,0.11833021889820218,-1.116064176071895,0.17118714374566293,-1.1429425463832155,-1.184951941226075,1.6049345017539018,1.0694473881241897,-0.004142584944154457,0.1847686502490239,-0.24791602574300886,0.5698763759795229,-0.6760543665488049,0.9937402628679574,-0.25308684101411083,-0.4198469958312289,0.0217130184848427,-0.5911468299256105,0.32868234949648295,-0.5373625893133998,0.46852360281883604,1.2160065389114765,-0.7193216868081737,-0.1305754572951713,0.4613307130354217,-0.4358573549814069,0.4643205608266651,0.5553988606517399,1.083261776294304,-0.6059900460849119,-0.9427752402304745,-0.3075773895637438,-0.9677523395470999,0.5644982040474971,-1.1617513001764113,2.3330164182526882,1.2959278615737506,0.012575769600314238,0.867394492997976,-1.6368018643107916,2.523373331399558,-0.5902146122004895,-0.12049741389935952,-1.8559332871884366,0.4862873047408947,-1.1063441570771089,0.1016557615660292,-0.5442744329245381,-1.0777439349303435,-0.8043615017626171,0.2257880340855212,-1.2814909728688244,-0.748811671023577,0.6632733812644779,2.602479874874313,0.47758881955300486,-0.9172616421772875,-0.367114170072311,0.03158900615257829,-0.3494249506357074,0.903058166736933,0.21747348301422456,0.9078523849098702,-0.31444379029762937,1.3255002197212566,-0.1664855842815459,-0.9711898691379917,2.1773203810422213,-1.8249777469611168,-0.7387387253049276,-0.6270278518303946,2.5083062730565633,1.8068588841465116,1.4939281436421976,-0.3306586623763318,2.426178003841775,0.3683520038409712,0.9772633703031223,0.17969538110620695,-0.04946657132325152,-0.25177867392637926,-0.20963999341916223,0.6084916486780788,0.367199798775388,-0.031471370203683895,1.5095239926988544,-2.9667530687407306,0.509887247921195,0.7177387066589793,1.1469628682551696,-0.06487144105336112,0.2079200673839576,0.9859483833147212,1.49116640428018,-0.3005359851787682,0.2669757831275602,1.6785739643487574,-2.124027075878851,-0.6900125998145852,1.465835978602963,1.0925378336083031,0.5224452109266943,-0.44859687310912016,-0.8818184989854194,-0.5912156192423738,1.5480082208186925,-0.6284426891553463,0.10142296423965788,-0.753707644861746,0.842774030099027,-0.5387262803464412,-0.09759389015441426,-1.6833821330428256,-1.6133682362049397,0.007673193321506307,-1.325157155197762,2.1050866393345022,-2.0615231121122495,-0.8001752986641041,0.01670086726755042,-0.3651329377957845,-1.104145456663919,-0.957927839495268,-0.9906540774992385,-0.2867216948200629,1.9519290895174237,0.0779372965582097,1.182900489387524,0.5069763458281417,1.1138623979822204,-2.799964302593586,-0.30445802114822945,1.3071354231507137,-0.5717358227493337,1.7624731648696121,1.4838901537677616,-0.4691307161274624,-0.5031635190463567,-1.0136058423544687,-0.6295942318637977,-1.2325890641689152,0.4288111804330056,-1.4560464933464334,0.6037330161902218,0.6280786969002486,-1.6612044051839225,1.5498186063283395,0.5136092944152219,0.749698021444869,-0.7586652015427723,0.6223791184731187,1.1263934497220656,-0.09860839900467729,2.001922459248361,0.04406463491293769,1.1407858004524745,0.293008807258655,0.5855215328568677,-1.6713322676347722,0.37105373821536314,-0.734975101257266,-0.8463983057776877,1.7441031844659785,-0.2137702480623489,-1.0033018309754966,-0.3591316281088747,-1.3004502289219138,1.43388446819627,-0.695680744166515,0.5292999339436693,1.3561067142103251,-0.5001526812147293,0.532022432272786,-1.03008605490443,2.445769569113684,0.9363801346166222,-0.19260643876080602,-0.7728337308889638,-0.11399655283962636,-0.3399837223515192,1.9529445539995067,-1.2255347222149022,0.13480142329020342,-0.01833806663370996,-0.11741030034486948,-0.10861665493834241,-0.11607081012048345,0.8730660663320997,0.6089844464924351,0.4189116113727865,-3.033989362145269,0.2997948741631638,-1.6556393601700825,0.6463201631358254,1.4744973675705146,-0.9262391125885509,-0.2617807223427068,-0.599355705052997,1.2354317757568007,0.09502788527207305,1.7283293805663333,0.4137542029473876,0.24245018063581938,0.06820678260283634,0.8179920992573367,-1.7376861982453433,0.08534395552050993,-0.07004644372796484,0.7254188271577661,-0.18770160587403686,-1.03873443416267,0.007350674919699149,-1.0828405288683434,-1.9252622125874854,0.727122481485493,0.5790615726946706,0.4670909439935746,1.302928421945811,-0.6650318903039252,-1.431114142771255,-0.07002977680804456,-0.34750029970591045,-0.8422957167700686,-0.07984915348779596,-0.6116051462045847,-1.8360052833568312,-0.4411766907937603,-1.1363751667038573,0.2316480716109227,-0.6560347582406549,1.1116314741410516,1.6038660672678657,0.6793813730119062,-1.55102618198332,1.5051959988790395,1.575720450373765,0.018790511307940762,1.322926160335532,-0.5516751380466781,-1.8662459348495894,-0.7602844386215937,1.7293008660447564,-1.4910799236114736,-0.0004787180685054915,0.034143893340212214,-0.5129742439678118,-0.44352159983711503,0.07224913423620272,-0.5621623419347272,-1.422058497167931,0.215031942943456,1.0733665824449723,0.8695725186534211,-0.8097354673898115,-1.2512279153776757,-0.2841878821547786,1.567791509795664,0.6455980789595456,0.7039646767942336,0.8898569517854946,0.42076656251858635,0.12060854761357863,0.6623068966479679,-0.5461661042180197,-1.4144630113663208,0.7229969346243232,1.2377381057492252,-1.1182319393560314,0.8219214824159002,1.68076571338819,-0.0022462017571209794,-0.8180021847417462,0.12301867352675562,-0.5505339682007013,-0.6167301099564017,0.4331840672715426,-1.6037294750298954,-1.4439289224922272,0.019290880373942807,-0.02230853891243119,0.34355457703993575,1.8752253884833885,0.10451403607582113,0.5981721503347945,-0.975532935614632,0.7679376635165371,-0.5263908651106778,0.07142083258109318,-0.1088486250691617,1.032974234914031,-1.3099765543749995,-2.2832386346150395,-0.2134326970879245,0.4685312569051241,0.15226937580750002,1.2322042374139113,0.43737267417966835,-0.5638483318598599,-2.3254201541396804;-0.23731223419521827,1.027959002257798,-0.3920477826671146,0.028320263677764197,0.42136025430670854,-1.0152923742498159,0.6232358966388174,1.6371217900017057,-0.17281335189340633,-1.1290644218323018,-0.06660102702197371,-2.2243841086088687,0.336903263976616,0.4522743776485788,1.6756362938455622,-0.19399479256662508;0.40848533814647026,-0.8612881023859011,-0.3564271205250787,-1.525185436662198,-0.1947896212832356,-0.30530915351856486,0.29919976608889587,-0.6235968803326393,0.0833453509750919,-0.33338005560766565,-0.33149938829951425,0.08036232596303014,0.04052294231700992,0.7611740390516385,-0.12064303412983486,-0.3498853491230032,-0.18080744508722618,-0.7146641168409925,-0.35991109356667156,2.031158713073231,-0.9126787606958671,-0.2786563338793094,-0.3874886632696904,-0.24717161224439949,-0.33123930887839503,0.27924010122099974,-1.7101751013917943,1.0371714725320045,0.6325827996421973,-1.2428715860631347,-2.2690772729524014,-0.9770721461414011,-0.24266646142712253,2.580291898690775,0.5432569649742733,-1.8075896491814576,-0.689655504900944,-0.05321243627298323,0.2536835542980969,-1.314748860310423,-0.1349902279770614,-0.7176391376105407,-1.1037585626023165,0.2595956466989539,0.7738771734428223,0.8410412769616195,0.574386351133876,-0.49736953314026283,0.7145497614635058,0.3090544381042879,0.13394188295201317,-0.6116931217017983,-0.49687612734152825,0.07388693612455402,2.4398744669855015,0.30124248009139015,-0.611188502250286,-0.8323894449694428,-0.4917666126562028,2.1772934475490655,-0.39925664594596205,0.906870534610285,-0.3759282454713564,0.26118454127962865,0.7917452740087223,-0.571902849809924,-0.6411116541527696,1.6588696944553298,0.9845928948957969,0.7906723186907282,0.787276293122914,0.4595754883110654,2.017775813175065,0.043908301877156795,0.5772623672009194,-1.4509129285940126,-0.8249606865912409,-1.2008189998350405,1.2740635835161493,-2.55254015202075,-0.40231002275272265,-2.9937066026606227,-0.8312878954818901,-0.49094894973186637,1.384871093794044,0.39662793922145717,-0.8331415233289663,1.065963719731826,0.01783225452975753,0.03756685870725232,-1.202671507771992,-0.9900137139031393,-0.8250972999455244,0.046461273154189575,0.0778857269806748,1.544092663524045,0.38505516793783434,-2.707565693672108,0.26264198787169046,-1.4500163561675328,-0.9659709246115364,-0.8121694717263299,-0.6633383235123018,-1.375149392040303,0.20348200345228765,-1.4108022850909592,0.3566676072498469,2.2369710770616296,-1.3293590589340638,-0.28451030433922214,-2.52345736251247,-0.30093529297013316,0.6427171526314838,0.720639231357267,0.0773637302840967,0.8892634247589758,2.5460545359427917,1.7123046874375993,-0.5225209294096369,-1.4511039864667385,-0.40615141657380355,-0.9469827656173482,0.45134754786463266,-1.1811935394294981,-0.07282243259034207,0.8380140545363104,-0.10069587281717701,-0.9463138227477964,1.1748140575856918,-1.8789809447538273,-0.3277950558774631,-0.04166002338133474,0.01590865839963108,0.1804960560780812,0.6104398198094931,-0.03540743904535086,-0.3680582821436807,-0.4075893446596956,-0.6115158020383546,0.7875433243268652,-0.6465284794765146,0.8467711090082444,0.018999082259871004,-0.5212548068561296,0.6184072157441348,-0.7274539247231182,0.6381840407282129,0.21272612119178486,-0.5963246890919207,0.5286348153345591,0.5465897256886387,1.1575196058099577,0.9661470124092959,0.49127402072628285,-1.1275909512087632,2.448586988174057,-1.4036162110718102,0.949263174282309,0.43128381688629847,-1.1741423724811146;-0.12430093887849918,-0.07875288624464047,1.3055827158105235,-0.7133109002802115,-0.2619450064243539,-2.336069605021263,1.7347627931235772,-1.0704682430200712,0.3269108642391749,-0.10140782972186395"
10,0.07109660060575468,"0.020029748824347503,0.7400783657052865,-0.20219033538761957,-0.9370576764661336,-0.298983997371841,1.41484013645926,1.685064345333184,-2.019926173942275,1.091027909191477,0.25014771603535624,0.9239826791201501,-0.5504882602676295,-1.768263509501486,0.5844887886474618,-0.940977261282717,-1.3882924314848524,-1.3184013824734664,0.6009137824153344,0.13945246602919717,0.7824660218746737,0.6690752544963648,-0.42093356458376585,-0.07047357387745573,-0.5114375287825396,-0.21032777286549081,-0.967254737981066,0.3904842938743351,1.0751207489817565,-0.8166130298209866,1.2812696454013426,0.11352149647794171,0.24107897640581327,-1.6994295196075182,-1.807262309565734,0.14411636277968193,0.7897321246320076,-0.6713804436449524,1.6700939005830893,0.7349359742543154,-0.9083412517079852,0.030848667053507126,2.476929133723412,-1.2425640027997056,0.5282699389151054,-0.3227445527233424,0.7068962909185121,1.2672736463183818,-0.3862370887113674,1.1189122717071738,2.221203394271961,0.06627473734423478,0.7848886874941853,-0.5904407702032749,0.019259309031212417,-0.17667509270824255,0.7969359256585957,1.2046759357569254,-0.10965484911745936,1.5336228457329233,1.530047441561629,0.8468537431799008,-0.5160265317217283,-0.6118288167399027,-0.8123813546900387,0.9491660702381609,-1.2117682074893643,0.6768376541110072,-1.081109347824113,0.8235461198419735,0.017219582730560564,1.3336385618598274,1.141454578321271,1.4350654120021116,1.4608187182891128,0.1436308339881977,-1.1587930664246047,-1.0525230549973785,-2.0868485293159376,-1.0836658334280935,0.06882365770464906,-0.5596541808251622,-0.18013560440985132,0.49271541946140096,-0.304065258065758,-1.1218288004125843,-0.05323366756343213,-0.8984904867728449,-0.2707864969790631,1.3427769644230034,-0.2705053040961747,1.770957553347745,1.4316359869379698,-0.5793053085790432,-1.1111237664157756,-0.05255416192019341,1.153327763396889,-0.4901909062286882,0.908090298262139,1.2084399891360882,-0.7740256503626058,-0.6760510882885871,0.7126620321270069,0.1518475496415706,-0.6860615265436788,-0.3521804481195873,-0.07051955272741914,-1.5648544249554606,0.7656431064826952,-0.4786921889391912,-2.783716223798099,-0.023870968309452716,-0.7415712588935076,1.6888221923026767,-0.5854450209199682,-1.097643363578611,0.5079326699620159,-0.6604473680075832,-0.7794562012522323,0.5095013828244059,-1.040467307889566,-1.457273658199453,1.725998002094337,0.5794987376006449,-0.26420928499436513,-0.003477209701936022,0.505864358116156,0.9733374496134207,-0.7559752913150118,0.36614652596568237,-0.5067041762102386,-0.1889812445126243,0.1606928674649046,-0.006678573052672211,0.7355668983025718,0.48708655911559395,-1.5081692093721777,-1.3578232070654421,-0.36971668475929287,1.8286252624418249,-0.8515918325016023,-0.20822270961275288,-0.5363460269565219,-0.55404438408808,0.17823974390505556,1.4007772761956514,0.45596839988058907,-0.8035309614270922,2.753229510803207,0.07857322096112584,-0.5772209563821133,1.4120963746775894,-0.4690706179438185,1.6629136549874428,-0.8706427909666666,1.4300303889213692,0.20104766428169443,1.2910522327024336,1.9017657087015443,-1.1326072905212539,1.2757718207583224,-1.4089039044254048,-1.0471843552482283,-0.803409459792437,0.5036366361778611,0.033015876934859634,-0.16713608416283599,0.14623527902236097,0.5912895892934729,0.6682481239413528,1.094166835615131,1.8200348127674395,-0.021362372441476974,-0.5210889621309163,0.6135361291851883,-1.1442548162646202,-0.6787041321116114,0.9993809463927898,-0.12412837481770417,-1.208192458358039,-1.4898030653651742,0.04871667939380729,1.1418965369680099,1.1285457775311865,0.11088050289283735,2.008909419096128,-0.10482036594046269,-0.13856762339741077,-2.567435909739,-0.44736294916121566,0.8520150349084945,1.563961336859704,-0.8302346336672846,0.4622523292930485,1.0468790323232877,0.011208153195899085,-2.2832804575272303,0.24728999957425232,0.7614306240608931,-0.9474228950184589,-0.254154530874387,-1.1554960421287641,-2.5701475485803527,1.0270044117876564,-0.0037485338018516225,1.5976749967049828,0.8573221919061772,-0.35420976166544893,-0.08318066010440868,0.5661773907701725,0.9668834167557434,0.3226706307420114,1.1055931452894843,-0.2966687366744715,-0.9971435467856863,-0.06480925356113022,0.2051848907361836,-1.2015353947392868,-1.336722084146622,0.4473862964734275,-0.4063568513704236,-0.1658409056620021,-0.3596926657008235,1.5206009017632118,1.261761160395,-1.2373536900391682,-0.532793213080447,0.850004267969593,0.6019362371032422,-0.04145796232978563,-1.1376002049642353,-0.6825400461535457,-0.5167675675462897,0.2769943311191006,1.7037271546972377,-0.686880234788128,-1.0260352475552401,-0.1085864768279433,1.0317389805140589,-1.4468829667607033,1.4536341508749477,-0.1720313621156695,-0.7343200023133737,-1.6001892867621594,0.7065207734206274,-0.17117119524153482,0.1707054827545068,-0.9008117410113639,-0.31909603425102373,-0.4865812463547379,-0.10059310537820755,-0.6695523263758105,-1.5341809606872214,2.728499745296607,-1.363404247337514,0.18145900694253897,-1.7720278284240423,-1.997047436617975,0.09782649185226754,0.17436758776830327,1.2614989908023837,0.3995468410157058,-0.14981071874579097,-0.9496002440650042,1.4990120682335486,0.928851246050224,-1.2463294777484246,0.03796372821063529,0.14405223152649677,-0.3456536566056691,0.7718504858067948,0.8317331383481771,-0.19048569780510585,-0.28086924579765843,1.4989584626675316,0.9328388923622372,0.07236038990838448,-1.6292090390800535,0.3440001063050359,0.6980834649176682,-2.754521628398373,0.2518694483180255,-0.4166919867957354,-0.22085428012955155,-0.9073809527633206,-0.14818929040364195,1.3919915761813313,-0.44639849881551563,0.9655735587931837,-0.8063312188796102,0.7587561926560389,0.0016558556219512324,0.3520248287892806,0.007153256097487521,0.6416252324412085,-2.567585117933758,-1.4198253134575696,0.41708049800864466,-2.0435383538962357,-0.5305803556472093,-0.05434084103664975,-0.8281401376128967,-0.6915614026937736,0.27158220015359236,1.0092949557798092,-0.9584493812548077,-0.5750581961873702,-0.7312609733270449,-2.4213797518772786,0.14171179031750872,0.9347177458284922,1.0166432073158822,-0.8707663764407388,-1.2516980485201425,0.021605547591684655,0.8292736865664673,0.15485044831038394,0.28930463587376126,1.1418309277362335,-0.7391365592307034,-0.21997008667302992,1.6346055117612015,-0.19681112309762697,-1.2673369659665712,-0.6693560962502948,-0.9381798512212423,0.35716258570127063,-0.8959470035887789,0.2710342528612446,-0.7360652185406498,-2.123378538398228,0.3066197869819221,0.1484636815468889,0.5177578157088407,-0.6729872191652566,-0.7795444753593765,0.4014668584815456,1.519019572530981,0.011168009506327682,0.42458509604714495,-0.32158768442570723,-1.5436305218736848,0.9674294191540579,0.9084142390861619,0.7107740251751941,-0.18194543834241864,0.5970560997385407,0.8937617973878307,1.6201586849567073,0.988526104647442,0.06382122503363889,-1.3082532554243715,0.15565829767174108,0.2565773958493077,0.709029775318304,1.3538918593234255,-0.09515051205677928,2.1009871898131114,-1.7592870200405772,0.41934187246162524,-0.7985203921840281,-1.907221999688803,-0.20177437629915856,-1.4571726984209565,-0.16142789803281682,0.03476924809445675,1.1185414093359494,-1.5075851347639375,0.9084451656457725,0.09808045027979402,1.0288491536095945,-0.43175117503112775,-1.3322445867634454,-1.2174993262158662,-1.291807453667116,0.47781415292065516,1.4769220222146995,-0.5649515266552204,0.6291352982577835,-1.5234420581356198,0.180321249177299,0.6685626163371267,-1.4481247752768684,-0.20388346897985454,0.7159171404855652,-2.933770647229477,1.3354530617017426,0.35367937589104814,0.7167276477173428,-0.41271927919476437,-1.7227224815653555,0.5340629563169517,-0.08259032541651207,0.03211545543232061,1.0876069851989536,0.762063873862598,1.9212374170896127,0.15385422887349898,-0.6912124377911172,-0.18841684690872626,0.41566337253860625,1.0158565189929774,-1.4670339514387187,0.008537615179168945,1.6095416570383692,-0.2402088710025202,0.9310118548691044,0.4931175272160051,0.95586060652498,-0.8097605415999324,-0.8054016700655807,0.020271892122288065,-1.5322217872403114,-0.2697406066116577,0.25287665751566707,1.7846356069497724,0.40271818926982167,0.6252284708731023,1.1644758470500058,-0.9646575888950566,-0.16508266237098573,2.4254125918038927,-0.07912222238450871,1.1164307487822072,0.9637378771731072,-1.4781137143876892,0.3104792770059333,0.14674747220522566,0.3299587878404347,-0.75411247979106,-1.116919511912159,-0.4760100000208513,-0.09779499708420289,1.184984447600316,1.817310819725607,1.3965978462231778,0.8601852107818442,-1.0043402622995898,-0.4088961749894955,0.2099260524129978,-0.632439038076175,0.5772056525279509,0.7204861082542877,0.5362900625654685,1.0251346045575813,-0.9045912137130739,0.9328287040921978,-0.6956454501201963,-0.9409359526428854,0.5321161341863817,1.2158735621989807,0.48801348637600983,0.02080402377254423,0.31015382610150705,0.1364269180672801,-1.1259508961353941,-1.2426201449449152,-0.07882587947345479,0.07985683576930377,0.011332378367734082,0.6761016136499133,-0.2154767161643399,0.562979181904856,-0.14458676732644785,1.823358962036466,0.08071372672644667,2.340722611525677,0.35201159109086433,-0.21367717058821567,-0.8994479762596744,-1.4428885740576936,-0.9914422843961568,-0.8796063091639899,0.3948200204121767,-0.5261653710601875,0.18692705255449762,1.281978362376686,-0.0878083516348536,2.079156698466804,-1.1758109803391978,-0.15058354837492782,-0.5393129236109787,0.9365066060570079,-2.239791630366121,-1.4431152891778112,-0.10734682245096279,1.5513777210094932,0.2258418340373073,-1.3515474542642338,-1.1971665926902302,1.6729897028449527,-0.6211347987962408,-0.942963372449764,1.4773725606308605,1.0110970055869908,1.2740596432667959,-0.9500418802658166,-1.5251056410143606,0.1331664893627056,0.33512613307366396,0.3646018037048318,1.4781839356390019,-1.7337670900082482,0.8596950512977658,-1.0966250441473178,0.8557353208608411,-0.47495670452137745,-0.8139717958905116,-0.6099027069492022,-1.4456102007765625,0.04042893983346719,-0.7726733906604571,0.7862982309002783,0.6400560810329173,1.6881570529027907,0.3663274835410772,0.5206777670800737,1.4000998118278138,-0.6276626960266963,-1.4882582128230326,0.2000940591283936,-1.422633469214404,2.45393867292539,1.4554982920789432,2.1639763333015805,0.062446976663129296,0.5505735937015979,-0.45947543195264406,0.882924805586752,-1.215543212051057,-2.543093189474779,-0.7907106194885667,-1.4554734756173158,1.4779267361595356,1.815677455080316,-1.402929072413111,1.2917156075212395,0.9513849835007704,-1.5697766847188763,-0.39026753093161815,-0.5801637221245197,0.7479953986272,-1.2287793509050138,-0.09887262565948246,-0.685934503949618,0.47334118338514336,-0.21679203168792927,-0.5352457039403952,-0.21329657563207796,2.036042832840112,-0.4168996361193892,-1.041005218283787,0.5834335691559652,-0.1435246694229566,-1.4152339308664725,2.231496335202466,-0.3524789455866479,-0.3778694539613512,0.15983535190809744,1.7301167692088393,-1.6797453265189957,0.2759858494205397,2.0872721617936274,0.12872868073964833,-1.2353339793034797,-0.6183968529606526,0.2068825297567905,1.330803915639862,-0.3393358444160607,0.8266517974324317,-1.4353688270468892,-1.4437183695950546,-0.48280068868494963,1.4380287218732621,0.0688746395137692,0.2898111955666193,0.2780795955735272,1.1092079825867307,-0.6102206925378539,0.6882851084882323,-0.8308826638551301,1.9832726559207603,-0.8003911042966898,-0.8823893030786208,0.5496698134880496,0.07978843143232382,0.3268524062609343,0.22731379549231806,-1.0903921988074388,1.613358929079484,0.8935422058891094,1.358949951267116,-0.5283308891104243,0.4165235447151714,0.1973684622346911,1.1280026262015077,1.160248131829619,0.19305080295811483,-1.5179511318432517,1.779661887087689,0.5559874336901389,-0.6084370413911421,0.40654213826669494,-1.5110935484525234,1.055353067471044,-1.471211744279153,-0.22083449203708258,0.2444544496055498,1.0388397119820936,0.10654467643437403,0.6349628736125502,-0.02816690844955293,-0.032185950944282664,0.08547725034829733,-0.1890579208523746,-1.6865702430814355,-0.7683234936966282,0.24477484111169842,-0.2491210034887189,-0.1558090821819066,-0.3233536694387154,-0.8635983927318178,-0.49309946097629387,-0.30683174438859473,0.005143140541849398,0.3933783444697123,-0.1805502908857391,-1.0296552556924194,-1.3980820399187832,2.5974372073752243,-1.129815030264563,-0.5186250012643829,0.5170003025139351,0.3608606095656809,0.5208656925615726,-0.44271706953217543,0.23855807063954726,0.06134366424086365,-0.31213136754128723,0.2454097417713399,1.0553655467507066,-0.02220022343532477,-0.015547153643574597,1.0681610348759842,0.9613603598188132,1.5839364409634833,-1.7562302344795768,0.9051191831693894,0.6015800454021792,-0.8856523977532653,0.25158791799884483,1.0511217477579984,-0.8291589224854,0.4425624290228071,0.8713536757310174,-1.071019562531488,-0.142285692445148,0.30096837664241116,-0.7961315055429548,-0.8791531990935461,-0.1350446018627742,0.801639716903692,0.6437340011921098,-0.8614127291863422,0.6521678851156861,-0.8359397761665085,-1.6101697979934344,-0.36714357104723133,1.1229693715857356,0.6559605521413735,-0.0015718073731942623,-0.4167054835910575,-0.3897621361164312,0.10878490586079616,-1.0684374858458288,-0.3481073452012972,-0.21556946135976882,-1.3510744584514975,-0.8384482508975749,0.4105067914863815,0.009511839940994225,-0.308761791193383,-0.9114274375379638,1.576849825589217,-0.8379792146793185,0.25159280726173744,-0.48786908807379537,0.03627929263833515,0.4576097419403723,-1.370256589207886,-0.006616244153488004,1.1907286489798454,1.761501893492003,-0.13001397325513103,0.04168120721690878,2.211333028601533,1.1349242815991982,-0.6172845692552189,-0.6189834508861229,0.9565494617872686,-1.0110371300457306,1.087726751338853,0.33429996375100834,0.5177207640270725,-0.2567338034800533,-0.6298248042464099,1.4619928308683203,-0.24673728055347494,-0.41093507657386175,-0.08013706787980918,0.19302213271794288,-1.0308251267194486,-0.5648714942069116,-0.6180320739060579,0.8452803046068483,-0.8859625679998893,-1.7557678577580538,-1.967094562906154,-1.4703801346757173,1.3615382028481113,0.01620659948405166,0.5012490868072027,0.5364877271213292,0.05618391839232033,-0.07478129665130821,1.0445264298181407,0.14599591431263995,1.3990974792634143,0.6208299452898662,-0.617796273481028,-0.4971340238699362,-0.7274648064542795,1.2175480219507155,-0.40505095294555277,-0.7984727967996325,0.31977804112682007,-0.09716710637250317,0.29456851257516387,1.8898139038938433,0.9130708059288597,0.027010554301906357,-1.4084233842060085,-0.4999624972086356,0.7110461025453031,-1.1710410396618163,2.140970296330354,0.014416562635548644,0.04884839320948488,-0.6666451929579779,0.49673775677571846,-1.158001806522232,2.1648925891014574,1.3173513046520113,0.9842964451970457,-1.3904290057898094,0.20541327045775085,1.2090863980140045,0.5931053993577392,-1.002109104633775,-0.6500937553086553,-0.4519361380059906,-0.6034378344886075,1.5287788357103074,-1.921013138823256,0.6559191396588365,-1.2923033749284512,-0.9612514874510678,-2.0097333668687174,-0.5490544311588659,1.5107316515392135,0.264824242464778,-1.198361546999097,1.0171476743793124,1.2313042635686857,0.10404648103908559,2.0347491581525903,0.8215641246246144,0.6826525072925881,-0.8033787071662901,0.6273984856213408,0.2167912776044933,0.5198290026710267,-0.6845856191413306,0.12809888435898667,-0.8168615002149581,-2.147132099966032,0.9983045685783835,-1.5023889816895173,0.10718646478241609,0.3330021294490398,0.32656301586305486,-0.2830790735982502,0.2712114752799734,0.4709670697851621,0.7349648157519848,1.733441339384263,0.23419415149820536,0.06404884501770187,-0.9067289653500941,0.435946323899337,0.6673831031405686,-0.1923031842816272,0.5446125041840371,-0.2925161935493418,0.6709926520889239,0.9126023140297436,0.8986278667304854,0.11784432614130065,-1.0399681516170514,-0.6119130526418207,0.5951573238847284,2.448812305740227,-0.34072077153208186,0.45583767838814,-0.5560525574794034,-0.9739670442491007,-0.6763158635773625,-2.0824719767026716,1.3534350629077507,-2.2301302529146136,-0.2638282304006328,-1.1781278953500545,-0.8843802153622045,1.376522659738668,0.201066990031392,-0.9653961591817005,-0.5895171324965108,-0.7654812204420857,-0.043545672078880604,0.17289168478769248,1.89557477322856,-1.916300765997707,-0.034812314757952455,-0.31556769253452216,0.9465485277167823,0.3548181181783934,0.5903622081149456,0.34508618601508256,-0.9319911252835396,1.211265496493013,0.7985049046156689,0.915529791724743,1.2640501705071647,0.4176751006519598,1.4809924041174929,0.3776395717866411,-0.21905858802460865,-0.006603910483364725,-0.023843768136116463,-0.519391322090543,1.6318888483702207,0.29629536550366764,0.09473847583290661,0.38827425492643364,2.979854516737147,-1.1317241885996594,-0.8450385117162756,-1.3805710174469963,-0.23259923843548608,0.24551844332736034,-0.46532251834107735,-0.53972679815177,0.14240486662813231,-0.5021078248296975,0.31017582718283815,1.1142343467426044,0.6770304698008064,0.8810133471652023,1.0859184115067195,0.2828281601187029,-0.15864102604310112,-0.7722530708831956,-0.391178163635721,-0.5236855326768944,0.7316723266209116,0.34678255459419616,0.6967578627143014,-1.1603368561001515,1.431749484241079,-0.4269803715067624,-1.1000166420746627,-0.43921776482181274,2.483765992587508,-0.38771686649156756,-0.32509647147092546,-0.1921046806296761,-0.1486203834314553,-0.7814760658012543,0.1432130832061304,1.0755949081983303,0.3142893154787071,-1.1111652988999856,-0.3443459049337084,-0.5515274001016297,0.052939468234801106,1.330451671562317,-0.148882796020883,-0.08815486887039078,1.7776448188194294,0.8762059916716602,0.5740812821065351,1.9581316153017756,0.4898112547940131,-1.9865271419775223,0.8326657578803607,-1.5920084571186501,0.4520053685824477,-1.71374357412924,-0.46685541039991946,-0.3637845296098712,-0.7701191072317533,-0.3488519971912,1.0325617203605524,-0.7139529121595534,0.5451408795105409,-0.9656496396073002,-0.18949957639212914,0.3238392663274503,-0.9965284166185597,-1.31172043291069,0.4918781505788882,1.1230803993406389,-0.0790650194873722,-0.45731290655670426,0.15567538768838682,0.055479918765380484,0.24290254071125145,-2.5282451003137143,-1.0691042911659632,-0.8452301054368538,0.15086762851156252,0.18587788362226634,0.636180488684036,0.2575817492104368,-1.3007350703873357,1.4470046175850602,1.2719183034223662,-1.2581972900269258,0.3327052943741829,-0.5954243852430158,0.13886398920054824,1.0533102796418705,2.130104266320959,0.7512777051426102,0.29493473511013596,-0.3398211683082972,0.18213487101117645,1.3597718933283136,-0.04470875675958535,-0.8861126513476503,-1.6196898655166265,0.5130478674102508,0.2472881256277393,-0.6459081732622967,1.0260141257072977,-0.42177686438763046,-0.1346440918247952,-0.016664133297943518,-0.3509527421380881,0.23586506574957086,1.151515145933001,-1.1424818981184228,0.48852013847400877,0.17215866960644105,0.15376382954470624,0.8718445698740908,0.0492974252171587,0.4802292619057029,0.7158646295711472,-0.5043652003806066,0.2991834608137983,-0.2507876072106319,-0.1326817797198955,-0.32206139647833193,0.4710804040968864,0.08164470901825371,0.39454403431667434,-0.017517362895748446,-1.604121012470325,0.031368416099708474,0.063537955156817,0.2425959371534602,-0.593729193685742,-1.195469716665512,0.624606644894278,-0.2736065565341689,0.17124404768499576,-0.28146007988829563,-0.0060618257735948035,-0.44928534793580827,-0.9680835891538281,0.47373166076865714,-0.6031200882261201,0.16395148089481063,0.41046022190207787,-0.5868127156030817,-1.203885634372985,2.426085613853053,-0.5277718759454261,0.6234171586011584,1.939463549570124,0.7899077468538932,-0.30044280882755153,-0.06711638753511132,-0.8326072197388483,0.8816964269577422,0.5662707080586883,-0.5144258182617432,-1.0421748070984445,-1.3212337376636916,0.9865140038042008,0.12037312895556077,0.21498453633275158,-0.8229486258623573,-1.4635031033044061,0.9626135747116324,0.04203903699723074,0.9072346600576203,-0.3859331265155641,-0.23681784303685838,0.7132981766206321,0.7323480796505246,0.7975656226859541,-0.2952012531026962,0.6145472376508678,1.1090994654767188,-0.10477201168153431,-0.5134883637740536,1.3427476033167658,-0.6544457335513071,0.629476497114477,-0.058422310519861353,-1.8415656164845604,1.1285940674785802,-2.757853629547368,-1.9841280667576089,0.5273300794806717,0.5270711986781154,-0.6375798578775357,0.14782209030324492,-2.531430045778005,0.7069754644705992,0.24972548705359698,-0.045642853333795405,0.02084148213777202,0.49325417619303186,-0.028901523497860945,-1.8740555027312202,2.1963322345225227,1.2008008194284512,-1.2849446619548281,-0.34513723047659045,-0.23603419015604085,1.0788495665089635,-2.159268935319768,-0.4990082644297892,-1.7606364433375037,-0.28509551582833836,-0.4725008930849044,0.07969406738271223,-0.6048743990091834,-0.7510233913905242,0.6196566917631479,0.4546727409425804,0.5513983427782422,-0.17690009049084265,-0.5717385822251894,-0.11885248202077078,0.5011620700684521,-2.1767797009718484,0.394111930370858,0.3091381873347979,0.06215090608572699,-0.14931342187167515,-2.5661193859324136,-0.4398532631004059,1.7894387110773733,0.01290129556830568,-0.3072898386747181,0.01690619559011259,0.35477286862800855,0.6588202446894643,-0.22888016315794182,0.4249196023936837,1.6766508027613596,1.0062507994327152,2.3403002158569794,-0.6567703583517164,1.6761895075020152,-0.7906736399225947,0.3535661467404633,0.7324765292380994,-0.5107771919044725,0.0879642774742757,0.9104611024518411,-0.7102708983119079,1.669383459547647,-1.384596624727349,1.9396914427283842,1.001326134799592,-0.0897255763277786,-0.40266821123673147,-0.5070282627910236,-0.13579564025701485,-0.048495861548826256,1.2552262466345816,1.9686541003845839,0.19937992065400773,-0.8456284879894043,-0.545726040636194,-0.18309078461128447,-1.0301221052967755,-1.1789414021073787,2.097127212373027,0.30261352594625407,-0.8331331336803468,0.8166035703577127,-1.1783461248068456,-1.0960120478710536,-0.8030424010642451,1.6545132808650334,-0.2528800657783739,-2.4417069869024868,1.2100659331755932,-0.30638136416235745,-1.8494080058784057,-0.3166834879634098,0.5210038966049031,0.4040491665329693,1.7984149791648192,-0.8527678625699305,0.0467201202649723,-0.6995692785784219,-1.542192894187223,0.8855273723059548,0.46326956914752015,0.2836784496988527,0.42679019325864453,-0.6854728526884201,-1.0056950873181933,0.037647372169360274,1.161211402411614,1.608077135453547,0.7954327068074329,0.029174426768095948,0.26978392939993606,0.01159385932537144,-1.0259433396994282,0.02464737821054295,-1.3348268175884932,-0.12407722610303959,1.6361051105963191,0.8228592227833518;-0.9231191842365297,-0.0724290696422832,-0.8343763117547379,-0.06251376817721002,1.041107816524563,0.6530079383099038,2.484144080745336,1.1924774025075715,0.20400038107769147,0.6771499741332931,-0.2024431741833357,-1.1275042470864962,1.3057765782875206,1.008991476931648,-0.24105421459396426,0.2739357369313382;1.2409391873848064,0.8463514262060201,-1.4631012512496988,0.24362002148982426,-0.16763152548836402,1.1130006991386807,1.0310427387826613,1.318607828178045,-1.1178943387202076,-0.7841115340562388,1.1140824361354387,-0.5916458153424456,-1.5214329809143075,0.5325964876140653,-0.5472184402659728,1.7897907703084006,0.29618455398846355,0.16025928664166553,-0.36924389161575705,1.5908353339269714,0.35855445988982093,-0.40849951815620644,-0.7940837066054469,-0.07347305456421788,-0.9776468371548056,1.0288774416789441,-1.808342054024234,-0.1395140283330708,0.6101335450879344,0.3421194201096571,-0.7172829730156689,0.6602587067065492,-0.8860393883859076,-0.02238465649681007,0.6518415719803556,0.4629127794931132,-0.675039011419468,1.1974945165643633,0.08669457148553406,0.7429954109391514,1.5291010066732473,1.117520548774607,1.1201294063310439,0.19267992984947224,0.7939351209105097,0.21359657456431608,-1.2093244677784134,0.30274379250504235,0.2563609837384655,0.5837293615218192,-0.12799697521339518,-0.7614555567638507,0.6565060831752271,-1.313272287252248,1.4588191358564693,-0.2314180612049924,0.24552817205616823,0.558558153281572,0.5906880448441909,-1.4089842999517348,0.8240865805442636,0.30315382837627336,-0.6352613845586089,-0.7496669509459138,-0.3340530820568455,-1.298741686610492,1.7222673909870256,1.4861513251433442,0.45170020097593927,-0.22339841634209087,-0.1971079879373953,0.7580657061739681,1.7578268995019506,-0.5703967395967432,-1.1175860426233242,1.547640773595271,-1.7871385875844514,-1.0085308082526463,-0.2468578925108528,-1.5604334678050311,1.1121490628065982,0.8569052705051,-0.5747932272153171,1.2796141191777477,1.4492924284038262,-0.11317064829006354,-0.4506681775680075,2.259602027742478,0.721161822084155,0.2563246529688533,1.3635459466396125,0.30193063500302136,-0.5056205859191885,0.08015976048755348,1.038654287319735,-1.9921855663492136,-0.28803073943922103,1.383057398581605,-0.5118684010935176,1.5461085604314098,1.4147438193598127,-0.06552911548895132,-0.5685393048890007,-0.2873588741496345,2.6646144920014345,1.8744244469332438,0.1253909718067383,-0.6081535516204094,0.11704103558126315,0.2438269266167647,-1.243358737609354,0.08004126921526018,1.32240432481173,-1.7993566812164734,0.8265839651372482,1.3747979700547797,-0.5605573450943682,1.6941757581910564,-0.6903370624483454,0.44108266186040374,-0.3067726846636304,-0.30699635716260354,-0.6172990697580455,0.6985754808620198,0.8488054577314491,-0.06442219957718869,-1.3599682136722742,0.40317016663438976,0.4220143594106939,-0.2167150113864274,1.8672312871808086,-1.563929264900654,-2.217283710253568,-0.7308348996976709,0.7104245340914495,-1.0558446374338408,-0.9809709185260753,0.9510213361781547,0.46254792279774964,0.37706090962839983,0.7814289194655282,-0.4251929532728843,-0.3789840740581913,0.809779272561425,-1.3448867807811995,-2.1427198463985464,-0.4332841736278544,0.9308732890656916,0.25555969898680325,0.8572915041230154,-2.016294310423165,0.31549680832349175,0.6538645046423779,-1.3507974226106847,0.8620575905465448,-0.11151889650579287,3.071336701606002,-2.1772360688967356,1.3691143676747508,-0.39415809652607375;-1.6171517144400436,-0.526955143564992,0.27747924133746593,1.0374666695650432,1.7219642881321755,1.4218930887043426,-0.9653820207044944,1.1301646922661168,0.3912849571208737,-0.6546030209289879"
11,0.04288354603889705,"-1.6251212588825248,0.08291185317203993,-0.4149162781203273,1.5019529651885957,1.411356861745625,0.785345603010283,-0.3266137806612126,1.9853803952602933,-1.5530352778398206,-1.4035586295636626,-0.08378309988906465,2.254038108921119,-0.20233890687008754,-0.18324524320928193,-1.4419103561118092,0.9459295852703784,0.9531762543293538,0.7890752013999099,-0.6292206728473624,-0.7067067683730057,-1.2931222504049704,0.08387250176093364,-1.0804073292785017,-1.1774165052492886,-0.42369071691067595,-0.48915617518421617,-0.5379785288219551,0.4664445968402613,0.07904780215027922,-0.28815603051111766,0.18301292831148205,-0.9915270411046322,0.10527862390967795,0.15060249284463378,-1.5030468593574806,0.995693754370362,-0.8814337052269955,0.09030979920643496,1.1644117405352703,0.9256767577138694,0.03433338856883548,-0.36249900288206854,0.9475119085755672,0.6746949778086199,-0.61836502004413,-0.7948936470016904,-2.072355181695998,0.1540318416835874,-0.08269774501839869,1.1361913746425423,0.3590550934803667,1.3342291941726905,-0.6973642279161708,1.1381503309676184,-0.5289163791046552,0.7775960617922721,-1.4587583925306935,0.23513529936618852,-1.98468794144591,-0.2671374859417547,0.4403539938779136,-0.5209685512310958,-1.0504376287559674,0.8461184692959337,-0.10346278984692345,-0.4895706470306716,0.04189592115427648,2.6366691419455885,1.1535028497815438,1.1625736681878402,0.435546318992364,0.16648527257714707,-2.3960822883304163,-0.6789803464631321,-0.4805744132024745,-1.874892064047533,-1.1574157902154336,-1.980836470922634,-0.038323835697372494,0.8187659708488161,1.1067745186243287,0.41478446207924113,-0.963396341198569,-1.9320651585199595,-1.756868699401502,-1.2689825772544985,-0.8888596980356747,-0.15974849799158664,-1.0141642181269683,0.3389758936682615,-0.23227350279947281,0.0105457117410256,1.1402505526712048,-1.18023173420037,0.41870457829236835,-0.013973228476073308,-0.33348628096969524,0.8852563208659603,0.8790141545570074,-0.9464907959884281,-0.1821605838579241,0.28121168258406537,-0.2730067480225845,0.5850213322877983,0.2811920179102754,1.8325612403560125,-1.5302791359297876,-0.12243598974739747,-0.9085025115121911,0.6041074554390441,-1.6171718900455445,0.3463127102248866,-0.6300484313483411,-0.7341618661210141,-1.4464982035406873,-0.46507594620100606,1.0845005302909256,-0.02518868352947947,0.6276804178744745,1.664641821966275,0.2637555848225758,-0.5587995720623407,0.4672522151827898,-0.5442961463142919,-0.5044226832971694,-1.5198927996189848,0.9262574910843923,-0.3860025756494393,0.18209824581586204,-1.0359619286066395,0.43594762971547235,-0.7619412381350837,-0.14170872170182425,0.8778260312391258,0.7907593122325293,-0.022030072516940464,-1.7681310327067183,2.9928105700606413,1.745858970273136,0.7226748248882985,-0.7532037815909708,-0.11359216170196468,-0.5434204297765169,1.2638559390963884,0.2625028908518338,-0.7841638583598328,-0.470755099124782,1.1211881425699046,1.6000978468204783,1.5283315634862455,0.7570320650539775,-0.2526248688026368,-3.2415138253291205,0.2971600238082216,-0.0018287588441003935,0.13998209632135372,0.05389734703320638,-1.326262161949157,0.5574085568511856,0.6322163140318503,0.6823387820596591,0.9465770035733866,0.6040516449216232,-0.4100294115389108,-0.07083684791609023,0.09112486725337687,0.10769944910661848,0.9982176559717297,0.6436687530224908,2.0773434395699533,2.206468979884672,0.07964958261392499,-3.8366555484593694,1.2368324661272665,-0.5403763389870544,-0.8014839218310068,-0.3984452749893668,-0.4466430468146064,0.6122698101053926,-1.5594357791262254,-1.0777207457916016,0.3431585541974166,0.6229440304133081,0.641541644936012,-0.787036278933299,-0.97826564926624,-0.5066348337879193,0.23987275228472507,1.4854773692725496,-2.0474371857707503,-0.22072875695836655,-1.3326784410252037,-1.6522426773534897,0.9669566453448166,0.5446245744993387,0.4494335159472622,0.9210258397309934,-0.47971889676613605,-0.43263751633352826,2.1857306167225743,-0.24657105425957435,0.7351321130540912,0.006381540963314977,-1.8482585300784151,-2.044629003801268,-0.5789842199399048,1.056101251669989,0.7882916566360036,0.9140771642240336,-0.9870461789363153,1.6158724901223136,-0.9648933001863843,0.21282439866996872,-0.010352289907736689,-0.17387382031458634,1.3385921382956067,-0.7051105201659605,-1.349605255711928,0.01999548620641927,-0.3998267342865265,3.377382919082646,0.676507476439975,-0.4093405752186243,-1.0561115691870866,-1.8802884105687847,-1.025219085737433,0.11494177175913174,1.4273286515947694,1.121689142387919,0.2290948316463794,-0.3231676657024847,0.26881235641215423,-0.518637997484576,1.7183639957638757,-0.18919018127507997,-0.08633785824672688,-2.215822425020668,-0.19543484652276386,0.836484137964941,-1.0677225770385452,-0.7507203344928128,0.7927110177336647,-1.4766572235180533,1.0578010075419184,-0.532143890173102,-0.38856822049120293,-1.1238784051255941,0.3780462604278832,2.45987198502938,0.781497239460632,-0.8642852619405358,1.135620585491476,-0.31667954593424946,1.3744849814275593,0.8066764021643629,-2.9431415654717332,-1.0040796329550274,0.9443852228353897,0.15165727214501756,-1.0237559477078506,-0.6335895154938127,-1.9062366200893806,-0.08837328752639602,2.2106897260157643,0.8049333907323256,2.190417001188423,0.8823970897899802,1.0274793433526916,1.9740786877450238,0.3772632593422264,-0.18722732150688023,1.0326575166220122,1.4538402371218848,-0.47996464271220896,-0.7215690823400293,0.13885603243088018,0.8314988669316621,0.7980910486615617,-1.4241676001875991,1.9116060670633217,-0.6411649293968504,-0.2650649968885794,-0.9026543599878197,2.6983288359370876,0.24207067028796736,-0.8509750806815649,0.8639235499624459,0.7691357793100331,-0.1877270235798839,0.8406067127833832,-0.8252919608308644,-0.4929182749492523,-2.010216654566063,-1.3239510842195628,1.8076308056706858,1.6414286277223145,0.06578864864896251,1.6629314471898375,-0.16007448660830478,-0.24341030256790794,0.05651064846555637,-0.12492159532356542,-0.21519632356018042,1.1433981071495527,0.1501356539562031,0.7124817644338045,1.031380525277331,0.38818579565473343,-0.9702713259082388,-1.3528658889640388,0.1487806348073052,-0.17125630482493448,0.08739142892012171,-0.01605403924858619,2.583573660166567,-1.330226255641338,-1.9899462698211248,0.33237683351960967,-0.3764225545881953,0.3160678697299512,0.5838830222840011,1.2841046951788975,-1.5072258203839384,-0.556717897857163,0.42876125888076383,0.7704635956872266,2.1934495502883857,0.9557039711138672,-0.05678859588627712,-0.8904357529426616,-0.5642898527190192,-0.5927028229571065,0.6552336285137607,0.2569974455858305,-1.323649570842179,-0.435901469090433,0.8775475534514207,0.351662354974059,0.5686446160127705,0.38292171005726305,1.6264307346088593,0.23604306382437004,-0.386022797870698,-0.9157550411335605,0.2496094582097118,-2.440704014775084,-0.18428900183271194,-0.20583985992134396,-1.364470853617281,-0.9282658386559959,0.8096575301482413,0.23071174907496259,0.1017883337073275,0.30634753393202263,0.09262758794892355,1.2428625628583145,0.12342918170364875,-1.4582131138187504,1.6301299648744103,0.37034026732884573,-0.5892537307950677,-1.2534017182950186,0.3959142209580454,-0.11717200497437547,1.5741467860324088,-0.34590728066682785,-0.8373807896824669,0.8957962182359285,0.9252818927168314,0.1686513676101955,0.6763570476749083,-0.0376871207422379,0.23386510100924698,1.164990882563923,0.625318334021503,-0.1692744383326247,1.3523625459261506,-2.3648553727915123,2.052073311421935,-1.7059590948907353,-0.627092824772296,-0.04091753519506904,-0.14648067072816137,1.0064110400265547,-1.0578366186102344,0.2607668174830632,-0.578212098219754,0.2951409793374166,-0.06477225979787651,0.09293565268297786,-0.5499248324643456,-0.5100639500960824,0.28727251402742693,0.9437155057560443,-0.5982793341978477,-0.8687675445729097,0.613460165671837,-0.0325038930576894,0.830498133985952,-0.9057972133711476,-1.7794389254234309,-0.5330040818263343,-0.766352609265016,-0.07878840008029991,-0.6368452142703895,0.7410169513364492,-0.28815026242251623,0.15047449877390098,0.15763455844094396,0.19495509241218734,-0.024129110454973405,0.5106006904103135,-0.7956551338258075,1.399417926653883,-0.2365373833685352,-1.3115491378986817,0.18807335699177305,-0.851180482447485,0.665334534508875,2.2096055760423776,-0.7865720915578501,0.3323723332239848,-1.7555055887046276,0.4539052294413472,-0.8857137997996899,-0.6248346184344824,-1.101286489839828,0.7321512260547355,1.0073043574732625,0.023385214658507663,-0.8644267053357196,1.5895230361038624,-0.7504101277546562,-2.162032299927439,0.4583890099570684,-1.1047746736415167,0.9886087934991747,-0.38113769667341885,0.6037132405441962,1.401500346552158,-1.208858864620722,-0.5659371308924055,-0.07567107265706344,1.5375513190343435,-0.6583827179404454,-0.5945036959490072,0.4781405755558084,-0.5772287257105709,0.15252588289761657,-1.5515374209681267,2.2143299425565965,-1.3477092303094034,-0.32175270399020833,-0.032481035842094615,1.9126881343567956,-1.32484578093274,1.9837041354787512,0.7571768211020226,0.41709532442324604,-0.9846336870179554,0.5711412420380737,-0.7234866224198,1.2666612531984123,-0.9710620291077331,-0.11315849445608397,-0.5552730880131715,-0.9875229624269947,0.7413198169079143,0.5354587474096335,1.2090101989009971,-1.7798751082081674,1.0641707023410438,2.505448905356894,-0.4516410891769469,1.8951486121089698,-0.2631612720598266,-1.372409737561307,-0.3056324424067956,1.048203967675276,-0.8381764823315314,-0.6003386590064871,0.5935394322931908,0.003060116738572855,0.5846229524867408,0.23782954075833587,0.47962531955157295,-0.4323011858095411,0.23173094203039254,-0.9273730056959336,1.2884336225033886,-0.6342747168173137,1.1288474875493895,-0.2336069609828654,0.20199901075732124,-0.4949645508907007,-1.015995431168029,-1.7447603876053015,-1.0553241585924595,-0.32390885321592183,0.21187917882888407,1.0103793132832635,-0.4457574597968489,-0.8819607642671741,-1.4427147860027125,0.4800636179041039,1.3831945153293432,1.2663302679562887,0.7099327481472374,0.638543317267599,1.697623779709341,0.3320814614168105,0.6461296760241716,-0.3207838618519991,-1.3620433708547575,-0.6838489004995763,-0.009159038534655271,0.06078537250130285,1.9262858548553932,0.08127716759106869,1.1788434440256437,-0.43507724157631605,-0.31167588576523414,-1.3290076372234483,-0.7423280128765718,0.5269813913637531,0.007560180394133265,0.9429386198972337,0.18125394834505026,-0.3524537316377418,2.148296863786959,-0.09390356871304721,1.163000969705304,-0.4012092065446777,0.7095994793835665,0.9280156591516868,0.20849197057558072,-2.354482922696602,0.018252460856112946,1.2304600477599754,0.5274808330277304,0.4458388752292466,-1.722256933957519,-0.7204550706750589,0.41135763115143903,0.410383276786892,1.2146667801329025,-0.14486675514609437,0.40582408667381425,0.016374241931293703,-0.9869427365015568,-2.2557913310947475,0.43100969213007667,0.17394720841281136,-0.6181750421001689,-1.6191730565158649,0.6297395144087381,-0.265920074195552,0.5568747223681456,1.8640485304117584,-2.141430880319705,-0.6996008087023639,-0.20937561331191326,1.4548261741466506,-1.636403019206485,1.9358610256806046,0.1358559015662905,-0.09600066173385824,-0.19805976321890642,-0.4362630321800288,1.0481167592691547,-1.0685207540824389,0.3454141816438536,-0.38418166570697554,-0.7621334485140979,2.585975175683896,0.41905073475346005,0.6132655446611438,1.1377767806686623,-1.4213499453185472,1.7522919091220317,-2.5089571784950757,-0.7687664100385205,-0.45903167317890037,0.5817233649705059,0.21871826614148773,-0.16681474069839325,-0.011997344627723866,-0.9780230235225682,-1.4972323944841732,0.7265116223360603,0.6937061125361853,1.5844943751570586,-0.790017096815208,0.6928152103009226,-0.28370672836473176,1.1904749851934822,1.0219627766781416,0.2112093992244567,-0.33953015666598657,0.9609321786082614,0.6469045232565658,-0.6844404020861826,-1.327798673479431,-0.2885329006817962,1.515413815348209,1.1464871587330383,-1.1123274696705807,-1.167757415899921,1.2746838496794863,-1.135635904757829,0.5092953236420079,-0.6160712153363237,1.6170449245216825,-0.7704247991378789,1.1433615302058282,0.18485865406036467,0.2521948542342867,-1.970308581351401,-2.2029133532057186,-0.22056594026731396,0.24690606341661173,-1.1251978277377233,-1.0886934104763422,0.561472629826133,0.5628544804571306,-0.13774106038792705,0.780201721186075,-1.1742022957201466,-0.3559349170869707,1.6478776057836733,0.06832212993981754,0.12631251458699935,2.3059465859677397,-1.3993421658487708,0.7964303666421104,1.6639862798080995,-0.3248579264985461,0.8596307868548461,-0.9820194972109048,-0.6867323955673516,0.3849664160476343,0.7985666731105902,1.1209365124062458,1.569628586939493,-0.06744655855518213,1.193611755172588,-0.34230484344914897,0.902091311588268,0.20748879785218177,0.4456779070819239,0.42350787402203743,-1.6047050097978122,-1.1241218588607733,0.10254143981752241,-1.6872790796411685,0.8312111031997558,0.8715559662881419,0.32717055287779023,-1.1211340127579221,1.3801389388685148,2.037210639718358,0.14707682744597397,0.5105353784512363,0.20173865479604391,0.5303691889987993,-0.11955875662639608,-0.034564239843803336,0.9057176004973654,2.3456241618964406,-1.4000712344017388,-0.10381248440296688,-1.1804604852320821,1.5920248985760834,-0.5877379693198984,-1.443200793785794,0.6381869988485734,1.7443111147431112,0.6635978685607627,0.20479787728191723,0.4091409227759939,1.4148406628255548,-0.8741992700141499,-0.11184710408631295,-0.4526901485095334,-1.1678653072917102,-0.3283752594168024,1.1077210959824486,0.5666021483927255,0.6443105001082005,0.1464756116533182,0.5233237827285886,-0.8005903423481054,-0.3095098859272293,0.19200423696867674,0.27751585888189023,0.320187854921873,-0.1383352820163779,-0.3774234011303297,3.157771283044298,0.9067872729323987,0.4131474759526224,-0.23320849820639397,-0.45121882694387655,-0.13080059372695568,0.29282884358668343,-1.8804355440630813,-1.5693895953746837,-0.6368823889389575,0.20713943677856853,-0.23927314715185138,1.4781212260994843,-1.4823967869957688,-0.7513454696033703,1.5200917409911012,0.13111932467514684,0.8848425828011585,2.0512469432694633,-0.6938044179018226,-0.09931433779203207,-0.2724269009308716,-1.9545930044832756,-0.31039680375596906,0.8810621873806654,0.5405895418122408,0.6190831693880101,-0.3755089806394995,-0.6560972360056414,1.2692556718986205,-0.49731714635766955,0.2940820387932141,0.16333468067753845,1.4617170162571183,0.9714123576723597,-1.2952586206671208,-1.18755316677504,0.5789098180691342,-0.06433764737916652,-0.4551717839537639,1.0156278839944708,0.18745938208891083,0.05245738688944395,0.7798286407550497,-0.3751089949435645,1.568518985472554,-0.788047623233008,0.6569290663420881,1.4338328386598447,-1.3772954892720999,-0.3433351758524492,1.1422073928855578,1.1572445477310251,-0.17149560038823927,-0.7346710936768595,0.9559358223307622,1.1835491025816047,-1.1646633485123947,-1.2039136489663802,0.22525668198359955,0.629360633428892,-0.2990690852300549,0.6792938199823493,-0.7101366068373821,-2.1146935990737354,-0.42390107233259605,0.06323214651310118,-0.27583995989645654,-1.1586032636594852,-1.8156489758788175,-0.5140888043678978,0.8976557716497436,1.2561974394136823,1.187713384138455,-0.815909535148553,-1.153706323630364,0.49663461497989536,0.6351000115979253,0.40016960520049744,-2.0140632742377633,-0.8668845848834666,-0.02968879028597843,0.48721819463042715,0.7673073626024868,0.14425352228204003,0.33078380653823597,0.08486545836110417,0.685619374218483,0.312865651490911,0.06573766004728737,-0.26836879913738076,0.0812914250424811,0.48459137883927483,0.2674753888980612,0.38082641834525377,1.3427218613511855,0.2651639227465874,-0.6489985204731576,0.883606785994169,-1.3661983376689175,-1.0814133807392872,0.3358472647200691,0.5163966677865788,-1.245051223503995,-0.38281748098675,-0.6060838322196587,-0.48667632288159673,0.9435977762729458,0.7065054635472527,-0.019122179853707483,-0.5459619271149279,-1.3496496702201406,1.4201849387819487,0.5921139002849184,-0.7066691040731404,0.7195994976248915,-0.07022362057462567,-0.2871095048623429,0.43521152828960236,-0.741498249912725,-0.34375651951011005,0.12146106419954589,-0.49945119288521345,0.669085210267524,1.8690665036782608,-0.7542981326071427,-1.6651252963040444,-2.0017401674762616,-0.15046814149498222,-0.6631645901261828,0.20786050106708062,0.13259767202610107,-1.6032168466140961,-1.814883829481406,0.29593324034609525,0.135428834719957,-0.42581799836655126,-1.6571435851323046,0.47139126276499077,1.2718995454239435,0.27798244021892227,-0.8474738905650646,0.04455216557115131,-1.366114080933685,1.0579607138387925,0.08184433452953882,-1.7681569117532319,-0.3006743604436826,0.46330151023423083,-0.33304762097552243,-0.2758957214401739,-1.2244022070472718,0.5665409870816561,-0.6484692000191374,-2.1564453770050327,-0.3712573706703938,0.981149715570353,-0.3869294465999474,1.7379849851235203,0.42896794854851705,0.3387581622803661,-0.12839826591760886,-0.06828620776429063,-0.263423635119504,-0.30226939208252646,0.5308671620671488,-0.9358312297905655,-1.0758938287242596,-1.1231950508753776,2.045654547677154,0.53034290167058,0.3044922016801448,-1.0575146702934315,0.6233423006748285,-0.11657134645332866,0.21416894113174983,-0.976620315863556,0.1602688574175767,-0.4238335382064832,-0.7656111570301878,0.7341063358072487,-1.5377078085300024,0.5647762643141505,0.6844861335529961,-0.8796436755512407,-0.8203284611324674,-0.2230256812664022,0.28203621046222055,-0.1528549918142255,0.4335624601918793,1.762979652537399,-0.5077167691497139,-1.7151799707034205,0.8259235830306532,1.6833145759275296,0.3927683630511244,-1.087748675353668,-0.12389236323520093,-1.1185234842116323,0.6428554939629476,-1.3512904026984345,-0.3001287868282,-1.0043378262939064,0.12682468513496187,-0.36634167713775767,0.17676210325026384,0.02235055496636566,-0.9866590277241104,0.6268770635290218,-0.0487656518431153,-0.9885290078659005,2.2409265562057925,0.4764301667171248,-0.15326055339930547,1.4152045267018234,1.8418156093866072,-0.1453494223138852,0.347397486434762,-0.9880028180029409,-0.1471927507680115,-0.19906255375986986,0.184827033621654,0.33276047863701036,0.5598284488280599,0.23764265629995912,-1.2107426266291645,-0.9384671057410849,-0.546407619463673,-0.2822405919232288,1.0507742904721133,-1.162938986852913,-0.3574150481706999,0.9530094982140498,-0.29987747449661223,0.46041564984282407,-0.13954204292790354,0.25678325732472285,-0.22847254380954055,0.667065472728354,-1.5450564074064352,-0.36331200838854505,0.29657267669430815,0.533695248006193,1.4929526227538277,-0.3910246668655764,1.4794817618608729,-0.6590238266596705,1.3286464115446437,0.8174671266983724,-0.9134585796322228,0.30703923725182186,-0.05123583553219154,0.6255845936750005,-0.22327158843330958,-0.3072462256617315,1.3690945827628513,-0.09872089445567296,0.8264223241917663,-0.22535148504419977,1.6666632592275232,-0.6783346293354934,-0.6141435312471847,1.524517181115903,-0.44494639089525284,1.6010743061643926,0.8918405795948128,-0.15464970656083346,-1.8132934720171585,-0.019318304271835673,0.10163005353342468,1.167217733304373,1.5884471762401118,-0.6849871791437476,0.8011817639881827,0.7654021560133495,1.0734127024104452,0.4986899121355445,-1.94249769096177,-0.1554224325277597,-1.1557075749169152,-0.20260577291807386,0.980004236133894,0.30515083587497266,1.1480908663974327,0.3417539207135393,-1.2983259396689026,-2.5208470065727346,0.14880876167959034,-0.21392646635116538,-0.9769457393818821,-1.700627249651378,-0.7347432134727092,-0.19449148486477605,0.6658778237063901,0.18863108156798006,1.6080672471727289,-1.0356040560453943,0.8810588920574334,0.04729874312872792,0.6946691241185846,-0.43651486326554356,1.0716803738905898,0.29522475834524275,-0.6794449849177494,-0.012024028913188147,-0.23955585893709952,0.4891783506377937,-1.1797767493745086,-0.029351702115694548,0.39530725264933086,0.03302330719303323,1.3469412443889957,0.7740227740710525,-0.007480796740746615,0.21668909749767315,0.2956655514819996,0.40329960416682403,-1.825657995664608,-0.30152629576934714,-1.4844390681934263,1.2782809474594865,-0.06084952000292773,-0.19334094967962276,0.8967973320332352,0.42232479744987467,-1.1286345143792071,-0.0709053625273688,-0.33516697322638483,-1.744532888606054,-0.6902762332372047,-0.18354032201646558,-0.1149509314918426,-1.4822314236773086,1.1516655830474756,-0.10210305889143893,0.03755307666056291,0.4006416383398367,-0.7880762539036712,0.45635597313269627,-0.367074646018183,-0.8965855406471915,0.5734474933553989,1.4916738588018077,0.7248293734858318,0.9229775651404308,-0.520630606562299,-1.5976197291684564,1.4901375220998412,2.05451488940476,1.542806773769682,-0.3357859389797497,-1.1546343387288442,-1.0656826978195666,-1.6837325676140487,-0.10737861841004537,1.6056779580824545,-0.14166263187224326,0.3023229003482749,1.3755969643042085,-0.40409531183239966,2.035531456719595,1.9920944074974534,-0.13111133868048266,-0.5775342640192128,0.697238046390313,-0.347524942518858,-1.1565552170673363,1.2812386535229803,1.21644738727708,0.15551160376356082,-1.2628647537281779,-1.2295262512173861,0.10722928841915275,-0.49987103450503223,-0.3410929321416082,1.0219631550600035,0.7331793174225577,1.378142680497613,-0.9906232233772576,-0.34319156868671197,0.7589816954601127,0.44807834101289173,1.5323803825876219,0.4205367059040693,1.8481091041055524,0.5400178017231407,1.0621674475886602,-0.32351494678445714,0.014287211883989065,0.9109444038394753,1.6129781705930544,0.729236949310753,-0.08317177193461948,1.3773350295283417,-2.191978656279881,-1.4222345015068736,0.681634223668389,0.014108356253124855,0.6055136511241652,0.06440752243194205,0.5709456946038727,-0.8144028209931906,0.5704860860796908,0.9944145282075845,1.2205506039312326,2.0135542946486997,0.24409844350238658,0.2739110868471789,-1.5231724641738478,-0.531411401138425,-0.19308207400661265,1.050319552276355,-0.6110011240896291,0.7963400197488324,-0.0016217169633801235,-0.1771681151147619,0.24889396913325643,-0.39115637225284255,-0.4290372480926655,-1.7047859057901145,-0.24795420732788961,-0.4799681461487265,-0.5159809893490795,0.41687306259004037,0.6586319527905097,0.2321945046423276,0.9954151904494745,0.5755619258303651,-0.29505618980564213,-0.46285628571437976,0.31282223676684645,0.5737671099019008,1.3978443070314983,1.1911730449400957,-0.541473006507169,-0.10200628012726169,0.67101780491777,1.067997778058972,0.9389694687047921,-0.06387783283134668,-1.2540226524285165,-0.9989363762455913,0.2726335143194143,0.34222557942434556,-1.098679373434385,0.04456961088927163,0.6312243569717831,-1.1512266575071441,1.1049972018044145,-0.37753114855982517,1.257613112576651,-0.5334524457759005,-1.026625482884179,-0.4581369898417196;-0.262774638636015,-1.2251419689848566,-0.7918294439636973,0.16589973853879136,1.8526196574639315,0.32321125354570146,3.1657349486509023,-1.5443878984328827,1.8152000593468296,-1.7481566827336095,2.368461934910904,0.06718249631279272,-0.6242579825954889,-2.736933200811451,0.33144631243348704,-0.02095946504952373;-3.1592104007617996,-1.6784687597348247,2.669127170491812,2.1447352161840594,-1.9722659942819565,-0.20688589081607212,1.0530851064391848,0.955513521985957,1.9368423394583394,0.911203418149437,0.3333295355242717,0.9047260595009414,-1.929801994058721,-1.6977560463850825,2.0239003850018054,0.6591722321405558,0.5095917966971746,0.4782127397820758,-0.5229911206183392,0.28427435980836835,-4.189903359758656,1.2206560061577236,-0.7281585931516743,-0.7975401581732475,-0.6192708618865526,-0.8284019520935493,-1.9919125291212865,2.0733322211521132,2.7833592671443155,0.02272654867542001,1.4119792348336966,-0.13552664727839814,2.878201049112965,-0.6576832442061825,1.5109808705601022,-0.6247806181851623,-1.8872002335732097,-0.053231500630993495,-3.1500859316333427,-1.2813343976687879,1.9209585325905134,1.6784685801759167,0.010708355407007542,1.005067320882749,-0.3769579165354008,-0.23064735830544325,2.435162404300096,-0.11162572699442297,0.3699240956286509,-0.2997610394053553,-0.6325076729398496,0.4389628159790635,-3.10948266522248,2.444342858238997,0.37743463018616064,-0.5195061049530141,0.8675435164792863,2.7446660949888306,0.6385478054665594,1.4491402971706542,-0.8737227036821742,1.3230049669025132,-1.7888722728539417,1.0773703040205773,3.3786493062906766,-2.3051500198765726,0.1510198454651633,0.22914207351788177,-1.2659745828088589,-0.10300272161311963,-2.657331002848834,1.0322692662986273,0.7395782477736388,0.6122027179767582,0.0007120842483598899,-1.7374380268155252,4.216246397163264,0.9401175919598838,0.6713641040694899,1.4717051494195763,1.8861441127724006,2.454322874418589,-0.2938186690516471,-0.5600236422550535,-0.9485239171947704,-1.8006608811851388,0.16655831756913178,-0.029052329903486607,-0.38523232301632127,3.8903538195413083,-1.7462919640031573,0.7297492915792704,0.3932397946097521,1.2116706308230252,0.5598471660738303,1.2517483901234079,1.3898615696435446,-0.20444277610770253,-2.2498896020198313,0.4400977159800903,0.4817335369369111,0.9814019027900429,1.0744933932231469,1.590531685809823,0.4595628470645457,-1.3624404721532073,-0.06366559633438484,0.6852381290896078,0.6267982202994817,0.3748235308966798,-1.546294614492271,0.34436166130811574,0.7158785684034846,-1.4726924188151431,-2.1435111997815954,-0.8931436718948509,-2.1475037896132005,-1.2065203903654156,0.7817911319640392,-1.3101892957117829,0.4505288461343871,0.612809436614629,1.1344648186141897,2.124786310902087,1.7388687458682004,-0.6496475872781661,1.5283362371141662,2.196008066720487,2.461262851802019,-0.5534727814915477,-0.09013803533276055,-3.0927495671911753,-0.181710682445829,0.3756929404578727,-1.3639154671685099,1.4208935923175974,0.0920475270563248,-1.221485426547431,-0.671748871998336,1.3403059964612354,-1.4529433266460137,-1.8079467427939204,-1.290205471056919,1.1622280572258468,0.2927603780072814,-0.3704312477890451,1.6561141691785917,-2.0896318005792542,-0.8906729258679166,-0.4275552139864969,0.08211893037052284,-0.703955675529639,0.7033233592412902,-1.1655567838697891,-2.4777528453534674,-0.9517817301106021,2.8005597073893567,2.458223036000777,1.3262485247000095,-2.027937656500586;-1.260737770631809,-0.28494655050429885,1.4628047206315908,-0.28314981644112824,0.5228615048103671,-0.08213252700528048,0.46215362628123896,-1.2842124074277597,-2.760292206267739,0.7499319395361813"
12,0.039618395391067984,"0.09355730482854502,-2.193882541551082,0.4254880980844452,-1.3058758630356773,1.02604537994257,-1.6784433262603105,1.6485439032763658,1.5803943103959939,-1.6219417525586914,0.48271164188610893,1.6676797289361383,-0.9359092464024192,-0.10591363663526154,0.5408985545439953,0.9785729194449654,0.6278519131892639,0.8224193654379817,0.6613082653960802,1.5332593164691923,-1.3624793551800625,1.862856430362688,-0.31033480139392355,-1.0454692678889963,-0.8899040517684723,-0.8341812882987251,-2.454071617261577,-1.2090425722394849,0.975864935305818,-0.9166731489058115,0.21707210093692664,0.3133637356970098,-0.5427933611487865,3.2282773758199577,-1.0938711888290724,-0.5124797899315026,-0.32858115207947025,1.5047726365700835,0.7566965194884963,-2.5979652006156084,-1.1391869842031854,0.3816247224545426,-0.7463585054005004,0.8599019126487573,-1.6040880347351043,-0.43975111977621384,0.23626867959408612,0.9637737239311479,0.6809101479036765,-2.581269212196216,0.08330257577449945,-3.584593584254165,-1.6898342310174244,-1.0375565419205668,-0.92929858077142,-0.4741368643055317,-1.7659205491143086,-1.0133187660484109,1.7366977115968805,-1.4051174046864552,-1.2657744719770028,1.1891066733103173,-0.17960612178739688,-1.5207546965910568,0.4364215472290517,-0.4897443799556028,0.5822092656959188,1.3754713214381866,2.504780757467543,0.13083203004626626,-0.7602830730304382,0.034613111830875454,0.2462707825335436,-1.7115829933448115,-0.45170728905920166,0.33106611830576904,-1.206197418461125,1.839957358531386,-1.0191300416962865,-0.6883276543662227,1.5641108413135274,1.5023135088611357,0.8365042518804584,-0.24031002590916828,-2.016581526442437,-0.5731009132048908,-0.34488012363626763,1.1627453482015688,0.2907378928430049,-1.2507657265239152,1.8504443404779152,0.8088530429427085,0.48871050101756486,0.4455682218278936,1.8718176491088316,0.4834760020114951,1.3379080856735155,0.7932247929221379,-0.4288425747759856,-0.7207242710076988,1.4645118179951222,-1.164174927364557,1.3259753617533188,0.22387980883885056,-0.8058132420754845,-0.6178496538840753,0.6517890563489882,0.782719259624713,0.5354649708897331,1.5685018559448536,0.5712982278783013,-0.7781839106571082,-0.8300663905684962,-1.0641314432622777,-1.3140125785281356,-1.0307969158232737,1.7789715972632192,0.4160207662669724,-0.3418198450950596,0.6409076356200872,-0.18572648687945037,-0.8729494977433656,-1.936423811459239,-0.7535636140180345,-1.4594455286809795,-0.32555922815086524,-1.1986817189831975,0.6474714220457423,-0.19357631173650708,1.2672999024959024,1.5150765186320592,0.19147985079922664,0.6769355410187473,-2.4742134544164207,0.43986320511677524,0.5204178391355317,-1.069767104956035,-1.7813812283379376,-0.49889112062745944,-1.0281372016165302,0.3879633216105999,0.509243711139704,-1.299939782250465,0.09385213017469896,0.480126568639311,2.0597013162050315,0.2410613102946123,0.3538735085274123,0.6095335101021806,-0.25284266880756606,1.2578789830936608,-0.40857686109454683,-2.5481216900921093,-0.7995222426498614,-0.8702763849468411,3.137697263766698,-1.8004603843044344,-0.7966259831854925,-1.5276371396748785,1.5334808536179896,0.4701236500075624,1.8608807032079413,-0.564049304244622,-0.7648074197522624,0.7694032499241297,-0.9190508835663389,-1.6521639678134514,0.4048531788501224,-0.2734069327629697,-0.07825827110006144,1.126369925418433,1.0270345362562172,-1.430323587248653,0.7596733649981823,2.010026277469827,1.5320690374961938,-0.5833408084118865,-0.5193926902165689,0.3006070394904316,-1.017444553641336,0.878535239047892,0.5977200337971003,-0.2659865684448559,1.1879355250653594,0.9409647566868001,0.19932312579203737,2.794542645942674,-0.40547897769726954,0.6829845119251992,0.4204640831661345,-1.0374486794225453,1.1436241582925115,-1.1294854211571972,0.024114893428022754,-1.9736425904422947,-1.5181916269545472,2.088130308512763,-2.172204301789463,-3.1368020879776264,-2.445102819387449,2.0124164426245947,-1.2390151459386056,-2.31482141834544,-3.2876139522385115,0.1645729191359661,-0.5381824603001063,-0.5638445206407797,2.1098408911715945,0.6901107264217987,-1.2283904709799642,1.1922070300053762,-0.4848273608618236,0.01497012241911716,0.2402942439920444,0.2590844101118589,-1.6309590882538008,-1.3633747039955937,3.237504765229459,1.0729414443266552,0.15524090319232173,-0.09392306723660493,1.278300837812719,0.8704022979230281,0.618885679779251,-1.0146305628202572,-1.2556006189482158,-1.611634503066061,-1.3060007425431286,2.1518272402729934,-0.9448722099513538,-0.7011220319091207,1.2432564983098475,-1.2988385486706062,0.005147645809847626,-1.3141994115309097,-1.2169796405557634,0.36527459066607526,-0.6836018060576077,-1.184701789083419,0.016017065092511454,-1.7519496868171436,1.4912183650646025,1.6385804987593617,1.2609821613041412,0.15863208626068753,-0.3959475088304023,0.9685739105151583,0.3685355561870496,0.9737426395294116,1.654018847402161,0.2980566489449556,-1.2941835355428608,0.1363247645741386,-1.1041707823243039,0.3830123550747082,-0.7067427758657464,0.008933073723121798,-1.1607019033718269,-2.9301003962197862,-0.06249696964731466,1.664796936068414,-0.10437965542620921,-1.3001145142034825,2.003220007895758,-0.9830825316161196,-1.2927518215859237,0.2194772902818305,1.3180300892790928,1.2514033734961658,1.0733556610876032,1.108452636527069,-0.2779275261730959,0.6032656397992378,1.901531899387726,0.4809246038844852,0.6279621261545525,-0.269957922433083,-1.8167174204846384,1.5628053176490386,-0.3545814139427678,1.7610371967700194,-0.3001766823443697,-0.35389741353918935,1.3072928252062175,1.3273639700682165,-0.5167293545472097,-2.4845138868142898,-1.7416760583316766,-0.15441096224686646,-2.095539707397667,-1.9221301271770757,-1.1615925372301699,-1.1751925359559046,-0.9788440650735284,-0.5262393934980384,-0.983538426715192,-1.1484410906570046,-1.5787963934842768,0.5953617782308152,2.237863970650192,-0.6819034220927707,0.13661759795007822,-0.3098074437592434,-0.8278841792972116,-1.9038194348433612,-1.7941767390149506,-1.615150090298352,2.3866689241846792,0.20979096376011785,-3.4059709081811467,-1.9701021252832382,-0.38679190642754735,-0.865827025158272,-0.3286860299111183,-0.3969263962538895,-0.6121883709250404,1.2740262723611049,-1.7207761732774631,-0.593485928479444,1.962600467338704,1.7712000635267897,0.9897205627405665,1.7796438602490767,0.6440650764887792,0.44733035130213983,-0.5594236021180432,1.0270134004893954,-2.739386532467078,0.8200209668931004,0.09180119573118051,-0.19758329072948322,-1.1379907448932867,-0.023728832968034852,-0.18956941161492935,2.211608959979884,1.0991485535739267,-1.0685241878512144,1.5306156805570637,-0.5600699865648227,-3.5248737953846283,0.8699090345872245,-1.4246018194664516,0.7137748625608766,1.261511012699715,1.3968735089974174,1.084293132478531,-0.08682732461974507,1.5287412496826636,-1.595928771430636,0.14344098539439853,-0.7406809320950972,0.42156139580230373,-0.07608810439574298,-1.0295483715268745,2.0124955862691496,-0.5117406605201205,-1.5811744508473144,0.23035397155659065,0.612495589346087,-2.6140223626759087,0.09826507507397952,1.2118438940339988,1.1651729063591145,0.09593645088637814,0.057911232253015456,0.7445003247969662,-2.8573117342720735,0.8463846329570177,-1.197207076749185,-1.3358389761106866,-0.02625131617098017,0.24042996916543902,0.5378949593003188,-0.7492695161565178,-3.529855568932369,-1.055277434924854,2.412821252164295,2.09150671536042,-0.008204952539235033,-1.597918301868831,-0.5345398516664492,-2.025253764573936,-0.4612735752307906,2.3123896961624784,0.714093094069199,-1.0186916517807598,1.2010858709977583,-0.9919965239380267,-0.7448016795195418,-0.053028834065333624,-1.2596355327206075,-1.1886543853114537,1.9795040850851664,-1.263783027419687,0.10992692315043129,1.951125600464172,-1.016566433934968,-0.7346106276244291,-1.54295848005509,-0.6259653875260316,-0.015643049493765493,-0.4690048431603028,-1.8503944582912404,-1.1816734540989904,1.361768364476868,1.943235696398903,-0.37380365538121907,-0.7610866834867942,0.055581880591765165,-0.01631943960242599,-1.332839093776796,0.43848378463686893,-0.2327449823125073,0.5042427576703546,0.1036819896897429,0.8415247565338057,-1.01307906905598,1.6884249544521372,-1.0906363231048553,1.3272427259348527,0.013534041316167422,0.32366237572968515,-0.8644720108786417,-0.48769981245944233,-1.9136115202526258,0.4717597572859221,-0.09979363480695191,-1.2024666783323166,0.6919860842194838,1.6786853121024294,1.8828022512068947,0.3016468305071661,-1.208088749025299,-1.6397538516055719,-1.4429218036264626,-2.674107817999766,-1.2154881684442609,-4.213784960961708,2.5994297478429855,-0.890542973688427,1.3737908980843383,1.7380020484233119,-1.118986087767799,0.02303652505813325,-1.5990106824090284,0.3375687486954249,0.17609519954328512,-0.26515200269877093,0.06681656456976182,0.7039158147247954,-1.6700789979264112,-0.3208515749980896,-0.2243599290812327,2.1032460612960957,-0.9476436681854318,0.30068244502562674,0.4559920689295707,2.5028945787493546,-0.11422972479107193,-0.31942739288591504,2.7353897891319976,2.19972892533252,1.4121484525360135,-0.7512977439774327,0.027597793341634258,-0.43214805705974113,0.5779929871636273,1.7330036040098369,2.0603479805328884,-3.826908770901385,-0.8179657006805022,0.26725499396357877,-0.10696789118470845,1.7804620551261134,1.974025228559012,-0.5297604222436143,-1.7217074110875825,-1.417402009258303,1.4808331113449158,0.8742242633942267,-1.6707679974265455,-1.496481590622451,-0.09892535272073166,0.7715385556502642,0.03404925503925092,1.961180236011995,-2.1623913283365277,-0.9324094726923777,-0.30164879301145575,0.5320217619142047,0.034255069134263905,-1.1673524717341481,0.7494518193564378,-0.6404759538147156,-2.024077394662958,-0.1387412571691506,-1.5307438721348603,-0.41158336925528227,-2.73661558097747,0.9154998903119222,-0.4116741678315473,-0.16869064118765698,0.22857253636189756,-0.999280740757523,-1.3073391995984325,1.7722388645453129,3.5854183119175493,0.2124628062348547,0.16689452489431955,0.5741893807139311,-1.0478234027509794,-1.7779793301169478,3.063470424012698,-0.07274156467386339,1.15572496269063,-0.2068954508707449,1.4948770830879758,-0.13668002442807592,0.36126632333880804,1.0153864335251381,1.0431205910560668,0.02761178300852485,-2.344695902057976,1.4226276093827936,0.302617178376658,-0.68606794644778,-1.375154181497006,1.4901291197450215,-0.798083226751944,-1.5410155450588474,1.7888613064756784,0.3969141163142615,0.3054162590942907,-0.6954048240903621,0.3168207181920577,-1.2335278618538141,-0.5972249768733062,-0.5615953012212804,-0.7431559477705257,-0.2312592189613485,1.3007794582219119,1.1649439895331508,-0.1874617043493494,0.2562289191181648,-0.06031769609857751,-1.4547164009455673,-1.056603344296847,2.1885259246719277,-1.7183182294223995,-0.834206094776401,0.7576614887456438,-0.5483601927123389,1.0778216889661967,-0.9560002757480046,0.12554236401306917,-1.114309677789941,-0.2821319812367672,0.9976884630642845,-2.4409513885928042,1.3218631775254162,0.016154391488949038,-0.6766061977794493,0.16182892795591386,-0.8131779991128945,-0.40498176212337267,1.3940012594887516,0.29733427962679926,1.870160836842115,1.1822803799692756,0.14324750719401153,0.4477245685788909,1.17976806257916,-0.3264633481176884,1.2034413444643675,2.36593884737273,0.9252362008308332,-2.3854928057364004,-0.34854103973653344,-2.062218432349883,1.9516967829849494,0.8819754948343225,1.1963648361344905,0.6506404688051252,-1.414518438158096,-0.5342503348100869,-1.6189052656194467,2.8829304219384175,0.6815057451740671,2.191545916817797,-1.9322367600566763,-0.4796866500939263,-1.616695386389231,-2.1502204478392417,-0.28862907266608295,-0.23482057433791792,-0.5198321804077217,0.19036241549687397,0.5195199040525895,-1.9380365988029873,-2.6875096798504474,-1.9721589677536793,-0.2858939569074789,-0.3882869308769915,0.6994140520488478,0.23178798863284558,0.954598812244788,-2.510567516826018,-0.44910162294721667,-1.3327269156979389,0.01610055365628038,-0.294651183592024,-1.7869287740965967,0.8735853610498469,1.7372558496958586,0.5030188311818599,-0.11856067294547556,-0.5111135858151967,1.1385232896526847,0.4765132368648577,1.5436803964454955,0.7277544200657151,0.8431051092054224,2.948328260042132,0.3205648450311593,0.999828566181787,-2.7274346954777027,-1.1630092758185513,-0.525756232076688,0.06496408706830414,0.9020438042018064,-0.9607618266918501,1.1374770838271653,0.022231322749688198,-0.1319530778744693,0.6490275206384118,0.2202319149887071,0.30605710305132483,-0.7629264400167047,-2.3442164544989668,-2.2206023817683107,0.5072452483811636,-1.2689655678908425,1.0953687771817826,0.1375061256490318,-0.0032235546176770935,-0.03737152057302717,-0.4650759594195202,-0.4340514259636121,-0.2369241557858658,1.4364481287672033,0.18826321329779772,0.7223284878904153,1.0190568843255714,0.7885713112821007,-1.6068279458782935,-0.6062173801721791,0.3469522326151213,0.15872610818444952,-0.8314381113100704,-1.4017397983862645,-1.0459540110663221,-1.5206080737776941,0.5138276271491798,1.6574420226569262,1.9782229958481623,-1.673234637855031,1.2525197178962846,1.129646277796841,-1.0835787857453343,2.046035114494999,-2.1156533611596995,-1.7506508179798925,-0.7458290686048578,-1.390158953906107,1.4215787727593763,0.8800892612435651,1.1330680636476376,0.42238079320213806,-1.0959267206124785,-0.8866483945081894,-0.6881599945059289,-1.037893546908499,0.44469045692402426,0.9520454409546855,0.20287026652219867,-0.3718309612675741,1.1538493132113132,-0.6466908544173224,3.631522684076444,1.649220735816622,-1.935950120068732,0.073664182472306,-1.4132369457140572,0.8061555272818948,2.9560737457077755,-2.1980722744648826,-0.5620405331834774,-0.744298491963294,-0.6526099486399057,2.549812352309566,-0.24572171909633617,2.5432512615946576,0.2544382740555883,-0.1517944352502249,1.4738863882188353,1.297545994422006,1.1963760224225324,-0.17862311608464276,-2.751114198239218,-0.5998297128422174,-0.2948921585824938,0.5107210877429275,-0.049369297109824406,0.8914732124579948,-0.5554140057460549,-3.046886812506352,-0.042775789872359526,0.939464294746028,-1.5548045514410653,-0.1103741213741325,-0.6114101340240665,0.7110977440708822,0.38801537043217316,0.2621702415373104,0.6159663532057547,-0.09688185636945532,0.5892673780265887,4.471430940181049,-0.2663709120229951,-1.3186808615676897,-0.9903451641730515,-1.4412230036104472,-2.6643085097241515,0.6268462888206561,0.16688709968134152,0.8033195560816762,-1.5675876360099743,1.3334829085157518,-2.2406394446239277,-1.9621973497896195,-0.2438684733238523,-1.8897831956609714,1.8941553208787851,-0.23119354881561177,0.9939948027774905,0.6339826658137079,-1.5573364211394138,-0.6705979070760942,-1.3712724923949078,-2.7575386662766004,-0.3712327063220925,1.483253745714492,0.8847564501813246,1.8481525057529815,3.220057680339796,-1.8086409306399494,1.0543408213419445,-0.3918604374218923,0.3423531658078923,0.535602334342376,-0.9348720920256577,2.55367920502388,1.9316762140862613,-1.0938494737570241,1.8468418914531122,-1.2180156406382245,1.3342124231036094,2.5919327914087353,-0.2934172416579058,1.0884848599451302,0.589594042275686,1.2977881828426345,1.1552854346244423,0.3079749411196907,-0.5496481033383114,1.0385009910870735,-3.224232839581,0.030600763133637077,-0.2213357657581897,0.3072106578065017,0.9465373219127388,1.0075153991598242,3.038807045478989,-1.7756474281406844,-1.7342775668112662,-1.2975416640846322,1.3824531519436998,-1.245156508922311,0.21999158255696627,0.7118965941598507,-1.0910274503593094,0.3100221893999131,-0.052878481848275316,-0.9026120740033112,-0.13730936437925312,-0.1348324029303769,-0.8825074623611784,0.7471072812281835,1.1208763012889782,3.3054925792384466,0.9328356938842749,0.3404705467361434,0.5799322541003603,1.0356551380797332,-0.17601347200341544,-2.131842013701831,0.9861026808928225,0.4367678503748656,0.6165890366137123,-2.8202269285284873,-0.7773323768483614,-0.8327105139463368,2.102838604107835,-0.49814878700223186,0.030441436977638597,0.9523353312393061,0.08670776865462088,-0.5737104768396922,-2.2571761764496383,-0.9413612744102775,-0.07580081600222766,1.7496774221779479,1.931191580049259,-1.455790350460798,-0.18952425209802148,1.0636545776423105,0.8049531395265126,-1.0815265222966568,0.24659816918014535,0.05297649027521892,-3.1120883810860334,-0.3399973585162717,0.5963654613280467,1.3018870125140283,-0.6238829096213602,0.1635912495330087,-0.894125110686816,0.7678625977412622,1.7592955087742888,0.8209085850473579,0.23377356811147532,0.7390997598160627,0.9098140471676309,-0.7825822132493823,0.5751194390389265,2.0725113240657627,-2.0191915496443555,-0.17441485472871993,1.7024772351956605,2.301131182436407,2.0714191540097424,-1.4442728016362993,2.643726968431835,-1.8872964357248594,-3.530274459717967,-0.005785000728322887,0.8733003081464444,1.1116795256537153,-1.5087925819604329,0.20654099252803548,0.22123836801865204,0.9936167103032698,1.638360059667019,0.0853062083241028,-0.3045866135680513,0.5797268957089045,-0.3929174435367027,1.009838270023918,-0.7987198674910222,0.8400597980359122,-0.008170481112929437,-0.10390980101855041,1.1713520430704376,1.1437876030028091,0.16709265357214056,-0.36052222915043164,0.5648602384234453,-0.899506465502036,-2.3821945408222165,-0.09660171935048179,1.276074764774902,1.0276319309530262,1.3509083172109808,-1.5908385065274842,-1.2858489588449251,-0.6908964082917455,-0.6324279224535799,-1.5606576002325763,-1.0075156515734658,1.6865737895184183,0.4151569461536113,-1.0721132832077211,-1.5206809891053228,-0.1287870744715628,0.8755796959456609,-1.4849120811945618,-1.9160636218585954,-1.9148264178610215,-1.1870789057164495,0.7986701100769449,-2.567664463543779,-0.5225896872153367,-0.47596875260101945,-1.1766769026551556,0.041204360941485996,-1.35889533263764,1.3108935798009913,-1.9173179938185847,-1.3342805431133444,-0.5412165141208138,-0.5236979477076578,-0.41483691261340194,0.531978112692289,0.20403574931379737,-0.8115569556210575,-0.5674588024029071,0.20789239847135876,1.054621220596942,1.358826982124115,1.7155664706132379,0.054736524295115996,1.3253292216036963,-2.1411709539248474,0.10852866090272856,0.015055131639767592,2.0511773083175773,1.7473299696714946,-0.6007283724225168,1.165189857226975,1.3703427371928252,-1.0230406181376535,2.520223135860011,-1.7089589792028699,-0.13261047419260397,0.4550381533984448,-0.275211991671505,0.8090011745073444,-1.3436780181390444,-0.054456307606535526,0.054663493310885714,-1.0526264223912682,0.09351972833081168,-0.6225124727694874,-0.3476866683832639,-0.5850430915730584,-0.36759035731584244,-0.21884399565711132,2.0892424608933413,1.0923241115017,1.5257041717774311,-0.2534285343070769,-2.0971131455834726,2.1390078985716587,-0.9700903493208657,0.1906315467054247,-1.2826797654720556,1.0432702670339156,-1.6038774774225397,2.0359395405630636,2.5633503744740245,0.31298205592820055,-0.7421644714250019,-0.5708441413555312,0.019598078938973584,-1.3826743304038638,-1.243929029667357,-1.2183739824406952,-3.256526267241595,0.6482823131767256,0.05825634729459184,2.069149996208433,-0.41591910917768365,-2.3352577582351595,0.5383601294897331,1.258901757241579,-0.9858616902780489,0.7573667495376586,-0.3530200315693388,2.079118790029384,1.6677357807704936,1.068690245300517,-1.536211097260693,-0.3724135368560186,0.04845976422945025,-1.7443976773502268,-1.8359280169730423,0.6443713977584866,-0.3358740042860552,2.718542615502123,-0.10762312727932372,-2.2603707664464876,1.1676608893739435,0.30104284120327635,-0.2929224109415433,-0.9440189791817633,-1.136670196450242,0.12824150187483263,-0.433651511181279,1.1139858691250606,0.0062826791566774065,2.495461664816804,-0.3824587572978084,0.9943284125491454,1.2422909429130429,-1.3369413483298338,1.7619597712473927,1.7199224012222531,0.257210469764413,0.614191030789844,1.014804228711883,0.3614933528094569,0.539883663316895,-1.3399750415902545,0.8454548469805299,-1.2713075879067033,-1.7903856611763203,0.00940435199229972,-0.7967796390721413,-1.183922633866605,0.25478490332742865,-0.2767939217655506,0.3604781581637313,-1.1112243332218474,-0.05957827611924349,0.9833840653455497,2.104814289314866,0.9490635825319099,-0.7585423187108619,1.3007789939612047,0.24886234148890962,2.0677111403770834,2.5793906594783254,-0.5231435380229329,0.49380982014633096,3.0636776649082416,-0.6870341793416094,1.294364259639135,0.2639009815624005,0.27379944429724284,-0.1266084301531248,-2.2308478674472543,1.192509486610213,1.044034371356866,-1.1879618492659925,-3.1039690235602215,0.8429994671115533,-2.7226439709386705,1.3497605938152721,2.0680767983841655,-0.018791066405438706,-0.43178890862245944,-2.3941676823640066,1.2096493601771476,0.7357788276704085,0.47857592463743315,0.11393078434198706,1.4866688406654904,0.372354689969629,0.1115322234136778,0.5618151197413628,-0.99539652884701,-1.3164433646169542,1.5630122187423447,-1.1976795331242571,-0.18717773703991045,-0.36404416524548505,-1.7636467815133365,0.03255719669930346,2.1364815565454744,1.995620688382012,1.2660652800685117,2.1907482345374834,-1.6254122223568341,-2.0514751195032326,2.5171700819228615,-0.4534800185997155,1.3302500588894013,0.059418625813943936,-2.6955623225575973,-0.780118841352275,0.8757507210312462,-1.2171149965136114,2.0174894686408793,-1.8609078282119438,-0.5676313124670124,0.9071213094906253,1.3777663662762138,-0.15205585478151828,0.8338922760581452,0.3748896353870421,0.52475849772798,1.7351683542896499,-3.821623011369515,-0.9221102909945206,-1.8266213163414418,1.1776355495208937,0.1921004091686352,-0.7300432949897124,0.9549902239411625,0.4096016315808701,1.2459956727675014,-0.5781175871603204,-2.5575834179387114,-1.3393137548348588,-0.735351378290863,3.238646452677359,0.9336115404757277,-0.13309020867537247,-0.3551294191754022,-1.613882801161572,2.240549907325434,0.9235936018040843,-0.3528930450352731,-0.5237625437245098,0.23801420054711486,-2.342205945634978,1.3924556112624908,-0.362353782278647,-1.3775328183195283,1.379913321037157,2.4926229909073756,-2.236172965098076,-0.05555673676258245,1.903758135348686,-1.0356554587110935,0.9188601884490415,0.1395316384653175,0.5228112720701624,-0.8762621735108167,1.109468235834399,0.016763854199743466,0.15386939941261052,-0.5554725362922617,-1.2125709498340436,0.3476482802414871,0.2530150065733127,0.15286301190915197,-0.5900799193627485,-1.8607000462222218,0.8152995171845063,-1.2666173740073012,1.0669111613880415,1.0923260259404304,0.9856734714580286,-1.1237380938882682,-0.6646040036097777,-0.8299367586555408,-0.8756385349296159,0.09565391208010543,0.107930106462379,0.9212977989802219,-0.22569330407739518,-3.472037339108689;0.9405448392385576,-0.6370809091212404,-0.48030245345157113,-0.23296277761502115,2.3911111712463886,0.08775024999347603,0.8256637008276768,-0.1297091024484769,3.1252378977990043,0.9396342895576367,-0.21514113291220105,-2.543598847276739,0.21144953194908256,0.09748436228084478,1.0964801182074386,-2.2982493517467097;2.9490944253087252,1.2446795807367868,-1.3510743662080213,-1.3224579567435701,0.4818660617184915,0.547264797377967,0.5488838353173644,-0.25495579355369785,-0.12545426000290022,0.3278795241593574,0.08589300629333041,-2.219300372747535,-0.22979963057519381,-0.8514064342603136,0.17521141890851205,2.98525900260341,0.3674816654743044,-0.3135296861723979,0.9218015019772522,0.4826878872092127,0.4200944904518413,0.606850593215671,2.0565435648295414,-1.1308884353259157,0.47363207681145447,-0.9263811299815384,0.5555126463422483,-0.9186865114860944,-0.4173668136050844,-0.2950899142379063,0.975816719344709,0.9184544439424138,-1.2457173764463845,0.054934110999848726,-0.7095798547491726,-1.2585049106753345,-0.21701705042437042,-0.3084827884558197,2.4267164863455224,0.43295982536069616,-1.3776175007542373,-0.5647740041709423,1.0213832954293984,2.088442772869925,-1.5859833122379583,-1.879924385139045,1.8709651753717822,0.38961417737090387,-0.8682927318763665,0.5346290861224353,-2.6357477390168778,0.003375506597160999,0.32782117284308526,0.9242701395378298,-1.0138959522925377,0.08568716140335904,-0.9254246260595873,0.2553837556743171,-0.8953463223630241,-0.4081008391602206,-0.9958153947902291,0.651136241823657,0.8584511166566653,-0.2346205699574138,0.03823799496002834,-1.4485914146335441,-0.29967664800678706,-0.05020461704174478,2.620793091029975,-1.1119670257741636,1.4641772387524374,0.996858773465808,0.2806364044901364,1.7586204841951334,0.3721054726068629,0.3891591956679287,-0.053120653017545344,1.2235688824186275,1.0964692338108837,-0.6256772874962124,-1.3192471945987674,-0.20298063739565708,-0.8000385643976464,-0.0635245746153551,1.2374381346841392,-0.45730165508679,-0.04282338131157488,0.058022734808395225,0.8484308822052846,-2.246889333984605,-0.6067002947652967,0.21128369227947272,1.2000789564268612,-0.49190244750620515,-1.876552706041874,0.6197114459661363,-0.6353623888256293,-1.1896666590903613,-0.6243453897132241,-0.18452535765584954,-0.6047446645382127,-2.205566057099069,0.8970661968871322,1.2748750412787222,0.6515219913395057,-1.1376856704248166,-0.20149153394751798,-0.006521315229458062,0.5987943895619102,0.6683404887180808,-0.7341737987784958,0.08199555641356042,0.4572804046152411,1.4558223221467665,0.7045065398247231,0.7890566873755189,0.08382662792936094,1.4104591452035038,0.4097627959594974,-0.8610879101735704,1.4033699701251907,0.6979032725390276,-0.4430440211284823,-0.47949296739924335,0.2965755451407618,0.4631847952675847,0.19729226563120644,0.3113086734428849,1.6999573745763805,1.0715431522348857,0.19063559126502433,0.9413105807674833,-1.0325239035275395,0.39792704994680894,1.80930634973311,-0.21804589539237385,-0.8476339286190848,-0.6520888885930607,-1.0896330373423884,-0.7847619081277034,-0.370508098590029,-1.405567019178642,0.015618333949603047,0.9022771737866472,-0.9077561801469204,1.5192839236417688,0.5107920885275947,1.0305805856240573,-0.6578345538521371,0.8545252270666157,-1.091933900395313,0.8902475008365087,0.17183933979353122,0.5532512199847837,-1.1755946056248516,-0.8950698422766047,0.5972282182533848,-0.9483480042242007,0.46320629209912306,-1.3671378064602457;-0.7328045933514471,0.6088281742590911,1.2700710114014724,-1.347642315921469,0.04692845261904394,-0.32161923753521404,2.195071930847289,-0.7271886344611643,0.5017444365636381,-1.5831892116184103"
13,0.03728894822797152,"0.8977470476246219,1.0281623114694713,0.23935893236764694,0.7410816654902409,1.0448787426539725,-0.6841768637993143,-1.3989614343168146,-0.013703386202794618,-0.5772011858972084,0.3886214802009952,0.5480286120879263,-0.6816507905692808,0.7041085429664431,0.6541383759513081,0.7233175788890196,-0.40779237701059334,0.779922164828575,0.5200022806751929,0.6401846447565608,1.6777885630885263,0.32777418992541174,-0.6069622239974672,-1.1104545309994642,1.1279361599938218,0.35730767603544816,1.6700219883202245,-2.02955219120047,0.910667087786442,-0.26113733542062817,-0.35352099488117117,-0.764807840148591,0.899571013885143,0.6135361772832246,-1.1423820250394405,0.16492143792507125,0.7061143306804705,0.1780105259259068,1.1078403000269388,-0.2900385438891823,-2.2543576731044745,0.18671756076823665,0.18062576940507985,0.3111864967043543,1.1069790979677012,-1.9524632532933066,-0.23848330433266035,-0.9226578080015512,-1.2080303881184848,-0.07229899956289268,0.7018220302806755,0.30094660485915925,-0.6875224224957607,-0.14547159954371824,0.9298964446296162,0.6831292450600224,-0.5527700132266294,-0.6174963756639779,-1.7164841605989973,-0.42941133358236416,-1.7357889304385166,2.0670696873861147,-0.8551181568667101,1.1089808553132174,1.8181062078919905,0.21620140852798844,-0.10001425638690646,-1.3223652560550825,-0.5046001216487757,1.603965047869026,0.351252629622269,0.028348207458837392,1.3121232091756625,0.696290548455716,-0.14787314777976282,0.21625583567359702,-0.7680650374313074,-0.5610406463635863,-0.20629862925865855,0.5574710623736896,-1.2473629726900455,0.0762403304227286,-0.38986216006306434,-0.9009292184662047,-0.3844915494916545,-2.321403263050222,-0.7575886740283793,-1.099486882075956,-0.27991604260076425,-2.279789822963933,0.19089274350946914,0.9094232964068631,-0.11729637222989897,0.4987918734043764,-0.512730556401243,-1.5546211237758736,0.0016913212856527618,0.6803783769852189,-1.3243881256076575,-0.4652272763218353,-0.24711640090441678,2.851407645284945,0.22337119471989172,-1.9055735788637773,-2.1528509018422097,0.7304988302637498,2.485031975996529,-0.280974484600719,-0.34081959205850926,0.4307741761975961,-0.7982964083451088,-2.544154620428673,1.0372643892756863,-0.6131821284018295,1.050117865821371,-0.7609867903106803,0.12177912746053823,0.8548319474886943,1.070350951071872,0.2329886674814239,0.18323909579899972,0.6197061801791115,0.46416953439415226,-1.2911805341713132,-1.272082354303842,-2.1090591030208796,0.7665080008396467,-0.3957297737110001,0.8201972453763019,0.4037105734544909,-1.0024266815709695,-0.12022243353477892,-0.45482205166409206,-0.6092234802635622,0.9152873254932813,2.5107434705476726,1.116203641743548,-0.026956367357403806,1.2595077599561242,1.7129026503108034,-1.392370782310297,1.2248547613625302,0.7696820187432052,1.1881190566564999,0.8132874560169007,-0.22772900753414077,2.032870644182767,0.33959860858214885,-0.4343270206942534,0.5059780150403742,0.9723959017278606,0.094761075861996,0.3931363835222252,0.08836708210365136,-0.6600757331006435,-0.8218244586277709,-1.4028162865715872,1.5180200340467451,-0.22341724812966124,-3.4275751017552896,0.396533079279509,0.37582710450730256,-1.8665676828303954,-0.8323962083332622,-0.8762890345609291,-0.7422676907922764,1.2127758617035702,-0.1488775480668366,-0.4272348848161511,1.1223899422205936,0.4953477451837054,-1.7409782579765491,-0.616623639167903,0.32196208713394575,-0.9338901340120331,2.0295547884211316,0.11287876365258372,-0.7533763395775249,-1.1229436433360496,0.9275275880357028,-0.6478619369939568,0.379924178291707,-1.151519356874433,0.07019779152450324,-0.6358858978834613,-0.31539441347505376,-0.7962808003854571,1.0256262778082705,-0.49100397512432625,-0.14345719491970216,-0.09514228079874418,1.612270121633628,0.8903085873913994,0.7906807582779593,-1.5778866230263016,-0.6563923876025392,1.1886187158289152,-1.1709308154216498,0.08401354812172958,-1.065261504260789,-0.9649072554094067,1.6807856528642038,0.7192706415763885,0.9831402277945873,0.783741480163779,-0.13928836222950225,-0.6915967079038972,-0.4020902594174932,-0.1918264543867467,1.776286069327917,-1.3363564310295297,-0.5536614486187944,-0.9129633663053826,1.05662319752048,1.8537882593390969,0.308786359826396,0.3910158348435843,0.09132092304193566,0.43747898928112494,0.7731551623576272,0.42564051288682136,0.49883432827829455,0.775414363493875,-1.7782781012550672,0.0020089301457253844,0.3052090420845176,0.41614818051929126,-0.17088626178395377,0.1607514997971521,-0.7199064046807675,-1.77484473569773,0.9831371013056566,-1.1343716033195033,-0.16045386311376184,-0.7491296329020056,1.5870092798760793,-0.07964471450871508,-0.3104564628820661,0.7478658687259824,2.1564741676081867,0.4056895270580885,-0.3774194616318355,0.69659398135469,-1.5726790685815655,0.04642926006439702,1.993957654956412,0.15774739668577187,0.10777765615764831,0.020636540357505586,-0.39547628042619937,0.3144906723648705,0.7752730116603032,-0.33182005249077484,-2.490751738300821,0.4656175052787541,2.133126076520104,-0.3762614080561307,-1.4711633827566035,0.6774129847324792,1.7438322641840034,0.5293735697152353,1.7247000541665105,0.7936685456257128,0.7068509856776927,-0.5180006827421124,0.28540689075321696,-0.029470956717776595,-0.06373572056665165,-0.25386512795106736,0.22561346745855393,-1.2963449841367263,0.8117183992815746,-0.8777452927801963,-0.25027122500470794,0.3305598930351649,-0.927273418395512,-1.9664630623052528,-0.3830466776975072,-1.4310974925837,0.7123109326704704,-1.1535035725421259,1.4851555637091622,-0.005792889235225176,0.05917419459422928,-1.980631328544664,0.14486262885052328,-0.08017991687325322,-1.2990890349254696,0.08726833879680854,-0.3979230108074238,-0.21678781789535964,0.025881762194046202,-0.4714542131582016,0.24645662694886805,-0.08655548235096343,0.4727684683865754,-0.5286745939719916,-1.0649197529339594,-0.7088685284381386,1.4426567688517786,0.9559665262067465,1.2133791325991092,1.2827139581702196,-0.46631805717320235,0.2958119354084627,0.07583900284796226,0.6595385255914219,-0.2891682452309674,0.09297415709100419,0.0722714776196856,0.5322623999156977,0.655717221071599,0.0936710323402001,0.12399078406580802,0.22589802074870438,1.6465514206230427,-1.7299977913169318,-0.969679661217808,0.6736795964459418,0.2697843988390912,0.2627495501508767,0.6674954987133563,0.21399289312376313,-0.5592824784492236,0.6288091401082587,0.020887162999077807,-0.44757717888955345,0.6903606245779114,0.6510338582819997,0.21476649160079223,1.7171191539945574,1.3268267347702845,1.001857194053802,2.5663655728087473,-0.14646340199771613,-0.4648003293160938,0.860363099303359,-0.25263429799428105,0.011927715647822608,-0.9859199657503048,0.6066594577131273,-1.4710072455376098,-0.09643822115936947,-0.015355737515756635,-0.4360388424198315,-1.7572147586615,-1.7646310937744505,-0.7461724066718001,0.5390503287620642,0.2889248614419439,-0.016435358831141413,-0.8845884860174777,0.34113222126110754,-1.7990292780389183,-2.3965494823719777,-0.2430715512150047,-0.5460513800970288,1.013171297647458,0.1579837777728344,1.650735309999851,-0.5482150686954597,0.4867722915221611,-0.25227712941562996,1.3817197241311379,-0.20405044712407977,0.8544067801457649,-1.0776189645241603,-0.41521264313204453,-0.08404341192746666,1.2634175399628007,-2.197186941008039,-0.332644446445779,-0.3664801264273006,-2.0769735223943804,-0.46403576074681513,-1.5406671311912938,-2.3306634780373923,-0.262312828495323,-0.2961451208038582,-0.24495358295933245,0.25285824589835154,-0.8793968232136988,1.7908560134459206,-0.03329400813150332,1.2864304630614842,-1.679899241488712,-0.8345296500918743,0.6863148050442303,-0.2265642756779332,-1.0731793873729665,-1.8386298986440812,0.7332036722403648,0.6516022549488549,0.24332069141922807,-0.4959061907859165,-1.1130900276298048,-0.05298153989670182,-1.3153186036454003,-0.7515840805645901,1.261250581399549,-1.8508357631314192,0.6775278269003673,1.494195951449163,0.8162597193826533,0.39821287842648395,-0.46357284617112404,-0.6458880544340128,-2.248130866063321,0.03700668026731429,-0.4022404487290936,-0.6980344086819069,-0.020081028879013117,0.06236948020465527,-0.6355572973670537,1.6130807834767864,0.7306027791124243,0.8962785583732785,-0.10330278363940919,0.5112357322611427,-0.8957046005985632,0.6662585402503062,-0.20440260731373933,-1.0219835350143256,-0.022766671219229605,-0.2920540302498895,2.323069327220917,0.4353942484799116,1.5797174674482222,1.1312871063587266,0.03778059979749919,-0.44371920293004485,-1.740226581200323,-0.8709435506647398,0.6627534577542142,-0.30213038512070306,0.3758203257384417,-2.0302751513473365,0.45351484909737344,1.0964815571992859,-1.7757582898062534,0.3715639063567994,1.3435346536084607,1.6800866493394657,-0.5034990708579596,0.7799303446115337,1.4297898200054153,0.40138139078037866,1.285077588996811,-0.03586165333830044,0.394314143770797,-0.6216092264622024,-0.16460015767375896,0.43371616987636363,-0.6966193250457676,-0.22358637314075414,0.7608736809468034,2.0525575331761003,-2.0494384916485737,1.976576667323617,-0.25987176442276755,0.9648998690273849,1.1610926999917404,1.564496773940547,-0.7279618647297909,-0.22527130811779836,-0.05359609895290359,-0.3574338424973447,1.3187609748391393,-0.07682770101146585,-1.618547664808369,-0.6330138223137638,-1.57840002669688,-0.22833878669334084,0.6725496745679364,-0.6544766723036888,-0.403032964634577,-0.27476529233819436,0.14074249383524484,0.5160827786355244,0.8072554279353683,2.2555169829365216,0.12349593100007242,0.7357930539797147,-1.5875567476782748,-0.37918298556553387,-0.2704168934620731,-1.017314888987104,-0.535992731367536,-0.10748471765562773,-0.504663374164808,2.6018341878381603,0.5122753415777298,2.0010227388593362,1.4926511788340047,-0.639246133450386,0.03756046741981141,-0.43482462107457687,-0.1618227592863318,-0.9764336691887306,-0.44153532917022287,0.35951888153323863,0.33312205694220387,0.2534036652162668,-0.05967482488355891,0.8607424252369403,-0.25704302607853813,1.3915523397616159,-1.8475975570175622,0.656811023975756,0.48837111224735724,-0.67456655725155,-0.3552310268552769,0.4647909391090366,0.9159352471487495,-1.7494631683311064,0.6282460676542554,-0.4576511855575566,1.125289774298553,-1.8392752138161772,2.445298965121207,-0.8861399330140974,1.4299611867896778,-0.06918461973283323,-0.8186667372001304,0.2651140053814113,1.0291254449563685,-1.5527048007447624,0.7015888492870094,-0.01217849865708979,0.577044082566334,0.010975357338979946,-0.571868838754654,-1.113123251371879,0.6726451120470253,0.6672719921988349,0.6622722476908082,0.4275963194405732,0.94469887183947,1.406069279769642,-1.876417847406518,-2.3417974438690883,1.7179473598796449,-1.341046514585189,-1.0862432867896197,-0.2876143118749243,-1.6539715787131024,-0.38158669730763756,-0.948105344122665,-0.23334086969700757,0.2798413049071018,-0.3435382254295648,-0.394047285397147,0.25799579679164625,1.044291797949948,1.6029643469216657,-0.21853825400221535,1.8248891519232369,0.8767068347612461,-1.2320084539731764,-1.261208255613675,-0.5772878506026698,1.4446039833597262,-0.5013673155655366,-1.8923568245062732,-0.22888420888771063,-1.9805719675604068,-1.054985646936872,-0.587028406292586,0.14966891092469145,1.0241623266068782,0.6941359433717644,-1.1793247984474855,-0.3717122621656524,0.07637558870256657,-0.2622071244464994,-0.26929522586829435,-1.7227433246542718,-1.1527341511396405,-0.4029398491392732,-3.0932256749451623,0.6406443200098545,-1.3726790997110696,0.6868381332651379,0.59891600447091,-0.5436930431123843,1.0005483257015377,0.7431973449249332,-0.3089614708346406,-0.42175961519169836,1.0972327856643567,0.23201383940766418,1.0446971683681423,-2.388974074352737,0.09848509701946212,-1.5774090869693729,-0.02578850748676315,0.7138202083458839,1.7391401457491027,-0.938166728437186,-0.5257048053019829,-0.09553290707553755,-0.9745311014618905,0.9785597287892571,-0.07009454536562351,0.12195702337604605,0.6201731267741587,-0.0717115163754094,-0.8175391281758652,-0.06302023829846698,-0.8561813595133891,0.10798088911648625,0.9969377208017967,-1.1749782922723317,-1.5323710014420924,0.049249935919674095,-0.767799616743906,0.03174527441196894,0.32040352060970073,-2.1436862289285394,0.6898494276585421,-1.169668502955249,-0.022347950564689918,-0.6593823354384302,-0.5519570147842944,1.6939579396179882,0.31926752079566106,0.9046884029535909,0.1509413542027429,0.6200135746549539,0.4173783621434519,0.25445614468682576,1.1071559091646799,0.15650545384427011,2.285148572217705,0.9605315728124378,-1.1395406977396898,-0.17654970898298233,0.3970775994906683,0.04449683571203692,0.6868734189721679,0.7970167048338735,-1.3595869857989646,1.2810775447164946,-0.4968174654860444,-0.5959045058647572,-0.5991223927055405,0.808576405990583,-0.267067698147786,-0.6635516443377074,-0.42395915744353724,-1.794691658915877,-0.8421637639514868,-1.2395835486530995,-0.2691693304958912,0.6641932702735924,0.553875900933227,1.256750497546583,1.0339758172966207,-0.5285967149183771,0.019071400753713184,-0.032556094221418586,-2.151052682721887,-1.2172595369097443,-0.1672866771511124,-0.1728964351408084,0.5123250542051669,0.463641629535848,-1.7706925020997353,0.5185967344575301,0.17858720645376372,0.6233731816446291,1.0668655876415893,-0.14288297278797174,1.2455882369800797,-0.8894004538930466,-0.9457381203722185,0.42877219013554113,-0.3687675453051798,0.2616325646189695,1.9929821198444915,0.39349507350397567,0.21216953886411957,-0.8692203786518473,-1.6999798066243463,-0.07254661527351064,1.0668702466081963,-0.322938007060674,0.40146249920536903,1.4264972727185825,1.40151631323036,0.42881588760178246,0.17010647865734285,-1.5186330490030757,-0.6301946441769405,-0.2807558080180731,-0.8523316114341521,0.2484532629527643,1.911648183486101,1.5177615926616166,0.2438798618312071,0.7794340720248285,-0.728604315356119,1.4640893506688015,-1.5619665959451805,0.9128281610861624,0.4955897101997747,-0.7558593867544244,-0.20878675673793776,-1.1342527031560594,-1.0916400478022321,-1.59105400062393,0.7675139022007115,1.205344969426681,-2.161807863813426,1.838305516151506,-0.012008236636839758,0.2898532048768381,-1.4724128355850763,1.320825750164865,0.20025009316683412,1.1388262397712992,1.2208583206477435,1.33487442272127,-0.6482807758522028,-0.2079620078932045,-0.6117020747295147,0.8950964627412832,0.3328892293637407,1.069144864013238,1.1127388030572323,-1.7272594909389078,1.3507701305538724,0.9508609577657172,-0.3692248831854975,0.3497927665296289,-0.12366957158270403,0.6160556786311759,-0.37139638070487635,0.4789272411691076,0.067305304659352,-0.43219390349530523,0.1901362449020588,2.7064695734887576,-0.6855366298256818,-0.2499435912615692,-0.6681123996330307,-0.5632163855275838,0.8157743533853581,0.7158824596360679,-0.005863503321309755,1.026296585269112,0.7934432954943101,-0.1623341860262142,-1.533864741794206,0.8297830079490026,0.1696646210019749,0.022223463700592007,-0.46604802000971546,0.744648949116316,0.3484962524285009,-0.23682804280229675,-1.2254545472189116,1.0679291018800763,0.604905223155877,0.2554028999455957,-2.6567739951139977,-0.037894257116059885,-0.2412037034756634,-0.6184956850543406,0.7542352785642843,0.7148600341672774,0.43682471719238786,1.0378909147677426,-1.0222985140338425,-0.45365405676930665,0.07479226318580581,-0.6220020192279152,0.7271692217035421,-0.5222008481316952,1.2983700044467545,-0.9311594017501897,2.1319836495006173,2.0292973556024227,-0.09475314631534462,1.1461704509257484,-0.400428060508607,1.013286498231345,-0.1759783314567708,-1.285439898508484,-3.532818187678899,-0.2687134460706104,0.27906250868529264,1.3303164260362166,0.03662503215139047,1.0029101347175888,-0.45394154722152685,-0.3372789695314452,1.0540356825285855,-2.464674484669272,0.012983828902915837,-0.39996134955586493,1.3606112048522843,-0.52824629497982,0.5165849695700944,0.9215169693346942,-1.4925959941304103,-0.13937030827390118,-0.43163643408593794,0.9462932468295944,0.6750818408121937,-0.2332020300591821,-1.0474080504160517,1.03814669602009,-0.06765277659878156,-1.6183765656674622,-1.5323803989699238,0.4376334300729764,-1.2758061927655187,1.8596474936036136,-0.9370702843593306,-0.0003607253572761615,0.15911196616030546,-0.7293777392368457,-2.2398270305779686,0.19089509761622744,-0.7532399901022582,0.11653842761644315,-0.12233105223870894,0.2632912480718034,1.5618701206560597,-0.5461830127271224,-0.468844654342496,-1.66579730275389,-0.19518395109929465,0.40986998927496626,-0.48349487757102694,0.4164305004054911,-0.17750852548919108,-1.3022662379689898,0.3119850711831046,-0.2058321335650172,0.12275782140935802,-0.5669498832104164,-0.6554025229908949,0.1574108075529652,-0.23059991204213479,1.7242782491692652,0.7987305121611646,0.5450042594676882,-0.17748080150141446,-2.026023448476509,-0.8075949276176789,-0.6472934525843181,-0.274984386289914,-0.0333594993899537,0.6560749654854954,0.2731455610700651,1.1592031914699048,-0.3119019735192496,0.25716294417016167,0.3438442277788009,0.24572628435858904,1.2818902479401424,0.8037743227471926,-1.3194032195014225,-0.1143310990593399,-0.013973682229795103,2.1515410636950056,-0.3297911812454699,-0.9824839033361819,0.43832542947664377,0.49698571962377913,-0.07377286372969208,-0.22026100297089,0.9489039560620852,-0.8535981542598204,-0.34095334286853607,-0.5221498621133875,1.093894597620588,0.2854942032863437,-1.0649940973212704,-0.9645063932627689,1.8734151236121512,1.08321774810704,0.8415502815234793,0.012246940973342467,1.508473240120409,-1.1034047859782585,0.7529675122044905,-0.44327350652556335,-0.24889331965522968,0.725789264832387,-0.1435575086815076,-0.43469985946125794,-0.4951576480879254,-1.9863457455111244,0.7632036192756562,-1.0066300727987934,1.858409405659278,-0.2876125498149928,1.3094397974459575,-1.8090310326826808,0.7314830211985989,0.9885557325118116,1.3035636343644337,-1.5280387727866134,-0.702718637086929,0.5765099527560802,0.1484419788441095,0.29335964256383473,-0.36028660580933214,1.5507986150556912,2.6084654482798135,0.10397992400908915,0.45342124550525176,0.056243745622817504,1.2840533990474368,0.8291162842568113,-1.0663805706368437,-0.6127020104946451,-1.009296793005887,2.6948223321955105,0.6353117835820689,-0.5956862261097823,-0.6755520406248401,0.8052312729669104,0.9049201496591336,0.7981077130844103,-0.4255573586497196,0.30584364441417755,0.1109150976333842,-0.9362603724384269,-0.9264938428760218,0.41196504454313526,0.19645108104365847,0.5533517108422115,0.7910230386937182,1.4993826224975288,-0.7759043861160467,0.6302361987253822,0.7491988165286851,-0.31213041252544454,0.12186318356926855,-0.2865585566960738,2.108590383357175,0.10485269044110616,0.45150510871139354,-0.26398429691721137,-0.4796345662507899,-1.302002661701677,1.0998686247253329,0.7684374973966008,-0.30109644443978495,-0.9003699030639426,0.1799085264201432,-0.4976968062969693,-0.22204256863212143,-1.263559944602884,0.21706958064802997,0.23700320198874944,1.0947228842396843,-0.15074156863260663,-0.33356247720383625,-1.5567608661172252,1.1009609483626293,0.8928231165569592,0.02873844140680185,-1.3292310545303723,-1.2145270310881418,-0.5471059287642895,0.9652257088666634,0.2903376352416373,-1.4933571888817754,0.4042119146002209,-0.8391465791708572,-0.5222122265121455,0.9717380125217053,0.7655040837808318,1.0930998828254233,-0.02313351908421224,0.883024557866187,-0.5861362637630572,-0.2575659346052936,-0.3262932244047908,0.023865018224493963,-1.2864910863120784,-0.2250049031233616,1.4516573015187388,-1.092528161811434,-1.3293212819150324,-1.248688327662228,2.6618594440746413,0.46485198087037755,-0.2702653843413827,0.0683204130081365,0.2276393992468176,-0.6404499757293803,-0.5172167487091028,-0.15768313220202998,-0.7247550882349062,-0.39693460702118855,0.35309157733034563,-0.9971531796200995,2.6099494209478524,0.7531566108861996,-1.2700847385126517,-2.477903509100612,-0.6875032851377786,0.6843606496072474,0.4904698944501049,-0.1108485103486127,-0.6014424611430855,-0.9041313739919301,-0.40258307110950714,-1.0123799738276023,-0.3988777562084495,1.330950935822822,-0.7712397992493996,0.6108812830519882,0.7634238129842029,-1.0796013185359161,-0.8433718745595036,1.0689434369867896,-0.9257640396506979,-0.05748574921080336,2.0399838221685256,0.9798322570613639,0.085230451735566,0.8407305745312541,-0.05592208531401828,1.0182318332034739,-2.046265431346471,-0.13926599637494513,-2.086339906592822,0.16135518823182887,-0.23617789827269867,1.3607298466423299,0.7118273685976673,-0.5260876875400664,-0.4062162565808649,0.38069653022978056,-0.5725605925532729,-0.03237278638454491,1.3166980645148691,-0.8291301835303785,-0.4476743659563957,-0.3074323454493165,3.1580734261856236,0.6082426625071672,1.132068339047842,0.7681257118783844,0.8353938659852992,0.4735735373322883,0.36526920005909214,-1.4507446544685365,0.3578645563429395,-0.10834359239295796,0.5454569028494952,-0.07085916664044703,0.7631642927279919,0.9399325711491803,-2.912160024645764,-0.4338928181659582,-1.8573869058881267,0.23894455464199435,-0.3007083778540004,1.3558284705866055,0.20724466180087722,-0.48552997646371326,0.9385715398455845,-0.31820245782744283,-0.49799755589366845,0.3936254146418557,1.6129713899394713,0.8535519082398223,0.5669309652814761,2.7509485335216635,-0.7324100363594926,-0.754717836942107,0.14556948043974274,1.5150263841047142,-0.9416859762946027,1.75457259756306,-1.439122489408388,-0.12121805072117849,0.17346566566864968,-0.8826319163179022,-0.6212343649322007,0.7966304793356654,1.4415557425112338,-2.1146103624960215,0.18023638545931456,-0.11330890361580295,0.10739635562395039,-0.31676647561620186,-1.2904869695563275,1.542296978044621,1.1593295983306997,-0.10398918889688247,-0.4883132124733428,-0.6094406290058797,-2.58565322481448,0.35382007460241144,0.7803235903028443,0.13790211610976857,-0.08633643459975261,0.13338350848658456,-0.8532259807575766,-0.49955522737033137,-0.16633302823215815,0.6966765747648956,1.3788583732951116,-0.2291478429729563,-1.0447855375654158,0.03564679076343017,2.011491112588921,-0.9578064351337342,0.8858407471328126,1.3359605561206054,-0.3600148598254862,-0.7007245777190404,0.5749566828332526,0.35321677280416497,0.694774171320887,2.073709431489805,0.16704655337656374,-1.1922248489561023,0.06664000216842422,0.24155679420538098,1.267168637088249,-0.19676439542770313,-0.4090678336953848,-1.3711939961665902,0.5474127920641301,3.3482071855389752,-0.2225909840039387,0.4519549545219488,-0.5478328533149631,-1.2812849199958405,0.4342359392005308,0.028188283437192065,-2.3855541430658236,1.610028715740119,0.41596437633711586,0.07389555010360419,-0.42197686409230856,0.40529411049309205,0.45139595241603503,0.4013213737267121,1.0679930445034893,1.2952712338333454,2.0055930636183965,-0.8368421824487218;-0.5734215137672173,0.3611821670416381,-0.7790908587377849,-0.6180150723722206,0.47522958150662986,0.9008423549798501,1.2759279527788632,-0.19261441375760072,0.46315296353797064,0.2427577358937702,0.017657445179986058,-0.8160091652080175,-0.9432110892025215,0.6666747799559565,-0.8328193798842021,-1.7769188248270267;-0.03176132329018785,1.4552403021497493,-2.794850438402242,-0.2883302731535121,0.6752148653262328,-1.8234964332148014,-0.213332916201082,-1.1394572445525422,-1.0071781140068858,-0.40241820770202047,-1.12314789013217,-1.2063007031518125,-0.05923175154200424,2.227139060535686,0.7577433174478562,1.010532767038355,0.7972624384188448,-0.6975136126792172,0.31083222911616043,1.0976942609423341,0.8283374677817912,0.1945510073683852,0.5200464941938938,2.4628739651691522,0.8394432171563457,-0.31515935719764865,-0.07403700626459676,-1.0541513965914469,2.3470359479462966,1.6038697254435437,0.08321303627211424,2.1808201187667766,0.6324000449549774,-0.43084641761581777,0.9064525405197977,0.3986434717966514,0.8378567782763992,-1.3690918596562172,-0.8103141571972697,1.4884708301231753,1.6931374915640562,1.4151127269680543,2.2186469035868575,0.5773682982138633,0.5070833628304308,-0.9132069012238125,-0.5805314408463051,-1.9882609223095518,-0.32148601236770674,-2.058526088833248,1.0809661708636942,0.38839886855045264,-2.02616924639609,-0.18986369216348206,1.9676556223485,-0.12566615083574367,-0.9983709436379924,-1.7855022693052407,-1.7556466124438888,0.5355799678560016,-0.4338726223247447,-0.3509941415994386,-0.4297466634439692,-0.14023994946474372,-1.227162998703048,0.3161049936893784,-1.4227062437566944,-0.7558424580412537,1.0108276976651238,0.3762049997251888,0.6856818462013826,2.150388392817886,-0.05965401030449736,0.0214602600249777,-0.26432095585034054,-0.4434141473921472,-1.0105908273937865,0.0840648111958523,0.35504860659615634,0.41077033919289613,0.06436382686707809,0.9261708048199818,0.02943669074238712,-0.4093018882339617,-0.9269881819745178,-1.5489752115779287,1.4604151779364853,-0.6990546254873308,-0.9256671432872929,-0.417538228326973,-0.27838878653379634,1.6385124359027736,-0.3281471030911709,2.6333835654016435,0.06369720465318252,2.0570282489712572,0.8939292814307211,0.3610374198447618,1.5778481332374874,1.1222297939402996,0.6346790841860889,2.317594009771692,-0.4983927119536229,-0.9949136759617321,-0.6762307418119539,1.7522731900835546,1.4507600210860958,-0.5252618994803853,-2.354651287593866,-0.2058450363787221,-1.013264308591272,-0.49393597148945395,-1.0544090477459183,-1.6095380769790235,1.8832043683309012,-0.6836682039434183,1.412667803259167,-0.2213709098468572,-1.130804204552444,0.5090683899290029,-0.39105685693292935,-0.2071011056632473,0.14490593433976803,-0.8122128357486891,-1.6211363541203592,-0.05126961473433782,0.9639177026338356,-0.9015912589117553,0.15396226626563522,1.5055071485491969,-0.0897648872738478,0.08609437179585895,0.05521235360038612,-0.68234442589306,-0.9933545184333761,-0.9892623693210745,0.36818319700727326,0.757872361932744,0.8050822384378519,-0.37854285375546254,1.0933085409306464,0.3073638195104265,0.07074222179101906,-3.339356662603585,-0.8174096116063831,-1.5210979022372757,0.6270735070641095,0.0950333319300327,-1.071986386385109,0.3043625584676616,-1.4234923662063474,-1.0437630982675843,-0.7102213308649403,0.540136321844865,1.399441679203903,-0.5860084483439348,1.322458641608277,0.04740355061146023,0.23613816092522313,-0.06380455772744412;-0.1973137533860654,0.439300036738925,0.7403211861820447,-0.8846113036358534,-0.1893004695695063,1.669275097223265,0.17718865431852324,0.2866938544291486,1.167268538967427,-0.5012444992846619"
14,0.03499775512217357,"0.1675701058009903,1.1622595975056669,-0.5395912207371316,0.8949105560268252,-1.6320148850264173,-0.9049478329380662,-1.8070413949318163,-0.27484530066979224,-0.04626121726634254,0.11410149222651991,0.06188335288713521,-0.927553330811728,-0.19024084441321568,-1.4974466686057486,1.3632289751322504,-0.303626072898001,-0.4888861190436912,1.5889403284440828,-1.2422465335492292,-1.125587114031969,-1.0962203248685651,-0.0678713816994819,0.4316316296375973,0.7396754681178337,2.571995317494969,-2.2494324542007638,0.6087355891244169,-0.5571305725722312,-0.5864151488887734,-0.6197721282538776,-0.9087696708079733,1.6845248346034518,0.8422973270139027,0.023195978557374822,1.3510157524870003,-1.5125289652988756,-1.3307051313309262,-2.1779677321946878,-0.6994145401232875,0.1616985267047529,0.10285857793233408,0.14934191105988046,-1.4110568310660818,0.803154742614022,0.23962751823899794,0.7330542814659985,-1.8927621775900518,0.31149085879778987,-1.187765239917527,-0.39732325255136186,0.5343648986363834,0.09109360625591317,-0.8515399797793188,0.006273156184418285,-1.531535315243643,1.150267395898296,-0.20528401949625125,1.118549944255326,-0.526531687096043,-0.5235759884065829,-0.7641867866378464,0.8761739316930753,-0.7094311573284758,0.6445954324151765,-0.38245239766929023,-1.9759632998916197,-0.5703140677864661,-1.1791082143628482,0.03390272368233751,-1.1904077356744902,0.9259751007146168,-0.09107586035302723,-0.17759599475873897,0.6558921377875826,0.9639069340758625,-0.020098751769651646,-0.7712002995492906,-1.7739696161121294,-0.68604975703518,-0.6172122466479616,0.10705745299229676,-0.34514688113802716,0.6879329720514281,-0.6129832712706895,-0.05704116685294176,1.1839874431968893,0.3418252139549665,-0.06003754168856451,-0.601944441935177,-0.6332313967149771,-0.8506132529519478,-0.5410068657828994,0.7556658387443146,-0.2218882712922687,-1.349773069381231,1.7681692930597834,0.31996519114516303,-1.4069434005131694,-0.44184892724082386,0.11088638282841785,1.704592093297377,-1.1081124582588693,0.9760407193559466,1.399486426972343,-0.6286543050745702,-0.27751361886023346,-1.0363092473737703,-0.20346114108030489,-0.03658997434293117,0.6596499980823705,1.0901834710204468,-0.7480960646216471,-1.9673250642259945,-0.021244779276242128,0.2935375299686405,0.24941768768504166,-0.326673247509044,0.1247520996639345,1.5154448083522476,0.3817341689625093,-0.3733684250030844,-0.5001978170959958,-0.16985235767773066,1.6367399618306397,-0.1833007095261973,-0.01979434452070797,-0.48231357093630295,1.0989833574419647,1.959837254744675,0.4506130494313883,0.08277290378542575,0.03678283317423478,-2.3843067887857456,0.7451508642848174,0.13416641599584353,0.42834205066072495,-0.7114621940837048,-0.38445687897709163,-0.411024936503173,1.0216229840730389,-0.3787598366030933,2.0826603221097977,0.4308624190150374,-1.2756826599957316,-0.12854629325195685,-0.6516751221564157,-2.1943824698200243,1.5994709401137894,0.7031425422200039,0.5332073178993125,0.16540366029970424,-1.3820175686924376,-0.4836171395554367,0.8417807747840127,-1.0512200297825027,-2.5317693162508137,-0.22710600778092602,-0.1417575540275386,0.13556341641470915,0.7285186435145362,0.6376058122312086,0.2587698052439216,1.1955313880867093,-1.5189697808133147,0.5045818144773903,0.6265383633369425,-1.2395622860802396,-1.5028706086823893,-0.7459421264756013,-0.6615414425152919,0.7534194635024307,-0.6145387836910949,-0.856348518281204,-0.6116337366945591,1.1186323341542117,0.013043374376952133,-0.1792510253569118,-0.11000549870105147,1.2920603343265227,-0.7491717266032418,1.315508290940104,0.21049629892150362,-0.16041938197534772,2.5009004979342815,-1.0556394897985963,-0.35368575956700604,-1.2324312391640002,0.9524619705361694,1.689188933651679,1.669922781404639,1.2239487531460047,-0.19762046779596562,-0.3652409774898465,-1.671169772494065,2.0358735351817927,0.4689780781484677,-0.49195690486948307,1.3280568889869675,-0.9727645167600009,0.40662203422267407,-0.17262913429083468,0.638677139880301,-0.06357353918612146,-1.4509278911112242,0.07557637267003782,1.0488641418753621,-0.029216405853985244,0.775115121589086,-1.0455294856740531,-0.026260793269852138,-0.6245104550885774,0.7469808401047098,0.03149156226199577,0.6900736763366125,1.087710426157866,0.6916185751213884,0.2731184342936442,-0.9982122585114053,-0.002786110666901238,-0.5330904020158331,-0.34406395670422657,-0.37453415075025087,-0.9799255747822445,-1.9573385891339898,-0.6681430483277668,0.19337945192415906,-1.3481770454274902,0.015682236471624342,1.9002684243109647,1.0230565552522393,1.6435415091205292,0.3911278769327262,1.167509822986446,-0.7239647304677874,-0.6443402670219842,-2.7391402061374728,1.186145474042299,1.540323979819886,-0.55317724534727,-0.2539517063972351,-0.7538621136909615,0.3826535514774916,1.1249325453032408,-1.742771973881041,0.4094385306422523,-0.2766717717191454,0.11339439196668935,0.45899400167429094,-0.18820243877282114,-0.10358685340578061,-0.2138751675546389,0.9703162017882814,0.41875996012749656,0.22058353773736078,-1.2709517210922827,-0.3785797432131542,0.8986691603391742,0.037696573123922904,0.6595314695891383,1.7665118003276337,1.0386060692088166,0.09315833769974234,-0.5109891701957271,-2.5535495960558983,-0.16838492247285253,-0.32601249581684916,0.3903661943953757,-0.1539052269746876,-0.32038505943679435,-1.7793989305072206,-0.9399678291500665,0.4766510408005575,1.7159076311326944,-0.09752538374562343,0.3278110735741233,0.9524781569528054,-0.8108939362002497,0.36681404328544226,-0.7404901063321585,0.8648244384910113,0.15140304795173262,0.2984518139814398,-0.7825985974185891,0.7070323596107849,2.084712921231016,-1.0079116954282061,-0.3397590076475238,0.23160747416809183,0.7864062119958165,-0.5595462852894689,-2.83303029014274,1.359189494164025,0.7605061195841426,-1.742947530486665,-0.6075687917795559,1.5681824295273261,1.447796418457866,0.9386400226789446,-0.17611243395986265,0.08298741881250997,-0.1309258051261265,1.1282397832688376,-0.8758424064951101,-0.8057996548842047,1.0102745868360157,-0.044361455511561634,1.378467355453808,-0.6715122069805457,-0.0547783603388251,-0.9224129848439533,0.007362681423567135,-1.478546936998799,-0.4876334209549628,-1.4362538649281178,0.6939232331912581,0.7165893397596517,-1.730262730484345,1.3338857455005728,2.497415126419854,0.04600638673634095,-0.6411142602246448,2.8243305910030463,-1.3189684983025107,0.020106466869098387,0.17962227263192343,1.3451476204524146,0.35973897512678843,-0.4986338957884514,-0.9511843703879561,-0.34182182024613555,-1.0069273609451441,0.04782531978468294,-0.5641961798604865,-1.4940377932897506,1.2551457883749038,-0.4976725234290394,-1.2681368049753126,-0.16825913448754154,0.06837156596765875,-1.7464667255790336,0.33164766712576277,-1.0471575686902646,1.7110288091907877,0.5239605120767348,-0.39989999010931654,-0.7451677703173505,-0.10496770756362395,0.6127907415832897,-0.02549412858519966,-0.21715880713685662,0.058370290817895645,-0.6038589312369547,-0.3432059268430377,-2.085792438905004,0.9737262308523678,0.2987977803217619,-0.7734558440334302,1.8987349813552388,0.08701648039238655,-1.0361435719751968,0.8567374214704584,0.3980482165092625,0.39457998548421935,-0.4257556046515905,0.4504957237780347,-0.26175829022109454,0.5559414516458422,-1.9049444540106388,-0.4338734629791891,1.7221550978081948,-0.7670674554003005,-0.6038382974931866,-0.4479613384499751,-1.2148061358886433,-2.208280776228252,-0.23058639852361285,0.13585942408165688,-0.05250506853865217,-0.14487856194788684,0.043040870850387644,1.022841471550764,-0.19044618592921678,-0.5740825770872696,-0.2811254848880863,0.5793467597567757,1.4120268785432495,-0.6281437391691783,0.09893378702888371,0.3383574419359596,-0.9925780067288229,0.02041716721291813,-1.465673857342095,-1.7690503037393988,0.366746407892257,-0.3838747413307828,0.20228040762121913,-0.017894977008350053,-0.9764000486637974,-0.045254301964336476,-1.2331013050148552,1.3909723580014006,-1.3559703448599638,-0.19578527096858134,-1.0422715880472484,0.5704211733607956,-0.33143137128150285,-0.5186667196212101,0.8532015450515544,0.029430591677552183,0.5166444459359673,-0.9813259365174648,-1.404816943927507,0.10720796204013365,-0.3188463554947312,0.6264346724539442,-0.0799084526625497,0.2050753392346299,-1.6233825299412434,1.8884369396142566,-0.16424198503203188,0.697586970339199,-0.8360916702196265,0.3080099022173409,-1.3028447635247453,0.452067838259671,-0.3559740843858328,0.029190503935567446,0.6979740301300975,-1.2325403112202802,-0.684491730612797,0.4573242810867655,2.098221474546747,-0.13808233466148176,0.5911361179239325,-0.10697146985848006,1.9422455947562995,-1.7472216669652556,0.094621044669358,-1.625544033562061,-2.5065715705367166,0.29746205311781654,0.13949779614745886,-0.28483693774220137,-0.10619409003975315,3.0982994340712575,-0.2581751380314344,0.5101243612500749,-0.6493648196138809,0.29523257504060313,-0.23823367505561752,-0.41051848272973,1.8188985322003248,1.177184963184339,0.13674664739923068,-2.304211935943967,-0.3610092232525697,2.7030275644050836,-0.23066166663970813,1.1032175720536581,1.4419424019526008,0.21896391585597508,-0.8418216318681523,-2.4353123317828884,0.6841632086089545,-0.8147560028235481,0.17615045188769213,-1.2498203395893641,-0.2652375404702022,0.033719054901053244,0.26859358104429787,-1.1148221873524142,1.1969109487613523,-0.5968947847319713,-1.6744694604532453,-0.1090234199634638,0.03437530902646009,0.16058943317175978,1.3621324036850793,-0.23644883673585937,-0.11961962436877134,-1.1031843812330935,0.820553502887897,0.18430906407810346,-0.42002772729416255,-1.9046746934654637,1.4444121950550874,-1.2276799644560572,-0.5912780093697056,0.35834451107600324,-1.1965579286166865,-1.4935097782531435,-2.123947582700665,0.7209969529056358,-0.5451862447263219,2.92727009247333,-0.9943550656308734,-0.9214510234289213,-0.5653929702854015,0.2431346551384891,-0.47020333878531134,0.612332214002512,-0.9785883899886544,-1.381591718463581,-1.7982147394091075,-2.2235741679371968,-0.5180690194750568,-0.3009803123932219,-0.6314370274831833,1.243405797187162,1.228030209608135,-0.3348029874445019,-1.793921113191963,-0.5667051080550528,-0.5998213939170615,-0.657134962278058,-0.6977189038982449,-0.6534628957248072,-0.38654161589775976,-0.6355410988155566,0.20832250862559215,0.3603687159048611,-0.9106450871824898,1.2710653260070335,-0.9800623018406142,-1.6178006138153371,0.3807780713650517,-0.8174081344143398,0.321291470757388,-2.4036686011005304,1.3924559414830675,0.6722934080404022,-1.5004765491630017,-1.4787771238462857,1.6722659040975276,-0.7373799034979586,-0.8341848487326238,-2.2660520941492828,-0.35077820560155415,-0.22771961483575284,0.7154930967694852,-1.3990784281844755,-1.5202867922406096,0.45096263477647686,1.0067300712270648,-1.571152351117883,1.0815140862997412,0.03754184148682145,1.0918053390746456,-0.07022036151761657,-2.5222779174879504,-0.15196738231603887,1.06014381867127,-0.8937460190837143,-0.3879649689074522,-0.1761335035509783,-2.899513879868482,1.6713475754374763,-0.9013756798971745,0.505735432472799,-0.08670113614820872,1.25761905635936,0.4060561224280809,-0.23492427152097461,-0.8935150925192802,0.7978507013821389,-1.8734413039546167,0.6458904202758925,-1.0990447515548727,1.25228366195664,0.1612995426626951,0.6441237678501087,0.08198881382471937,-1.7523770951409967,-0.8607291633953384,0.6723893376113824,0.166655817359844,1.180989905305672,0.40327456303717174,-0.9667018907026598,-0.796064137720634,0.10291739052323721,-2.3140440660001054,1.6734418856229851,0.44174673637755724,1.2270345970488723,-1.580603940809169,1.2445651603552557,2.2314989110277486,-1.3208783553773176,0.7714017949037666,0.0011099446872931465,-1.5444338482482443,0.4928839718518698,0.8336032048373484,-0.6011265526688468,1.1659165202552229,-1.6667634067891977,-1.4947561464496442,0.13659739558875236,0.025385277972271716,-0.7165734884241052,0.8095944359718859,0.5308943142159493,0.858139070934016,-0.1231364353522676,0.6025802679783409,-0.44565030302999453,2.0538186900865956,-0.8125457701219858,2.105297429458312,0.034887947089408566,-1.3755108895687427,1.368079350488601,0.125901388394959,0.851124098380238,1.2238559185425932,0.33795555414502526,-0.5922408448128146,0.9757133776692501,0.000755507454595548,0.685857818608419,-2.1537305737914614,0.4469817170098519,-0.6385858251450302,1.6533096371785305,0.6230873478890951,0.23985774584929662,0.48630999335022157,-0.9984408528767182,1.6232566905280539,1.9913704184169045,0.3929135105482163,1.5904035685736386,-0.5691481986725339,-0.7971135662249808,0.04092474872892285,0.43494103836789866,-0.3939866812431204,0.5377681903684838,0.30638948207341404,-0.9983067752910549,0.5187930174517212,0.8635282425215212,0.17146931759039094,1.1526481032616924,-1.217403793496952,0.46795042213185173,-1.1702807063967748,-1.1140813582330875,-0.63093083373779,-0.9420601835742449,-0.5479958187411378,-0.21415031071118876,0.8371544863313845,-0.32115903870570245,-1.5856257067695927,1.1400678464951604,-0.8370901336150396,-0.05872042710462872,0.4465365069407115,0.1996104184027828,1.0941795475214755,0.4790031433927589,-0.861309579697108,2.178562173991662,0.19433346333823323,-0.14734022662150623,0.9639254230555709,0.24945094593007222,0.3992281929393271,2.492183998600687,-0.27512142825504665,-0.3177608940173958,0.1165785120124638,1.0715159355810386,-1.506534030190399,-1.9655558914765052,-0.5871152706201476,-1.6339229590592872,-0.42483134752563845,0.5024996961292902,-0.8907488635522636,-1.4268265767813424,0.06933716171534797,0.8625434846151703,-1.6949734385166126,0.8202323983059842,0.8173062037383262,0.954085102156628,1.2184802148716865,2.202013924659616,-0.3560920486190552,0.10957158007785811,-0.41643843324802554,0.0019768447558107757,1.5328733556363119,-1.3450144839306688,-0.8610496721655755,1.3771809365045613,1.0200365069020898,-0.363131646817078,0.8544020011207198,0.34121584249203324,1.500274609000988,0.07450959382677262,1.0256321138725824,2.64201191049262,0.5980991550474662,0.04932816579484362,0.7224469852209794,-0.3652808582038849,2.387967705524732,0.18007103769598148,-0.27293332022551287,-0.8356890050200362,1.0972201916064384,0.8671874128277388,-0.4973543714140932,0.5764513451224227,-1.5085559682128564,0.18497057507315626,0.4527563520766945,1.7073298095592229,-0.7708188027286894,-1.2783526288023244,-0.8954279609250417,-1.33656850031492,1.336657357758983,1.5486392950240366,0.3202165779488289,1.221294945685148,0.13395838058023532,-0.09511164770076601,-0.33303761905376167,-0.3103909913775655,-1.5478015563090313,0.26425476360733907,-0.040333910214043756,0.7453607240778758,0.0935234964386097,-0.16270370156909178,-0.8711930300076307,0.07215323682176132,0.738237230816162,-1.1433389910838607,0.08747375368073924,0.23304295152948393,-0.7180647836182643,-0.5878563049080002,0.23061084876621443,-1.133421018292623,0.34992371524939253,-0.8953543736592,1.0628536930332164,2.3378277453883,-0.8607568017018197,0.5342078623746747,-0.7267419048820193,1.0409541737977894,-1.265258409085215,0.48058675842771265,-0.8729889668893527,-0.20698458909836875,-1.031025275147307,0.8223504708957536,-0.836980354439587,0.5519642593318276,-0.34409802826233293,-0.11447237179886294,0.14775590740012853,-0.7618246716588487,0.2103671135408869,1.530334564354411,-0.7780947858327143,1.1718101432738448,1.4980976334877842,-0.816154989028044,-1.455054605090552,0.3019609001717647,-0.547407522766873,1.8686032191630024,0.0348075404998322,-0.8021994080351792,-1.1471595110117114,1.0899049590908303,-0.5711839740841865,0.04382879946042826,0.9558027451124809,-0.4842583519308302,-0.04592882874016064,-0.016568409822520076,0.6833245115160919,0.5907443355103258,-0.22011373125482853,0.06364906149651771,-0.3717790115234884,-1.4776124069194447,0.2576008573981294,1.8921917608330678,-0.8837191406910628,-0.773029709602703,-0.8707277716437414,0.7245917787231225,0.4484854541964401,-0.1585376924164567,-0.918019061638965,0.0923767916399243,-1.5646221273358043,0.14342656685749322,0.8715243860879341,-1.2511991366336779,-1.5325182768296637,1.5794378916948595,-0.6117596395045849,1.135947845943822,-0.1539976651978317,-0.16195481694132746,0.43841269949664524,-0.8839988567464406,0.13249714349564554,-0.38148941482409277,-1.3204934434050315,0.3374820747263991,-0.26330780687791616,-0.1570248284447078,-1.2101609434141578,1.5914003677628041,0.8767141863861161,0.9641558841719786,-0.305444702441682,-1.7291828895034203,1.9529173824895107,-0.061097508005868134,-0.7487997960200538,0.4168015744831139,1.1671207880032974,-0.023050556085466193,1.2785751679393744,1.0829999385168685,-1.0763811874020583,-0.6737901056594764,0.9575371632797675,-2.712612563810438,-0.14945569316498877,-1.4308312016246718,-0.47655380143352466,-0.29882008902920415,-0.35824437790750796,-0.5522612521126086,-1.097143649628814,2.291911266818686,1.8674620041613508,-1.162065820256283,1.5821167513035672,-0.3994654904728529,0.12918747333171046,-0.06327395989691587,-0.6597486412539658,0.9838523436061467,0.1258865305766578,-0.4765514232192414,-1.3045894438004726,-0.8935950137191204,-1.6413801156020968,0.012223548415169466,-1.1966655922843958,-0.26556051251854124,1.3701018536103708,1.1992995729215856,-0.03227689410261781,-0.08708472614314992,1.879874549421008,0.5207561203587112,-0.3278064598765229,-1.426018117120452,0.39387321816474324,0.8293237725828624,-0.6316515245136439,0.2912027551380325,-0.3635732949150291,-0.18403239919900272,-2.4878220575623313,-0.2217814037161355,0.9693693024080543,-0.6314025555665582,0.05252636821531626,-0.7559507066919204,0.3604416762927729,-0.2165231975361736,-0.9392415406820068,1.3325514676651278,0.9289320135322151,-0.6049067639281748,0.4977883094177774,0.5374120028203807,0.642301235011176,-1.6942558959950778,1.006606541032628,-0.5696989629257314,-0.3578279334412669,2.6378817522602,0.3018733807210118,-0.3863224754471755,-2.205294372755906,1.3897641339463556,-1.3452096708086025,-1.0034389034995035,-0.3313522990878492,1.4164117917002925,0.7732399866657592,-0.15783750984025996,0.308292063638821,-0.6003856928711058,0.13965368956535082,0.07333674477813668,0.9687698956813533,0.9671781224389495,0.4939773822056448,-0.36234755754610226,0.7418222943901266,-0.0919684662030466,-1.081914368713133,-0.40328779191093866,0.08452698378432454,0.9102157836647453,-0.18352817215715306,-1.209198711239606,0.05674168329681941,0.11345604005655238,0.18583762890275304,0.9198715159544302,1.0189232400898984,-0.5942108723816666,-0.6161434580489434,-1.0401987109554731,0.6988156702804763,1.4488201083377155,-0.3150819279089234,-0.2414305647249931,1.466782556898976,0.5055578532150077,0.43623570480105506,-1.1909165059737268,0.678728069279419,-0.9291363405097582,-1.1340201859349581,-0.34677157676671216,-0.5857927234486902,-0.22159969438503932,-1.4409816345249187,0.9588163064676725,1.127686294516429,-1.9473424741408143,0.9784578056665502,-0.8105286298216263,0.8569755369827861,-0.06844649266641564,0.028775564080998586,-0.1850976494212187,1.2121292042334861,-1.2395880125250283,0.6078403387350085,1.1013301648895504,0.7163400805404107,2.3246989143234176,-0.5289467627246989,0.9573048225935312,-0.10609063534142033,1.2334060763526695,-0.007688995721369474,-0.38787578186246957,1.306072203871629,-0.49156193901893,-1.4127257589005562,-0.5168468831738285,0.6190329465885325,1.3920387515870913,0.11112937529651211,1.3181970672340253,-1.3581749214775936,-0.4432634648179029,-0.28857511715410117,-0.11455942747251965,0.08409438825019651,0.6909109573921928,-0.44480683817049027,0.1390286869531256,-0.04512289032405165,-0.9258899038911499,-0.11366668908143539,-0.14365952989711814,-0.1650805650030461,0.03175945658145075,0.07567354061338613,-0.43229517910733023,1.2727147339712648,-1.1694806292030167,-0.7209701084698963,2.779963624223556,-1.03799135498923,-1.3537546747097586,0.7344767450012178,-2.077119853773874,-0.2352739099724389,2.1458249250764885,-1.5449359221534005,-1.9819644857387133,-1.4991812019576982,0.8983595683469856,1.1247767199858125,-0.5125887969785088,0.6832124040010689,1.3902553275119895,1.7873464144298254,-0.24633528117984818,-2.301471717669987,-0.8208789224096867,-0.4268041949352576,-0.2589387965783906,-0.1878594010087195,1.1188945979306693,1.2744284266875814,-0.17167365392478334,1.0984848760518187,0.3576613666310894,0.06450597286257172,0.9065441571099638,0.07225204823791581,2.0578111770977623,-1.4384111667945592,-0.5151708990920177,-0.1265188969539503,0.43945269045799057,1.267960487103089,-0.02439856723615665,-1.4222296495062072,0.8425138964550043,0.7549587661419644,-1.941858659379406,-0.0038041336707993834,-1.590141830680298,-0.6646510975020625,-0.9028089269627998,0.8092646982419858,0.11683017417218379,-1.2855910007560276,0.8800659629573423,-1.4338058239284144,0.33011379047094364,-0.8140106692915557,-0.3656770825305199,0.504270748038384,0.521449399059529,1.3369690735559603,-0.08225369967145317,0.3064508629633407,-0.4377373224043246,0.18198988262279764,0.4394860480085117,-0.09830984745437601,-1.8037504840924963,0.3314708963308953,0.364561477355457,-0.6801734763479509,-1.2843870360725143,1.4758791505039655,0.491445510894402,-0.2290810309217097,-1.1370328831474874,-0.8218148284213459,1.3025903967862316,0.1376619408680461,-0.5505870670007066,0.5096892312246561,-0.8143981874463238,1.5008430302803784,1.3528005348967251,-0.4665740712027766,-0.6286702470308604,-2.61813319869228,-1.481580771551368,-1.3394697749577562,0.1351903409873859,-0.3262337044413596,-1.3453354874152414,-0.2811640424645573,0.5053371476473485,0.5278393499155871,-1.8996702808588812,-0.12826348048383082,-1.3833407769716104,0.9017286971402739,0.7841464163534985,-0.8980272263244584,-0.7660452024003999,-0.46126705049830724,-2.252793394731339,0.3359681734405766,-0.2728445463401307,0.9701750825678591,-1.0984092179625526,-0.6191229482499316,-1.5065252580391153,-1.0042905634942532,-1.181981996068219,0.9959736788464457,-0.6982618487513923,0.12417568474461345,-0.3807634038618044,-1.269465266012813,-0.1683004231716427,0.5991033318635947,-1.2077593925433523,0.8091127907313788,-0.8497209214776963,-0.48298392607284074,0.5306831230100478,-0.663436157219488,0.03757485933586561,-0.31469082878809246,0.1293680067038185,-2.380739105523497,-1.829681815208083,0.6159670060468382,1.0371814056490503,-0.9104867035315213,-0.24402835217113436,0.29471925290230155,0.6932176016587042,-2.0276772716708487,-0.8860402469783771,-0.33257937984987496,0.7031401972360493,2.498430483721495,-0.22800572680971787,-1.4069774621039888,0.40226807720129804,1.32099578954071,0.10801412097950092,-0.9066485451542928,0.957993941480019,0.663545618498435,-1.0260808441956244,0.38142561753434195,0.9972655676588726,1.1818900425588936,-0.06644897530945597,-0.35807944617931886,1.2272738220812627,-1.210160502980885,0.4385792909210054,-1.3700266273644293;1.0653762722596027,-0.2580455156111615,1.2685832356474693,0.491412756355527,-1.22322023006193,1.4246277320772434,1.5512452664277294,0.8822864925992157,-0.7615878650362199,-0.30601395435740886,0.1454272174057594,-0.7037103993314333,1.6923465724632047,0.14432647172603683,-2.703348047107357,0.33935581275622034;-0.34815739681731317,-0.07492655611844788,-0.3686193657856996,0.8070464166066873,1.1196877785533812,0.28305316225865373,-0.33931118713815905,-0.041337204809170254,0.019599616577628293,-0.8024300398648369,0.5789286485712348,0.4600423238604662,1.5404412397766734,1.255349780288475,-0.6856749175901302,0.8202983745089647,-0.9509533830944716,0.6959321009408497,-0.5166141987601078,-1.0232532233755844,0.28004534269740444,-2.6745671281541408,-1.750975574405228,-0.17749188377428318,0.08244176663484246,-0.36931877015818887,-1.5794362987175987,-0.8178918421385055,0.3912093272373939,0.5817817706283626,-0.01622311759594124,1.1568337810369889,0.3973970234592343,-0.7474556539582122,-0.2805020534116174,-1.4028661572078547,-0.10813899039141675,1.1121006192213385,0.6852900847109679,1.402009325919122,-0.3028852437989931,1.3460997945142577,-0.19330422644796988,1.471585082569894,-0.02185674744212368,0.7072313738042767,1.4751123643098556,-0.1934276285812056,0.21838898754417418,1.2888634252063023,-0.1330031639300636,-1.320892282506161,2.14300705458491,-0.4697644643371368,0.15875605093754283,1.156006669451127,-0.6084939037312018,-1.0078679132221302,0.25373729677483314,-1.7930763979123896,-0.28790607686792025,0.2450386643154059,-0.26995189682516413,-1.543450943185747,1.5941779562040121,0.10353815394917538,1.431152117761741,-0.26003625018044474,-0.8800119816907639,0.2691809202551599,-0.21578712632821961,-1.177761457991358,1.4697842587874956,-0.622270222893996,-1.8402663847955685,1.3281660539573328,-0.5042980158126232,-0.6078238926156243,-1.765387587029974,1.7409414865969908,-1.2894805872096875,0.05844948070564989,0.9126203225404405,0.421716933003097,-0.0596543119921916,-1.7016658582874162,-0.8097248357672839,0.18780033804252202,-0.7871740699869963,0.20335945999876773,0.6817434088151417,0.9625028858001017,-1.2261793578126834,2.196646054978954,0.7674793445541306,-0.0017141536690639572,1.0895365830766406,2.3654077719999735,-1.4387201010568695,-0.2252626424913536,-2.3784316598733284,0.19265153264802468,0.36539424192514075,-0.03916211544275943,-0.6545335709983099,-2.0495145161883253,0.3735336834117687,1.455434483915325,-0.591018455733432,0.440059929023145,-1.5681443134200506,0.45721306369251385,-0.39338229774465705,-0.7624179506029144,-0.7603636412161305,-0.39361158203300994,0.3824333156925354,-1.3121632011955178,-0.39711533156785284,-0.04147177799914767,-1.0990392245318592,1.796665201675017,-0.8534954800613416,-0.6694369136334904,-0.9783079498224979,1.7984800871381175,0.5529052285994815,-0.9365920062436421,1.1062315588599687,0.2006986942888783,0.2572534211115017,-0.3444772087524527,-0.7494159869569733,0.33776609905460137,-0.5450872299955903,1.8167556295751046,-1.2692911052431042,1.5361567728549452,-0.11131884879780068,0.2990857340211059,0.8331577666294346,-0.6302492950044363,0.8642483846986365,-2.7075438553811773,-0.7199895332219391,-0.9240628073410654,-1.2535060123717616,-0.21495483807895113,0.3857499681816948,0.7026599984993058,0.2408767572004076,-0.6656934648935469,0.36901643782516713,0.12428569485085071,0.9360561679360162,0.7769367029315166,0.03047641392062887,-0.8972530061612568,-0.6529501558320808,-0.5497893596380333;-0.31526633391625575,0.2680504275897533,0.7151743901280584,-0.05111869301537766,0.016124787900472438,0.14330630500000371,-0.51590531313234,-0.9253922576429561,-1.7554378973107099,-0.6951493580768724"
15,0.020913092319744253,"-0.7195497428625925,0.843678316712125,0.7712998101725169,-1.0560935832832663,-0.5423061591036915,-0.03743835613790858,2.1325601955045146,-1.6467551362648563,-0.6549720766854857,0.9803993767418001,0.9076139553751188,1.5044693430269245,-2.3381704898358935,0.15724335869069583,0.12212815989818741,-1.0361021294096395,-0.8220997250453475,1.8271365139802638,0.924086468773265,-1.6854208500271457,0.6651448496320014,1.882799127768759,-0.6886055486221547,-0.9197180628023404,0.03061177230062706,-2.4471989176495588,-1.640495288963763,0.7907063767337481,-1.3229990730669197,1.1587809463748322,1.28063152640636,1.312204778149595,0.9337173570792221,-2.7064450783898595,0.9241555709721168,-0.25563726498812667,-0.9693075038607663,2.924095789416981,-1.4261821026892338,1.1296773571494003,-1.838904386193517,0.27256643571340344,0.2283151570529266,0.1149564442775872,-1.0693077235010913,0.7202589962733302,2.9115702113427764,-1.6886094343599098,-2.609627366363324,1.9462236246934592,-2.902345167102304,-1.8846438989127519,-0.7649577133667951,-0.6161566751543793,-1.6373378938322638,-1.7312346673749437,-0.9079066464580621,2.139495166523845,-1.0300218526689517,-0.6313755508938528,0.5563310627976814,-1.790839244426107,-2.5658192790078997,-0.5827846608015201,-0.033529521905027615,-2.4524746594452704,0.9377250130396881,-0.12214958895299333,3.138950692415031,-2.210019411617206,-0.2673296087815502,1.8264507852625327,0.5695457656911396,0.9650236703636477,-2.2335810532133538,-3.5255263079056327,1.5524770292315109,-1.4752727727267532,-0.14144010003008112,0.41015665940869495,-0.5392976650758354,0.3865500020389196,0.13929178533684516,-2.2336868360941136,-0.9728643126918259,0.7706973694489472,-0.453779976669599,1.015342152522137,0.03704864308098932,0.2860700778576559,2.1654102677532108,1.4489319941450285,2.2005339988190706,1.3341662066667936,0.808881769762095,2.03956294495087,0.8384374218534036,1.32250201129844,0.7490900100895641,0.2938309478685568,-1.1823047756565832,1.333216624806763,0.32259922380818806,-1.7606441451611257,-0.9260756881204346,1.7545880030008196,-0.19828006655212307,1.489349886471938,0.3355897800359912,-1.4279337276117332,0.24816776788625544,0.7805995484665449,0.6154489996390604,-1.3941790297618135,-1.9846976114271309,1.2965003741164238,-0.0317930471293566,-0.02009671043302004,1.1105508484195605,0.22983617056419403,-1.865609570719292,1.6900473503091602,-0.09092607603402958,-1.9055066505284195,-0.004788154601099326,-2.55942659754123,-0.01144527258881034,0.06492390034910928,1.402214529137898,1.9139811039047734,-0.1388147133805568,2.0366728434276884,-2.727892668260081,2.8744898237057774,1.1611015024828457,-0.5743608641785197,-3.294442049388081,-0.47568411177469244,0.606299753616402,-0.660571486535164,0.13271474384967186,-1.4308565608627277,-1.665392114490556,1.8294359901445219,2.0733047613360984,-0.2988341644607422,0.8958731043280405,3.26015536462953,0.10093269017574318,-1.0997956981737267,1.3474323093247278,-1.6651472178782047,-0.5659008969106524,-0.7044810375676827,5.590913384982901,0.6119528972565631,-0.33273361732812146,2.3067849531848035,0.2868735482263378,1.392490499193072,-1.4066392348292729,-3.2683846676268073,-3.1113690244049925,1.6767415263276848,-0.19284650304394965,-0.21520617188553604,-2.3551875037639505,0.5541325843403851,0.3524774208090794,2.1680043167024508,1.5402966106829674,1.0181542102486039,-0.36971855590386715,2.118406872506208,2.089342834177434,-1.565984972159998,2.112868701667423,0.13094005574236756,-1.7440475124295176,-0.10461569490653722,1.0737459660992186,0.5939731330517666,1.2768294945562586,0.13708030529972204,1.5863871862340493,1.9863616788010081,0.6316564340383485,-2.26618740598463,-0.48880996432602875,0.7701519922944422,2.3130900913167447,-0.8011964423831873,0.5402314668457227,-1.8996684687483651,-0.7948082376693997,-0.3018648685423264,0.5552974025193205,-0.9153979829463821,-1.9425332202099523,2.2487610023027527,-1.9618021710424132,-2.4320903922868817,-0.8879636897838906,-0.13166701148248403,2.540720265199561,1.8302493330567495,2.05219953522554,-1.6187992887185547,2.469296953039433,1.4767231896056625,-0.32143126963932267,0.26717440196427,-0.33124671337454936,-0.6967018165457859,-0.26791095936693315,-0.23794070974857484,-0.22246157023328816,0.8659827575449661,-0.22400011712247592,-4.260133448141272,2.9946307903504445,0.2728544483731181,1.2342868948876349,0.5374986116408873,-1.0048042718058219,-1.7587912332809694,0.8106966304609815,1.9263511632748305,0.9764967291833525,-2.505300080487334,0.28999599069902415,-0.1912641641987914,0.49772022469911603,-0.9222952282724747,-1.1542262745938825,-0.3367322317426311,0.5988383871764845,-0.5635697307353118,-1.5352433780772932,-0.9136550864484345,-0.7810188128978575,0.07529744463463417,-0.5350042451894442,-0.47862120522331236,0.5693335486124186,-0.45406635277627216,-0.06094989522920441,-0.99731533421369,0.41370600904751303,0.07975987245301425,-0.6924464468092935,-1.8449554170400562,1.7338505021850548,-1.9732446865843865,-1.2325588411936357,-1.4061914349348141,-0.09047578501770304,-2.275970496892715,-0.8999262235351326,0.9067091520684372,0.6105409295764026,0.3346949910176813,1.6221329006934813,2.3601590233344707,-0.4926102980745691,-0.7355606554816965,0.43719919324715656,1.199091225907426,-0.6077592223397805,1.4360578399058135,0.8470012430801127,3.5402621989327216,0.9946410955295738,3.1218892843493253,-1.2906435897615247,-0.821964173202504,-1.8487321491585962,0.5051043711918587,1.0392410576097593,-2.2401112607982046,-1.0986424536792425,-0.6306736961240768,-0.5711976074228965,1.722506892894128,0.3130647106946858,-1.010276130427783,-1.5001002583128444,1.8671764494525986,-3.04966274154149,-0.075876332801315,-0.25992408856712784,-1.7335845796093605,1.0386504306698678,-0.8764643389597284,-2.007729221940637,-1.8507363130095937,0.31629428296647566,-2.6585136085939376,0.07754966430147903,-0.4886635387065456,-2.2194414048942166,-0.29411230719715076,-1.319184842231542,-0.6605654613068734,-2.594215591107369,-2.7631499659871217,0.4960888829781298,-2.7935163426486023,-1.5474309729071918,0.8833184507564945,-0.7062541287493456,-0.6887063176520364,-0.1426357187762044,-1.7988581134421695,-0.5739454441340986,-0.7197992598870164,-1.2872919145249773,0.9761083967777073,1.1840476669496973,1.5828453712678898,0.830474550314553,0.6812920585796506,-0.7423797420471311,1.0942918064610812,0.266154188464763,1.6374929870739467,-1.1971260454481165,-0.9247068949532545,-0.032493917971907704,-1.902284661351823,-0.6643755728687986,2.270733259591333,0.17776156071010857,0.8792966870867257,0.316160881373286,-1.0584022225758711,4.376845275297075,1.2297686880085639,-2.273337355458752,-1.3377080324685786,-0.4880164807572664,3.743804331753121,0.6038710290511123,1.2223830094854278,-0.5145214859632982,-0.17734017210199748,0.8724793820168875,-0.413707802204361,2.402832530553788,-0.43046428545130067,-1.088568680862381,-0.500114603581217,0.44250636799602305,2.5744349650615552,2.6211549395055687,-1.497457677309865,2.2943029126611276,0.40499355972500106,-1.6992953158250463,-1.6673498071152215,-0.7784073223703625,0.23533889666064656,-0.38841935163259556,0.05288860103311366,-1.38514637473367,-1.6536520626473192,1.3347508069927083,-0.437691858352374,-0.3019336032384532,2.2303559273054616,-0.337315152583877,-0.6580111427975875,-1.1215520906186858,-4.565875011527549,0.6019010726981016,2.441295171078094,0.4401740130875561,0.14477760395921446,-4.106596598720003,0.9313848101055965,-1.9568402890747354,-2.431058538346522,2.534835815872448,2.3076898450314545,-2.035766444898539,1.6019814570127717,-1.6032383038914175,0.2263004517367635,0.5598125840769257,-2.3058442587698944,-1.2976633471577845,1.22085261461925,-0.6917103467779658,-0.03450099568853765,2.315934587191214,-1.2497424141577476,-0.877821828048805,-2.540471587808374,0.4782253421009607,-1.4332518329279085,-0.12655202398501966,-2.2324724791304447,-1.2458126283224482,2.051043205578636,-1.4558480393969864,1.232580983122129,0.7975279408918847,0.9434844824692967,-0.7053535796528811,-0.9934406037979215,0.8140139430729955,-2.5654906215993716,2.0515127364985237,0.45975427633378996,2.688849689224299,-1.2283334754813877,1.3153671421711737,-0.34830641586911903,-0.09948353902291275,-1.1749387228063706,0.866674799813996,-0.9035624091852438,0.14480426188607032,-1.3190372992941621,0.8053214553851288,-0.9147138102744212,-1.2942637596677076,-0.7089882059258718,1.0765840715449793,0.785974808716063,0.7939580980767246,-0.6770800829077698,-0.5535624047846598,1.4176971325067802,0.2113812370538144,0.09139777527350612,-2.636769968730826,1.700096888141065,0.28414772911949693,-0.9375746860178642,1.7080640865391894,0.07446533824437496,-1.217627106991868,-2.4228975513088296,0.447626071156784,0.3886067033480233,-0.9053265160537665,0.5502290578893452,1.8919587455636147,0.3404103617583007,2.2446449296938904,-1.9107352871858292,1.8676574496040381,0.2590465396459807,-0.7242283014177009,-1.3419959655841454,2.48152589647428,-0.8985379851428738,0.7376592030529389,0.5348480745084471,-1.1260456458110126,2.1587946563704445,-0.1343098867765513,0.6616794602277618,-1.5836872163742792,3.616046723017575,1.2575252385647255,1.941403798715938,-2.8106481914056793,-1.4588148362146212,0.2694003779548355,0.16573815618740712,1.4015940361315216,0.9430315434185836,-1.4938374463616186,0.2665618529466711,2.5001957069104117,2.894842792511932,0.03689544851466926,-0.42888578910349406,-0.5054209901531351,1.3333608110483226,-3.1178211737789785,-1.2449669932656884,1.4527736748686277,-0.3520993363269834,0.11727860287348157,-1.032677097710644,0.32218582156006903,3.430616919087317,-1.6596919616750658,-0.8599478122237898,2.0907821557627666,-0.7473558473258826,1.658221881602163,-2.425047642231246,-0.8029587362166691,-3.003908115017692,2.4305395736848316,0.5110143097760017,1.4781640068603235,-0.6280731866843561,-1.132031689500325,-2.3883857137208935,1.4151217274077181,1.0348937532674358,-0.3672521135539938,0.850756977033696,-0.16033206586890553,-2.4150107700704613,-0.5990098392040635,1.4677556375212302,-1.623048854926621,2.171221060681815,0.030840512416565047,1.4320949643353278,-0.9896660751091853,0.792127077101601,1.4313369494619441,3.0041568525159397,-2.241437018202924,2.5082809824661036,1.33721138325493,0.03944605872684792,0.1440243196123031,-0.7236942161021942,0.5536460597503594,-0.8773706820076452,-1.946528338198986,-0.04721522238920128,0.16935992541779932,-1.7445878074097494,1.5425683604634237,1.9304190793630867,-2.7689701345340842,1.4667995931694606,-1.6684609561540218,-3.864694769490381,-0.2951206121127671,-1.4407466763077916,2.626862101372976,0.7350301099964576,1.268358052400683,-0.22872224650323203,-0.8957083354288664,-1.0630518876650425,-0.5143489365006966,-1.8732227861061046,1.4514854256840017,0.9625516352181437,0.29218584979631707,-0.14817704686609068,-0.11725600022336446,-0.8872264470590752,0.5930645806075507,1.8054927779051093,0.8225154195689507,-2.809013013933858,3.716000508784207,-0.916718989397109,-1.9479746850640343,1.7763859227651368,-0.607495051228118,-2.251249214795871,-0.19653805993648021,-3.041745749648248,3.4557345453328976,-0.03912290565655252,1.3949135571616385,-1.668659317028652,-0.5253705848663376,-0.08166676213463939,0.21374478850345235,2.685327035850395,0.07430981667723063,-0.6996392519400174,-0.05258770394292628,-2.031092954811501,2.2710176215318025,-0.755603787905625,2.3805581124080835,0.6527970722827721,-2.8210431826233577,0.40847675354914126,-0.3611501511003389,2.0479613271447086,0.5657405261239923,-0.7186096207525055,-1.761175785290884,-1.9881503392011641,1.442562162702984,-2.147436692343685,0.7445084436302507,-0.035568953325394004,0.05188777232626196,1.5618530325670759,0.27229842616882594,-3.8406261249832747,0.8186120798386987,-0.9554819057823942,-1.3565338499411916,0.15265672667263694,-0.34511406527591815,0.86622657976006,0.2236437269725588,-1.5845528229583787,2.0048188315997226,-0.18112917471443046,2.7565031784485354,-0.499544602815573,-0.43473212838372544,0.9917822022722744,1.1167641425951855,-0.7447904421973168,-2.75811161735076,1.0029089591900073,0.4264602597697539,-0.25239417437771794,1.5425447855766992,0.0902635249118598,-1.6362846522767038,1.6544382509923379,0.29583899489390814,-0.7634332047595621,-1.320760579112691,-0.1778194816840324,-1.3015816703054184,-1.3497744535317442,2.4833779499720037,-2.5384118678067953,-0.028512563391419277,0.3073826445701829,-1.0558306519085912,1.8906094204302684,-1.6869994051118584,-0.3598798752542924,-2.651591296693558,-1.4161667092951804,-0.723786338187246,0.5130520537714549,-0.7007436956641518,1.64683621724279,-0.255515672197522,-1.3791019182434496,0.7566839096207216,-0.7597893874629595,1.4859371748297625,-0.5846099632244016,-0.554730613657165,-0.7975975394688082,0.43403064351007387,0.24324768456752233,1.5097198490051604,-0.865033895606859,-0.7852563369053485,1.6267714688332047,-0.8222149368332279,-1.494622002837247,-2.1750853118642732,0.7349239414398963,0.4501640572002825,0.575885424979951,-0.16654266720596533,-0.011545774915468043,-1.5774896017935625,0.0028843988889000194,2.4174770411340054,-0.39926592174934555,1.9491844301375076,-3.527754399023375,-1.36083038353598,-1.4456663085975965,-1.4491782395431683,1.3163841326763075,0.7308034518030417,1.0630968039932207,-1.4098700886661468,-1.7137359047184424,0.26056104404345326,0.39029519997368145,-0.9384981324718685,1.6158466878233222,1.5795347035169633,0.11497598330784803,-0.7353845817441882,2.6456021027820946,1.2075776338483493,4.116245904044051,0.1394034128253291,-1.7308581890318426,1.7799448105919784,-0.7902619552670147,0.6144672267101198,2.497577453933862,-0.3130964201737718,1.5208875331113203,-1.710312743044064,-1.0075364135807254,4.154054820345504,0.3929637601377058,3.2030283913256854,1.178356964321678,0.46054610101407284,0.6941589433300271,-0.9485845534922257,-0.21167481600454724,0.4618518500797231,-2.346652778301276,-1.204893293734115,-0.04931981889674475,-0.07857851784753396,-0.8150721090228723,-0.016118889905957667,-0.33062710084480174,-1.1950595796048247,-2.0967872684780615,-0.4749328523371271,-2.0518841533813124,-0.07630708119275209,0.7933439477279411,0.8208760062779933,-0.970022354124285,1.0452572298059428,2.153905826369292,0.11400431033950842,-0.7809844058189589,4.06635642325167,-0.5203684269631954,-0.872771766433841,1.601737223909939,-1.0961651474982594,-0.8917863368597239,0.354919680941314,-3.1783878503789604,2.207905890873696,-1.2185735347315227,-1.257428744703395,-0.103890188339129,-1.0189215758242953,-0.7042965039203324,-2.44360227968732,0.9164863907527221,1.5142979145644775,0.7966288800196077,1.752969229414855,0.677197828254942,-1.0180313017839053,-1.6353394448407148,-0.05715034616520187,-1.3885187545395823,1.746085489423753,0.7251792659433808,0.6340453990738404,0.09254583197070221,-0.02661613219622705,0.8854037863102892,-0.2691243471876689,-1.6101428375313556,-1.5502463000261661,-1.12977048052765,-0.0814742995398936,2.529738132641651,-1.284005665180753,1.3561912946237302,-1.9869710325188332,0.3559471673348831,-0.3873882492292955,-2.043479001513957,1.788706458946993,1.4885716101613184,0.008523987682979461,0.5772419107663934,1.4706803668166872,-1.00636496757351,3.6609698750361646,-0.4024373227521234,0.27406302079470707,-1.1201038768159957,3.434886083100868,0.49903238315690435,0.21340559469657344,2.7220483560355913,-1.2931368048055614,-1.02585767533439,-3.875247764415559,-0.576385250066032,-2.3144042635150655,-1.4627644536370599,0.7428738400147674,0.05157374852746455,-1.0332878242442252,-0.2904519207547062,0.4137752074810016,1.7500427308930933,0.515473860815679,-0.4757772073132409,0.5908196709152541,0.920805304286424,2.3234467693623833,1.9838866885447584,-0.7776718493042014,2.6316935785688957,-1.3896208570716784,-0.8298989615581241,-0.8314141020051772,3.610856702010497,0.5832928725606021,0.019811066200636884,-2.5064227051195282,0.8145724070257846,-0.1430159691498467,0.7209592777872018,1.6854367504116337,1.0424967414950863,-0.9339791004086977,0.03802025749459503,-2.9292868400396257,1.3659844012778757,-2.7059238316852845,0.5600347393793363,-0.07714878585818585,0.4140681287519963,-0.27997298690703376,1.296974779517682,-1.4777016905552327,1.2527908466132338,-0.30672762408653714,-0.08024060420725722,0.757346483823518,0.7304323898804819,-2.5051263736919838,0.39366079671106646,0.5063046510548502,0.5981324491587467,-0.7128429414423494,-0.4624651111561793,0.3985266627608568,1.746699120995063,1.2546788487486564,0.6575183474304849,2.8803872300661775,-0.15342069663040048,-1.5819696748553889,3.9310964345798447,0.8972291772091789,0.5713393082491853,0.21289085535464536,0.4063236858874484,0.46008378769289526,2.964495117714448,-0.7755116205464474,-0.874573822792671,0.30318979971350357,1.1484441264911278,-1.313454409295149,-0.6629366419436968,-1.2448725011467188,0.23447765302312384,0.2749588203329898,-1.7932027847800829,-1.011484339560311,2.4349070232356316,-0.705182921183577,-0.2888821853236698,1.4234293797528732,-1.3124733495165488,-0.14336277221463678,0.3596018700619037,-0.6633117231540883,-0.29800807402876767,-0.1644408128605348,-0.584371165864384,1.0077362521902617,0.9898496595236017,0.6082757224134108,2.366944991687588,-2.2818311332399555,-3.1869182930807374,2.2585099406328393,-0.15442438956484117,-0.9649026734256743,2.9065002930840143,-0.944583915038332,0.050444293955114294,-1.1738621003241243,1.0395537585616903,-0.48997564774337343,-1.5828531767692355,0.38067165697786176,-1.0003461496856803,-1.7003638634837523,-3.3124795982710245,0.0037180510296926927,-1.3482890786799886,0.16402850738229446,-2.4286848352378207,-0.7355597216608062,-0.35125534402832437,3.6079265343084934,-2.1619294520565866,1.7145446820475025,0.9823307767449109,-1.6842163714263727,1.6857172499384525,-3.6838982551604067,0.8477136533663504,-3.939021038578052,-1.7645218452175744,-1.636098393441034,0.7926548977311889,0.15123274166959821,2.2659069715960194,-1.014239719469648,0.09424232752410866,-2.0675312996708515,-1.001194380159204,0.34798146164651733,1.0655747912898332,-0.10342538139531054,0.33282540390171,1.5633115641798043,-1.8622734780221273,-0.41421975524935883,0.23646429032344354,0.5887969353978083,0.5374417729033001,-5.6051280978959355,0.43066328567267853,-1.3133179930813006,-0.6834227835332947,1.231189452469121,-1.2017893781642486,1.8093278509591821,0.19447393985738415,2.116135508454743,0.7396903149978016,-1.2511843585917084,-0.6745164841717178,-1.722287650154901,-0.4795624473868047,1.3730508960374168,1.0482104980515796,-1.4879382451120304,-0.5741451389106986,0.367461076628605,-1.2727821564025796,3.4209246096959993,1.7009754097816931,-1.197758964744143,-1.2415162467029548,0.995357516519736,1.1394269287383423,-0.477692188467134,2.069833690376269,-2.2382410634191525,2.071769780522614,-0.2601287267764447,1.3791940369853481,1.5839715566110422,0.5801121413150678,-1.3428287580988432,0.2867020804685043,0.04945873194658332,-0.6375095619636352,-0.5959148092965427,-0.33462054705403077,0.03041590028890062,1.1343398187848481,1.229026820776765,1.8373791255061338,-0.052967494079505295,-1.1209612117278867,-0.6520513368459793,1.4928953081025482,-0.8395349205360032,-0.0022694984497138027,-0.5042089294937756,1.0582602067285898,0.7599815667705693,0.3758860882837413,-1.5340049943991347,1.3312404614987732,-1.207265424437655,-1.3959187003991413,-1.496339932121164,-0.38987714307669197,-0.5761622950895186,0.8672398407560324,-1.8647658468928092,-0.17506001614438665,1.5811514537493265,-1.223035344731033,0.1087487565627546,-0.05954755045072394,-2.5997636549908227,-1.0393760431057437,2.116821812573554,-1.076091729752979,0.9783570163041763,3.391068924394773,-0.7615879375696643,0.7484240733185304,-0.10814965211696148,-1.2193680526156987,2.1525087275130583,2.388260887937424,-1.3028468256134036,-1.5211746705132954,-1.0885165859644927,1.9597664190389812,-1.0658541093158087,0.12766617559619275,-1.1149177891084305,-1.9294483076539404,0.4971135742993388,-1.0951627327642321,-1.4711402226220884,-1.6291757821738948,-0.5911616563977264,1.2338448571285179,-0.2564555890537761,-0.5768597756120966,-0.22855223114335832,1.1578850224667692,0.9211912942770452,0.1592651122703579,0.8504933563027164,1.2766592604981164,-0.284079829116376,1.9096699710419873,3.1261867575316065,-2.0153327148866795,1.082281563555067,-1.4450537879102234,-0.4016358808712662,2.5941725622496175,1.1989943635935147,1.5145390555290812,-0.9891341630878627,-3.362406934284839,-1.2356651592037209,-1.38433953075404,-0.6323793481153209,-1.031227177179536,0.2716166301438134,-2.9453610373363843,0.11647987086723338,3.9342124955159763,1.9644503634694646,-1.8400991397321071,-1.9027919875445074,-0.4263124691063398,2.968721927710641,-0.4509952238733084,-0.5461687972342902,0.8579226034072631,1.6839947738934642,-0.8761228509949457,0.48717730746110977,-1.1122369820029723,-1.5257017751313282,1.4168557023647788,0.23425277270180583,1.1574872473014262,-0.20961197507241708,-1.3210219470179494,1.061172403702395,1.9209928899110862,0.8780088045182185,1.5368096269496245,2.3956154779861407,-1.5225567432174758,-1.4122175610872825,1.3093501951885722,-0.32226486882935457,2.647391721862129,-0.9071838501218394,-2.568774135236083,1.1908054339234868,3.069490008112287,0.38199183583662705,-0.529257145197686,-1.55331707164567,-0.06716023826991124,0.735792954608692,2.301842860416536,1.477827397581817,1.3007996374055568,-1.9824034254071112,0.4737518935413975,1.9260479650536073,-3.282156113153662,-0.49119423760560466,0.8000315708971463,-1.9833141596081139,2.180377610004642,-1.6173060392208818,2.51166453064454,2.710925729972765,0.6482079733102377,-0.014892348708869019,-0.9454010812016135,1.7842218936613807,-0.25711317748755624,3.9933830616292694,2.2397369510768588,1.021946052355661,0.0806243655045284,-2.001916787826611,0.849038868309161,-1.1240411921002027,-0.3062251975868581,1.581348279979257,-0.5553234600423116,-2.840660452719661,1.7907654681751635,-1.9604565326747299,-0.8017987480973768,0.6566125197077519,3.3160653021750175,-1.7692070487485438,-2.029158149790592,1.9828154641600344,-0.9569455811445796,0.4449504108544904,1.112352744749025,1.543105303022162,-0.7277487014586554,2.5013144527268847,-0.2221164881344857,0.13661507193664488,0.4707833877090434,-2.1411166941680664,0.2783867172178761,1.1795616022801179,0.798885185448797,0.5155996054955082,-1.8261156588370129,0.5602227111128345,0.943172307900983,1.9818795043712394,1.3514553326218672,1.5806926659302891,-0.07284533134642657,0.663073869694236,-0.89924433590778,-1.9816886239694766,-0.9836055192220636,-1.0603068107117113,0.239131172844947,1.6114448087235822,-1.0113414721265044;-1.5020533172316675,-0.4002202187345958,-0.9823830662069125,0.20023382094265663,0.9801228363955947,2.2817106424441924,3.2648126152470986,0.050220808423896646,2.084412042275921,1.282026946145438,1.1111517223324472,-1.7984728926256284,2.4377665053521693,0.8326800518922837,-1.1409719565353267,-0.4036990428782561;-1.5269356935174387,0.4526093341343431,-0.9756924374703906,1.2332089720094679,0.6370905715693728,1.9110996203523163,0.8005517829533929,0.9290754159054471,-1.0518716607703196,0.2555519572152265,2.3584426562347973,-0.5567871675427184,-1.0777810601175366,-0.05595557285660801,0.24315085727894892,1.4585108132145561,1.8612226861979027,1.5422091592801173,-1.7120146980839857,2.9362049653728057,-2.1746022445147055,2.3993214654210524,-1.1514882380734015,-1.5298249142827482,-0.9272453807050012,0.4106272583365518,-0.32473291564716056,-0.36408699105606973,2.633974444853357,1.9772114485646495,-0.9416627805021007,0.32810998661727275,-0.9007091458823621,-0.7512212748911333,2.4873875010576216,0.35397489307485475,-0.9796427949693576,0.5441472750012121,-0.9300200296027232,0.7407849378162457,1.9495123347244134,0.4286347652101327,1.288296550507448,1.2399662937948077,0.20650087202767708,-1.7151363729462255,0.729880545267374,-1.2703244397738145,1.6992029273046945,1.1643201632056785,0.3415155060648206,-2.2703725900213363,-1.8111911456654397,-1.048323968839337,1.2041866305721844,0.6704562475501032,0.5877123646735842,2.754733698592732,-0.5684992698114033,0.20481840122206302,-1.9720224636113395,-0.12893039544672397,-1.0018582832958116,0.42573248140363634,-0.5262224062631098,-1.252595095838391,2.5567375508231716,1.1022426554441582,-1.6132771033632691,1.1248798569898608,-0.6897579111523946,0.843785872184881,3.1975536706469927,-0.1875960905254701,-0.9298749065076063,0.34968139439349744,-1.0577020656822231,0.4200669812218487,-0.7663227560228649,-0.4350823033502324,2.3215354355415423,2.7221663803587894,-2.4559532878174064,-0.3696009049923187,1.896108009338941,-2.392589654961855,-0.851804333039284,1.7534572149970447,-1.5677219003583331,-0.2644123577524321,0.4297406983943848,1.5729122504151336,-1.9318048962459178,2.6154610270489917,0.4797337740747033,-0.17527162241009098,-0.26580260983842563,-0.019669428575136483,-0.7244846728267458,3.3778318241035543,0.9772263554254872,-1.4494923235391652,0.6143129635610897,-0.007747323902574599,2.9287144215368217,2.0555467679640667,-0.48855126767663176,-0.07309654488215464,-1.2668383025436127,0.3882929164961182,-0.5445281312989428,-0.2560839705261674,1.8589096711190418,-1.1770751143692268,-1.6660761282453957,-1.213086330305746,0.4306543805454802,-0.9817793694492677,-0.1429177226902027,-1.0299644104045211,0.3671200631994826,-0.8984220420015977,1.031456517792832,2.958830663068148,0.44209275209639254,-1.027511488470591,0.07522961129015537,1.2599020294732677,1.527368210579793,-0.3080164928600895,-0.22448625724236249,-3.360930358498859,-0.44519937743175664,-1.2117768810554794,0.6547010926652786,1.4848449450607464,-3.4703647605875405,-0.893739569149888,-2.3231833065890455,1.906736353601519,-0.2747168848769983,0.08441877951522403,-1.9337029746965146,2.203237811376589,-3.27882457073043,-1.6136946623141815,1.6091011838402358,0.389141412171611,0.026389739272288493,-1.4992939858640204,-0.01894634653470166,0.7200767020107521,1.9175910797040283,-0.3692459350721593,-2.219158157672518,-1.911714560779665,5.307444172775931,-0.4325806079285126,1.8174509969133843,-1.332370111372171;-0.4322389160987721,-0.8704494568561753,3.628338489723234,1.6966811879634136,2.2411034930154585,0.44428850491142624,0.02594700498564151,2.270098993345699,1.112042485070894,-1.4052491388239292"
16,-0.00027285614312400064,"-0.09800096678333993,0.809861984870875,1.6712624603036346,0.25149366994199174,0.6550780176305259,0.32889153672704086,1.0175314239306263,-0.46291637948632713,1.075390554416414,1.110499865647384,1.0825370086829098,-0.660147867336476,-0.16833763423719086,0.23946698878043493,-1.3708420448290057,1.5949202080860148,-0.012276533502175885,0.2839278876047216,-0.577004439727203,-1.3268775593670228,-0.604029885474771,0.21920418763358843,0.6734288127536935,0.16179154060272016,0.3467240162419504,-0.33702637468137664,0.4962485662454281,1.482832866385907,0.7047894424389869,0.8095418882529403,0.29401639930663104,-1.5031550695996019,-1.0446665306312433,0.4548758006638433,-0.010939051960085844,0.439842886472828,1.6764234178440736,0.7260359992293337,1.2588862057428216,0.09468138947073004,-0.8072156774844398,-0.05786615921434102,-0.8047518137191378,1.558294956772448,0.7903910765354696,0.5205124966282796,1.2359432022281034,-2.0200564145232254,0.5881379513426596,-1.3106457843043726,-0.0072556984656611655,-0.31170759246721447,0.6617366120969479,0.22818728896095541,1.3451171736117884,-0.6018971609326136,0.7091143896332839,0.16222321689883193,-1.6352902700715526,-0.9186164585230326,-0.1498780335221683,1.1122924498917277,0.4637230575571145,-1.1675008238807143,-0.14031622804715976,2.01780644879303,0.11122333484085803,-0.32732557507239574,0.4917396407562205,0.76339307958197,-0.4561683474800591,0.502574774371437,-0.32888949667080924,0.7193276018294383,0.16969315797128373,0.4819678270528922,-0.7591835461675044,-0.8212863840728593,0.9454973046593947,-0.07939638138549375,0.2850347420993615,-0.30639542708651957,0.898726774013644,-0.6078099800296577,-0.13560123990088283,0.7859928127031317,1.172967699164266,-0.5237592910266834,1.959683981955883,0.3132416936936163,-1.0429282618087377,0.36905204858996804,-0.3829992144834577,0.4340684871831768,-0.04285624766033802,0.07427369019014479,-0.9115933765861459,0.99006123071636,-1.1561273671510321,-1.1087648954049951,0.36736034914748666,1.6028442471779696,-0.3525930970644072,0.7009723227039657,1.0733401768635453,0.8146844372940691,-0.31120828917368143,-1.0910467171940745,-2.207547565671355,-0.26284049946239324,1.1780873685621747,-1.124165984761934,0.7002098475187654,-0.9501525300518722,0.10607257638683824,0.7077916141550177,-0.6594954368384278,0.17048468069691408,-0.4150913367253287,0.7051486589381767,0.2353171684846372,0.05650767442926739,1.5583499601419777,0.6623061423683021,-0.6903518661262891,-0.08586390079776185,-0.07589878507966075,0.0803195726252119,2.524509276607495,0.37085189271099683,-2.035902570104776,-0.5427989717169651,-1.9323720874958086,-0.3297982570458398,-1.9873102297264285,-0.871590471068428,-1.5207215296341199,0.38416017796747753,0.0005393626288786419,0.3029623074987311,-0.1045513885685264,-1.3942977502044178,0.5135213692547353,1.9222245602694528,0.40921257860654675,-0.425924599317566,-1.428067176105445,-0.9080669707599653,0.45303965657205897,1.073118026799375,0.26086617472197593,0.7998872897059834,0.7076782440272429,0.5065343913859176,-0.6584735952612559,0.17392351197515246,-0.8483778038821382,0.01742895295810179,0.3308635310669119,1.6787838073868548,-1.3097319743676321,0.4815076309913054,1.4812365916235948,0.7588477658387964,0.8329454428250415,0.5876949018678121,1.2983344897754168,-1.087478168112368,-1.3859266659702465,-0.006334140465255962,-2.16116210357171,1.2306458041780113,1.2207151954954414,-0.4333505550845262,-0.37077059666050965,-0.07234747515067134,0.05202065043961975,0.1271739191942854,0.5582321068783032,-0.17262635300847812,0.943193303477794,0.4459477771253033,-0.6069634458726355,1.3351126678040974,-1.358256986122487,-0.09216581082147648,0.9669174010754679,-0.7230731049121446,0.30955564676715147,0.543339596999048,-0.860523867981239,-0.07247771959403507,-0.15650383020921016,-0.5517378518322928,2.3016748520507746,-0.7631063534454757,1.0049302940678833,-0.39280101688114194,-1.0866361888852818,0.1028142431550689,0.6490933843875007,0.9205095750656788,1.5622651106550693,2.9452462899351,0.25051420375559713,-0.6630921738253879,0.4528743267948912,-0.2662129504064916,0.9259661298522298,-1.2971642963657217,2.3683345424004374,0.8560480947755128,-1.6840040177961646,-0.7090289023149722,0.8160810441139388,1.1763440561714547,-1.2722376272319633,0.7130258504329489,-1.9473398726619233,-0.08933586547104598,1.1120468421032064,-0.5515157301029805,-1.5069222991380136,0.1462147963775593,-0.6047188666354781,0.6295583660658357,-0.8853264322180604,-0.7726368896531003,-2.0210023208762435,0.16994471105148284,-0.16090493827659874,-1.188384670740071,0.193798713767092,1.027070300644139,-0.21556794341894983,0.26816694982197375,0.2733112495851642,-1.2043298271789604,2.0565858207075958,-0.4708498301222839,0.6561162018602708,0.7692152772290496,-0.13959512711575175,0.6067950250596347,0.24581922181638913,-1.417639757227406,-0.33227270125008823,-0.6125509023540618,-0.4617450413461271,-1.3040031778366379,1.12643371674603,1.601992654613413,0.9780029759984087,1.2705292241471429,-0.34463483700815617,-0.6362568349860365,-0.7785870468117115,0.6440649229572226,0.22706305314414962,-0.07722171159842571,1.295148544195343,0.404941353815343,-0.8386576375205848,-0.6809088291356947,0.6819932992541455,1.041732852654597,0.5516802322559695,1.8968887478720813,1.635007165731419,0.44103583485076286,-0.8385806594815023,-1.3099875117317676,-0.38738174501471484,0.753213446416157,1.8266470793119378,0.41744703441079983,1.1687227942312366,-0.24530748618780235,0.6227691252275501,0.8233568294771726,-1.9795942758525282,-0.41343880237651026,0.9497003842778697,0.2744683356365649,-1.196515048150933,-2.4301223757273562,-0.3657807453020064,-0.07158569289387905,-0.8839229498283454,0.1430849370279944,0.5063867472328947,0.6706871707262329,-2.3559189249323222,-1.3142850978081202,-0.30462264835473557,0.5721731310374635,0.48923401355003554,0.4718699478766758,-0.3834179419689318,-0.32763343730996075,-0.7283292684217407,0.7681941281058479,-0.9204887877395782,0.8500363951895699,0.20785323813764608,-0.04504447845515359,-0.6567103997764666,-1.3555418611641263,-0.6476527563780456,-0.3300068686248863,-2.3690243115812515,-0.19735515533466427,0.9243573680260055,0.5672179054338725,-0.49620587574150743,0.04693629841522772,-0.5561645694219997,0.14876073333569612,1.5401078237440315,0.968498802624876,0.5207943056927528,-0.4928849123837183,0.7499383929448385,-1.686876951373053,-0.2523534819908905,0.5837114198239499,0.7404212140477514,0.669884490215741,0.2948306892096945,-0.19572497908388292,0.5379759698264889,-0.9528610405863005,-0.8446772632932499,0.06173467646029673,0.17319764270874738,-1.8256151785646464,0.45514638094951854,0.7727283779193933,-0.07728523746629531,2.3744662832839922,-0.6829351063151862,-0.3610871633868695,-0.39506690612720935,-0.07618761129101755,-0.3287248129662911,-1.4068105446048718,-0.5465482962364754,-0.09762069577407609,1.2285720820619974,2.2022432733729134,1.3354738978506546,-0.7753790296726064,-0.6958096106261655,-0.15932857750935098,1.7845588888535862,-0.1654240521818934,-1.3275074905374307,-0.5011771369530351,0.757056001819417,0.6899402768960868,-0.2002166664916561,0.6834146735600306,-2.273172202546832,0.10382923503269768,0.8606854213686301,-0.8328632751545352,-0.836338536496288,-1.8664481527634753,1.589895594810694,-0.7201539770215667,0.24104327786211174,0.6039170414833746,1.512067949141453,-0.15389777398563528,-0.5394297937784186,0.17306764857055348,1.284080276542287,-0.17017253140078376,-0.9548690815840764,-1.5407578083153624,-1.2212973846052253,0.8643914974066649,-0.3206244763068115,-0.6075209099207104,-0.7159672231839423,0.08504586020018182,-0.23945509376558377,-0.2731321437192525,1.3493239278107392,1.5380162818616334,-1.6100216729089964,0.3275927311429576,-0.7768620986213922,-0.24825111386109355,0.3092783851266944,-0.21271991693091935,0.23045988062763317,0.6729702060319175,0.29457680054031987,-0.6468363041676235,-0.6291996069703238,-1.4397052966180355,-0.8539202975207183,1.9620683618985282,-0.7920035740952445,-1.1933788124438198,0.31992786184477334,-0.11036475929185985,-0.19559323684922542,1.40904596641209,0.5491266755583651,-0.5299929317034754,-0.42447591759177994,-0.5025865139056851,0.8747396215802571,-0.30814762945313745,-1.7931535024541505,-0.04831967873434432,-1.537026001127929,2.184230601754902,-0.9656679138472309,-0.16186476535773067,0.2582027347011369,-0.28865816067923,-0.29003040146619263,0.4218272861608771,1.5262159587962787,0.7675090818172975,1.4785138785735428,-1.046619108093502,0.31736263325536135,0.15524605205827927,0.3510912916767348,1.3762319706355726,-0.22078914979205405,-0.4055033665540877,0.5339807974186639,-1.7782027275658474,-0.2368520491221783,-0.13419768928545298,-0.9203586163069253,1.0570590113565772,-1.0622403173432842,-0.1358730483637962,0.29315722532296834,1.3534515614761184,-0.010556434880853316,0.9361535941282105,0.7005953972771274,0.12345755616914253,-1.0895134082734554,-1.4345808609043489,0.10650540141918646,-0.5426968739026136,0.9192610916812918,0.7458565180985776,-0.1846109944370498,-1.1577129239412693,0.5107355496072734,-1.0179494461351504,-0.758463922930865,-0.9794157382151545,-0.13850102193995345,1.1701923340705616,-0.005040870223528701,-0.44321869242769574,-1.5256149300452442,0.5521245847298429,-0.7804046059286275,0.11751761915809661,-0.3542186159166406,0.8381772195994377,-0.15723639202855216,-0.05892635452305161,0.4857471474554596,2.1069401822631857,0.8884469303585544,-0.08860610634860941,0.003197990615288397,-0.5248594603244346,-0.9499957035196952,-0.552750787066322,-0.7721489637119425,0.6533683837958855,-1.071194857868986,1.3332105613800442,0.7520463836188297,0.02050172936766847,0.00031861146506831443,-0.5572813096145535,0.27008441134776406,1.088092463208589,-0.7031564622558137,-1.5333920889187305,0.7032182548567439,0.3243659742438005,-1.1201988014411794,-0.733391370914118,-0.8591042740501407,-0.7245322690342489,-0.32368275404118774,-0.2665473042807473,-0.6507936550684602,-0.7581638194999282,-0.22878434391938154,0.16769153485956126,-0.3162965363648446,1.1586670233413017,0.5080877144207865,-1.5908458568586958,0.5237277654138535,0.6055439825855826,-0.43473496812419127,-1.4951975873031556,0.00806675941113609,-0.007708651482244078,-1.1216462365331947,-1.4512192162599356,-0.08755354645343943,-0.23307719205082192,-0.4172653653223936,-0.08341073474656137,-1.1027763738203191,-0.4348206128661142,0.5333250306143476,-0.3499700803512888,-1.671972471792552,-0.47269227772357164,-1.0701584635068604,0.26713629646173076,0.3188374033804253,-1.658774625086031,0.759012970582189,-1.1121863012785584,1.5591822904823514,-0.04877626450061687,-1.2463934985391623,-1.1419860706926814,0.34809529178734483,-0.3912998898983776,-0.09665390961814083,1.6127802326970393,-0.6992440642290753,0.05996285769570662,1.4198444873730531,0.27051347546640014,-1.606602735358006,0.5053890117321368,-1.1630028577834441,1.406807528732965,-0.8228676049979778,2.9695095077456646,1.4673759883276782,-0.7966125696279787,0.020013805001610485,0.7536442816334635,0.7836604742267077,0.4423362599761972,1.25215903696611,-0.12296894663436952,-0.36671766857603316,-0.3468639879246106,0.8583732319721272,0.3651810403026461,0.2912836656902564,0.795234249257182,-2.051052407853855,0.3100688238751504,0.21856888887371573,1.6688080813007051,-1.528587982263667,1.557186632376758,0.07540912892466581,0.48898953066004497,1.6759187876093766,0.560761268005573,0.4003682894625609,0.2422911858023184,-0.4834781349943769,-0.028489124510392892,-0.7155127661227486,-0.044566899425482,-2.3359306970550966,0.42903956756754863,-0.12173725378362549,-0.3362037366667643,0.21975808394014318,-1.4335639229654407,1.9292699966212825,-0.10276746148759967,-0.14584443297218957,-0.9653962101329223,0.02394638244926125,1.3869598902732805,1.035916209432034,0.8544377511405561,0.5463989516672716,-0.35854252756260974,-1.450163167036702,-0.20103877186663505,-0.23587146453367722,1.048794439671241,0.3093904424598202,1.6123115279035483,1.1974885400381745,-0.4564956095040957,-1.7951291966198684,1.385575233941481,1.3593852232307442,-1.366211590902226,1.5092400198275007,0.3821171705925179,0.16068549812565303,1.6147832542473273,1.3446851732306149,0.6513309519952039,0.47321706581198303,0.6163942905303591,-0.4000574338825259,-0.05510144973232095,-0.9023171545945426,-0.3330397757389188,-0.36663387866893304,-0.6353053696216646,0.1367465026484631,-0.3239808507005772,0.5022347203519739,-1.6223206132937653,-0.11335479410729969,0.13155164017749568,-0.31062923983688057,-0.17239269980923128,-1.5852460107298574,0.35647710466949206,0.6476059825670705,0.49353729420376685,1.038727059442183,0.20152960578250198,0.47868118065093707,0.1560907384568524,0.6875507195924941,-1.577229636132122,-0.8935809679780109,1.586899657033091,-2.4604358220962053,-0.14017792982534394,1.1722749596080682,-0.09326066554176463,-0.4050110714506975,0.1294216768153004,-0.3531201800024466,0.030849492756939163,-0.6833810365201296,1.1086744199557241,1.423264921065661,-0.13339032211162255,-1.3864894206912433,-0.5238431703133952,-0.18398866010296422,0.5055388769032081,-1.008013223170678,-0.7691623186421507,0.5106761378588074,0.9389088320395578,-0.6215940451706842,-1.333217053950996,3.284118201287884,0.7833042370887136,-0.2670037617670316,0.8690312755308397,-0.1244566297144221,0.8671568891001863,0.15939319777622218,0.09127189816757326,-0.11358186823078863,-1.4473813334630898,1.9380948993931397,-0.9415339202677434,-1.3600235763105946,-0.2128598827563673,-0.9614718135105067,-0.05171279056027103,0.6877638485617686,0.995302900529223,0.8147307216216817,-0.3056320547856803,0.049591827661585874,0.40787905089749094,-1.7577874239420725,0.5705847001198596,-1.4572992875838315,2.0403465989064893,-0.40451508464169533,-0.18487517719459123,-0.7697070992378554,-0.6299700318556897,2.27409356914324,0.9403696886232976,-1.5492024451478383,1.5042129006852296,1.1932422751414316,-0.28121246228828845,0.3066969420298376,-0.014944079421074246,1.9725799044469323,-0.7962901889920904,0.14601060977572694,-0.4281453309928047,-1.4330404046178542,2.191638255054987,-1.1815665791024124,0.2201291874877759,-1.7407006063803354,-0.39907053924309327,0.4219688214334575,-0.8247339795023627,0.586801850735655,-0.26904109188808245,1.1600825123986132,1.3617609133402233,-0.5867447607300117,0.07673285939295683,0.1834542264722327,0.6193492954346985,0.014381996244265737,0.1902109593428422,-0.2434064747951195,0.11523986697201831,1.2979401935351325,0.6460832412118543,0.701255639443369,0.7230703241355783,-0.1538087778810355,0.3188270435795304,-1.0851736783357446,1.268807656316957,-2.7829604323432204,-0.08714839233542518,1.1408959771502742,-1.3638679336293416,0.3997799176168511,-0.6807664465790269,-0.3688032651888687,0.9459409606394378,0.1980569258851502,-2.0343558678843627,-0.9764255397315984,0.9753357348887596,0.4489427181929976,1.7481355725242844,1.6826475940132972,-0.3422451301467918,2.5032378050694883,0.02447966985191076,-0.9626685344090254,-0.6336398659105773,-2.256725105289419,1.607019008249281,1.5947619890438636,-1.015507438813321,-0.22788428838190591,0.0956075441125776,-0.9603530521421138,-1.7551020312711616,-0.21035760377691182,-0.32107942945924683,-0.38841124098877516,0.22271606260096463,1.4295196585259922,-0.3030927196917261,0.17044299872136284,0.726870523744936,0.5541429265127488,-0.614423524447842,0.09637712311403587,0.5475398201690533,-1.1283513375107777,1.263539010796508,1.431588905214111,-0.7227802554444938,0.1936700183481687,0.6422782566710317,-0.5456141563287527,0.48161384568809446,0.16325562629216542,-1.4679181776388008,0.4591613159785581,-1.1001424162710358,0.9392028516620472,-0.6712110751338888,-0.16128543366114506,1.372278913446575,0.4963816465288452,-1.0794739195745453,-1.0149165707990837,-0.5993027886237254,0.39464408335666606,0.35829981493276813,-0.8431023046628692,-1.167209485614359,0.28158340508583424,-0.18186006579016192,2.1572158874477374,0.03660365656307895,1.8142528277002747,-1.17038359810434,-1.5732129395617072,-1.1200851325255345,1.1891297814534663,1.756101589693534,-0.782179453952634,-0.46056602975955757,-1.1689809102124997,-1.8116398471183872,0.7184116977766297,0.22302030296216313,0.010487982673875443,-1.40005653716338,1.6399566818286606,-0.5033567380494731,0.5336264248164758,-1.4545614052447244,-0.19052518962003737,0.2913744562385839,0.3270752180533076,0.15464854323662508,0.4945224920487726,-1.1305204560329611,0.19737260543966004,0.11375768348027737,0.23167268419506085,0.07234521731918178,-1.2732127739133976,-1.3177997521089737,-2.2142681858845514,0.8175345098452976,0.8276575097351987,0.8435502912221203,0.3067899624614518,-2.133119217718111,-1.026710491785266,0.17041541759311193,0.13551800279179543,-0.2227482131520212,0.3689172029082467,0.011651707685245566,0.12077046555136169,-0.6390653328320162,0.9820109861215902,-0.43077160868038405,-1.3306490830206263,-0.7709990128187286,-0.3484661913619803,0.9940027883688467,-0.042267998434793036,-0.186148218965649,-1.2486634247626274,0.7854825898295763,-0.6519521540233857,-0.10002785894133592,1.4801830768818647,0.5087633310493045,-1.6282540477151743,-1.7695102363524722,-0.06431045011924605,-1.212740614874805,0.6485467476329978,0.04226306496497919,0.16538476902386298,-0.7067431816423531,1.7413836552867057,2.8425937280104594,-0.2785847237567147,0.35303924841500095,0.09741734306431259,-0.25968686344106867,-0.8320704677327967,-1.0849679874804772,-1.1355972655255242,0.40524002554914546,-0.5196744782036353,-2.5782928501405302,0.44485822059832236,-0.03826128246415587,1.346673001401146,0.3731223970910093,-1.4786735963102973,-2.229676640729981,-0.7194723843379374,-0.6251074206936527,0.9431592010001667,-0.008870932289573393,1.133688498098509,-1.3248330557026347,0.965264384380448,0.7209891534309195,-2.0182341114311964,1.3226178412607723,0.09345849176635274,0.3920445038685057,-0.8648961124284227,1.2752470129219724,-1.1858523292388699,0.832092018373946,0.8206074759086712,-0.9741674281722221,1.983373599422574,0.2315284802175192,0.6538926102710242,-1.5271207953357557,2.117730003008565,-1.2245569402250898,1.0248864327659304,-0.9947717179316954,-0.6189888028476827,0.7887540438854471,1.0275527136751572,-1.271284249114102,1.0904721690569938,1.044980495133194,-0.9379534088448924,1.5986475935911102,-1.456857628248038,-0.6247725827776154,0.47900262409198874,-0.8535662847026064,0.263819085679341,0.24107607880329518,-0.18707426992272058,0.8324005385905596,-0.22836079265763917,0.23154106881380565,1.1464718774879026,0.7906862100258404,0.7860172908142086,-1.1491796022167802,0.5247925755013217,-0.8784987909695048,-1.2814149797780263,-0.07170634628496836,-0.9042951866515898,0.7906177188399772,0.8145354596953241,-1.902626236431442,-0.82830253957689,-1.4597866719179988,-0.46262927659289066,0.45517566986882435,-0.2422880981783883,-0.5897592406671354,1.3001765268131393,-2.3048571725962885,1.2368718935182248,-0.5442882931554857,-0.07810901011278953,-0.5273633377201086,1.5428881055391184,-1.2309784968052595,0.011736369721935848,0.5274386518599967,-1.6110027678851675,-0.9198981704461536,-0.14817853349822913,-0.8866650346843747,-0.8155917712191499,-0.34986266307643743,0.6495813316461732,-0.3427177768781444,1.0784261944729465,-0.9977577826593548,-1.2519222604734526,1.926345405721134,-0.6579581276655113,-1.3109120070721598,-1.7420539417718304,1.075103453808939,-0.34130451466005923,-0.2537097350663985,-0.1592017115866396,1.0129428846697812,-0.1795298339759204,2.344053778832626,0.13376057405422923,1.0617847669583211,0.8052398579044068,-0.03644732025803771,-0.5869709860204633,0.33196392856655366,0.510098731207273,-0.5725860481265272,0.16633886595065583,1.236204978259596,2.0699477390696788,0.8543693203494214,1.8627596863802822,-0.6293742112064558,0.7018822520592939,1.3385195085812722,-0.8963333329719959,-0.48559011204500924,1.7379047618352501,-0.9750988557869399,-1.3411300326557107,1.5279815736395113,1.1967632249804385,0.4321202439837694,-0.045710754645827495,-0.43852450560498196,0.28194887380905115,1.5798069574015499,0.238566126142076,2.1669592672469657,-0.8979419856402304,-0.01968075432826937,-0.37305866766391554,-1.0851415431623328,-0.15308373300965544,0.41732930166043963,0.52423017995203,2.170452178944556,0.46446746972355973,1.150136803679616,0.06609424629897591,1.6780556004525953,2.3984492855880695,0.5310851309759498,-0.9926590154515813,-0.5488050227771684,0.2819343032051621,0.45649803525064586,0.6984251343843719,0.460197681230041,0.006984916255938689,-0.6361984412021287,0.40113826126422947,1.8549873574806566,1.0199286054277548,0.534703949636198,1.0295669238227512,-0.3710640289008525,-0.5082651460833204,-0.7477851043659819,-0.12528662276943792,-0.4220058967090802,1.2082747406521392,-0.4753234176821889,-0.8027217162249164,1.9425771788306316,-0.4513752310813436,0.15352845725035097,0.4513228247434116,-1.1366931189208151,1.2354837695030692,0.6371190404112276,1.5583840118807817,-0.6792219372181003,0.09912579247616002,0.03935575499419535,0.2638884943500218,-1.454614748577161,0.11083637869222239,-1.4264639114237452,0.3583340711969214,-2.1286491245185197,-1.8515868342905866,0.8185487164399984,-0.5468384551947827,-0.9878580736322409,1.270845621075548,0.32762621732841496,0.8720901955337838,-0.16624207232083046,2.679628693900003,-0.6045138605597951,1.7444955493598882,-0.061366040099912866,-1.654510394912746,0.4828487457481086,0.3147625614551637,-1.0513218142392298,-0.9222192771347147,-0.02469764308499223,0.34974781524798154,-2.470663282879401,1.0531214525238028,-0.4944979738149775,-1.3317474843981763,0.9410665514519307,-0.023617979418456322,1.2161657767822542,0.4379522629797555,-0.0015145029480460542,-0.15272994498015613,0.4827127605561378,-0.4135312588093302,-0.8525725887464994,0.6099091226546439,-0.14448784144442942,0.033567648069006084,1.0893798361546077,-0.11387660773574096,0.015033925541790552,-0.5996495114509319,0.4307399339818508,0.349827912680088,0.9007751317905579,-0.5791288370068761,-0.4578169695901857,0.7921373991454693,0.2522130033628634,-0.9062181261926946,1.3065540677345007,-1.6984505684002509,0.7842847532637518,-1.2652120359981966,1.885788516485527,-1.5445997269056233,1.1522506518727484,-0.08163436001124397,-0.366602569838744,0.1853966564677613,0.631900339157813,-0.9044005023308695,-0.8157877251685722,0.6496048651128858,-1.7073429536495999,-0.5842290931920854,3.040686954159441,-0.9680129645892809,1.1478027917597526,-0.5859507687138121,0.5090451447971439,0.6543556905962175,1.1289567351829475,-0.20025382681277568,1.988884638754853,-0.5893365645851804,0.23422041359956,0.24527693221760752,-1.1219681199494154,-0.2858722549791206,0.16151349923840733,-0.43212104312941974,2.440923965456535,-0.8386236735995307,1.1794244681404278,0.8564598131487865,-0.013862134504271355,-0.8652090538522469,-0.76825532039177,-0.5179672992165097,-1.785741281946263;0.31955382241164276,-1.5115874210296234,-1.0377015128218474,0.4604969104806742,0.6220821003949155,2.2206401158267113,0.9327797129279684,-2.004858822394089,-0.6097761606512506,2.7711592641562763,-1.9343572586177638,-2.8578387390033066,0.5053695540574614,0.6121745980717068,0.22330088623642186,-1.884183700878201;0.9149553330102238,0.03807801939645913,0.130129438098042,-1.504148530947979,-0.5564657778499762,0.5172102161589602,0.4438928390428866,1.221165750004087,-0.12050105822332462,-1.3872865134308663,1.056730430775678,1.436089346182016,0.8982445728562294,-0.1636336708574914,1.044386051876579,3.4289104780082136,0.11515231444047566,-1.3117366922451246,-0.586285049552152,0.6254760003040509,-1.6048043108980627,0.16940307491206952,0.3803366503158828,1.535121739812652,1.3101948560543004,0.864584791751771,-2.1626790105145295,0.9210531280479252,0.7055133860602464,0.2559443770783465,-1.7302221261454855,-0.7767739091870604,-1.1668227695340663,-2.0150084395070906,-0.002915151414794514,-0.7978221214427796,2.6253055802689116,-0.16877193943790955,1.2937531558659603,-1.5690990246932246,-0.5300895860048698,0.09689787603431459,-0.9081539486076704,-0.4222006848047443,-0.21795090624353872,-0.23390798544489444,1.8551185730353463,0.37822628543151016,0.4795105629413033,0.5396547743450705,0.6126263773371126,-0.08288698387486536,-0.3207463714788462,0.16681605951827747,1.1568039489134727,1.1262381884363837,-0.24039847568841113,0.7678436946681114,-0.19458466303966782,0.033870549435244236,-0.4735233815541974,-0.1816451389062335,1.3413300695496801,0.09242114733923629,0.1352825085523179,-1.4472177792579584,-0.30924390763272963,-0.2413149037447287,-0.8291434854434051,0.02166541170356352,-0.4291822902276543,0.07999585524358216,0.12150300981893442,-0.9557543578226444,-0.3987017824831894,0.07737428276083357,1.1842994311567254,0.2567191727957405,-0.6619351799174277,0.3990047592438523,1.7075488893217605,0.9167064725890186,0.5475265304356202,0.7255901754823215,1.4399540414286307,1.07562679401766,0.5667603811176578,1.0686422195900849,-1.0816510962640609,-1.502265252340281,0.15709865064383013,0.06868070965053837,-0.5439100535132576,0.8258526698277096,-1.862863586451236,-0.5347722560578038,-0.48495554487761494,-1.6363017850994594,1.494731007269304,-1.359201268663323,-0.5883400573076859,0.9079797578051338,0.6460453434287315,-1.1081746964847465,0.6824892092606365,0.2897844786582218,2.3330355621114673,0.40394041606830444,-0.14124182106853178,-0.8565019571194227,-0.7442433669555713,-0.8257690954681581,1.371098813911922,0.017969915016470623,0.56524712397473,1.514247599980887,-2.358464142207465,1.278873764700375,0.05539691178333415,0.43504837164044435,-0.8284032217482512,-0.7551243984485184,0.4888458898129879,2.3845978003314694,1.0033133128149014,1.2655229214185404,-0.19200127026141986,-0.6002042245856282,-0.7808049515789934,-0.488273724696688,-2.0527824331705253,-0.7249193428916019,-0.5603531560598431,-0.17535817439484103,0.13175010974729173,0.3624508686256106,-0.014925372442960091,-0.581443086342757,-1.9633586432655206,-0.5753086084017933,-0.9724506376870051,0.4660667482786038,0.9092873966936939,0.9385710670599392,0.7569527361278201,-0.13352573545248822,-0.5219555654758967,-0.7471027536670662,-1.5074989166017505,0.9918537005078577,-0.17471103792997442,-1.2463402936208738,-0.8264913757102347,-0.8669734564325522,0.04302448501512677,1.0674678510706859,-0.34798954959558315,-2.252533514783649,-0.1891803351589201,-0.15619390009719572;-0.22492023093552171,-0.6274611664757017,0.21743908072584237,0.06614111514900174,-0.024830314126647098,0.4126413614429657,-0.42983282314785354,-0.48658566970065326,1.3801232895853999,0.5593554097154361"
17,-0.007678373975018082,"-0.21191059347748104,-0.7098426594447239,0.03709234193645584,-0.7296578822941202,-1.027994073217439,0.47911912778277205,0.6287305482596371,-0.18759700009161193,1.3676513039359723,-0.26043058649511314,-0.3027745451255383,0.6604889823456973,-0.13242558494333675,0.08479772902614344,-2.520438470619065,0.016707384737974892,-1.82719593747126,-1.2209505709988706,-1.335322538755505,-1.0425831535338261,-0.548853859632253,-0.4864926155454853,0.6642752042571255,0.22238781413469702,-1.9010744288179857,0.08329463754680776,0.3182552465834273,-0.3285665162529581,-0.06088597690670255,0.1903101253970567,0.7645995976355802,-1.5748799874627346,-0.244317038639649,1.508336098057729,1.4166613082979562,0.85093692777578,0.536824683955676,1.6546347484020885,1.9178480016066657,-0.12907998804685242,-0.9694324432883201,-0.2702923176244952,3.0966955137720533,-1.5693563427251942,-0.4705391395294173,-1.4126911524926313,0.12476386287738533,-1.2026910288948676,-0.10875102283361787,-1.950095160018759,0.6176206650846504,1.2223452564679749,-0.383943622063459,-0.13513000707570208,-0.16340723073131225,0.18091067522502524,-0.03816958696642825,0.768116952430694,1.2330391334509456,-0.8140712224921829,-0.3093284927742968,0.9016194489247448,-1.4216690480590324,-1.97072128184557,0.22631595289847858,0.4963464110704922,-0.7223001879535923,-0.5786510541204551,-0.7601923217408988,-0.8669252393444344,0.6934958206046,-1.1804984869976387,-0.26552286143334874,-0.9053361675148525,-1.4552889759012155,0.8701781747467708,-0.5198252221735389,0.18844008042075686,-1.50807587980101,-0.7419394537564759,0.7560878806950055,2.58727145584531,-1.9762160643903117,-0.20110779528942632,0.4122805981435,-0.6161001532392837,0.849521986994124,-0.8667326706603131,0.1538476602166413,-0.5220719044983598,1.2194310829547725,-0.6763645030356056,-0.3518737962865159,0.9456890374971552,-1.0280386590928636,0.06875005676357226,-1.8225343436866017,-1.0879334586290748,0.38213127589080353,-0.9906975095362324,-0.5445729318237916,0.4930864020479377,-0.5791861411469302,0.8228420732163579,0.21566278748606432,0.43568311192450304,1.2409655987385322,0.31982306261406573,1.538847290469344,0.9112622830378235,-0.5234524298344567,1.2931480750212714,0.26386602090294525,-0.3946797086605034,0.27838569532088264,1.1123268243902629,0.45504509424222184,1.8223928325513976,1.0865305578988218,0.5231600334021624,-1.0260680827411577,-0.17973251401012086,0.07166413975085133,0.696631501217747,0.6373330412721927,0.16954041021828617,0.12034991537717113,0.7204568950760697,-0.8585862256299859,1.6955158192498565,-2.0471668851634712,1.4554094821720291,-0.04518552842516206,1.002579814271594,0.36384043429261276,0.3460344109108019,0.554254476026521,0.8090542890877785,-0.32883082658724,1.0347991305262363,-1.0844706235787835,-0.0053305733261247,0.8359699242722769,0.9950175796158893,0.46078884826140104,-0.3933924379557356,0.8967077783687035,-0.6693662391187534,1.751409073748911,-0.0846708974996642,-1.5396256942059605,-1.194683468016552,0.04364363687958753,0.13982527132605319,1.9696566849510955,-1.0384993376142264,0.03946219930393072,-1.0594214070820567,-0.4926548532134034,1.683972030069338,-1.1363362231559908,0.5870424240678338,0.3929073590143916,-0.02417142635820863,0.5194366231917376,-1.1600203819432886,1.6563225078035575,1.924845495123521,0.047104697759313356,2.423106130613554,-0.39902793154992044,0.40043199385628025,1.4318890637745134,-0.4590044602229095,-1.3815490588794384,-1.611717065618854,2.060826563902659,-0.5290246506387777,-0.18573676341849862,-1.1127640783210544,0.9483392793291884,-0.7815598592245849,-0.4912630276613219,0.2995204194161605,-1.0640459272455725,-0.17858226951422537,1.4022095895032698,0.42825439751686323,0.13054229242835844,0.21486470946386504,-0.38913509597656376,1.9961523197549256,-0.8121571305340674,0.2109261619639301,0.11502556634280714,1.0087625071331352,1.1031739387936397,-0.032018804487070805,0.2906664931130496,0.32853475391394826,-2.272141655570607,-1.5889896024777754,-0.6050636907219706,-0.5615986763768689,-1.1992824219641323,0.7495825713736299,0.0021184210174724715,-0.21469454738683721,-1.2561552745073867,-0.04454486424478854,-2.6266847559986117,-0.16295631080584103,0.06318366880775604,0.24191498432149858,-1.56410176347928,0.22481673669147476,-1.0414312698645425,-0.8124698322923339,0.7179313858226648,2.014113723359744,0.05135875880268002,-0.8170954586402323,0.18867044750999853,0.9390291574991455,0.6209975658727354,2.7431128724637457,-0.7153375690946667,0.25223147991929806,1.5489179534182032,1.486159237018532,-1.9500779265243806,-0.0033576200399812245,1.4845207658486996,2.8906429903991375,0.7037958837508185,-0.3678632936964837,-1.00920315243739,2.2187433575308493,0.7287415864657592,-0.8480669268854175,-0.20315636633378117,0.310186516828704,0.5438066538881178,-0.89961865754579,-0.6141904181254927,-1.6529345623729599,1.0397622896047818,-0.3416184667703161,0.4663216491832921,1.4222585085763269,0.21987014237394562,-0.11297047594906802,0.19392147688393416,0.06319360385022683,1.2461649978779448,0.3108383975387898,-0.5444010195789126,1.0478490568897503,1.230484356358352,-1.3383306268204636,1.5327838847681055,0.36471177320848547,0.28326995014659845,1.0066246315965148,-0.5669763910042788,0.954164514190924,-0.3767754697378553,-1.4749506797103382,-0.9977562791069342,0.5670218329032266,-0.9454683399946582,1.6100761231896492,1.1892834534396428,1.333439166032965,0.12477857967741192,0.2578616172949595,-1.1937118542442775,0.9957835101574903,0.3798334550370854,0.5673056252922603,1.688311811452882,-0.60596298394751,-0.12614154987731818,0.32667092154216776,-0.9354354054587067,-0.18759882127683974,0.49294981046696934,-0.32542127137283106,1.3089894097291122,-1.510924561816994,1.1227712402333418,0.6611854748160046,-0.5688285875565908,-0.9244085682299981,-2.080282617242452,-0.795175012413834,1.0471766550029968,-0.05608572627867428,1.1629808803918416,-0.619871070624552,0.7071061601065628,-0.7174986020844216,-0.9655750062098389,-0.10712721717067626,-0.6649665113199965,-1.5428221490372125,-0.18231470071699332,0.10643541643128884,1.2683586114960674,0.9368056771330601,1.2199431992328313,0.7203574983935084,0.3326127589499748,-1.2289449064718925,0.14987219793527454,0.5967937773308142,1.4574379493704361,0.6862885417318136,1.2403834346054217,-1.031997891365239,-0.32641762614809505,0.4293507136612708,1.1609526907425614,-0.14522864583891965,-0.08244595914915345,0.6871403060029787,-1.1258708271451243,1.607404549823429,-0.8791360931076848,-1.918589423559303,0.0100670085225806,1.698458702375565,0.5864531303336101,0.751090543003633,0.041385762307114264,-0.15237749727117703,-1.5449093695931155,-2.259386257904186,0.19627233844086328,1.312549194340226,0.34413370482806543,0.6235995270520134,1.5837175456395398,0.32876685144105805,-0.12265510030761952,-0.818524805650065,2.022212562972086,0.5265477791536803,-0.9436017159193308,-1.1711676678012368,1.2530637269289127,-1.0374416964083255,1.853834157502221,-2.756462797090711,1.4225951977899767,0.48689481116196437,0.11859442305687404,-0.1754584350417629,1.8907298485940296,0.7070588584012034,-0.9032036088954514,-1.7189099560288814,0.1772972131473084,-0.0010711335374141854,-1.5198680373755091,-0.055393525482335705,-0.5739346330742002,0.009290068306694576,0.7259236116484019,1.4926099474640355,0.9088890363692873,-0.7214407498302056,0.3689151288291944,0.06310712149202398,-1.332128954630901,0.3982327846922724,1.856672337917714,0.03242660418700401,-1.5941826797254006,0.030268671108619073,-1.2137121989732502,0.8636055068862878,0.5248649917251288,-0.17091005347474328,-0.3311642658558212,-0.2122343016155467,0.008274494342320363,-0.7722350213415422,-1.387753081001437,1.138698946694648,-0.3854009764969582,0.16704310416914414,0.2852819511674943,0.3220204796552139,-1.1738179970984242,-1.6758401645518477,-0.5886925246919921,0.3957115324169533,-0.727949867474313,-0.3549213536992336,2.1272974137495684,-1.8454238848045357,-0.7550339959104986,1.8966040685739283,-0.04459867199522342,-0.7059851654989105,1.1687689170111202,0.05523043648111129,-0.348308395044006,0.1923689270375111,-0.6581088093827662,-1.0174910628880784,-0.11359692763474837,-1.0109969600760071,0.01069331179648031,0.3544065674743389,0.8530604560516108,1.1279249855168274,-0.40573650163225167,0.49941460793906933,0.4925234462063564,0.3278187158159839,-0.47945941095045846,-1.0280678124641107,0.5020018890665597,-1.70686256219305,-0.26783943256831116,-2.553631015648598,-1.3364024233582634,-0.8771339384474245,1.0967242076292842,0.6881080244042689,-0.5539346838422423,0.7293697951297508,0.8876229633803967,-0.16066484837472153,-1.3843781442136902,-0.20791231006611424,-0.09789240517213632,-1.232454390830226,0.3670467929299679,0.27981185430235533,0.44504269989418677,0.27892309716744346,0.729843035114983,-0.17932802787303154,0.2017851073709533,-0.397740284245532,-0.5844992156219503,1.3382496307620757,-2.0437687015264965,0.8767599891542641,-0.6205408754456606,-0.750038177643121,0.26157748406540704,-1.4896096123510028,-0.816023071946203,-0.849139646512992,-0.22139825818509487,-0.8041376881606885,1.601118685639269,1.7970165164979541,-2.021993522748063,0.5443227047657363,0.8586634390775747,0.5429852023911051,-0.6581134930916945,-0.24409556215854147,-0.7482746547776955,-0.4202640311588286,-1.2099650286671761,-0.1147888216345503,-1.5028017113050698,-0.20013455422813764,-1.2485816890997645,0.20681636179140384,-0.6794195609428907,0.2905803478745374,1.081580728364782,1.589446936104708,-2.5280045890204903,-0.8341940938737827,-0.30308607711201396,0.46032781838148307,-1.6503545041545293,-0.9820924068002156,0.13035720265710996,0.08488824152666716,0.377618406420093,0.4436757268881162,0.3385944331158625,0.19365531663149269,0.05573977332636784,0.6647630897243626,-2.239322666564225,1.5443334869712346,-2.204482050880324,-1.079161816904492,-0.22676079665014473,0.6726128910898425,-2.9952668907996163,-0.0281243239418344,0.7923950394157345,0.994518116028477,-0.6973296584974588,-0.30083528695503226,-0.6161481288926278,-0.3926746535260844,-1.031826550728435,-0.889252162470918,0.434376922028368,0.13161537327274178,0.4915865075904735,0.2140143897008368,0.7043386011475956,0.8782139981549947,-1.741716619866104,-0.8543096504143626,-0.2313759574900389,-0.022677525487341064,-0.6700905738180335,0.9120236709883057,1.9799483682905985,0.186161955581734,0.08434103219821125,0.8494562551043311,-1.865839755203436,0.028468940438410424,0.9790358254675168,-0.6431539972011118,-1.2265605799019654,-0.1858056100997783,-0.06068543320192063,-0.9086522819154584,2.096161276050951,-0.47869638100794565,-1.1536593514265687,-0.09362131907061147,0.9078606377044912,0.017414248998230967,0.4855939200440023,-0.8715105943331573,1.4876884464035136,0.5617110279184433,1.0477015688776097,0.36516063247516933,0.8248840377287843,-0.8730525596772274,-0.4914104166895625,1.34648059555603,1.5597419472839638,-1.1470655997190768,0.24973606786381217,-0.4309438004852274,-0.6970314693648616,0.28483969535544995,1.140962932365408,0.45166247328419384,-0.319512449919035,0.51486117993516,-0.35997617358090106,0.4121143007306019,1.3964657004557333,-2.0771596593008277,0.7972522985400334,-1.5390549215704685,1.2283277105444614,-0.6370256098728607,-1.217671377606484,0.6952692270887474,0.36417006314241074,-0.9991869029616581,-1.2529997571683937,-0.18748148749128224,-1.2040869501711966,-1.0614729729236276,0.11562079042143356,-0.9658716342550967,0.4265392900265429,1.4901435958834768,-0.14855541490058238,0.13015106198558457,2.018096732835487,-1.1876011173773469,1.1912351951807418,1.0708575979124821,0.8543173391737832,1.2917478507326312,0.2805749659586189,-0.5829294955992674,1.0945732912205675,1.132842211712895,1.1053139014932878,0.04450208231923648,-0.7161945136133265,0.19136225411161115,0.9422300175678358,1.0243517898599654,-0.42967612707459496,0.31537289612739006,-1.308778304485956,0.9849501030058511,-0.7833087567250635,0.7852553595715474,-1.1493045773901618,1.0314159064340078,0.32183519002277045,-0.7813576956169462,0.6913563810805253,-0.5903616918053307,0.7495550374451283,-0.27411147538072145,-1.7210471256296629,-0.982416240480937,-0.4304147086872844,1.3681890237485779,0.9011436305292249,1.623861412322142,1.6536352160298582,-0.534750804590915,-0.18848685975882942,-0.4112799243305384,-0.6715106053010765,-1.8414947093364584,-0.01474771801684241,-1.2855655937111106,-0.034171881534327396,2.1157708095629846,-0.5093450963307086,0.19477400562806724,0.9066483858092831,0.28029129196590696,0.29248418794229586,-0.36240243368808,-0.23187797506123262,-0.9600105221878282,0.8460450088894076,-1.7414916566140959,0.9710883383822022,-1.4036983847452424,0.9626072740766523,-0.3538175262121811,-1.2318686881330803,0.5792986450796365,0.9287675350757748,-0.43807864810353686,0.7206105486789331,-2.2850844946693503,-1.3205962897466004,1.292408930468729,-0.22366927419791616,-1.8622133264488476,-0.6988661804419937,-0.9234004725250807,-0.16596173147292473,-0.37075098380764737,0.1789317289381608,-0.0694660516125747,1.3597392550370186,0.4245485997196691,0.45767161119358607,1.1651571238945218,-0.38876875042958176,-1.2618774433584852,1.2069703246322492,0.13584174810811248,0.13935120789892844,-0.6333299215302364,-0.6168553331035774,0.8467223387708436,0.9846557981376103,0.7838234057466584,0.792961605445475,0.5690295372597589,0.13152273007815657,-0.17537968432098058,1.2103238499415532,-0.3737208704904336,0.36997921388074695,-0.8040129979542465,-0.6592990368504504,-0.2361545678572265,-0.8039383767271636,0.7978518254783004,-1.3480342515450294,0.09922962338107293,0.1325080968421812,-1.8107995783196809,-0.4410238205236087,0.2556995380481427,0.42872799329406813,-0.20430720860016585,0.6768882044807154,-0.10931625723604081,0.013652912075056728,0.2516538689865537,0.9269996287341687,-0.6757180024155319,-0.4868218725182975,-0.6688964917292147,-0.33219771614193333,1.4262342580797647,0.5727253193298222,-1.131089745168842,-0.6004469655886746,0.37276722427640213,-0.9065077809327704,-0.7253400408147569,1.3449596661741487,-0.6133756284731867,0.9546668160293867,1.2553231895309385,-0.7334620911689643,-0.8899625565571414,-0.2761320864811651,-1.088627720673625,0.1210338785027424,-0.20565191185338647,0.36058001588630156,1.3969434562328211,0.8174849807703192,0.48923977541235625,-1.966048412967918,0.44337598210237517,1.7226276607045492,-3.0105225163135167,0.6893825429756253,-0.15935857475646428,-0.8497950030229446,0.8011285839119535,1.7097059006073305,0.7752307288377537,-0.3711919512615264,-0.9434698244081563,0.14462763378954377,0.8731692923815881,-0.3870530262337276,-0.2903829916507967,2.8220002498383985,1.078651945959726,1.1501286783936322,-1.460285906058812,-0.7071886792934604,0.07468163945423903,-1.0011375578851496,1.6003972988892943,1.4103123065906453,-0.5335453373840537,1.7839186066074848,-0.004252096719942134,2.5893897173890488,0.14468613052503645,0.576192750328422,1.3999034411695583,1.2776333498078092,0.5107320661358935,-0.14114031944383582,0.5141326999931192,-0.816184171876115,0.15213371886411586,-1.1093075324979949,-1.7808816400803014,0.05042676413944306,1.2622778906716723,0.9258046415960592,-0.08191229572560826,1.7469896981754964,-0.5690613908465737,-1.9178326617980233,-2.182101294200962,-1.181190940595717,0.8166247432622288,-0.6348026834673863,0.46095864185730206,1.6462833835839772,-1.100096962577806,0.47849973179588984,0.5389630726557222,-0.8607379884731032,1.3542109252450831,-0.28770705554947656,-0.3837529809130093,2.111613218417973,0.5227667423667182,0.9252905496854981,1.3548929315218388,-0.6504739994592169,1.2498210970536792,-0.50189411499767,-0.5446233893382973,-0.27199997230813616,-0.6220648349449548,0.8221564326571629,0.2672106551450557,-0.49122441461711286,0.6745050331548218,-0.275182437386346,-0.3280703703646766,0.04868388490154364,0.4634603556662172,0.3898476493774196,-0.3632491822528304,0.8471112074394023,-0.22239415107965607,-0.654984488608719,-1.4680216487673514,0.9831784809990213,0.012390076194007553,0.21087235851051478,1.0458029156995154,-0.47740623159781603,-1.3743992484741285,0.06978070221521851,0.3079615520802954,-0.2628490661603728,1.473737578076169,-2.4861665677213565,1.120056637899783,0.7911536503642258,0.4567707777004593,-3.3359015494690962,1.2838887832702683,-1.0264341106358852,-0.5076919783833868,-0.17059266479006882,0.40741803465197535,0.6394280421925499,0.8928405543192964,0.8158535100785161,0.25292720421312587,0.4159226590575908,-1.0907537158222465,-0.7510268068190222,0.8954602236748322,0.8372094867286812,0.7237994164444209,-0.5144167616565275,0.9104921319436958,-1.161244452480358,1.077359809862273,-0.2608708012458902,1.6841704063406324,-1.521442092065485,1.7634040459185218,-0.36146432916346183,-0.3794792560117442,0.1948388189855969,-0.6970789128006968,-0.07232900130230689,-0.7376262652708545,-0.701063530979187,0.48688595030057186,-0.901565495303516,-0.7681942350054822,-1.372791249746409,-0.5039306799613394,1.311602029723922,-0.8459336401029685,-0.7316332651872413,0.19392194648153552,-0.3707964337995265,2.22815443334965,-0.16252796467625671,0.33521834621737173,0.943768784799322,0.9245778658628506,0.23328758155737933,-0.16112748668600121,2.024028536379257,-0.09976027531426664,-0.4416901044284806,-0.6458489882940185,-1.726803202706756,0.8216157522371632,-2.3480683971008265,-0.005722840904920714,-0.20486063427138504,2.239965192231448,-1.8316512287136264,-0.901103286984357,-0.13609645868164935,-0.1975293374691683,-0.5495445908100448,-0.0809879094021674,-1.2595627288697413,0.357192878994939,-2.3214853420775783,-0.02576935587725707,-0.6003566942635733,1.0162879427566356,1.7553110706333046,-0.3310521687503577,1.390725929141431,-0.31611628063041075,-0.9661265231290901,1.7459036321856196,0.5207764447340067,0.004438522609814357,0.6871774750986485,0.2742150351301673,-0.06921940794151801,-1.3264348273079964,-0.2705367371612667,0.6232554234584727,-0.12277142568681056,0.9023257611303859,0.38365502386678896,-0.8781363180854069,-1.3191719578321237,-0.15717849993016805,-0.5242284481045876,0.3363218096216861,-0.7181376587627298,-0.6153923257548771,1.0530697175949124,0.14820296862789786,-0.7027270654272929,0.017641808735019672,1.3789112430016826,0.29378668827472265,0.5929508094251296,-0.7522345365274425,1.0264193771346004,2.3181022604638017,-0.7914676425128536,-1.1818939743719894,0.17554224383514822,0.8755050498444104,-0.09138967205026136,-1.0532063960426628,-0.10858416178038999,0.5980922727774546,-0.4070318269460593,0.6072550177549216,1.1647107852399101,0.24023062577044763,-0.02794777127829265,0.8293439252262819,-0.8561008274372305,-0.9547098336929226,-0.2665722849289853,-0.4918794548144672,-0.8033419752904754,1.8304684749987743,2.1719932094942913,-0.35370504225558225,0.09171894974836545,-0.18784282006379097,1.1074992401181563,1.305645561840047,-1.7772637986896467,0.4760108000656256,-1.3068213411611485,1.7582721578752782,0.44024803021039804,-0.8233495383626361,-0.24132138793785318,-0.2889772582661584,0.5251129428858157,1.0419126041774782,-1.14820729197171,1.8387545009121138,1.6056901078208434,-0.8753235675910453,0.07280179436230931,1.710808544114316,1.232918586677483,-0.33674303004789563,0.8143398145678733,2.9971982917191387,0.1051599818512121,-0.6326482514400192,0.1724198520913992,0.24655209549731796,-0.5245367390000981,0.44162506781421695,-1.2544010597275013,-0.6655338670086792,0.7582447761547977,-1.7548708515422513,0.9031675919947765,-2.011981365705703,-1.731324578876315,-0.4989787430558854,0.2868638428193504,1.3252636031273886,0.05762276315959555,-0.24655360757598987,0.5795812479848041,-0.8708988204679343,0.1394151593464063,-1.19944625795536,0.08259051687541312,-0.12983632584940336,-0.8042679214494173,0.16504063653773915,0.1585496531596428,1.1754540123391348,-1.6056334030627877,-0.0760489076970426,-0.7602623997034793,0.8697620581762918,0.7539120651921329,0.507879845068621,-0.7038332580694631,0.8854705829400954,-1.5301309287433318,-1.7353107035927715,-1.275870999901924,-0.03347481032690589,0.6751644009882938,-2.9760324740095245,1.3227428318797865,0.1311121961784342,-1.5677723475897751,0.10094697028958102,1.0925254146784196,0.5994410153062589,1.099073062553966,-1.366246629397111,-0.4140052351384046,-0.9246922305235321,1.717580205044318,0.63936284348663,2.847009588957641,-0.46760953341722744,-0.7246742116823047,-0.14282663859515055,1.378357221422549,-0.36611968937534733,0.12443759790694424,0.09669070288681957,0.03949676120218946,-0.652398460462478,-0.13729106791036658,-0.18010260135135786,-0.007564659674649148,0.9435168181527083,1.7606280346244925,-0.8404347626697068,-0.39199362478771504,-0.8250118984061866,0.18710153722227268,-0.5383494575109768,0.2397968337419887,1.103626910444787,-2.5258316858046084,0.4917798896006909,-0.4601870488978789,0.46042226798438896,-0.8964694377502004,1.196260988306875,0.9132806180402842,0.5683521485426429,0.7932257178100984,-0.7456204671721736,-0.6196237546892899,0.7524362008174793,-0.767729142768612,1.445635046658087,-0.3235910712810316,0.501894389860622,2.09924951925509,-0.7062233540680766,0.06876175084478278,1.0541831646373074,0.9512773888765313,-0.3278153102393581,-0.516730437521854,-0.23313593254505174,1.4478577661513639,-0.27910585635994656,0.07811569248346499,-0.4267864709234251,0.7055485647959867,0.15552503758365635,-1.003433810758229,-0.9688241140349944,-1.998605566555507,-0.8313214091256161,0.7939458036321722,1.323760538012268,0.685558363217184,0.5546322006406813,-0.12652604952864957,0.774914554913987,0.2862782230818843,1.8044489719871246,-0.09844531417674846,1.3430080837361311,0.8741140818178601,0.7354432862041588,-2.01149132546182,0.9291895615477108,-0.12750797890915333,-0.44392649443489174,-1.4829130411779132,-0.005587133968183114,0.03355159681824261,-1.3030019218148046,-1.473280172893692,0.4866194801281112,0.871705131061377,0.19028290992242175,1.1508346496843629,-0.0863849843514986,-0.05435127440020237,-0.9170280287407904,-1.5602419775537173,1.8546621338595848,1.1312990502497464,-1.3925125671384784,0.15575190783128046,-0.10004631110366666,-0.2739924731630432,-0.40901784781493944,0.38126914696797887,0.8181755254714744,0.40239116902820543,-0.12051837437919372,-0.15722671689112,0.9368143169226666,0.4634449381160623,0.07268946303543318,-0.03590129760010782,0.34527050961228883,-0.46834868855944944,0.8215388173082104,-1.0758585618378667,-0.41145650976648185,0.611106095446024,-1.1328828133542732,-1.5730085426495004,0.0630776754292401,-1.6964581544464707,-1.2988035540518614,0.7565941185064321,-0.20478525760573577,1.2854869497089854,-1.204814340937455,-0.0939523656322844,0.3995845532077593,-1.1705149301289088,1.0317619044996247,0.5106788831660388,-1.609287086687434,-0.037741796208600506,0.38595673625863275,-0.5900566735280575,-1.4798649055088138,0.27845878944741026,2.2112429502825615;-0.38698409915769044,1.5692411812847087,-0.7522888217614683,0.21554563500995175,0.7715225308761193,-0.008413665971365013,-0.29773564888123116,0.7261275213503737,1.8914551152692207,0.3005869246391313,-0.5160601765303474,-0.189751557259683,2.5197076456453744,0.13490711633812782,-0.5944136985779728,-1.14506791648254;-1.8259010941126057,0.36358427384619,0.6546419928245036,-0.39669617996520684,-0.014970418030954094,-1.1704617092886238,0.13292846482750106,0.4814953205671245,-0.5351642671676378,1.6904526695858395,-0.8371063267469117,0.28347660401898234,0.8483172197046055,-0.07728950014938255,-0.18847681889449142,-1.4288661504496623,1.3573414957162835,-0.1698932016675959,0.5373654249348249,0.6727204878601408,-0.6282984920177531,-0.1975286042912149,1.3344823507435037,-1.117197665740445,2.1279180747572566,-0.744872785276274,-1.1795174566405118,0.1323090206885346,2.208348264339871,-1.910965935592205,-0.14101571848969216,0.4762650172565557,0.033649958535531356,0.38192167000300953,-0.7180330821722741,-0.599721845931381,-0.14842264715919978,-1.129888087902751,-0.044686401440189545,-0.3887452936715014,-0.4700451851548686,0.3205064125986378,-1.8206594931993039,-0.22909010338315364,2.317353765614861,-1.086109686325625,1.2855004964844134,0.05465612091269875,-0.6029578088814181,-1.3206416595298065,0.1396819652852321,1.4533971058146764,-0.3892111451967638,-0.08096142473677351,1.010370850190332,0.34087079134628084,-1.5722757797245785,0.09888721585518365,1.5122349106655983,-0.03694118646749832,-2.741489429477377,0.388214991591073,-0.19845643954403597,-1.8290944139212169,-1.6792080900537842,0.9751071432888088,-0.73238274559508,-0.9074963807359919,-0.035638560931668735,-0.6442029983199388,0.10004862777774516,-0.20272002943667036,-1.199995580093643,-0.5111977985613847,0.4427533213091045,0.04191804023862554,-0.08194248239183136,1.9373842411793845,0.7310375253855356,0.8524412648213425,-0.16596840779492483,0.22014519035127497,-0.4310999895256928,0.7775497655241282,-0.11039990409904346,0.2223777489305565,0.16061130215516814,-0.018166881405454506,2.93818806715577,-0.6666192774947225,-0.6757115301586923,0.6940967468117569,-0.5951689990751792,-0.2914063613488932,-1.086410953355618,0.4915579194025869,0.5042572444841515,-0.3151920599234445,0.7148166884800725,-1.8581250137335916,-0.7068534015143436,-0.1699791862109306,-1.1722824969029528,-1.748713037418722,-0.3078959650384471,0.6940200870607419,1.2821083914265121,-0.5472878832053729,0.7332158376215936,0.6365420380756676,1.2186081743344965,-0.3501910303540016,-1.7985004951846741,0.07018585242274462,-1.013793740969723,-0.7235051090620076,-0.3012191440531824,-0.3389276313491429,0.14155926689579443,0.7031563164196175,-0.3677355832759664,0.3956975066080047,0.014816009930505383,0.9354943958784453,-0.18859185110631663,-0.07892667577455567,-0.37440044799890676,-0.16224853995849545,-0.7834881283458742,-0.8825972861435134,0.775765385282725,-1.0832016831846014,-0.3191180896979034,1.0153427862709963,-0.3527007950036071,0.8287404536855749,-0.5910457207268417,-1.051163606350194,-1.5948258549008207,1.3127240692726614,-1.1368711816344155,0.7471865901250933,-0.9999470267933823,1.3173839179398212,2.2067827246151004,-1.6865300596903368,-1.0847564341588138,0.7731318638032247,0.5130429233658149,0.7769218547601916,-0.5737555504043761,1.9875341610233674,0.11804946668977437,-1.2169625768435197,-0.2531485000429449,-1.2035668962288326,1.5909413585541052,-0.6603312628001164,0.4924834847446222,-0.4706731449821802;-0.6153873097625132,-1.9102541812810507,0.5981746029905671,1.299181252629184,-0.9159675813651517,-1.5452291149986712,0.8033160427378291,-1.646241349106251,1.2195329359482587,-0.9043951229546204"
18,-0.01051538506914007,"1.0248889933188354,-1.2738603029875297,-0.5696210913094915,-1.0308182652948505,1.2005413953563993,-1.4055567527087893,-0.6359597810984323,-0.7339892442236318,-0.0912892113491921,2.953831926537073,1.2598760286852784,1.7228664804770397,-0.5707119711870636,-0.2791331775781334,-0.5022185092493912,-1.0460997554104652,-2.3842526628111913,3.658087594523605,1.8895415101571427,-1.065529594497369,0.6504834854764259,1.3214176302293035,0.6938680552109522,2.6148078763949627,2.6153797420951745,2.402634246588188,-0.37600656473959926,0.5938154057770252,-1.0887581057605082,2.2568285496582714,0.7654882852595889,2.859218369044327,0.04482409242949692,1.0532727040711116,0.011802467126660998,1.106267702000352,-1.1020454543643592,0.19370221025745904,0.37947592886375436,1.1790746874836622,-3.187055743995547,0.9980940411847685,1.3413451230206483,-0.22403705162294377,2.641266672242714,0.40769853257976374,0.19099660627624626,-2.1836350980866093,0.15486367341240803,0.9165057995834502,-0.30763611009593994,-0.7798939102936864,-1.3308808440378863,-0.5128935440685181,0.23113977904668814,-1.4852762745600525,-3.1741551076239825,1.14009210155369,-0.35698692139359284,-3.7244544946322473,-2.0480471976767687,-2.2622782579640957,2.1896938866386693,0.3082541463283897,-1.6008445549418429,-0.7622652905985641,1.0997353488550687,0.9248747072102709,0.3054047682986878,-1.8578403374725554,-3.1789460378423255,-0.9005340512614626,0.7010622391399136,-0.955687659237894,-1.2250422450458525,-1.2023337641378586,3.3156020799708674,1.4896526396937042,1.432123451946881,0.8452866023193298,-0.8213330115254954,-0.05673516007749701,-1.903508288390861,-2.901255411933988,0.3213494572017531,2.481115808997999,0.6915556059018787,0.6272052319746109,-0.6359600169618546,1.2310646365968212,0.6058616157938431,2.5454416546799044,5.325507089621338,1.7475395730496281,1.5257324378992108,-0.8867389575013854,1.4704580145269288,-2.0355592231198174,-2.3617421916100767,0.6052364281569812,-2.56106359908706,2.0282210563604055,0.4225777938799881,-0.5666058928875868,1.839927161650322,-0.4959995536077426,0.07204715432751688,0.045507237592029424,0.7018840156350001,1.2620698961056551,0.8680938389991251,0.7442348178994656,-0.8616753116977562,-0.6825100319257106,-1.9953317919144353,-1.2124368488696646,1.2799386648703424,0.3379827801337335,1.2774230846810906,-1.1037776876896865,0.5058047543241793,0.9938817848662338,-1.2237674918660997,-0.659893150394169,2.071965505666209,-0.283159981159821,-2.406997600410296,0.07865033930790963,1.7271268549812604,0.379179362284241,-2.136662805188969,1.8878285270843618,-0.5461195959088958,2.2044968551887827,1.126204099133826,1.2441279390033757,0.10903125996139751,0.3072584056765583,0.6761961679898456,-0.6006130876285314,3.4243724561392836,-0.718593645212041,-0.8440359592712798,0.5466792130976109,0.8588935655337719,0.906110454641187,2.355148358084679,-2.0495400318241,-1.2180496840082626,1.063920635906276,1.570491632280138,1.0553518598929648,-1.620963634609178,2.6381108781482276,1.829563931668197,1.9486900342708662,0.47100974312334487,2.335367619735369,0.5256907633970729,0.9877258195994809,2.7390736798445072,-2.654615492787327,-1.2333167965234488,1.6575467098436398,2.1175410192628603,-1.0273251263191912,-1.1879188931332196,-0.7822935847385583,-0.5846430336066523,0.2995030598102719,-0.6443188392207011,1.9232917689438631,0.19674585430331692,0.66560296387904,1.587236196004301,1.2059382516312986,0.0990604096817268,1.8332372024500734,1.3885370092328537,0.7321228639533011,0.18787918218873317,-0.45519255906809447,1.6257412523611934,1.6818241686760915,-0.522863698047673,3.449175410870513,-1.1902304859404975,0.19637426240030267,-0.6663971850384989,-1.5109984483577397,1.0767271387275206,-1.017896111178222,2.996000896764912,-1.44968943064759,-0.8074708020191619,2.3551176204833775,-1.197733519661013,-2.1312079466519585,1.1454207930764864,0.748255109042763,-0.6488620659388253,1.1336961249362054,-2.1021636519201548,-0.0990390105948902,0.5267282882447829,0.5311179249979762,1.7953383454222198,-2.3589489665733785,2.4120383637766984,-0.2502587932347373,-1.0553070785834329,0.9161413487835519,-1.038955468676809,-0.007012989473972608,0.477679396521584,-2.3936246628268365,-0.9867608475224523,4.029463786377483,-1.808718264862203,0.46823793164169725,0.7019482587390126,1.3113336214706885,0.6625195251816218,1.9127265006214362,1.3447220319138495,1.4195186941010591,0.3766757971176407,0.25547895290541356,-1.0626646133594189,-0.7461440362975005,0.4251427465394799,-0.06822671922984314,-0.8106332955398964,-0.9704680137136079,1.0528322127844683,2.029634306266673,0.7899968770546695,0.3236602864702752,-0.8669790550113752,0.4144162801823814,-1.4533088302587105,-0.1823454412804646,-0.37462378360188475,-0.5181918053956078,0.5472226056630562,-2.0810445522076146,0.04471376248696607,-0.4315751022095846,0.8742087351310577,1.3606948473452312,1.3791917764847565,0.18421598429860292,1.754910416918496,1.312354317017618,-1.8529708247916086,-0.7477185574142104,4.094509021392673,0.21661362376390514,0.8375918615969975,0.44536380147834853,-0.9780546824453651,2.716737578036832,0.4772612148046025,1.6734346377244416,-1.6361892937825462,-0.33827813956979513,0.7425452863578449,1.0892932719720798,-1.3973300807661615,1.0942896520656633,0.6049689679760223,1.1814696915375795,-0.19772349998252947,1.4910594122027732,-2.576545267638993,-1.0947968049271464,0.5755197656936364,1.2360760396318506,0.516333408546278,2.4491261175383876,-0.9996317333979161,-1.0735438309173966,-2.251765352202974,0.6261086985731472,-1.9470234080687494,-1.5931536731231741,-1.2161698328308181,-0.9324583476547326,-1.8047655579783477,-1.257293499367226,0.6477185796173448,-1.4781748574859248,-0.7006673638972609,-3.5382271992454184,-0.1263773130885808,-1.5750621034762362,-0.5385056097858866,1.262171600228751,0.5680043747966858,-1.4713904799090096,-2.688639770956514,-1.0962157335048528,-1.5056443260185892,-0.6165505811506393,-1.4224118043204406,-1.3928281247873788,1.4098123181966726,-1.5229882869382112,-2.556019974785029,1.2717666694654604,-2.588320433153402,-0.17436176736661088,0.18426440157518117,1.7416057142935566,0.35430322640387896,-0.243606220709782,-1.576446457890985,1.418574699467338,1.425615677048959,-0.08791671558428615,0.12132849337112145,-1.1847933469139629,-0.5406365648600547,3.1896485751397172,-0.5602658238516652,0.30986954316170795,0.5019091301448891,-0.7050148423884742,2.7216992861791,-2.3048769743295745,-0.28712344721212524,2.2991336582079267,0.5313066414305073,-0.686228478725065,-0.9270549984768027,1.0429006899258346,1.5535837997861444,1.413128229704224,-2.8030436874855797,-1.5866890848155937,1.3026560258014,0.18106026761820604,-1.0834704529875347,1.88763215901324,0.5174695537766505,-2.9791503745752452,-0.12754330886226306,1.7187642264772314,1.5986902477777745,-0.5817290098505578,-1.4646870437302029,0.0027950333607340005,-0.4668170172725141,3.354887198037872,-0.37312407392123603,-5.431806486797715,4.309296524674625,1.0549527677146715,-0.8834396195195795,-0.10048679194029808,-1.8043793365663463,1.8467313999545563,-0.2662993270901289,-1.5878237658894325,-0.7296515386606327,-1.9349774347939763,3.511061096482991,0.8262431086330824,1.7254205386792378,-1.3383402668980195,1.590175567854668,-0.9004655520964487,-0.6019535764991593,-1.3068923899212905,1.2766469006825658,-1.013452777461291,-0.34015646901844176,-3.543678887683317,-2.0593876978144836,1.201881638878196,-3.387301370841279,-0.626193551787871,1.0018241479938195,0.8963286141531471,3.868665281556301,-0.40895157729568216,-2.549232841556864,-1.4237571776044202,0.8153326486361017,-1.1923179714865717,0.8634340975333192,0.6184588490651071,-0.3072889271112714,0.9477634836927267,0.34059906887672964,-1.88216818478131,-2.431989537982881,-1.0075868410390996,0.5913292080545438,1.1806262489842283,-1.4547335478192376,2.337075656131855,-1.6606627460102694,0.032715185543677805,-0.5911681120851784,0.6719045889089681,-1.1155589293938901,-2.33852853620274,-1.9710860918314361,1.5849060730745632,1.050290844434099,-1.4926401046429298,0.5490995603903093,-0.31217440516078104,-3.5078870641438074,0.8433864917270083,0.5546827737283756,-1.507893774125499,-2.3626282151055715,-1.6879613842436831,0.3293435282581839,0.15496668641717548,0.7785591060548284,-1.6432426840737813,3.401787014788106,-0.9673199341284205,1.8879504263609184,-0.08777193919599433,-0.5936361722684367,-0.19994813285606083,-0.4641149907706916,1.6382429215115617,-1.5039271929910927,-0.5340164181916062,-1.4474860737175055,0.0857094903008282,-0.42819462728703184,-1.1628113975212484,2.92774670236074,-2.5189930842581965,1.025421557806125,-2.37992124525356,-0.04500081704758807,-2.0390254490058908,2.107181793442936,-1.0239509290802766,0.4362543718076739,2.080500716333803,2.896396644666261,1.0669229012541284,1.5664064769898176,-2.418827408546987,1.045069388861644,-0.2750400101024266,-0.3464853400541926,-1.8127933120673436,0.9562083984377174,2.2593985967299615,2.8200229771621848,-1.310865903749614,-2.1844710055670196,1.4524260638143982,1.9333088265230822,-1.8805494998147767,1.0528130724270297,-0.2425992792461449,1.4134521144239658,0.11360100030409992,0.029401092014422536,1.6171166577493261,-1.8310411662692978,-0.03982571923206607,1.4190007957536563,0.03979174694115373,-0.3169775443052937,-1.053144925776855,2.3737839789607067,3.536474284604288,-1.0017964738401703,-0.8328941050610471,-1.2103661990111643,-0.4238529653114158,-2.090607204091101,-1.6856199321264083,1.3059042918625663,-0.19080819440234387,-0.7337802481240419,-1.2314656139239764,0.6938840822187563,0.6821423531838929,-0.27088390340459356,-0.5003330135033591,2.08103171326423,-2.6924461706625475,-0.4943991580137686,-1.1581110249986803,-2.7825341600960662,-1.257439661620569,2.2838702226554455,0.9585334454800813,-2.7204473597180248,2.4286969400944165,-0.9457972531800024,-1.9774081724036257,0.30674543184735614,1.5771333665448604,-0.3682486207412713,1.1573040402316048,-0.11884860029756306,-2.9879549766913627,-0.19185807736174876,-0.3461322942497258,-1.661483702972932,3.617552281415927,-1.1078294441487935,2.801264666611611,2.1979522957864965,1.2855354809074926,1.3055589080262828,2.830892965105125,-2.0330683998729855,0.9513138476610382,-2.1344803482074868,-2.805662923398199,0.7710820585926584,-2.1755668445080296,0.7252682053431012,0.8930093269474697,-2.92732257155743,1.5459606668162666,-1.4072090111161135,-1.3143954838049767,3.0110248086853284,0.5563645232116067,0.7368206295722433,-0.17546541718740072,-0.4385111060147583,-3.465250108103211,0.5501728929936768,-0.4752030059932986,-1.3740572602147259,1.9531968942234084,1.3618390096783934,1.3110145184225914,-3.944216045919189,0.2247212276777515,-1.9232442844417326,0.1208132980308032,-0.3047135768457481,-1.1067993448151645,0.8223143820221721,-0.007394794432503016,2.9993716110912976,-0.8270311875923488,-0.023592741075682433,-0.05568528175717735,-0.5555933760218491,-1.0280366605727267,0.28077696806896424,2.874025205429228,-2.730714455998979,-0.6448139523200087,0.11741030948178399,-0.17978446369525947,1.0091640977498693,-2.020204690489476,-1.4769410223564177,1.4037902516120184,0.7564949528260014,-1.304469486579076,0.4337893152646307,-1.2584648544088493,-3.1112464250016503,0.9580994028057791,0.4285202251706606,1.065970310979401,-3.7954865165875926,-0.7062996903892337,2.172955066430791,-0.751073479591874,0.6323142736650978,1.5140357302952763,-0.2733602864203657,2.4003487096526754,-0.6942553152449696,1.8870012897333066,-0.2282011191785645,0.700443945586322,-2.652552271556016,-2.6113712150700312,2.4692420783996774,-0.8681172682375207,1.328679267026543,1.3113587954604649,0.7050962173897269,1.7541471583602373,1.1439933894513448,-1.668149218164467,0.008557541647162825,2.5212312627780653,2.0943317847611334,0.2238920343815675,2.3034998148225045,1.8078563323310646,1.7282684312208596,0.8807237560083787,0.9335283655708214,1.490125070590571,1.877247063773585,2.710696260767608,0.09824135121315603,1.7493008686533944,0.7388513805962654,1.1499574110035327,-1.3415723180841206,-0.33709113823906056,3.309982164119051,-0.03530452208610474,0.7703173429640248,-2.0465776216337357,1.0113879265659942,2.8372876062936445,-1.0828021941326789,-0.5828857008888698,-0.9602677647718323,0.31082474143358696,0.45439560154907793,0.09466860107728658,1.5560929820570437,0.4440961845067579,1.5550252556600679,0.31325569865930436,1.1510651510957286,2.2516595233542382,-6.5558808720197455,-0.9477738153560059,-0.7785993996165771,-2.0795875915740853,-1.6776853226129465,-0.19760272710157967,-1.7884042083649008,1.8831521870907406,-1.7233876224179867,-1.457680964369926,-1.1018594782307178,-0.40803308873593347,1.7812326556479943,-2.5762158156611834,-1.0486883184848812,-2.1599875993655666,-0.4031351177457518,-0.6584096711010032,2.207173765778916,-2.189048618316736,0.10964439117656133,1.8901463975092136,-2.3162171281363277,0.718455974426744,-0.5126524534879937,-2.159646461133415,-1.3656692977940708,0.1869408582649097,0.1977025539574676,-0.15581068214376648,1.473749453754757,-1.217800121749026,2.3911979549685105,2.731566303975179,1.0644314051184345,-2.269030530618987,0.11970260530037313,0.9911735391707001,0.007116919130687682,2.163372695368549,0.17858293812205217,1.1230513617346716,-1.3641729362763075,-2.200269932762898,0.43275072879511767,1.4592762762800329,0.5058125553191942,1.6498251738181082,0.10950590919881165,0.3964366963605759,-3.2249118525414513,2.941481315742949,0.3206318905378926,3.457087465026213,0.165952152309071,0.14265611635293768,1.8614437672485358,-0.6633970499477249,0.5066560431972942,2.9573720729500126,-2.198935838160782,-1.8366753236848725,-2.098219938049627,2.698639066584705,1.9387416624329015,3.0353228092072344,3.0366224357016596,1.0704661044302592,0.5601397500362989,-2.4990539191684418,0.5224944952637056,-2.2083423902580956,-0.7458754304089573,0.17076879045613902,-0.8301446678824618,-2.03091243389785,-0.8832604608251877,0.06489357316765215,1.4852996629491373,-1.221627799432644,-1.194054734094088,-1.9941033971981454,0.8700803450717107,-2.1098241208992183,-0.5974415009779607,1.547100273094419,2.4360113231229,1.0123291600292428,5.6896237382325205,2.283212910105446,0.2021108806179424,-2.619208483235423,2.3679419812034554,-2.1138370742553327,1.503825394834061,-0.7210568061249404,1.8159131760378702,-0.573339197519221,1.9242610671874072,0.11166359732833298,-0.040486181521425024,-1.3393382091413013,0.20860485137296003,-1.584140038833062,-2.6430683799589367,-2.054260343935717,0.7707738876162448,0.07567961925851097,0.4543616584383797,0.32423173058325827,-1.1201991736566206,1.2564557776376497,-0.05769623671178359,-0.8164460928826476,-0.03773537130101379,2.478944333105537,-1.7079321683215003,0.5174121383098647,-0.779075859459778,0.008847377307651616,2.3994863996824107,0.38298821573619535,-0.06096878254294891,-0.6289038715349637,0.4241955406183479,2.186821018815003,-1.6888542903313353,2.1881912457637833,-0.323957240502775,0.8738570590122556,-1.1169900646582747,-1.060800476846143,-0.1687673167500412,-0.5213491933059288,2.4433642834137714,-0.7421925640761966,1.0555977108218644,-1.602659613476208,-0.23351463784874452,-3.1856993381369394,3.5050040514198004,-1.1291213818860557,-0.5355858502211055,-3.3720892563348173,2.362733497513989,2.517559093617215,-0.19322549207123452,3.321440327546008,1.086296795897726,0.7985821639970261,-0.6063572412716908,-0.9589726688639408,-0.8724076295757861,-0.37444237191350477,-0.2921461553682847,-3.2187968955691386,-2.3352751013215274,-1.4542276727897718,1.5728162000765682,3.3512405985688676,-1.0926713994172004,-1.5809805310150145,0.385564739153044,-0.013993098991977426,1.9553938781254692,-1.3799606786372245,-1.060855049673115,0.5653975544924723,-1.8718944872318977,0.2598803520515862,-2.051029611602993,0.012747558691779348,-0.6118066257481005,-0.09657467293136401,-1.178043606712068,2.1567590031396593,-1.1906718803944458,0.0038847560421471083,2.172020737410194,-1.4994307547684136,-0.648483869296686,0.14879363378670352,-0.5109802144274668,2.585764375280196,1.665302740522791,2.4059140720073904,1.0824871122054522,0.5475438966164538,-1.5150274273740991,0.04668252977912957,0.3342482094584211,1.8922340400187556,-0.4576166708324238,0.13468316135815597,0.00581055994334348,-0.7133347891291943,-0.24172147699667246,0.7146205839593868,-0.7876016053191921,-0.19739930864354271,-1.105392096880677,-3.0979643787271716,1.4915141781328989,-1.4478818992846527,0.48915294919626084,-0.15841498358864825,0.7781089727207199,-0.9933724875325722,-1.5091560567095992,1.8266282915280314,0.15813388307026932,-1.7312529105607593,-0.8443356849844619,1.4072477348505226,0.24294939720410572,0.9257338406899343,-0.9692886152884226,-0.5365196979006123,-2.9316202783306546,-1.4559781662744715,1.6164555740746867,2.3210801863198327,-0.9498999629205582,0.3668265180737821,3.757939303677381,-0.9413032847276781,-0.6358645934934266,2.2740712823802376,-0.3577378601275988,-0.15704105580299466,0.5002988406452504,-0.10105301370122588,-0.3617879778730636,-0.7640368543456252,-0.2310267400210792,0.5263503099463495,1.7255629317997843,1.112722236479679,0.9429019426114795,0.7043740038884891,-1.2274805764745875,1.9135809719534587,-1.406800164541362,-3.1157168343335506,2.0997358142082354,-0.04516148449648827,1.3642412098953938,0.6075814922280103,-0.16142657589617337,0.8871983013788887,-1.0005474048827245,2.276051370520994,-1.2841159739563814,1.4154036224118833,-2.216614626097166,-3.47992293242213,-1.2229872698488684,-3.2497853673197348,3.591194723488784,-0.9845306899345692,-0.2545599959105408,-1.1776605675747622,0.9425770793445193,-1.2743867312759682,4.91955623617668,-0.8629662989433038,1.0694025637751707,2.0956935790808204,0.7034585655355754,-0.03461236424902436,-0.30721084922932035,2.1878869700519283,-1.3365761362389341,-6.01618288128674,-1.8682327735881143,0.46901664370105867,1.1298573319675833,0.22689341711369793,1.1140405914447848,-2.0847645541008712,0.7580390783509179,-2.742374605007912,2.5984185146779897,-1.660936369404631,1.5819025858059226,1.9046146188610267,-1.8002005496644895,0.8367802506632533,1.0061325712303122,-0.07425674896483969,-2.5082955766134187,-1.8131286020612611,-3.225801952653746,1.500264605620565,-1.5834291837511694,-1.6627016593001887,-0.21934650026477587,-1.3639534092277383,-0.3441119380012627,1.2483296584568404,2.300064612577092,-0.30967086811192274,-1.4842245043722273,0.13906790919475964,-2.389307595690194,3.3091573178285376,-1.0032896106022324,-1.154591742364603,-2.6486348659284626,-0.49564513792082077,-2.037287948283756,-1.5695421311514663,-0.18232146474865474,2.428964633545246,0.9701372917584309,-2.9256290398159344,2.7417169414211915,3.060939361866855,-3.210399567917555,0.27622527714553324,-1.1295353091230353,1.6646097332918608,0.09897781398960509,3.2458506756481995,-1.035340727047764,-0.522137357218865,-1.70537272667953,-0.7472883760135374,0.038653314833822394,-1.7111978234116199,-1.259908425105483,1.7398981458234688,0.0820197805985472,-0.059198531670097365,2.3988238854146244,-1.1597405542935588,3.1118244452013357,-2.5049347991013473,-0.6398006596197013,1.630106903612639,0.457013161948739,1.664046758425669,0.9864097605844757,1.7996945320250595,-1.1852819833814854,2.6395745937255284,-1.3985977885068284,0.16247231871363635,-1.090562384749096,2.8525274894709582,-0.5412179257240846,-1.8904125397154217,-0.2303376353128483,1.1342681657876006,-1.7088495707494848,1.8436659125403125,2.4048322633647974,0.3970719396442511,1.6907486208611227,1.2706202252844063,-1.612407642874588,0.802823468957656,-0.6018384890275681,-1.0433175728143398,1.5407696113450562,0.09895473408717903,-1.3851537554223936,-1.1997289974658634,1.3637136339386262,-0.3148292833581315,-1.5438065933209515,1.8887423932833214,-3.1443464197680266,-0.16310805162252573,0.8695644502282793,-1.2218962291630755,0.9320316178909893,1.2446218821392752,-0.2986129174412482,-1.2517443756151945,1.6099753229149978,-2.2251967006197297,-1.3237084651363207,0.4966477133621461,0.44008951193804324,-0.19691235204432533,-3.0075568315986008,0.500003729792423,-1.114924762781726,-1.702010097269345,0.953389288927465,0.23146673970378684,1.4434396048563352,-3.6123822477093763,-1.0816814877638117,1.790563233969195,4.049113127500106,1.6908466095347312,0.6064266091070575,0.667081228962839,0.9649724854730322,1.790994028404382,2.769856030814791,0.5863382663298098,-1.460947187935735,-1.3336815007870393,-0.6091162170494887,-0.5853651279112679,0.6772726839651231,0.5066385367617654,0.6620399976266708,-0.8983374434243226,-0.5623392147720045,0.18426028980609999,1.67429085939558,-0.3575351898063787,-1.2949544341844277,-0.24367568723752986,2.6576637770725844,-2.948819089162118,1.8603656693308426,2.446268709051056,1.5145164871329118,-0.8573000318336776,3.6691553340257768,-1.726218478384994,-1.838521077432334,0.8488206524846227,0.030753157875114345,0.48797199159642535,-2.894850083370841,0.11211973978508677,2.0817984260828517,1.4514368724717444,1.0990263396859192,0.1003641568984237,1.6770309935395227,0.1066705985785441,2.0596269117456805,4.209873509338236,0.6031989550697937,1.5786062829324952,-0.6750866499766989,-1.253666381807325,0.4386754205514376,1.5946072467587107,-0.9839582459805795,1.1130535639767754,-0.30335078577132757,-2.137524740803206,-0.3966895772573509,1.6385972432470712,2.628334317478816,1.815775899523781,-2.4252326323530236,1.0536987003434537,-1.1467555427273415,0.08739390906574962,2.583891403309346,1.6809338342521074,-2.167979076956328,0.7117131079065698,-0.7332503590345593,-1.1473379279855995,0.7192308236774367,1.6571669514516185,0.959273626063923,-0.7094553856880598,1.6899057183606885,-0.5375202235464216,0.7201295034789901,-0.24966691478505848,0.8827707366392146,0.08253681648407962,-2.0335806435664523,-1.2878486272258478,-0.6038131863771914,-1.1278204677047685,-1.6591328712496025,0.1023989867647068,-1.3613324673701563,0.34818650702181164,-0.8616392602035435,1.677502865987932,0.46046815795077767,-0.413340564050805,0.24621307418997196,-0.3929967787451843,-1.3535528776161114,-2.925046867913503,0.8686797672095321,1.8290110010334315,-0.6712814475350817,-0.587407903854845,0.006716646624791822,2.5768677284318486,0.07919030991480336,-0.37398702989218596,-1.9394165488217896,-0.0019947215468810175,-2.2350723931982954,0.028018567742809752,-0.2664343448804453,-0.5498093798824646,0.09353323984602041,0.4560486751723209,1.8666330739244261,-0.9858480187506393,0.5518443252869831,0.18420491930390082,1.8647789988494843,-1.544834629861529,-1.095627945607251,-1.831982028563501,-1.1899811880083946,2.5914190122486542,0.8240048400751601,2.086876158307816;-0.3037626842706371,-0.21046800138290978,-1.1716842938092356,-0.3977794177298394,2.1688520537287967,1.0388631245111435,1.0252781930547359,-1.7452213578417826,4.013793658682433,0.9266167831232623,1.0517596200901074,0.7040650842361558,1.6268431291944112,-2.40518642517588,-1.3759957193532957,-1.300948024091456;0.1212437318203795,-0.5546668745880683,-1.8523425031098761,0.24708565568740534,0.5304897985298728,-1.574867612474653,-1.2336941643285493,0.2523299733716759,0.33914168620787005,-0.9906473100920593,-0.5740647135680381,-1.8364888385704266,1.3772639038132337,-1.2998744073684523,0.5422593912485507,-0.03496069615338034,1.289593619624759,-0.7922540927747564,0.0612527103403872,-1.69842690923735,-1.9385268369397537,0.5963335838654739,-1.785025839069702,-0.22821753443453083,1.0112954479729197,0.7466848560946794,-0.6645854879485937,-1.5885031364081725,0.5094948616555286,1.3422567828601808,-0.6622380786656235,-0.8033128584071165,-0.5249019628689985,0.5716087108071156,1.2285176064149128,-1.2396068113805223,-1.498281809324653,2.339996321932448,-0.17732278789003864,0.25289279569030954,-0.691930840617639,0.489962309452716,0.9600608747015225,0.2997961715729297,1.7408580770144348,-0.3267445899410919,-0.2628824730353762,0.23140635127741563,0.46496164550609703,0.22794726206260926,-1.284415026955091,0.31251516619556136,-0.3741735848034373,-0.5809770140746456,0.03248205475324366,-0.9615226873292143,-1.1353913238732314,-2.6154689600038497,1.7472373285098912,0.5557313191030023,-0.11676412130630513,-0.6672232368866481,-2.876032282046417,-0.7285288762214843,0.7158663371640762,0.9421743035938688,0.6422919936033016,0.15839195575246848,1.303874145931379,-0.32853722208854036,1.0851889161343613,-0.38458244372021294,-0.8811413088777623,-1.005712980422521,-1.0644964211729528,0.6590680288024853,-0.7427455710970785,-1.0330288450349439,0.71373521966136,0.3279703904722328,0.962591982845802,0.5125995112727985,-0.7531115801973117,0.07610241646858744,0.12513299076967724,-0.9191586584740024,-1.1046249740939926,-0.6807216091177045,2.0365823566720804,-0.4127440942215489,1.2328667913867144,-0.4686605094797979,0.888838819539992,0.902491655557847,0.9525905079520448,0.3878273420089586,1.3773665787811513,0.37835396935272786,1.7135297293402796,-1.6199198031884334,0.3482862476668184,0.28332359253566647,-0.9365198458054912,0.5795842217637382,-1.490082675576618,-0.6541843257603286,-1.9990878128978078,1.5586265169628146,-0.23154949394529548,2.1668840348163116,0.802949926519495,0.44809821335102445,-0.5862276942809993,-1.04635003568742,0.5229715738969453,-0.07151400927298215,-1.339270315485301,-1.5168584165083185,-0.9587037291435838,1.8209672252662306,2.213277918011304,0.20498914730890982,0.1489427962412884,-0.33632037182952107,-0.9344853483095023,1.375179057607244,1.873576393897136,-0.8934190858392855,-0.08283837842460157,-0.4498663007101679,-0.42023907486497714,1.1859082554298621,-1.3119615453661218,0.46646969093630625,0.7282381073058656,-0.14215117360181917,0.8930678269867728,0.14765184053745017,1.2171299211561122,-1.5222053049258542,-0.3487752610068693,-0.0718131428510346,-2.672207384471349,-1.0859527335785348,-0.8135992543587863,0.9482059948233497,-0.7068433463146004,-0.8180789873059771,0.8174857806561917,-1.6179106457900545,-2.071244067443572,-0.36159230006934645,-1.4477067680783553,-1.409679294659649,0.5734337916879819,0.8759738379125791,0.7888642158521251,1.1087766603072329,1.2411343200148017,-2.128590208826931;0.4504119599294666,-0.5296081995695587,-0.7474242459904361,0.5604146322087054,-1.7302954798957517,-1.75110860587232,0.6335727440817172,0.4877860175108979,0.13673265587151023,-0.8799134047231368"
19,-0.012043422586154207,"2.235684681425518,-1.0704829008734056,-1.7073059417406735,-1.4443855144982707,0.9062158692056012,-0.5941922705388568,-0.15908666436861338,0.7628326416744843,-0.15808462795791162,0.20414660450805558,0.5352151476096952,-0.43067639196021534,-0.166317059929684,0.24195540232101154,0.8681792730532202,-0.7923692641806491,-3.0205759218297796,0.6795831493856468,0.9277159187500846,0.20003416213017194,0.2682932189565357,-0.5643098941401705,0.5001834215349241,0.8531668196841885,0.05649634141848441,2.491248330007266,-1.5637410876713795,0.162961670856347,-1.1743529623173146,0.87984592395689,-1.5814754280421814,-1.3339215427176985,-0.6331869405492045,0.2658321698553995,-0.5954713886616172,-0.5854412625990931,-0.18089045492608516,-0.2422401590615062,1.487449388318524,0.685911119668968,-0.3245767397846441,2.097011911213614,0.49166117485600924,-0.9689620553135486,0.2565137399918442,0.5355125448653145,-0.6876247190613484,-1.0525089108060393,0.086459090042442,-0.3602217713060356,1.4791278884554424,0.7411558240849149,-0.6407752740865805,0.42593811094858863,1.2671281427247396,-1.39380444589965,-1.0227782409877522,-0.011168617279531112,0.03560196790503425,-0.05219750546286038,-0.3107771787876778,-0.3260603224520199,0.3842581368216289,1.133942553639173,-0.4809527296884268,2.438399345170654,1.9606914357403167,1.3292556295800815,0.6224833345615618,2.007988106470156,-0.29011536499940843,-0.8326044119902345,-0.5259720594039843,-1.0029428030900815,0.12180132231336971,0.2998304641277433,0.20083983868110694,-0.012431352181799788,0.13315452817161547,1.7363238088498891,0.6200518676390839,0.9225087966048213,0.19078993668678795,-1.6155886984680774,-1.8138824704695111,2.082809990208515,-0.5318222752312214,-0.6167513441519322,0.24566324137724918,0.5504029783299276,0.6768621373344127,1.774418532880004,1.5007363826579414,-0.8109332246388214,0.9687345734217893,-0.38409091821079866,-0.13750874443077665,-1.0939892059513625,-1.6930728538314095,-0.03156171263228887,-0.9559819161112457,0.9278136785720363,-0.2810782435201214,0.3085902189498734,1.3675257539154317,-1.485295181782108,-0.7246173885496873,0.18088362456584986,0.3125248158232605,1.1034975012723258,0.867153129040598,0.09693362573073926,0.3034046705972552,0.33107589099048995,-1.4697123646737555,-0.1563754773549615,0.2484732179970922,0.45855085878510643,-0.9243634400641593,-1.268797912528891,-0.23453259251808048,1.967366111091494,-0.8192475127286687,1.1739282473548094,1.58473964304512,0.04546652623319363,-0.6798479346534511,0.5128195636582255,0.19499029209949587,-0.8591039801903084,-0.6588028263717759,0.4535798521453311,0.9334404081685476,-0.3227902013153876,-0.06913356488805313,0.6686385705110801,-0.17248688417393548,-0.29932697329588437,-0.7553408197272258,-0.7726846233740311,2.6688827582232557,-0.19620166007908182,1.365058321512224,1.6839933375190708,-0.18358228949315925,0.36842980843476897,0.1024784820330321,-1.6121823506586768,-1.5519730122481623,0.04884846690427288,-0.42491353860859626,1.89158033839359,-0.23657293869461854,1.9509289970681247,-0.47639139613554427,1.9122004206089338,0.5064244969473461,0.5632918957711972,-0.5117639567336494,0.5769171804036888,1.6927134330812508,-0.14482749406013753,-0.3393968153666179,-0.24676253886008834,1.620111605006437,0.8553512070010864,1.4476799904711186,0.3136227104842696,0.03931935677783195,0.4239440390706323,1.07015853441254,-0.24711824258786486,1.3686769933567864,0.3658305570658767,-2.4062781380301783,0.8834934271051945,-1.2723050132619824,0.8591727606739874,0.9015179982381663,0.32989259738120824,0.5436808988766937,1.0988707878439867,-0.49562767381072753,0.7934296597024786,1.1630233029570363,1.7600825975384784,-1.1057802860597032,0.40851606498776816,-0.9614891990614646,-1.0039220177014978,0.3590277724059801,0.07745581479613853,1.1450014785219849,-0.34617644959420923,-0.1340514361970109,0.21150426233818476,-0.861828851436456,-0.723069845015931,1.1160986657725531,-0.5489550412811088,1.1824765664496855,0.6073125806682945,-1.5475310254889354,0.5303786918377881,0.5224798230941273,0.4229286085112854,-0.14187672638301077,-0.9400674553918519,1.3462127661126204,-0.1015795887228356,-0.883406160335368,0.45746868608800834,-0.7427799707332572,-0.9490860282851212,-0.3754726122024387,-0.6653977643180745,-0.9122422519845744,0.806411762261759,-0.11382781446239938,1.2522799455158922,-0.8545094777299357,-1.727561037636336,0.14877034924941623,1.8559789218064155,0.5309868293620021,3.2153741962128324,0.3320591209490886,0.23555221128809037,-2.1553626710579175,0.42794744058852835,0.16866776001929132,-0.40742119820453704,-0.1367788670590703,-0.06810057434217907,-0.17992915293206393,2.089714963125961,-0.37086202780500893,0.16931372385385732,-0.4039010833862068,0.7834311866438803,0.17676369997220687,-0.2799105731704815,-1.9259679459071828,0.24330822528875026,-0.30957627357975087,-0.06074065688710121,-1.1824579472453334,1.4332821727201956,0.856743175843872,1.4307059976406318,1.1469793007809541,0.5923173021274616,-1.1422825087264428,1.8433871640718587,-0.9276351508875105,-0.26840762407496166,0.706902280626921,0.756540787187405,0.5722367269445582,-0.4002884813290898,-0.6069316273554748,2.5345325686061364,-0.03931393849983351,-0.16177138463883597,-0.7135564909387535,0.24467034907095767,0.19802280057807073,-0.016226208704295298,0.38172664678788615,1.7635375024423534,-0.5950527062908985,0.04308374220212008,-0.6478484525505558,0.2946983608256279,-0.568469501374419,-0.5254429914341896,-1.459523374055626,0.09779478281967469,0.42976962190497714,1.8604763531922952,0.46950248118984517,-0.4496841232973195,-1.3596790876860898,-1.2212870056654783,-1.2956283394719723,1.8780420354493812,0.28781049692636984,-0.5829662192618927,-0.9598596051532643,-0.8561078403939216,-0.6092993945063785,1.3162552162551524,-0.029943447057749532,-1.447466417273949,2.3104592747303716,-1.1401611393658972,-0.5908353099238673,1.310144387633882,0.4151496326090667,-0.4699229996242097,-1.2313669260938347,-0.9666901089250267,-0.9064961190764659,0.007031797849549579,0.19106181728130361,-0.14865462863134246,-0.039213813924329335,-1.0507231951943208,0.2931361062238891,1.2805186368369963,-0.16279168174956857,-0.1822867064294734,0.08300105205284822,1.1182048597593914,-0.8947229994386405,1.4508473357321354,0.4212222394352376,0.028680695698867664,1.2132388366643199,-1.1820620738764558,0.5220455362447083,0.4303095645066175,-0.9354550643937929,0.460638122953821,0.2833051793804862,-0.1787381196899341,0.8628175552303327,-0.5717542523576646,0.270321245843369,-0.13167378245531886,-0.6146968230076675,0.5028846851187714,-0.20773574734915148,-1.4730064587095468,-1.8010661047179843,0.7890574680832019,-1.2206001072268307,0.2793844934006062,0.05495189362815036,-0.3685317769708997,1.9566684572153399,0.17967401846044603,0.7556334826820653,0.284816215339809,-0.23153942311748107,-0.019088750235941546,1.4585427656604837,1.0881052926004298,1.9519864316886006,0.2216420929728839,-0.8769370657007479,-0.4405169443598121,-1.1877781917985912,0.7670441288752773,-0.5859163160772481,-3.0553179463195104,2.4637756983299304,-0.5706011384883154,-0.5765909254858096,1.6716116926603666,-1.2082514507975155,1.1366058865331667,-0.5874424434240215,-1.323795444596859,1.7057177613781362,0.9230969470625273,0.9200009845150428,0.3676555467887745,0.5991016330776804,-1.2321580247480433,0.1116108572446605,-0.928763000450845,-1.3889405190630546,0.41095333070803153,1.1581495556595445,-0.38336882422806395,-0.21201289233454176,-1.1381506450830399,0.00721714608789781,0.7600761123884141,0.791527736727773,0.5451761756309323,-0.6184311671945354,-0.6501290434271516,0.7954044732409332,0.8119989322167313,-0.1719949854318929,-0.4261719075656856,1.1672470934456998,-0.3599486648132468,0.7459322245237815,-0.13684317485809858,-1.047532781037,1.6123121400237026,0.12006389573147619,-0.7107439798880834,-1.390805667775204,-1.2900007982368336,-0.37291140409460116,1.9251288835335925,-0.5846618786742426,1.4474548323462046,-0.13076366860308403,-1.1811503911016823,-0.47321118845039606,-1.280987923737443,-0.8559684519638542,-0.8857480618759175,-1.9038038674812663,1.5127960688147262,0.21101703022228158,-0.6862784056181018,0.22175774643338916,-0.8354803936420617,-2.6710619653697556,2.9566916332265496,0.18959987667705955,-0.5890130393147649,-1.9339148116774332,-1.49414979514256,1.6544919295549054,1.5019385487984669,0.7532150359989478,-1.1150770384098139,1.5099739879770104,0.44978261794435254,0.6549244483515344,0.4461709444432463,-1.5069871846261038,-1.1981609507468876,-0.5102181664083618,0.6436397075331132,-1.3804320822431462,-0.17534641494419065,-0.17660951016305085,0.7927396893275777,0.6746715356076624,-1.010225929052133,1.4466861694873017,-1.16323982875029,1.09223944190075,-0.5501448983483982,0.16392595343337207,0.22598746010430507,0.1977074407087954,0.6744991984345704,0.39145949793353263,0.7836491298705383,0.46461996034513564,-1.2644552589258438,0.26979907455798763,-0.5638699025053332,-1.1092624779072835,-0.28983989267729987,0.1832355990350907,0.24967502798778463,1.056024745140268,1.3073091189715773,0.3362808307573559,0.5171063770094092,0.09530903317565519,0.7672254636495847,0.4869881388370644,-0.05448809385780392,2.1519825670043002,-0.5461833634418188,1.4544569567083374,-1.3542929263269372,0.813616536451455,1.4365683517268375,-1.9072190710079198,0.13895057305509406,0.7154140412440437,0.2519636041280662,0.37815593560696337,0.13622316237666343,-1.094247826361592,2.368045592155442,-0.5035378633157992,0.43416123877890517,-0.6468396770854272,-2.2758631900206985,-0.9245128737489688,-1.447606692275138,1.0915675392244895,-0.606868016044455,-0.514091339179963,-1.0643307126037362,0.09403539871510253,-0.7164585163612808,0.9923547312467885,0.30203932308916087,-0.571825785724448,0.8502330518370192,0.007940523023238076,0.02149690568995103,-1.4626349037319257,-0.07108613278531384,0.3215446393179984,1.3335668221983452,-0.7518936299033228,2.2781086233855112,0.5568683168289861,-1.5194118760338073,-0.8451981140855563,1.420999164216819,1.2432291429623945,0.018093481560502625,0.149917703057852,-1.1646102737259711,1.321442740235342,-0.9877670867744672,0.8447411111234174,1.352042368665138,0.048155554219508956,0.9676113661221987,1.8476397080256943,0.267968799210738,-0.17530181643194626,-0.06685285755151667,-0.7429879026720885,-0.7655837927368733,0.44240676382570304,-0.16394982214928464,0.3275691768512657,-1.4899361498525714,-0.09261882518714008,1.0301178500904633,-1.1189242769760182,0.016526414134551155,-1.854609310898411,-1.3054620222731739,0.8076608876780496,-0.3092842933129496,1.8220728655385423,0.4324431104243127,0.5305956648893245,-1.0764820498948993,-0.38510537684445295,-0.7326361820476124,-1.0654417395505857,0.6638931260961353,0.8645158657686794,0.3989371941674486,-0.828067193225987,0.33073003509746257,-1.9126784014656564,1.3230092687080401,-1.2981501756374367,-1.1204589824384634,0.11529226957019256,0.20415956024204565,-0.07274859845178454,-1.1101279409822966,1.1333479936032922,-1.6859492010692505,-1.4832689904484448,-0.1069827719544813,-1.2642339818443877,1.2226252762759253,-1.1782146354129148,1.5570271522103123,1.0351221657715732,1.2350557355075837,1.8871059829532455,0.08122792409576554,-1.0129745958199576,-0.10300787576864179,-0.5666656054089627,-0.7091912725137224,0.15085343680683233,-0.31170421420774647,-0.7522096843169965,-0.24540239258725827,0.548978464203705,0.956417206592696,-1.6029239131909896,-0.30320108632854215,-0.14134320547470453,-1.182520022227632,-0.11970573304069894,0.1479956095400277,0.5188345452809907,0.07715802563167032,-0.8809494099975556,2.012030027571847,0.8291267716215981,0.5527197446498667,1.0048312570109361,0.24460917181047706,1.2863008855219549,0.05687195028576429,0.0017474602741839962,0.6352284787912039,1.5763575462909234,1.5120486152893071,0.5928475982599956,0.5166118585767997,0.6960424110964861,0.9856209133365973,1.2987319394132422,-0.23658408400384975,1.3180612898373913,0.342995114071306,0.6509316224999498,1.3819493215339949,0.7470622500906786,0.9159955631528404,-0.3894185332824212,1.4983115437496803,0.695686711076125,0.12606571784049764,1.1010743868931026,2.587830497760499,-1.1689245018219347,-0.8037326229232822,2.6853053088358845,0.4266948423043742,0.19086967863156787,-0.11538574166216507,1.2084360009714399,2.611247308810287,-0.6651885407333455,-0.09687672718933386,-0.3507271285678659,0.7328649768192781,1.2223934376505747,1.6209327853331168,0.7667182826202803,2.519332791243617,-0.574752983207413,-0.8345405524327041,1.469344293316209,0.1228323195963367,-1.375940323415281,-0.3160629716374493,0.2556586540972739,-0.6462482379073551,-1.0146606870945887,-0.20762913652587592,-1.0645334203617114,0.6351310389802319,-1.9438048468928464,0.09042492796542237,0.5195098881083026,-0.09054123974837629,1.093222897070873,-1.3705612342041356,-0.7010895013761145,-0.33003464625088946,0.7127245694093065,0.21850758604612067,2.143365982742418,-0.8057858969738931,-1.3949888985806513,1.789088982933061,-1.4308585839323829,0.683062711399045,-0.9786700420219693,-2.069318350847686,-0.37478379381323196,0.89949996247716,-1.2217710884730737,0.576094728144831,0.7628635611864517,-1.271690141519304,-0.22776128871237047,1.5770748223271638,0.6505926199637431,-0.26149246457602043,0.4152954812539195,-0.6852633084704479,1.113695678385025,1.1132600646021393,0.12090591508605468,0.23070615645769357,-0.9987968750056726,-1.3520364270678293,-0.37660474394153076,-0.08740170969117815,1.0626274973879888,0.9224277506183106,0.18483288835909284,1.190538984372787,-0.9434861788144033,1.0773368872783697,-0.7904287143494676,1.2396945300642426,-0.013346464769981237,-1.9982866765377374,0.7301571640314422,0.80954575950078,-0.4565800544885821,-0.37125957839401674,-0.15954527988460382,-1.9251518126262714,-2.3647281730951435,1.3016256381303892,-0.8240676674105768,1.8552641095763638,1.370401801138914,1.5671953142697388,-0.6502989524671549,-1.608401186930581,-1.086882306594355,-0.4464547271529116,-2.37322973285064,-0.47542568912416716,-0.20167802751111075,-1.2944209715866946,-1.0404850982458325,-0.22059852118080178,0.3562865483103014,-0.8908226680002443,0.2922526095762693,0.13684600798785523,0.046885859018390895,-0.652014123856577,-1.3333795960353827,1.6964519799007398,0.630305916457426,1.005731653060738,-0.08362968483892229,-0.16402544226013785,0.49065968072538757,-1.8346883504522455,-1.1146434693531446,-0.797774878028373,-0.4545664225417623,-0.8796956794701541,0.33280712525074635,0.08144723446283578,1.392864689751377,2.4737591571125623,-1.262850240148433,0.14730521396844534,0.1455258782069742,-0.014198069764662404,-1.0848245709655016,-0.9171974456425503,0.24040561191611917,-0.9453500733072364,0.15927197216700772,-0.24594978454560504,0.14165790312128204,-0.9533004704344341,0.15746924233453652,-0.8809525834765903,0.16069560865691823,1.339396122439157,0.26098385001607055,0.32187038238305715,0.817206517497548,-1.4035583444732629,1.7189215737230124,-1.05558999261237,0.879660997368937,0.7469099872563228,-0.9021663615047605,1.0088861367667623,0.4978127664133091,1.8899786444022575,0.19337875134129315,-0.10854333152259746,-0.5147625279182043,-1.7433552713511733,-0.31822756475115965,-0.2758983942588769,0.26205818255743474,-1.4231031108824657,-0.23901221118687904,0.5762513920221156,0.6755096754925167,-1.8598151761373272,0.7064066086532242,-0.2465739131214918,-0.18501087749855402,-2.364515369855838,1.4935711625578796,0.1767988850112951,-1.531460426522707,0.3752015749164665,0.34447844084702445,1.2225441529329892,-0.3096887692908779,0.011996068938586246,-0.6428078002379078,0.5979486139927381,-0.7834903416750496,-0.8929905170802298,-0.06779753777992059,-1.2258637713038287,1.6021312185392342,1.9272667277418754,-0.45359008542181545,-1.3865950065571653,0.33659203890206146,-0.48210251796892406,1.174681132528032,-0.7871465955299036,0.5445132224284427,0.11399358939169314,-0.6762615106134099,0.2400498284919416,0.8785325584748495,0.08684851905539678,0.09728466512625855,-0.8727834278536748,1.1442047979041359,1.0445465781431837,-0.4105591886864966,-0.1242884594829956,1.4142206726903268,-1.1335708210474553,0.6042883913587814,-0.5586137731311284,1.778077876751641,0.06344672866533706,1.2603785181400424,-0.7613273484611286,-1.2485286823242678,-0.234259457201112,0.2626834579468364,-0.5107316820164134,0.7583074262749673,-0.20995356781042931,-2.0814371617666056,0.5528119791930007,-0.8825370591471574,-0.36159738167651845,1.5531312035393556,1.7728117241210901,-0.5754934350928114,0.5777866306318398,-0.5522744904226446,-0.28687297889860314,-0.6057754148985527,-1.7243436803964847,0.09505522373370942,0.28816538694616667,-0.6710017453111383,1.087791711437109,-0.43608021709521955,-0.6372118248590148,0.5265031181081061,-1.542681989972529,0.9066790317028058,-0.4021691573943628,0.9892860763940897,1.2881305258291558,0.6401534423571412,-0.8119732927283112,-1.2508317064844046,-1.434072663335236,1.102910701701311,-0.13480011220018331,-0.5992217945308487,-0.13208215153889175,1.080621208954168,0.7787397853595502,0.43850615570885465,0.637886057426405,0.1801723554969488,0.30211305729642507,0.221025231151047,-6.124562755371822e-05,0.7533738838312816,0.36128210620039475,-0.8807150311069579,0.5288743855226535,0.24724706637930446,0.6114134689150991,-0.10420691361502854,0.8117403137671578,-0.06140855086615696,0.7238796866005448,-0.4564715159505109,-0.3872540540989525,0.6020525232101246,-0.3317733937447442,2.2057826947481614,0.5664449867790268,0.024923486154200765,0.8199007767588492,-0.48068040997651684,0.9230148192330175,0.8952352166635325,1.25353405777955,-0.4408095313485774,-1.222733254137745,-0.6101546392025484,-0.28163051597274696,1.667211600851755,2.195012029127749,0.34466230464398234,0.009390608018599282,-0.3499078304742111,0.8246903502108671,2.1885813919915176,1.7858508911882716,1.1379766126058337,1.1233025311138565,0.8323098862541146,-0.0472906457085348,-0.7365482225407958,-0.020814089327941376,0.4223396021313532,-1.453633898718295,-0.15295072936620885,-0.8259323545912736,1.0138411610681415,-0.5497084021567107,0.32822033198098743,-0.7000202929355765,1.5976993259609156,-1.7007569365345856,0.47584037684396674,-1.2772576684399324,-0.5093326504848509,0.2061867036845048,0.2553570313168375,0.22926684109541284,0.15174914097550044,-0.6418442618734426,-0.16405332308881104,0.03163401617891492,0.1953603967588828,-0.06568047280698833,0.7295904209844546,0.0933869701509424,0.20132596762161362,-0.3826523483115173,-1.0524419266144223,0.1540289307324705,1.207446043962938,0.4438612307304131,-0.8174939412147917,0.8147400258186039,-0.33511706779395667,0.7146539804802873,-0.36879586489616106,0.3533064398273697,-0.5184973366243467,-0.4930524964703344,-1.5662653670957396,0.5120748191611598,0.3701696348203371,0.42644271626094254,0.27533056113181104,-0.7622500333233032,0.9658992644935801,0.99277930009227,-0.7882374651705827,0.5321239913499579,0.874991185367977,-0.47009827334372145,-0.29603568924435214,0.534113408211786,-1.5103297694143012,-1.088517221534,-0.9897750078695615,-1.7963163648254954,1.0849397741874804,-1.988131814191667,0.3431106634313661,0.8116833947552199,-0.29359595441326725,-0.668367624731245,0.23284245073663914,0.0018330005944814697,1.0035048624164156,-2.6285211403979574,-0.9187074761481279,0.5615768839160554,0.050447442774460144,0.7520341591968671,0.2620199762396622,-0.13473706324131265,-0.3022884430935042,2.3250550158755865,1.5349462740315112,0.4955050980952219,0.07846389344841469,0.5381325493534344,0.826834717872908,0.41882668570450926,-0.7513801233865582,1.7845107677245104,0.24620822775401915,2.0139300303898144,0.18714748687733387,-0.24565335212553394,1.3841401240464637,0.30118695807776713,0.13342263450928954,-1.2003642056425943,0.6602178051358282,-0.4933103829559084,-0.4477912090739742,-0.4905488454051715,0.4390338346953026,-1.53537627357569,-0.2108453427258072,0.9802789911093779,-1.2456688693400075,0.1728789609345851,-0.6313994202708345,-0.40369311946563347,1.655152260389907,-1.6504891835450084,0.7656303381716163,-0.4779282687772126,-0.5276639851456674,-1.1115623424882675,0.7538996372736357,-0.19140461628401628,-0.31766941379465224,0.10983692920407466,-0.17028712574180055,-2.0006878797535244,-0.4908241829773584,0.8954408909483242,-1.5066164641123083,-1.0899378998563545,-0.4267913953985256,-0.725623418637142,-0.027885482141608037,-1.0930767516787407,-0.38785452380937296,-0.04799453159933417,0.648940416207971,1.244789386099596,-0.26154715385343974,1.8880602412458254,-0.18390458054452397,0.8288751482565307,1.931507734726779,0.13930840923593518,-1.3735266215775355,0.09090385720763113,-0.6116428882049108,-0.27443202697245206,1.984976882495215,-1.2227634232238758,0.30046682230585875,-0.8777212803217245,-0.3076579412009145,0.7448423352044837,0.31816394347302285,-0.2250322689615891,-0.649800325264628,0.31607819215361427,1.7076867171533705,-0.9013519426236237,1.9116638854577725,1.1994974507251512,1.3693533675777672,0.30843238092960135,1.1711297755098944,-1.0088312824506263,-0.6680439078485115,0.7658138139203924,0.29584505522381627,-0.14837925849776917,-2.502608890607422,-0.43547404803817114,-1.1740537802982656,0.4935343113115024,-0.19116852856723568,-0.6283005441665047,2.6429104826243037,1.0381744766942347,1.0558721413560592,2.2022151446821727,0.8021917826831093,-0.7709540094728657,-0.8878963516917364,0.9649027587542348,-2.0593542797751767,-0.07777963100956568,-2.171124377556448,0.09884350838950627,0.8540702507119534,0.2794155346036323,0.9381093589705979,1.9648269416599147,-0.14353843726200877,2.807650783278881,0.2126699561701546,0.9491650626903592,-0.6110627145650674,1.619313979630682,1.0417101985426294,1.4714513025679976,0.05450442177395479,-1.2554175643832894,0.4603974396254061,-1.6970198133235157,-0.336185803621952,0.19108043663225058,2.3772242925107676,0.3185486119419406,0.13953746908303924,-0.06303242403529276,-1.3420909047650176,0.08582584001300768,0.10288267613677246,-0.9686084954537172,-1.1867456144283648,-0.4815706827677333,0.06493297857269315,-0.45755418138145815,-1.0508754496515214,0.2892722520043055,0.5388668241692289,0.12129770922223503,-0.5629827138769333,0.5948410212322582,-0.1905372897269811,-1.1890837073451495,1.0362443550013984,0.35350801926648995,-0.11929030569573905,-1.571052204834725,-0.7448602791352117,2.018565712382927,-1.508342061880697,-0.25134927964169246,-0.016335762353619776,0.32047678941155466,-1.497170935826414,0.1741762564046003,-1.6861054624716796,0.09742879619551134,-0.6523979190095824,-0.8658692669178103,0.8348171586675873,-0.2356062433638822,0.47371080490757145,0.5068269113778173,1.269953488955102,-1.2082577416210247,0.9190156625197566,0.016461622438046965,-0.3781245803695937,-1.1492505191902824,0.6065908615428617,-0.9222245213338853,0.517806586977143,1.9278307729671322,0.9799770403593283,1.391434325150649;-0.7190047772250318,0.762733046131995,-1.1442149551363905,-0.23348290257461402,1.74127205621912,-0.6078422064264841,1.1113561841730932,1.015646732999715,1.074741250220838,-1.2670019761212727,0.5252009660156798,-0.1565985659168632,1.0884968575291116,-1.6550003997268452,0.3677878890656031,0.22637520284006693;-1.9901167372489352,-0.8854203560949772,-1.830152213116851,-0.7263553019229068,0.5492170846651478,0.1953655756486076,0.16940008059354883,-1.0397481089313825,1.1204504915105322,-0.018819678361340055,0.033703812257508486,0.9403995689461305,-0.9913457476925386,0.22854776987192307,0.4234624916014198,-0.5455681502938481,0.6523733807597761,0.4771231706295671,-0.10117671227742496,-0.13215089013486142,0.5235476578713052,0.7884710400131903,0.06289991740664033,1.1201894604068467,0.6585259624305833,-1.788463949726815,-1.4048966975421424,1.1822352190216612,-0.24677313147089774,0.16417582279747392,1.1392905176591448,-0.00641121737184105,0.03726760958934886,-0.868729232791729,0.3699945072275205,0.5865122189668235,-0.5778818370028561,-0.9220213783058668,2.6262892551952284,-0.09290846984828297,-0.6836923396092914,0.7065864452922617,-0.050794035227891964,-1.0857663232621033,0.4830535716514451,-0.8531209690758187,1.5764580021556338,0.4945046297524024,-0.2768804245260839,0.10934701802211301,0.9032881210981933,0.18596125356079854,2.1221094572335484,1.1358675163955245,0.4876073675611219,-0.9369858735084841,-0.14688810390199103,0.47887497005245266,-0.8228614157581384,1.2934268749629496,-0.9741573417780406,-0.6372256980459021,-0.5622991848948815,0.743824460633133,-0.804936367170773,-1.799976570419055,1.0880388357617128,-0.4443862851055618,-1.068507632151937,-0.7548585532025398,1.7167627491843505,-0.6570436972729109,-0.12336810537690149,-0.4469183622860159,-1.2326625434337566,-0.7427185622469634,-1.3011084070064949,0.955881275680714,0.10087906461359576,2.4826777621743212,-0.7089107249905889,-0.8588602461456193,1.5337597683553283,1.0579770320681345,0.384765021771022,-1.1136915150882716,1.744996267727934,-0.07210315977034798,-0.43067512849503575,1.1429597369182798,-0.02229512125372992,-1.1656700856318827,0.04030259949858179,-0.7813488015707639,-3.0093411426831738,-0.881710192150132,-0.5277355708678508,-1.155645109293048,0.5752465321140376,-0.7774477573287817,0.47842620083445625,-1.2333197363683148,0.9092189210825384,-1.2764825266664916,-2.341530409391073,1.2372625851632273,-0.8558938037311713,1.7569290581994084,0.5645919012080699,0.7902633183812532,1.0454725004660728,0.11267934624906932,0.12405541783853893,1.2813400241943087,0.11135849569809807,-0.7281768467966099,0.5857585601622237,-2.1136434143849523,1.3195588015602135,1.3404391359650913,1.198166668123079,1.1597719623776943,-0.08417532534112314,-0.10668238449302246,-1.2296400897708561,1.7480412517110477,-0.4850181730262778,0.3398853097518809,0.25404528295477813,-1.3404191816041566,-1.7446750241232056,0.005586620867348287,-0.45375611761150897,-0.08943685924333519,1.0654156302032325,0.2249441505370227,0.7585225407647307,0.44532816217557747,-0.31633419323983175,-1.0018031671930638,0.2647178681134684,0.08389261934609128,0.9151563375047472,-0.15090006972249295,-0.29734154511552263,-0.22949938378159987,-0.9187266350054458,1.4469099448204576,1.1396287546157615,-1.2130298289580468,0.8039481419725495,-1.8450050639323654,0.9852892331110225,-0.6963504511076755,0.3599005576782514,-1.929509689541672,-1.1987042316779504,0.46870296724940946,-0.7009081833827803,-0.8399628703721986;1.3958616974520976,2.2109592112728746,0.9370139368194832,-1.0918805717350637,1.7635193328176995,-1.5614322596483823,-0.30449145407532596,0.054777766987373216,1.9240378438387487,0.9126591375517253"
20,-0.013853890379951217,"-0.24977261204038337,0.5285392018314015,0.8762125793216632,0.9902995470995242,0.44570914013536694,-1.800770701922636,-0.3411997326932956,2.30408978354919,0.37421673480247836,0.3678195684438652,0.3594859397738579,0.4153796225059898,-2.3831121810859233,-0.23952431691106857,-0.03789283179468944,1.2814953992534124,0.047672894622295944,-1.6465113866019412,0.4300891561717522,-0.8038246482427452,-1.2167856410814177,-0.8341590467165808,0.5425042296645155,1.2587612397600685,0.48292994517758675,0.6320232236170215,0.47304527283800113,0.10132717686046831,0.6969306349627576,-2.4187754670694206,0.11108835130483316,-1.0449250346222516,1.1629025725441393,-0.1471553052168605,0.030948088267830184,-1.5050718742538034,1.0168308890128515,0.6273281202738094,0.5569478823405032,-0.8130228521688223,-0.7736398449381301,0.2235994544459053,-0.6944984102480511,0.4348929626773385,-2.160912602766722,-0.48754455640659267,1.7967534654264914,0.4394858279957648,0.16679366453099267,1.9852265356713568,-2.335953618801436,-0.8153111147881075,-0.4011731717473891,0.8583512330053901,0.8756563632282364,-0.8660067089826261,0.9979543221425496,-0.4033147673217075,1.2116396256491668,-1.0326426981220578,-0.12331159906616056,-0.4901673153765603,1.0560303715657138,-0.522781216566171,-0.04244852901175601,0.5068113976630492,0.5452584830261195,0.8869526074731716,0.21112477684466674,-0.4182489152798312,-0.34969874535875045,0.02567231520761203,0.24959247607438337,-0.14717164784843637,0.01920342096554723,-1.5172538605721053,0.6673552844546782,0.18111228888942987,1.0018704135410883,0.00016050740708493661,-1.7383975785217862,-0.35844618930667493,-0.19992992311841679,0.7429033054335988,-2.070273544513395,0.04117951694893489,0.5136752157933061,-0.6614878852815197,0.07462800981684738,-0.6270365091498445,-0.7295729332203905,-0.40841985013131704,-0.7106919924670108,0.6836183119363326,-0.7349518768353778,-0.9029100070479273,1.7679286668395335,0.9607400118240353,-1.8615133606592003,-0.7647682898525335,0.2424629717227108,0.3237550672314934,-1.4904928657368934,1.158565492822322,0.8252244191816259,0.48190163204033865,1.356728490712121,0.45228999257091806,0.44858087925184725,1.5576792718222423,1.1012195807277088,-0.8415074589115312,0.6331951786719153,-0.664267864958582,0.504154550950278,0.4766135070198144,-1.383467312455986,-0.12184561131103523,0.26525702358040226,-0.43629019099415695,0.3147099423907597,0.8058977770010688,-0.030593064230755616,0.2245994767082595,1.383424078555975,0.4731965832252261,0.20082428967447366,-0.9580793796413607,0.6710260113888488,0.33014994939193854,1.283739433701408,0.04687854330331131,-1.8162665001339957,-1.7001208688282619,0.7356807637597333,-0.5701935976981533,0.4367677511104973,0.11423264450235611,-0.16683966769392072,-0.09636128558822336,-0.8653895050452268,-0.015777688899670742,-0.5844934327943987,-0.3722565201257048,-0.32364904470916106,-0.22669326989871927,0.9221734565070863,-0.12979082920469348,1.0237023365900986,1.5378549513264816,0.8549446510561495,0.5344685350685111,0.32683220948352026,0.86535870905007,0.0893607385962395,0.9845698459571985,0.6141058052896843,-0.35984046078038784,0.8958508801028059,0.09148000597756854,-0.10613200761231605,-0.4761991603989872,0.16601884787457225,0.9964626154129835,0.8889400055930373,0.35339379745895677,0.5996436407250353,1.2716967915225579,-0.14996629117086105,-1.1154200035302062,1.3011298521785726,-0.5297782520307184,-0.6903381233439047,-1.7961977553345514,0.5712830531642964,-1.6214526245522214,-0.7502588076917368,0.5882367945150587,0.721921252408372,-0.6517041482182336,-0.1341533269924053,-0.8725945264061531,-0.5483967878111827,0.26621526015290703,-0.5016466787964576,-0.24421504017566917,-1.464706681617567,1.1329561648061375,0.5100665931710657,0.7929053718372018,1.2904253246168622,-0.8252128755457164,-0.3583944830280237,-1.894834367582211,3.140422910102237,-0.14958531531737618,1.038727899914912,-1.2381611443354588,0.9963884256430094,1.8575908766496656,-0.060280749027981445,-1.0108814965896014,-0.13879640094553602,-2.2267615249572263,-0.0378867010218419,0.8209671393129958,-0.035757644373514225,-0.2841395546889674,0.527568116112033,0.6040248469495526,-1.6599055625051826,0.08882296227878847,2.4359851242292434,-1.335016245648024,-0.08541883283306648,1.9417461220517027,1.1041751565436755,-0.5133966807760615,0.2061353796226038,-0.0021116799848234138,-0.7480718043216674,-0.0742521074930824,-0.2799661328065292,0.11274893807674967,-0.7483831806910334,-1.276618200244661,-0.04128077339237078,1.71511821817878,0.08220292626279649,-0.33159377893154535,0.7540858050384984,-0.15831961259537855,1.8680329249591099,-0.003912509295078522,0.7004970631581634,-0.7546043823932729,0.5030892533366624,0.27509347694375413,-0.05650612465920803,-0.5017577611697203,-0.6380301656523745,0.28235266397965253,0.6289391096964736,-0.1271627962941314,0.2872679291207924,-0.037914678132769594,0.09852602490538785,-0.20044498267722502,0.017972579368308247,2.6980404568174263,0.3116342988074249,0.645296958431043,0.438023605328097,-0.26281682329705947,1.293989213291668,-0.2911637704263413,1.0550545489425514,-0.33420699806644877,-0.9599725191440409,0.36539620823619295,-1.1046683561021067,0.5356402250166092,-1.1941586560913167,-0.3190080304728533,-1.4317296965247415,2.8241670094027294,-1.6539595596163144,0.009813740396404322,1.1433042743300137,1.0363859085870253,0.8513421221731372,-0.31722838822147553,1.351088946337002,0.9133910908021826,0.21229961766047659,0.2405807577265921,-0.3039226476153726,-0.9096520258330384,1.2371509754787164,1.3122079936015318,-0.8841091410299213,-0.15378516514619175,-0.14342321645892908,-0.03265590374030994,0.06429487858758168,0.9468614616461799,-0.7472173084867436,-0.8463469915126599,1.2366197421429752,-0.4626447418812982,-1.2630353535770662,-0.48512994209987004,-0.3300527352440008,1.554962727725765,0.9248262123767372,1.1475206166322423,0.819973642346786,0.9462436716153141,-0.6880821265803181,-0.19860215535348436,-0.9899153130235488,-0.21048803053703335,0.684104990934741,0.1345832848122468,1.3114808189602951,-1.1414157922272192,0.5002383506982397,-1.248302801869318,0.09417646917364228,0.7403334225564788,-0.21450256682421923,0.5511266040869559,-0.9597323348329341,-1.663689978196383,0.5570296224878031,1.7440102340757326,-0.9960449401698921,1.2221941801067953,0.04342340881641101,-1.335691521693076,-1.1315053013521625,0.015784773360650053,-0.40446228792410366,-1.312912976758239,-1.694039281225405,-0.8467193279265061,0.19380900833111825,-0.006400752603138034,-0.5012379575000783,0.20188719429148277,1.0400267198626876,0.39412651043414787,-0.12130867138958067,0.9280720066606888,-0.959850302216295,-0.2249195395553516,-0.20108793560036814,-1.2369532584428453,-0.41987416228435775,-2.074959680895303,1.9121780476629535,-0.937413788436313,1.5861141314213119,0.03808450571949245,0.5648641321559589,-0.48879979835093157,0.20792969196167435,0.650489639988436,0.6645524143941822,0.7747733900743572,-0.36833271003917634,-0.4803596724913551,-1.5941763252676036,0.5232190111769367,1.0823787113234427,1.6159816799179296,0.30517263458050775,-0.7664797729085693,-1.6970961432894554,1.0416667330833504,-1.7962765667775356,-0.3406040777437667,-0.2243068279436459,-0.06945513785101935,0.03580260003584014,0.13814755636757506,-2.4153632620785297,0.014655909870126726,-2.2295755741118772,0.7322180730909948,-0.5551251558036121,-2.1570367252233504,-0.8142046773853758,-0.5700753391846538,1.1906996175550046,0.196637741750245,0.3444449443505802,1.181221634220601,-0.09614428792448947,0.7541879610324033,0.6838611139319919,-1.2864694935694123,1.4729835776298295,-1.4203017800706945,0.9173666494778481,-1.5170730369056327,0.6012367881516733,1.8619148781501726,-0.21297865655021128,-0.2563556428531463,0.6104399993168492,-0.329396455962543,1.8182787037428214,0.1921922494586957,-0.32016950822072576,-0.5402855278956832,-0.9329484701730206,-0.6277549867574896,-0.35067339365859646,-0.48763907349858004,-0.6581752741371039,2.0988412303524395,-1.0300950764894898,0.14663258764617476,0.592521009760872,0.6301079955837326,-0.058607075782472,-0.2407025718473096,0.4515474912395065,0.2665216499782007,-0.25895883476751336,-1.5618785717244308,-0.4679237223332475,-1.1465501637074578,-0.6671595500663265,0.03322323851695945,0.3587361439966162,1.7804527512924062,-0.5374063789038138,0.7746256352751506,0.30596002443783654,1.2959976706397898,0.576228719595626,-1.0084814272863163,-1.7230460292912313,0.31126169966750483,-0.5284509979003907,-0.9803137459505973,-1.2675777045330776,0.1609754975871555,1.507707699313365,-0.40867234570604166,0.5902703110753222,-0.10226635021759252,-1.289382089103393,0.7348113435104173,-1.0946920440273713,0.021626630593564705,-0.34152041500530517,0.8930774345656918,-1.0581509924706867,0.3908699078019598,-0.8397974073487009,-0.5111052123287851,-3.635200227540102,2.0920985716179086,0.5505569328262319,-0.7673474859381645,-1.124655688332994,-0.4956487528793405,0.7168795348194515,-1.8920849255849255,-0.14158441929433813,1.7706418724626733,-1.1339463359678041,0.08038503876365498,2.2033098152577577,0.6321516296907728,0.12592382048545514,0.5066364549090028,-0.40086533500970234,1.29963128530344,-0.3993300229002119,-1.959181608735977,-0.39130310394045986,-0.9667345298767035,-0.2811940121974293,-0.25908405908063087,1.1974231998049074,0.6952927266643856,0.2632654875753966,-0.0029454113325951153,-1.0588580088579944,-2.1811752376656774,0.11316001139278317,0.7946412035736589,-0.10833388324458919,-0.5348543227867003,0.4645021652142125,-0.083332200624347,1.6857441919739613,1.2327283420682844,0.9595080570233295,0.7577341142099038,-1.290167414451457,0.6629937020525997,0.3763259576465752,0.6064247283911633,0.49260948681305256,0.45276258784806556,2.7008664695495948,-0.07618566995191904,0.9363373808293303,-0.4709898102640032,0.7906415838876719,0.9393198902324554,0.3644260771353479,1.6692469423765,-0.8842760363604175,-0.4872209416682221,0.2123800860234896,0.880806853484222,0.17942952129493323,1.285759036510566,-0.6616898709663194,-1.1405784894885544,0.3081283365365046,-0.07718027611369632,0.54286372035822,-0.027402290866503937,-0.34001979062345705,-0.07493757172372349,0.02884889479318494,-0.3049812998483304,-0.20313204632342813,-0.40359333698691013,0.8566651198694065,0.1940210045057993,2.2567524721687664,0.16070455127846184,-0.5508574703286617,2.6706753748630647,0.41362637771433536,0.9901247868928167,0.5921029832024916,0.6230110292977487,0.5356540513524742,-1.1020845647760653,0.36752904756141197,-1.324861303850239,-0.17436283641253425,-0.7256174565632872,0.35747018584872403,0.33412624733823465,0.48114589076518677,0.28729657274908715,-0.6068253417863988,-0.2610034893516796,0.9203961612544849,1.0678566772943998,-1.1467830986265493,-1.5309276325126464,-0.7268893832047121,1.0452075820322506,1.2148840301830344,-0.9247118804011716,0.3073093537363383,1.8344313331400877,0.4153114772403338,1.4215032852330935,0.9987265700830984,-0.9101987062279108,-0.18998142349707814,0.0347544782918479,0.10413338802134002,0.9163289534385712,0.4086847622754085,-2.936200943778115,-1.312840273092726,-2.187380914976043,0.17536524065533415,0.24048764946776105,0.28322495861071845,-0.9589282677146163,0.6741440051199892,0.7162624964685291,-1.2551490672051577,-1.4660382014488722,-0.0001316862269378586,1.791782273613359,1.6997427421986424,0.5634043604480524,-0.7299966715800764,0.8868426594885851,-0.45242426480904147,-0.7675070366738105,-2.143966831621994,0.1023821983476529,-0.6298673491373752,0.09643037952850442,-2.2993576962370614,0.16982667258368722,-2.431121163971628,1.087940253268552,0.5218912341350844,-0.2786647714245878,0.5627198600820792,-0.9780742626635524,0.07237551561489243,0.7947740384603357,-3.0942892490913896,-0.4472243596775238,-0.02264413013637428,-0.19629361774576656,1.4571018262274051,-1.1239011249228845,-0.621159243445229,-1.9158690263084484,1.5102866512731454,-0.2462901426088,-0.438408888036707,-0.05248268231071405,0.6362358284303241,0.3473634035161247,2.6478842135570875,0.4539358884037746,-0.46524542916908107,-0.5613567375239471,-0.39275895241680914,-1.501836924629838,0.03986420749158606,0.7834681062089172,-0.6133636006232359,-0.8073800562841116,1.5159451462942337,-1.426483156621165,-2.0678183764773013,-1.1529019436473826,-1.5404327171242964,0.3862260641045818,-0.36070450044957353,-0.21968704502383987,1.1529341769747732,-0.6913348611627764,0.7750894117456407,1.511322799203203,-0.45566249801366066,0.7370228555563136,-0.2418179125289801,0.924098128840789,-1.571489187576273,-1.6455122451253463,-0.39126771490754075,-0.8889248090597707,-0.5167091094298853,-0.21952658244713985,0.7200135318362517,-0.4076605785659349,-0.8238613106230867,-0.3515133767588989,-0.7691452798066177,-0.9340055020627144,-1.6130168135769691,0.06947811622107863,-0.5687057065970534,0.9662787392346717,-1.4473960920589406,-0.5420835550478789,1.8129072206587489,-0.9396095170978495,-0.23653325209612397,-1.2158439828253684,-1.348427512780981,1.5473109830876783,0.17103949263714724,0.13367883823762333,-1.6963162351162222,0.35874138810830297,1.1574219459938258,1.1494770608285296,0.6683332296061608,-1.129485577595404,0.31312341719299164,0.6675849604766076,-1.7944435850889013,-1.1212795914817848,0.8881573217434416,0.8760457766719285,-1.5485830336213924,0.7950214592691726,0.0953033991536178,0.7810089546071515,-0.6345213234339414,0.645183496480902,0.8438287744856245,-0.3513349354557117,0.01775254617328601,-0.6485216295046535,1.6516389486858793,-0.12027193932576595,-0.9220243251771819,-0.7158259138747501,0.12677060114211314,0.7533311717782117,-1.3358268451505217,1.8476600029424488,0.3086752940556164,0.4664559729694125,-0.0971895438234364,0.019258967351125547,-0.148283137927403,1.0177959690359604,-0.007928587453370405,0.7670502184927098,-0.4338475233525722,0.19564052831231576,-0.8039203442394212,1.216528232549537,-0.8337472407191158,-0.32497944426132624,-0.3149604124547449,-0.3539513876737683,0.722495769442937,-0.3166577647366437,1.3939245305410728,-0.8184750861301682,0.16937746994270692,-0.7757859893125999,0.4209727825314667,-0.015949726976770034,-0.15506204469847845,1.188474966503524,-0.6543418710551034,0.5865151576180001,-0.7689599126747924,0.11268520016037374,-1.1955753282234454,-0.6625171463067404,-0.08214304557286504,1.8146491673230778,0.10080387045977413,1.6546683158667064,0.22032329169091802,-0.3870842444749391,1.5393565226006936,0.4370176220734189,-0.6427215938827137,0.47057145940029743,-0.2925947499076102,-1.9890341961712958,0.9359731592656175,1.094934055641929,1.8379420299922753,0.42214369219526265,-0.24872342408253253,0.8349894273785858,0.8498203653189064,1.638281183136422,-0.04462762306644215,-0.16557897256759446,-0.7155444197585275,0.5374620867252017,-1.5482616682308352,0.7760873728625646,0.5878351218657896,0.585070202458372,0.13822523650184043,1.5329782475310847,0.8719934654268633,-0.6070771913756997,-0.5891790496976468,-0.8796738134146368,0.5512833327755875,-1.0001389212399567,1.0833921435833522,1.3229733083455433,-0.8790162689504512,-0.1855485345928537,0.016620981362413703,0.8839831604696676,1.609343375609877,-1.6854923928685774,-0.31818071752668287,-0.26601669556034696,-1.4006698548865477,-0.4851100193040616,0.42776894435061114,-0.27867890283955715,-1.5446211686074136,2.8740826980099135,0.2661778652041803,0.11169413010667499,-1.0979263630670464,0.26070616197127533,-0.1642137840414943,-1.8885234127154062,-1.0702554400144162,0.794926017673945,1.9440176500004416,0.3671654050430446,1.1030832782933673,-0.15575530858321,-0.0865461606806029,1.090979027619465,1.6627772891794692,1.3010966934656216,-1.066363075384819,-0.06695889031524577,0.2775246844762952,-0.2596779635075291,0.38785754341559575,0.8205768116689474,1.0028097519551404,1.6858701522215231,-0.3294411047248347,-1.364033164839314,0.3582345940144528,1.8838110311848022,-0.4769758599540591,0.6868469770637194,0.6957457924726428,0.19144204734460896,0.00692472104371437,-0.9234292057213925,-2.2816620724205774,-1.1118507066640289,-0.39030414911169925,1.0974226874227069,-0.10312806235137562,-0.5190257189181485,-0.8909854419534304,0.6568058285094803,1.3583571664306051,1.0634357218674595,0.6061496997584691,-1.47561274638294,-0.3516742428437714,1.9473042288896751,1.1219504919152248,-1.537503218234725,-0.0555905231992714,0.36309843266103875,-0.7621584630262199,-2.3092040214088487,0.09882404501643172,-0.7877582576204393,-0.7838417390846841,-0.3546803599307581,-0.13367591465481174,-0.009082794095686441,-0.8839898989220014,-0.2202095296340774,-1.757423370402755,0.31103906536807824,-2.8562754133411574,-0.28949008043361957,0.9191861536769533,-1.0593406872748266,0.7164302036574001,1.1557327121208922,-3.3078999524973884,-0.15136290357574236,-2.875773427628275,-0.11820844557094608,-0.007171210981326812,-2.4825439859108385,1.9248383620798655,0.2860158076346249,-0.8490234320820353,1.4653794274985183,-1.7956132206423168,-1.2291710335183172,-2.2994555236698986,1.801045196539334,0.33234637147200347,0.659401789848495,0.3010012339184757,0.5737677611445846,0.07807771389598944,0.27092134270744134,0.10760343622295077,-0.6085918055692785,-0.04662476521466915,0.27359457326167763,0.11054911955213079,-1.477772107753317,-1.3449866686084093,1.0828414339163912,-0.3069940458834018,0.5847253470359405,-1.0921199097223964,-1.47314587664653,-0.843596612531713,-0.22256507077141327,-0.6651402992844123,1.2939335231057139,0.17952330153746154,1.8489386185618586,0.4044081540714172,-2.412550817919811,1.0560416064585545,-1.5095516224699548,0.23053366721133914,-0.7746840576638448,2.1427110344641864,1.4395979274301354,-0.7418206417017582,-0.12735766812111177,0.2445980696492174,0.8634140715616104,0.02915191232501268,-1.0248948993808669,-0.7175586392000529,-0.0044817963767913305,1.234456978764691,0.42783786053604395,-0.7734149266150159,0.64837277770979,-0.3869848388781598,0.8904080051868413,2.5270104183286053,-0.3588263709435495,0.8016051597263709,-0.7453933320377297,-0.11226376719129758,0.029562286872101294,-0.19368366004438056,2.463013688775024,-0.30659307467838237,0.586851538784868,-1.9300868693234323,0.4319965633696103,1.1420545923522467,-0.5275973425790509,-2.510222141040413,-0.0386517688273251,0.017183850385528075,0.7240750507443041,2.010903035413434,-0.38005365060030677,-0.8562881236602804,-1.1669178013714432,0.19807861703159935,0.4793542588185019,-0.5456553943625845,0.7786827457257895,0.46538407681917565,0.04323168964489037,-0.9024147207441254,-0.4818643154847231,-2.429755297682545,0.23578706419803366,0.026341288747435226,0.18847899108948643,0.5043190155645603,0.38582148643222297,-0.11038318064603528,0.048668043162752445,-1.4043164166961695,-0.5837206456894258,0.05047105368346139,-0.7358535759123606,0.8601507958725464,-0.6586320809550305,0.21630541124831631,0.11656565681533587,0.7462775936104097,0.900791174028302,0.6940326109679394,-2.1060062013831335,1.1941481480131266,1.5273082241945979,-0.4821242843214694,0.2366469126728498,-0.890831680130782,-1.9483785067321513,-0.7387152655423863,-0.5401390394636103,-0.3548507313518155,-0.9589140900059879,-0.7334251668172389,-0.011006321628407697,-0.770226983110142,0.5435243325500279,0.6816606513974395,2.3803877461644896,1.125679932123462,0.24310305832841442,-0.6202642966676787,0.2937473516739988,0.3265959599163561,-0.5133130890056609,0.7837313967528776,-1.3980980146818753,-0.24439983553751055,0.5558584593174067,-0.287584147592097,-0.20675440342927123,-0.13778586119228045,-0.8356012406877456,1.1739009315742082,-1.018037671922815,0.3181593274098852,0.4136478982823735,-0.9486219012089668,0.0731042543807433,-0.9096321727447022,1.3910424750559454,-1.138782936976213,-0.6538970942319644,-1.2242250083555806,-1.357698726867552,1.5912152908822934,0.5427746739125621,0.140293425700544,-0.6565769633469216,0.9076118110467684,-0.824222439367453,0.7936392943301029,-0.8725112766056362,-0.6445077018756719,0.7582823861179211,0.8638273441557671,0.5974729338967611,-1.0496741157567948,-0.44672686572282877,0.1568987411985134,-0.8492809619100916,1.370962760129293,-2.401946943950546,-0.7787395153691529,-0.5095665028698317,-2.8439436647717677,-1.3962291302361909,0.6252895125420684,0.030283636552963802,1.5731360220429027,1.545226445884819,0.4330463786039467,0.3132382490007116,0.06593110857890049,-2.65508201787949,-1.3945595133260753,0.10067550309893408,0.6160257087476715,0.2896698121381407,-0.8924649677156576,0.9374062824694956,1.4824440287546365,0.9379896002913398,0.9895993295904707,-0.5592257979552109,1.0759341227007992,0.14575863932765726,0.5115555285220048,0.3654318428247091,-0.12148710544041103,-0.8600024751223019,-0.08213666355404634,0.9867616174828228,-0.4414758053129096,0.893347262608146,0.7370706706176718,-0.2989373970198303,1.3888001036195767,-0.355546671190706,1.5095468626126316,0.4341269815409725,-0.015865918453513532,-0.8878013803376538,-0.08826023013504129,-0.20375951349442029,-1.2582963852509055,-0.21761542271766712,-0.8038031800970857,0.5859917689787818,1.306280475728203,-1.2269156762952407,1.7123077283669226,-0.12855103438512974,-0.9750213849385142,0.7577547802081833,-0.446454478255048,-0.08173667603149418,-0.4042782442120789,-0.8167379318649001,0.7239970324019037,-0.2863014028941872,-1.4366517921792459,0.5510601242159328,-1.2055823510237553,-1.1532601726752587,1.192606204977316,-1.1963398992102119,-2.3164448569274905,0.6228614849614956,-0.3038634294811303,-0.21765512113811641,-0.3145003933502,0.2316699390187268,-0.7527192419030679,1.4761148745657644,-1.4762304803093984,0.4448749166771231,0.6421210038765839,-0.7596517608333779,-1.0237344452778183,1.0171742141701563,-0.9908607540167149,-0.6066639407505668,0.8873089624597463,0.03474123353902422,-1.7971436676291046,1.7470591445535142,-0.530010758779966,-0.4027572899064173,0.2557842523263653,0.6250767970040728,1.961104291291467,-1.6600681494056964,0.8259522089259458,0.743009694050077,-0.1371649108741167,0.7872736948162223,0.9342740176365468,-1.3819627849870044,1.7497665058808303,-1.5587622531381418,-1.1353162812387732,-0.2617876736240963,1.9249405131870565,-0.30825662975338647,-0.03193389005081067,1.4320786039045634,-0.30031814256547273,-1.1784367129306756,-0.4172348352383145,1.3707918338057774,0.07086499705513648,1.9306582590562598,0.7379349262621552,-0.6448089363934834,0.05107630446507834,-0.8532181181418795,-0.66843303064877,4.479084251025757,1.018624510033811,0.8610979890066731,-0.623180315308064,1.569584066281079,1.099415601792937,1.8816212893577708,1.8331141483984492,-1.479089288097522,-1.1098394892699073,-1.0037878154636364,-0.943940643332437,0.3234523642603904,-0.5668034520958176,2.0725985407625185,1.9046798820816377,-0.006461594079039767,1.9553262161497902,1.4881346272402018,-0.4507065591772589,-2.0092153440255616,-0.21796838496072934,-0.644622131078473,0.20650562514583037,0.08922828687474911,0.06301765889922856,0.5236847413791645;-1.2125219470836786,0.4113602775697078,-0.4396161530170061,0.199982199863687,0.9574098452321899,-1.2243997732210297,-0.2812936526695694,-0.11853423402886418,-0.5142689715706409,0.8998294961329573,-0.7203883588004716,-0.5554003994423388,-0.7099191329520645,1.0920554114388017,-0.49244411241221675,0.4600453908835562;1.9757051012300741,-0.07481842035058532,1.1120606800331574,1.671354084093128,1.0271915600404138,-0.016801315977740417,0.6421077589986135,-1.2873785931353454,-0.780043158149952,-0.604675181631919,2.240612120174282,-0.812584514255267,-0.8274767512618296,-1.0439209802489835,0.5598117619307609,0.14262139266888282,1.0867589770265649,0.6712596660773543,-1.3803898467240674,-0.8072777700103707,1.3653287482758214,-0.203298244576805,1.1875918180180127,-0.14968094791531705,-0.9676564282885214,-0.3032607776667061,-0.9680497955496961,-0.5655527624024238,0.20092570656524597,0.5116050903690205,-1.5901913232542981,-0.01736800750909817,-0.5866157355597524,-0.6484148089588124,0.13268461913307683,-0.550451872689212,1.382137994846674,1.1880618762510602,1.1818282939420395,-0.49491019549030185,-0.9624988349193223,0.08202992938811553,-0.1503483662862672,-0.6088231624233649,-1.1757344466669615,-0.04151796926807157,-0.4040694502524733,0.6883470370380197,0.6651060515214794,1.100799805422717,-1.2592955518800382,0.40105830769363265,-0.7274657062336721,-1.2204142108110847,-0.4286022369487101,1.0687049801346178,-0.3723183535704842,1.5654546599591121,0.5488785155203335,-0.394090478980577,1.1600484289064086,0.4453967721142857,-0.9325593884467054,1.8588026355805152,0.2594788230864766,0.018796191985491827,-0.8555326699056159,1.1795382676077382,0.5172754273613065,0.6292381802952409,-0.5075313435257685,0.8341005719100684,0.9118135935708017,-0.6687782387811225,-1.416990139680991,0.581373059338924,-1.5733469496057397,0.15201577783777934,-0.4472451047873071,1.218665210788921,-0.39284389076720727,1.1072729720038041,-0.5142094443630262,0.999991005059611,2.0603415438368318,-1.0680471383662404,0.29203572173090797,2.748782415910065,0.06658882690292169,0.061788270229648265,0.7884989473510197,0.04108086409475417,-1.7072259945705526,1.1322873748389386,-2.0029484138651927,-0.4167916511383418,1.2074257491566482,-0.35654242864278574,-0.6936964924644041,0.8792639051665606,-0.8511147868343866,-1.2222257195919537,0.2745139874932834,-0.18292329841259092,-1.243673114188842,0.63695253999487,0.4644876055772338,-0.35975501660563197,-0.2913320061249465,0.47039274200915654,1.1903614197520662,-0.28279321010932484,0.6546884930081445,0.5652002170845991,0.8793072927089763,0.039309198743465314,-0.9123255140663579,-0.4624991531999693,0.34285346578164794,1.818464378381593,-0.48401962319627845,0.8047874435273991,-0.32805645067676004,0.11046875588613572,1.5153967492635925,0.7642925814204332,-1.2412992727409569,-0.5724750238115909,1.2562213444413588,0.14187804262849532,-1.1488401196158635,-0.8189524449737209,0.7034935227111718,0.9944102812176302,0.017855301482174405,2.475313800936102,0.8241523634556386,-0.2434810696329004,-0.8157060480993442,-0.9748843046390414,0.3354213204803695,-0.48877704491340684,1.6737437539834248,1.4663118029178595,0.6330665474972272,-1.1789961729568956,-0.672218872552405,1.2556775257411008,-0.563066199795102,1.1221417339195243,0.474603923034761,0.05171788481318731,-0.7028328129354411,-0.0942438435247516,0.18964795487489794,1.0325388983011217,-0.8857356006337547,-0.26281684252611515,0.04482313193228475,0.6626783576861647;-0.9084643375227769,-1.316569792887215,0.6739651517100497,-1.5179491149467033,1.2849797147621682,-0.15592609748290798,-1.5475310822744464,-0.4804202194034942,0.3791236330692372,-0.5327010875549777"
21,-0.018070841334359156,"-1.745419778783956,0.4818394133000964,0.968373134795013,-0.3296213832695614,-2.2979625187156847,-0.5756006513844716,0.9656320568113093,1.4793310567295914,-1.9966853195376537,-1.024721552053042,-2.375313522379674,3.569007727776817,-0.8989163906051694,2.8784375854347024,-0.5752417953063058,-1.8988591535238208,-0.8057834655520277,0.3839061135530969,0.4367005042342802,-0.2598603176797475,0.0022241401468642286,2.7754587000607653,-0.07359244570135215,1.2469669115953836,1.0878413372427351,1.5932284171639637,0.9365525413757341,-0.32556272216829196,0.007022519858448317,1.2664652901350633,0.38675793408453085,1.213903584388636,2.05548698369415,0.5276987800435877,0.7265364068571312,-1.506361194343642,-2.585987391100991,-0.12121018256237404,-2.3727480271675034,1.793816287549189,-2.576645815877079,-1.062795592954471,1.4545710698019603,-0.07741840698317888,0.24373034060592702,-0.9620306958024025,1.5559032403367608,0.643292267161278,-2.1526972658805543,-0.7589890346909685,-0.3560518003551423,-0.9705755332599059,-0.7127992275169566,-0.6612128253132221,0.464274792390566,0.4739173548279638,-1.0545601826069821,1.1383164980119318,1.3343373982457796,-2.1929983225381666,-1.3694549163985408,-0.8226243583511502,-3.6093290420806365,2.6428035941229524,0.3240268473583693,-1.6883124608410496,1.6389000412038002,-0.1682230451788289,2.5378464056556167,-3.401435328964355,-1.5020251661043147,-1.209680612578346,1.2830419517372154,-0.05294998617585833,-3.4984287361623387,-1.9781709799851166,0.6914561336017295,0.9328212788614875,2.094661410095191,-1.2526069829015882,0.09254452828547963,0.8365303202170608,-1.0172218141481932,-2.0064394002934867,0.19981617007192592,-0.5799156069856192,0.29363340161957785,1.5320704329786747,-1.2088738006050561,0.37593728493659273,0.6204604542290468,1.5885335175076531,2.254696719403191,1.0264292169936087,0.7631881093535781,1.1790233811806292,1.0414417615426728,-0.8661980052901861,-0.3277342304009189,-0.8089646910197007,-0.518940594398771,-0.37742618307235065,0.5335176428188086,-0.9016315816276639,0.6202948611867369,1.9381402109498347,-0.5454551611478269,-1.137455540144415,-2.458884237289348,0.4842737408885426,-0.16186957606454272,2.2393152696864473,-0.5177643245880664,0.36428435372511603,-1.3592986451924036,0.17869398041055035,0.09071499491807063,-0.11862138035015085,-1.1662838266117412,1.4366898217417208,-1.596643765056263,-0.7006742674097586,-0.36400312271449425,-0.8097546211899193,0.1270505754057401,0.4364136399328795,-1.1113122004004024,1.597814285943851,-0.5176500376737327,-0.7667131436720008,0.5364729116536749,2.3893567572117105,-2.0959027701709005,3.62223536648708,1.3037097166420217,1.433637275314759,-1.3100404282138087,-1.2939978920030049,0.9276161607640395,0.8122506659190882,0.0438368811826686,1.1427394870724732,-1.0248032911098697,1.7119336541218892,-0.9988353440221697,-0.2583649012755491,2.5683455758518,-1.01684024774515,-0.21514496571560662,-1.2149360249323111,3.981551065504863,-0.44206814133672745,-2.0531021901076136,-1.843983742446377,5.223697817097709,1.6080505169808437,-0.18623729751327345,2.512002933449982,0.9673699334918172,0.7550124490381176,0.9719133390151384,0.5127092865033844,-0.6722557102840576,0.32281982540064547,1.6692194445483164,-0.4817877882863547,-3.221677818707544,-1.2869515948852495,1.9492494549213597,-0.2166425681669495,-0.9246578274287496,1.326218896027658,-1.031946363372965,0.9128344102560666,2.4067181179686408,-2.767179399564564,1.017268786431598,-1.2677031805349386,0.9804476595312076,0.6322501059741941,0.8975268938330049,1.1051408752187577,0.5688834127021165,0.15246706375230812,0.595172149091029,2.413120820611882,-0.6273825059142868,-1.072450324390711,0.020139752528766514,1.3541800480782231,-1.5191882423446708,0.807838098578035,-0.1879246247811457,-1.364165906026306,-1.4144386198202992,1.5498480919576467,-1.1473500217667933,-1.286838705178027,-1.568693190076793,1.5439566939692557,-2.719506094799021,-2.02692273104658,1.4900896540147412,-1.9372685323186256,-0.5050372031011119,-1.387483661785541,1.724964868246968,-2.835343544315905,-0.1659015119461008,-1.1734484993705552,-2.6489289009972987,1.5241420060383015,-4.15924209184775,-0.8570367518828137,0.3190189103754769,-2.8965986222536317,0.5792368255986341,2.51032881542826,-0.12222080787635073,-1.3655311601954572,2.688217290419378,1.9235863483329627,-2.073881583368775,1.0379547914998855,1.4963227059935293,-3.0760610100576145,0.42605139729447145,3.717458440661897,0.950115931969891,-1.1120720377733904,-0.8695717828460994,-1.1738951437243825,-0.5165549992331535,-0.3347333298090345,-2.9761463396861227,0.6117434361600459,-0.7993493057175046,-1.3676304198170979,-1.0746577871966507,0.12606000065686396,-3.863367392833701,1.4762804483358605,0.2656866984684174,1.079570105989879,0.10133273653867682,0.6702399717243254,1.5037609283119595,-1.4783142624314953,0.7567998392034249,0.09689701282106988,0.5631577593862693,-1.36870176937252,2.4543422178227443,-0.6879943342422935,-1.46517962224042,-0.9176167203409948,2.1224973216706227,0.10633061420955925,-1.80988407627648,0.7056504756469826,0.039679455165868155,2.6873135466046776,-0.007891974458436923,2.767533907226431,1.3149820018247989,0.4734972128363742,-0.07234242482744235,0.5622482191799397,-0.629598830135207,-0.2242630708226354,-1.1822411031153748,1.542727240094364,2.107847080837571,1.1429237093245899,-2.823888346342544,1.081908841165814,0.09497372483039082,1.1277751635467597,-0.2645777035239196,0.5873261411003117,0.3866918630117602,1.2836441055837682,-0.052934037596673256,0.9587132799884802,-1.3173377477821246,-0.2525121800169452,-2.011122810688885,3.0911646503957773,-2.5451245667394815,-0.2110613947512361,1.2610125850353393,-4.549727185236483,1.108453305436139,-1.2971672316781393,-1.7057724383317743,-1.9739167885453588,-2.7993163182988203,1.1297476182798767,-0.12512399376747463,0.37204687306826606,0.4444606430130299,-0.16297278936834092,-3.7203362504983453,-1.3600946979753328,-2.2965127191784163,-0.8485397254502673,1.2416511554847955,-1.9948212958472553,-2.2273721399003272,1.7982646772085924,-1.608860312522275,0.7656201674462814,0.4839985684615436,0.029638333787730047,-0.5473418709240994,-1.7324782242015635,-1.583136895957896,0.18414360596621276,-0.06248563235354987,2.0034310138474933,-2.535955208349429,-0.21826583096517826,0.2817889000634596,0.3535722302730582,-0.01862315411068083,0.06362411356878916,0.5789263554708203,0.9687158649894991,-0.6831684732450805,-2.3293592076290768,-0.8420208207223805,2.778672296267648,0.943800699229383,-0.5626239276784575,-0.6495973864839936,0.26603659901721055,3.4605523020793285,0.688635350638257,-2.2167299748840215,-0.034127487684047414,-0.2547046774403157,0.5268551518763953,-1.3716540811377431,0.5524067620478,1.1737232603406997,-1.0145016487599607,-2.493873318227809,-0.530288100310965,0.6425266252526943,-1.1823619278665058,-1.0994687002538162,-1.2860463280162242,0.1677194760944404,1.4161161128251467,0.520955756973356,-0.5851148850948336,1.7456044624111042,0.2158292865519571,-2.3115751334968317,-0.5166237021355807,0.8758516155046923,-0.46698843882190477,-1.7386213955189578,0.449471114311601,-1.3319949703433402,-1.4936379649986338,1.6606410271118592,-1.5632772407123534,2.209967800904727,0.12744050580819785,1.1292906747220732,-0.8342123768344366,0.08628532806607404,-1.4714038069441895,-0.7238474381188397,0.07023143003043986,-1.0633330233035552,0.20816842468579055,-0.6329990783901065,1.122802189432067,-3.755627662590785,-2.49858106425045,0.4899259045376072,1.295815786435878,0.3438859286384831,1.3733386292275152,-1.8658139777649432,1.0012803073202694,-0.2943016911731715,0.42677884874306427,-0.36145402215013805,0.8886108727370059,-0.25052445771385223,-0.6894723838435123,0.43477949388223597,-2.9276553998284207,-0.05190491758700633,0.4359089399612871,-0.48055070599879307,-1.0465639769757795,1.814742309281493,-1.2988206425964939,0.08650529030528697,-0.5120063373552952,-3.62948830954104,0.37644382354630657,-2.609710951991203,-0.795513011551367,-0.1230223036580555,0.8134630751743355,1.1695994769763427,-1.743760483982434,0.9474608872693123,1.4097785893885963,-0.09089413384734764,-0.1316389277814638,-1.172901551085514,-1.7977217696698433,-0.94359065689017,0.8572702473006792,0.7977609187265015,0.7513386023074712,-3.9209882443746182,-2.530072118120505,3.3395199206639616,0.35840488358743633,0.5160750578129399,-0.2416693194852319,0.9330598938880557,2.6345949854377233,-0.42768523002448466,-0.7308488168506655,-1.63561510711224,-0.8259583839695382,-0.17907315789914335,-0.2661163029809266,-0.3619906430638551,-0.4246644148318237,1.047393927330754,-1.3428164986608129,1.0449421402090542,-0.0846903541221351,-2.549376498599109,-2.9997482295365367,0.390430839572139,-1.3484149786582824,0.3511567787989561,0.8607271682264432,2.151654347692461,-1.2870197914225807,1.4180926996431888,-0.3783690647776714,0.21425736086167335,-0.10356937576300922,1.4409550618451572,0.7847151242012411,0.33067254073180663,-2.04614780005983,-0.37841872260470555,-0.6761620457565767,0.36520440825498096,0.38286724832231434,0.47365708919614957,-1.1776058347369884,-1.1238460046523826,-0.6312369723803883,1.2974843975202917,-0.14387270633366467,-1.2575372817027426,0.34342666959321205,1.2386423166740055,1.760510565478314,0.22591296417285878,-1.6366838835172774,-2.5679136877540025,-0.1089992014121639,-0.8659629851833187,-0.44888184666011943,-0.5192364598983719,-2.554498687860523,-1.2463138547470507,0.20482220601327872,-1.1412980161677004,0.8707316585960877,0.9925016321900983,-0.7928666137546408,1.4216263619385683,-0.306505331005373,0.6529792023754581,1.6532080797964066,-3.418692006019392,-0.1875497715762052,1.1208262500906685,-0.4283707650333144,-0.8511249419269009,-0.37614622596691183,-0.03814759422269254,-3.2796033576285772,0.574953126361533,-1.4563136109186714,-0.9297457195377609,-0.5659808677013181,-0.8804753572515259,-1.2484758510493843,0.6131064299269562,0.4345745247136803,-0.25914544645524035,1.382481894690284,0.7784134594006802,-1.1655964988625378,-0.12462425476594008,0.5322136146921874,-2.6270387520410763,3.1226774116454776,0.09259770265296263,1.078234716297029,-2.3470782835124964,1.924651632342328,1.4707693610833945,1.1776650082026034,-1.5148766980933839,-1.9366852719026992,0.40764359423462293,-3.9669427888271906,0.35566857492949466,-0.6534699641113638,0.2706573295883241,-1.5316004991812222,-1.05401549746025,0.6215998279461927,-0.4787622002634476,0.13315852874861422,2.01401209021725,0.6432279630219458,0.32465461813122753,-0.10987335157685951,-1.350648141079435,-0.0662918872740974,0.7320309083023401,-0.5950844304810796,1.2326027325483908,3.9324520898867528,1.7735899356823863,1.1177281613867631,-1.903727772881058,0.44496084976426853,0.2233372536456938,0.4596392933515754,0.11527526242517872,1.7571114502798033,2.249628640475465,0.7776554627511265,0.5894347358150297,0.5395278000988607,-2.286674969894478,1.4138488087722125,-1.8975439647405592,-1.2791919573683574,1.5563184299499473,0.49977382547052035,-1.584618620361165,-0.7566961180541942,1.1088599726689141,0.6426350558318322,-0.9610568025782077,-1.895792079269993,0.3452495949568576,0.7068545329371176,0.9568810799760987,0.4701012612983739,1.4430659448598178,0.9401642737528354,-1.9531980985022743,-0.3640595013448129,0.2714584619604058,-0.24319851119341818,-0.3171426576813998,-0.20407721617863295,1.420532415027384,-2.0335771162294654,-3.2060311648460793,-0.3796541616673781,-0.9052804673025351,1.8241464249781494,-0.4143533527052385,2.808947735485525,-0.7972004705370854,-0.6133775643503181,-0.8326047030717856,0.38481625976283573,0.16159710376751324,-3.1428063203297487,2.209551614684168,0.755676176443909,-2.7726208718047856,-0.6991975318731167,0.6057499150142831,-1.816603292516682,0.6481838407605445,-0.6136349436165098,-0.6618576634329871,0.8828873016855042,1.5815465498350538,-1.3594804419276236,0.7062205366911726,-1.5764619353521896,1.204927703788482,0.17903599301149892,2.4398844173606933,1.423335826184827,1.8437029109876835,0.06170146677860555,0.3323043176743893,-3.029616168446379,0.5809419423286817,-1.1877073619369127,2.7511078641181923,0.680640199644945,0.623776193291679,-2.331713265413424,1.1102014999296588,-0.021446549095296863,0.23638764587590816,-1.7835447795805404,-0.5363901633208602,-0.7219210010396278,-0.9849779898030673,-2.379347132298453,2.10267194921697,0.09867472715863113,-1.265370812964648,0.016321096719372402,0.5996109550018587,1.3532392048477253,-3.0262592614925037,-0.34940238255064593,-0.4370566102099457,-3.072926825959775,0.2940504172256859,-1.3911607262921983,-0.06446085913700361,1.3065529211440057,-1.8958875672445752,0.1270741589034557,-0.6514254138470752,0.7296040037272843,-2.036396209052143,0.18731592700708188,2.0490840440904874,0.4288599330174584,-0.9433592672203635,0.4185964196223366,0.23044824969095523,-0.14795246038663712,2.678569171468319,0.31247521808063605,0.21902619477032767,-1.191262297791146,0.4820905641141489,2.6843789275005783,-1.5015064141359857,-0.14336158343596833,0.31038579619935114,1.2553651974755309,-0.8702702006590606,2.732564654954537,1.9347856601435842,-0.9243797190968264,-0.6056670161288692,-3.1757586119269536,-2.809373557520865,0.07753794242857473,-0.3164734114087844,3.13146763062221,-0.03869336411371804,0.8945221229969385,0.007941716424984206,0.8727809735364758,-0.5590889163020543,1.2632599692230897,-0.8252014685975618,1.034521038125279,1.3046132994049224,0.35967135283770724,-2.547921421107416,0.9807583525674032,-1.7900275120387474,0.535380530869034,-0.7795641625264921,0.1609280593488011,-1.0238760173989965,-2.8210974513923874,2.1069017204657507,1.8956179997135676,-2.3960600375490846,0.5140842597242128,0.7284726312117649,3.5854759187703555,0.6274934223145112,1.5560640765623908,2.667114399328981,-0.4570922360450971,-0.32126950107659674,-0.25398556569090397,0.6463238906598079,-0.8913049985891128,2.228676209656775,-0.5728107644410778,1.663087984642379,-1.0875874915467576,-0.4772839910102823,-0.43214104000047976,0.16310113117296743,-2.1976957705869267,-0.8046912694982551,-2.0143539281547445,1.2144377694421924,-0.21702343385509093,0.7553408161004582,-1.4372087440818917,0.21171533562406641,-0.9334180534806004,2.873123370983087,4.117549367955194,-1.4071036307809293,-0.3226511906432968,0.651797119794673,-1.345179597832969,-0.5278121078202744,0.5765714140146347,0.4139566789260579,-0.5334278382359559,0.8944281827675836,-0.8538084964694755,4.079844280606233,-2.1982919146049293,-1.712934124006044,-1.8460716245129485,-4.007831977102997,-0.7151441693315583,-0.4480242822990373,2.0407114914707623,1.5144835357843376,3.4374408681628825,-0.5784134145992351,1.3797822544996021,-1.540775279804385,-0.8343300973307655,-0.43604590340105287,-0.5827370224981211,0.43903623459952623,1.220473649131364,-1.2954172629773706,0.12747424720347444,1.2562540816835854,0.8020693237416411,1.039760750438985,-2.9883422962518686,1.5871441550885361,-1.7508067683565693,1.1883444467270672,-0.9779964960872092,0.3268051078568146,1.1767576333759615,-0.7238180044893587,-0.19966281987359524,1.5863466957053212,-0.31824869366236247,1.4087977482788128,-0.45532697602880773,-0.06023167020785081,-2.002038438884174,2.061482121063132,-2.2058010032637885,1.9003763677628482,-1.6654275778691583,-0.9811107689193315,-2.22712176621466,1.2440695920137839,4.309628441982984,-1.0755920539977977,3.59078468589371,-1.8790336458989745,-1.581605062216545,-1.107837470486119,-0.13811271389546875,-0.9614792312316612,-1.5664498407881227,-0.4524378729245774,-0.3914057304701575,-1.236671227966331,-0.1301112309583916,0.2990617559340093,1.7903853014696578,-2.484371412550026,-0.9549303437479324,1.4828089941712284,1.0592271501371358,-1.1430762584954282,1.7885285377207292,1.7204395344629968,0.189912217795984,-1.7944470297252257,-0.5312603051011799,-0.027012864667794068,2.681333325388534,0.3030837594502622,0.006174205865990046,-5.40009993496491,-0.5173081137355482,-0.8775432699349311,2.678353593213619,3.3278570626110966,0.9882887149063623,-3.4515167752469464,-0.44130211868019903,-1.232409726114015,0.1992574156760059,-1.370366942084202,6.542162725243717,-0.163787053268035,0.6594606161375167,-0.7411089985900801,2.8186680287049573,-0.19616929161195343,1.585361958762268,1.1742057558377086,0.4261601631931778,-0.11459615158586489,-0.16131268415945144,-0.3776515311667753,2.0768696891942344,2.687673943525588,-0.4194446064419032,1.477690875196958,-0.7707315321671345,1.3953631693700566,2.2899026148887027,-0.7724730097156924,0.40057366568903696,3.1630931489765617,-1.3820126857226818,-1.066890273582129,1.6692999184457964,2.348957396659071,-0.5031445968967008,0.11224084027228964,1.523641708760539,-0.6285232071561531,-1.006292289432221,0.756678956312828,-0.6267040729188692,-0.8582012355689287,-0.6318208278518118,2.7425612494911444,1.1765810477197545,-1.0611096398620758,-0.09522430282912064,3.2924494032322213,1.236128152154947,1.0873754979365373,1.6516622680096513,0.2186192089448209,-1.175504138665565,1.9909842356086171,-1.5056758611552832,-0.7406654929609525,-2.3585915150213377,-0.42536311763138557,-0.8100348110908901,3.378179842250884,0.8906701314847717,-1.3244289234062037,0.6851598550924367,2.057861202697396,0.7393220243205112,-0.6892083545885779,-2.4159040218849515,3.0537395668411307,0.05341246082874129,-1.4059990943507863,-0.3167745219308513,-0.3423536000170208,-0.050847231072894905,-0.12161365780383904,1.585089258179464,-1.0646074177988436,0.38830537173546453,0.9008442300606436,-2.525063638543504,0.3155161501250924,-3.1974958449350677,1.5050562979253912,-1.2563574414321277,-1.799028646620779,-1.344338000333857,1.309521166277857,-1.9574006190223567,3.0897633279634436,-0.9374170603636354,-0.4608175299759669,0.731902362819089,-1.6316366735268693,0.2058822623597596,-0.17047131528041948,1.797481103720004,0.7630582301933193,-1.5404898192510388,-2.71386652769412,0.29050074519327274,-0.06429031707714464,1.2745512356747186,2.0322294921626396,-0.7182676477242752,0.1458902005782709,-1.6805039972757554,2.562065115811785,-0.744585799728009,1.503323152670702,2.239375552397247,0.35358745415630055,-0.876491891823078,0.4314800865697955,-0.36053190390089457,0.2014195507121935,-1.3286735246234598,-2.9472937465883593,1.9255513281783867,-1.5220171986700144,-1.682438920730517,-0.7509607644078675,1.7106984883480403,1.384406560032423,1.447368029801518,1.9203312825859717,-0.8289536124729997,2.054407593522145,-2.73694487523468,-0.8802643825401789,-0.8340422329272142,-0.3294499597103593,-0.8956928810432723,-0.12316562935104503,0.3367518786591083,0.00566700061967057,-1.9661781019908537,0.9694408909860135,2.9060141251911067,-0.8930405958224998,-0.9729137717072435,3.56894927810242,-0.7228036592448608,-0.20721903448319468,3.000273467190013,-0.43946944051091585,2.924161778279325,0.9449715101596181,2.911223564894795,2.9591189783649368,-0.32576239617194125,-0.8673989233437831,0.5536451669087661,-0.21195377468560303,0.5050110799417898,-1.2320746746414915,-1.3372283932821032,1.2126055337254125,-0.08671083984223416,2.0852130941115297,1.2376835486257562,-0.026320858537498326,-0.09264952676392602,-0.3582684471042634,-0.12622236368410444,-2.4577211127095855,-0.012958116396960845,0.16460126799733235,1.7529286923920764,2.764423332128702,0.6460903674366257,-1.5564640085373196,1.766951208062377,0.7374538297534422,1.0435974010840308,-0.8123549946231375,-1.939470845337728,-0.6897447723106218,1.766760227200351,0.33010362976131447,0.7903086096648151,2.5379696860712153,-0.1971597906254156,-1.442770067656597,-0.6057877366914591,-1.9719263094399313,1.3831969968333238,-1.66788633552456,-0.4059240373050123,0.09555759389984081,3.0227786386820465,-2.8898313540477165,1.4401148852444585,-0.6141091300819022,0.714629856786595,0.05543592451754431,2.22266003398986,-1.9516884713122171,0.9608111913669131,0.18945158792218203,0.6933395217485958,0.6141017604315442,-0.31157142827556705,0.4858639506304886,-1.4537778802060206,0.6319810776269789,0.3367359739012729,-1.1139950861371108,-0.12109053528554936,1.046037261860673,0.02956454016237542,-3.1059356467324903,-1.1706757162912662,3.4741335975141117,0.1536417462356563,0.31449114798397637,3.5807615929534746,1.5535412797412902,-0.9042808600918226,0.35116007283195666,1.0244886857521314,0.9779582274877852,1.6112455823355525,-0.5108830064264758,-1.402322178672939,1.008690338211103,1.2368595734363472,0.2671501239273023,0.7698498125777057,-0.11533392787691246,-0.820229266714943,1.2044565057946781,0.24784792453348253,0.5745106558950441,-2.12184853492286,0.7732094273364553,-0.39492949604029515,0.6529489294352449,-1.3467766230324922,0.7316555053710468,-0.8947686659007782,0.3877329477279077,0.5040505964645259,0.7163724228925081,-0.0427386694311207,0.9856728622272309,3.025954505539847,-1.27073767307788,-0.6226198183611147,0.606990997484186,-0.09291677310180968,-0.92185102986369,0.7778082640163743,2.440590505077311,-1.2394842896125904,-0.8533196712032464,-0.041027521112591336,2.074813297818803,2.2417706245734754,2.002262628052324,2.5253550139681353,-0.8634729589313275,-0.22071297083860242,0.20953804667488002,1.0805230400624593,0.05129988851839329,0.5507234314132272,-0.10398812760861503,-2.337002590411738,2.6507128102153565,1.1708366414747418,1.2068501125935194,-0.4858435903932159,-1.9516845805918643,-1.0059979144519193,-0.8702439111276838,-0.6200019180076195,5.0177846672135455,1.9788588266009692,-0.8770568562030518,0.46049747431489063,0.29057733274419467,-0.049264168578786016,-0.5973438868188071,0.14482471729644786,-2.179198425058968,-0.7543203122176974,-1.8610554240032777,-1.2912634772371665,0.5982422072790636,0.7485609693189643,-0.25333745079753756,-1.423284590205871,1.320792009970283,-1.8757214914254279,3.6472138166408374,0.4618346292721991,-0.7777201115751697,-0.05368384571872423,-1.2144989641538184,-0.4039715136321803,-0.632027914310879,-0.09408612055660667,2.3407921928173847,0.3160464517041792,-2.018172825123389,1.2061068455436759,-1.680125472222766,-1.5262879162628495,1.361919314091718,2.2423246941598096,-2.5375493993221045,1.2560327665137898,0.7368441044155001,-3.2266118876642933,0.8786494122594739,-1.779517955530073,-0.28529307949533267,-3.1744022994791106,0.9438881718107544,-0.19195572414238815,-1.4643884007587011,-1.1151264574730169,-0.212362666578263,0.7276240852780762,2.331806223252134,2.0141527370882324,-0.03593455645746185,-0.7806045832449342,0.15508576975140925,-0.12975221997116754,1.1988898286614633,-1.8167538157329601,1.2629523923786379,-1.3596223551776174,-1.2579927296578295,-0.07670658622197546,-0.9307745548070989,-2.049907067868637,-1.5127532770748868,1.8641595912240736,-1.8979164651398839,-0.013854727452255577;-1.0553630945475991,1.7643282498149402,-1.0564175098092605,0.19248990985360953,-1.6126619802889808,0.9198438458472948,2.13476270765484,-3.449701201858833,2.697740233107787,-0.7588161298651033,0.2973403526763264,-1.8967604863652698,2.3405088520665416,-1.1524830321337385,0.478349187163069,-2.6216076521020724;-1.859196647592079,-0.3300719673459653,1.8060413116691418,-0.16776538237063676,-0.28009625063980703,0.31506268053768355,-2.284350608741856,0.17841367933299113,1.1967919489004033,-3.098972286662022,1.3681723054419948,-1.1137846218903837,-0.7855627975936543,-0.27170023269735993,-0.11324074650544706,0.43139391441599734,-0.2530772236037062,-2.0818502198422335,-3.7203020030676477,-0.33939019645385815,-2.4047507944137694,1.3439074570667575,-0.304279623264953,0.32878544029600304,-0.44324371566541293,1.1249829457487712,1.2192076926290367,0.3254734005909051,1.006688226298665,0.5108798922256238,0.5966924794997335,0.6608777600568018,2.1781882498304665,-0.8484810800866671,0.40757650560266223,0.8752805422032094,-1.2642584111830115,-0.6824679912234222,-1.5521903058948485,-0.8742801037816303,-1.6265726606750985,1.177566064178567,-0.6813088568578564,0.22751533108349065,-1.1678811898492178,-1.4350639560857028,2.3187010044826746,1.3578577638854925,1.3142512767445556,-2.009887596896304,-0.2951623341249569,-1.1728837603340763,0.045555963417481804,0.7201469049751138,0.5524175338943048,1.9888795662888197,-0.5756495658273518,2.2291651075406156,-0.3736260586637539,0.610698762405763,-0.6530471071893557,-0.7054273094027783,1.5902406896499812,-0.4361268964214894,1.0586095971135965,-0.8116088288981966,1.2244685870036858,0.4003799120705339,-2.587534801887369,0.18454086809443804,-0.19177494403424444,1.0079008886430216,2.836701447237597,-0.5090296820045772,0.5756959803618529,-0.8600346832045177,1.9061440958224842,2.648013200681924,1.3324062180458154,-0.25954844155583995,0.6143545614846763,1.6283608328900907,-1.1841328911309752,-0.14457139277855524,0.8019491275427353,-1.8393628210251738,-0.9933769496974039,1.3374193087180857,0.005148131423731828,-0.08409239216378972,1.8167637679934272,0.9864442148737179,0.02671939073989449,1.940026595167234,0.17851319791583742,3.5325356949120157,3.505099707649174,0.801829259103793,-0.562364119042504,-1.417375755499738,-0.24578461183784853,-1.6579964568695402,1.6499756683183722,0.01827570817559776,1.0197403049198928,0.5672133693939612,0.5087482954309217,-0.7892732240123461,1.6524339912040213,0.734157758107437,-1.2178576870908004,-0.2102737903005355,3.4019144278198774,-0.14946092665470975,-1.9444351922786436,-3.622064936056919,-0.3791567736981694,-1.0070683102964832,0.09759425428972618,-4.025182977393788,0.4811469292717127,1.2564231318593628,2.125725158265596,0.1258964251096535,1.2790779389501183,-1.0559765580034997,0.8465992668816985,1.0951119185044664,1.1549401578531582,-2.3843470542665393,0.11475723831180673,-2.5099374213312045,2.385189671949082,1.6972000253964417,2.109752659338877,1.8180488912464383,-1.5943954557374862,-1.0586800104882381,-0.766397682462109,-0.649188071314718,-2.633024929815017,-1.733989795948581,0.2515140011109773,0.9385729365000837,-1.5569602984856084,-0.4471561085857047,-0.725519542383,0.4685376325487556,-1.4403759326787728,0.5632032311425672,-1.918532913802175,-0.013624467702181453,-1.859581463175317,1.4045357949706867,-1.7646715312792385,-0.9934946338946165,1.2244408392592536,1.8365645077610795,1.7766355335203499,-0.5142701497252915;0.8215512650120909,-1.9017922561390281,2.4080134608365173,3.140574960972124,1.250968248403086,-1.9400248452122197,-0.37363303885948296,1.2775076270172043,0.13717496224880252,0.2571894300273986"
22,-0.032822650828817634,"0.27985191852309516,0.21972475920954404,1.137736604953123,0.45222076207035844,1.605824518938857,-2.1493305160497163,-0.7895497582695397,0.6052256486643124,-2.544914838683283,1.4665692966899049,1.1248904936980235,-0.15937750916422222,0.1819039557578746,0.5604859593445122,2.2371017292711097,-0.432638417226872,1.9175989697812261,2.4230994531412,2.3987879002474513,0.6411291216931654,1.5728524150138496,1.110413645271791,-1.3404688955311077,1.1152779229326293,2.00740055856542,0.21333945904934715,-1.9552813531156537,1.5812519778017364,-0.6300157301723104,0.611064589336581,0.2800778866214144,2.8018639583079485,2.554673711038083,-1.867045449103404,-0.6616214299376487,0.2236137674824074,-0.3008483553074217,0.175758203169662,-3.1907645705189562,-1.219296868878801,-0.6026713298283566,-0.6604516780832317,-1.1337501384153401,1.5943637399330102,-0.2954603047404538,0.5660897338968104,0.4045025986873393,-0.2426587450999675,-1.9304910680547656,2.00250927404215,-2.3810711320950833,-2.73257147413849,-0.7231404033199837,-0.29400835176849893,0.022234670049043115,-1.533725784359409,-1.794174177477973,-0.12315821769883661,-1.792194594955381,-2.848433970226824,1.2315660711969465,-2.301965299801843,0.8108847927676186,3.249331481411651,-0.45493563044366464,-1.5522329475132817,0.0441347512235315,1.1995642308559893,2.121153730514604,-1.63722381260372,-1.5607217184366728,1.717817288526315,0.40023605443485977,0.1803199477824194,0.13738770570722192,-2.5034122387293216,1.9801622210334107,-0.23741342662982917,2.0262969669383173,-0.33244589257171986,-0.4092343165649657,-2.057155833041425,-0.39986898374703883,-1.63737954367952,-1.4456852297359055,0.09302737573669051,-0.3677991732749538,1.1286014710711048,-2.439354139674826,1.6103669277976522,0.5572831471317998,1.0654872453978834,2.8193793435724794,1.0666349554970436,0.33703755641452526,0.5202594534068672,2.7589202151096104,-0.7424080144459388,-1.1376656262305136,1.1717138895503192,1.419256272149954,0.41202651255616973,-0.7320135577153002,-2.8502771280027215,0.37087114641573526,2.6784020289374624,-0.9375200407485959,-0.35616568196139065,-0.4135625029666087,-0.68642993668029,-1.6849640434176612,0.17878692697252394,-1.6368024771491698,0.16912429089774894,-1.3676588634367686,-0.19402834158877724,0.4281400958366207,-0.6383218372920013,0.11879000983445642,0.15107247664337634,0.8128981229925822,-0.603735816339402,-1.7329854403057405,-2.7860943462623604,-1.699857194824047,-0.46209572161628215,-0.8411610169163037,-0.06075215262507806,1.8898921598166745,-0.8791688168136579,1.2365856770444423,-0.014590910546109281,-2.390324587464444,1.8187236481798754,2.131193665932029,0.6189131397348557,-1.2808437472776446,-0.13620711763115312,1.9775680690803803,-0.9944284811466328,2.21593064057864,-0.20914122095202692,-0.693863684730551,0.07342329834229491,0.30846075184055566,1.6290850240271901,1.1081513206034974,0.190643179137822,-0.8353034536938191,1.3789271530220244,2.3144739939789143,-0.2852170717233613,-1.0880413977545904,-0.8492953049171086,1.2882997623227583,-0.5056065520491128,0.8690360078473215,1.1785794327314867,-0.9898352867102138,-0.6929602429359691,2.1776863355204035,-2.8381972895779786,-1.5871952942572407,0.5914614183157534,-0.8345568144715524,0.3276200905611619,-2.532248085266509,-2.387129277397695,0.7227013443046194,-0.8244600161703337,-1.2283348090115278,-0.2965554795045784,-1.180856588563502,0.9056873168254838,4.837706941192905,0.7630824933984854,-1.4059356366889286,0.00041070578393026524,0.8847219872887058,0.9647936128632728,0.09791187259877165,-0.7189727742928675,1.6927948490818965,-0.4251731524707295,0.1168898691810939,2.0292671363211148,-0.36857136616123926,-0.36107441294917214,-0.008173632641614914,-0.33763812536303317,1.7898568933759473,-1.586053725835825,1.6706455407105207,-2.9570826579110023,-1.8150164068703805,1.9462507354702587,-2.780115062448318,-1.8822026417784894,-2.140057768486934,0.8732891086558864,0.8570946931712005,0.5910093095842189,-0.3938969232531291,0.627417222757991,0.27430789485193396,-1.4465271434504001,1.5852633530381273,-1.1837508309099718,1.9299277589757786,-0.5270743134928486,0.40897601716267395,-0.016008690516096824,0.26591842619000156,1.4544660608917976,1.1470703857947695,-1.9391570119947095,2.065184568580639,2.9080805922215136,-0.13974733442228476,-1.9624280722722678,1.8058774027351256,2.9575639587050775,-1.4868973158133445,-0.8466015370696285,-0.2915289637303057,-3.2339067043941476,0.07372469422781158,1.6536388422443642,-1.6890851696859337,-3.2253156572723016,2.4623070973582517,-1.4251198361338377,-1.1687911717308923,-3.7079523497409808,-0.4447605560104865,0.930801804676837,0.5841145851969677,-1.7617295438955214,1.076294794967755,0.23302715876551583,-0.9005382711117901,1.4229757992069862,-0.6354329881827022,0.6126977554828171,1.8921232383014175,1.204985698104794,-0.13753718400863707,-0.5567454282485484,0.28499217322201464,-0.3887773694413987,0.10913315332875606,-0.634434660508425,-0.9579363898998846,0.11918810472427835,-0.10451807393908286,-0.8450127016483256,0.14815778091999243,-1.8587917697688794,-0.011401506272092743,2.3221784267306598,-0.039608899521074686,0.560271500175881,1.3706213153660822,-0.12936027912220527,0.13114479378347033,-0.7895525261792384,1.1145397444876977,1.7577497580129087,0.7317608420484989,-1.3022348217925683,1.4452189120006196,-0.30025127886176084,0.10288416998748995,0.021331971978773567,-1.7836758929744025,-1.7654095569172077,0.3209605371050761,-0.20782922612231824,-0.016062835615266086,0.10028511496438974,-0.7068388035172729,-0.08869481794236289,0.6056388669365947,0.021965189350756642,0.5121578699702813,-2.490783740805846,-2.765073896417648,0.5745152877601905,-2.6186411534193024,0.0016708933465288123,-0.7227113941144013,-3.2083777091645644,0.16661742559975706,-0.6033420423024843,0.21168430020481144,-0.6235957774835901,-2.484578075906082,0.03203397410816072,1.3839446636659132,0.6915817249397465,-0.25685947260571884,0.9261879573556302,-0.7736224160276879,-1.0187221919349216,-1.1491219663918455,0.14633655754679653,1.560385747999313,-0.6994417652553577,-3.7431566712529354,-0.8581516066032324,-1.968516616092552,-0.36047348991422773,-0.1881565100347588,1.0308126300220306,0.9622364718893291,-1.9319521054746742,-3.0823689371603904,-0.08310364468749232,0.36850165962684933,2.6813160474213653,0.4280549621787795,-0.27392666038947716,-0.6523458579319591,2.0119438306821786,-0.41705047533825534,-0.06775153066426876,0.39428330511962184,-0.31103916639503215,1.703655928706322,1.1455195429399307,0.3572492295985694,0.48797283102727385,1.9429505673586454,0.43447257111944537,0.5092315610779528,0.33755952591217486,3.0651763144915223,1.6589748538672011,-3.847925872302105,-0.7553809144369086,-1.6855430551396058,0.3127336853908991,-1.5227647120476342,0.5864543827026583,-0.5372603407874225,-1.6341001821398742,-1.995538028354357,-0.7671551699901865,1.0107058378189702,-0.007675580466529164,-1.3580595107595521,0.6515114516169334,-2.600099307806673,2.2921273827748414,-1.47669058705759,-2.6266364208022694,1.615304703851888,1.2314039507788412,-2.1397665759529985,-1.5420903857895025,1.367268516087656,1.507030962922393,0.8023901827732667,-0.1181961860052135,0.6524736521860897,-3.084867799792505,2.1558709326849055,-1.0312124002528424,0.5366939475888112,-2.6314740884699246,0.06521460646490884,0.35276529291180436,-1.4856108109819455,-2.987570008108623,-0.9730857719666465,-1.084069266224728,-0.7653172568175887,-1.171837035683317,-0.6738760858002086,0.27574220301466007,-2.6827408712749925,-0.5273002671587039,1.386124631226802,2.4216680188889064,-0.4165720151037864,-0.10967951662981457,-1.4957988462052718,-0.3749994872869116,-0.08436482028151115,-2.714597010905763,0.3993618942169476,1.6239397504043076,-0.5699423612970022,-0.8890525018230486,0.7802266329074542,-0.3319571636379346,-1.327135067655221,-1.5065543567055126,1.3886056110822549,-1.3474120974477621,-1.2848681281504926,1.5731096181538804,-0.01786665345319416,-0.39496685905998286,-0.6185692956357294,0.6592915722203573,-3.401378180059014,-0.6774543570888623,-0.25732425925092356,-0.7245488021198572,1.1819272571187014,0.2931325357313593,0.39696341524305323,2.1334047841496937,0.3755769076252441,-0.5881766886520515,0.11599210247596514,-1.3395965124171636,-0.3496203790157476,0.05786589029293426,-0.6741228942198596,-1.2938563049215495,-0.5160353548042731,-1.1237150114815928,2.6241480201405887,0.943856934252062,1.1099824496542998,2.335129324239472,2.0164790905161314,2.2236363830894783,-1.7412649604438162,-1.2017625078391314,-0.30812355205142905,-2.134822774097301,-2.116946804371551,-2.0487180466466715,-0.8592362805181393,1.9529372309127888,-0.7012840652709716,0.8232526609698301,1.7637531605847396,-0.13279656874546875,-1.455622854459282,-1.5980556692186452,1.2434057150124669,-0.4211932371607258,0.7416372672953802,1.245080411569798,2.026778310749841,-1.3424972743391703,1.6435157420328537,-1.2007450998573157,1.6323912523213175,0.1866380911536969,0.41487594475100054,1.9668426009296547,0.3727061717450775,2.0931777976596053,0.7351525091099748,1.539434889859403,-0.5152819104887242,0.773651208767994,1.2124794936001924,-1.4767034474853893,-1.600539542331287,-0.4545668159655568,2.2322114157553927,1.7515109671560174,-2.3604053831834415,-0.1169091596435274,0.24275006396868845,0.21957643533444113,2.4670850142959218,0.3510678472781843,-0.4188766262275415,-1.3375117190371226,0.8620661649241511,1.1416202990742628,-0.040414759844542014,-1.1315827074165279,0.7296660554363688,1.7436038987839602,-1.209401330756454,-0.444620091102924,1.9901490868983416,-1.225812522591967,-0.8607805775310848,-0.6517867923280264,-0.23583676954379695,2.2191246742799775,-1.3638794932611158,1.20562620142306,1.8322397307573137,-2.7286359689129265,1.4614044567469975,-2.5420682790728133,0.7272706817650287,-2.4361938629630293,1.2488082796825544,-0.5656413314169765,1.4232456391559607,0.5169260618988585,-1.6133037705555209,-1.226890998221748,1.8053763630714401,2.9427747237546216,-1.4172890383375965,1.7706415705912173,1.3747632954944613,-1.2699650450682316,-1.4572681245187935,1.7743691612985695,-1.1424282241358077,0.96522343241296,-0.6223537045705851,0.6856179050586588,1.6156896056769465,0.1398532889502927,3.188740613910928,0.8113258488402075,0.8229321976415314,-1.5149205591244974,-1.956634680085637,-1.2475718582718924,0.8723880742091925,-2.430545450208091,2.803208530188609,-0.5973512918395772,-2.0116437900096593,1.8392633788152655,0.6220934754482373,-0.5922840834255161,1.5858181059703695,1.9276431634856186,-1.722738799455007,0.15754802392014622,0.293207596226704,-0.4594715052684022,-1.2872228039845917,-1.1887830349286737,1.5866603786587388,0.9669575616751744,-0.950381872521401,0.2943051136303183,-3.8884206739327576,-0.8073994891499131,-0.22354847273367295,-0.739521774745923,0.6085066419554235,-0.6130598582620294,-0.8664300202955881,1.3103634391647936,1.131364582870712,1.5437171174843394,-1.1422778178709425,1.538981575217608,0.1076618749002406,-2.578018865806962,0.7486810660940368,-0.19803895139843497,-0.1710535772585613,-1.4293722680074454,-2.7679750856543475,0.6738126247412036,-1.5684400149002213,-0.651964703379178,-0.08837923950553983,1.572987320288388,2.12162669960929,0.043482333350326974,-0.09688737759282506,0.14453888291038486,0.16635913559171012,1.140034108856558,0.9439703026858641,-1.1271916058139066,-1.2676990498192677,-0.359193175882329,-0.336508547334025,-0.5651724841851167,-0.6625448891709129,1.0942691152725952,-2.1663898347185078,1.528046330848084,-0.7356302184442041,1.6104428744606596,-1.0922012429987056,-0.11062461836807347,-1.949535084779551,-0.6290189632480029,-0.32703040870506495,-4.39084104636536,-0.07381696377921443,-0.7739255157564305,-0.5281691467007521,0.33415364164621014,1.3405068353798062,-3.4181827457819143,-1.3378402590320553,-0.6104466567148263,0.24771111988132455,-0.06289377277381021,1.3672376430169415,0.03271827680962436,1.8824065440577098,-2.1291092819071062,-0.6186996544371478,0.17423356486471292,0.4250277535877276,0.6423726397713861,-0.5032765501428382,0.24880766762859008,0.6897344323131498,-0.1302561097429492,-0.574579851413306,-1.2270311722811773,0.8382924761383584,-2.321486962217742,0.08092527822149354,-0.9187461077196895,0.4461341705700318,1.137101210611302,-0.2809608845297986,2.4843509232808265,-1.1394742080659381,0.7021864352577034,-0.21039383709236048,-2.063184012287227,1.9429944744665133,-0.798012511391313,0.9211637479886524,0.10388422079140855,1.3661866836465248,2.3726951377309256,-2.868848013374544,0.3288119829615954,-1.3812447377386445,-0.7645844094653931,-1.3851913300284004,1.4919923027617452,-2.281508157333151,1.9921980714575867,0.2787305424686051,-1.1122716697543407,-1.3441585829518652,0.7369206339551657,-1.0803466751743005,0.23537642253977475,1.5900440738252315,-2.6928391301218038,-0.7979953960240634,0.8466450207354278,0.6066919587004618,0.17044860455727728,1.2373633234314632,1.6283001903478067,0.7509614747212949,-0.7389919049039169,-1.3051460826125425,-0.5081145040802799,-2.980003982314389,-1.6357860286989498,1.0405227720024712,1.6061248692050358,-0.8463511125197916,1.2837502529245661,0.6259360200806194,0.45572761257639605,1.2245608436832232,-2.4124818742919256,-1.2030558717592195,-0.5298883219122578,-0.7034165241663617,1.0618712702485094,-0.12402001832380993,1.3706890777559635,-1.0872154352148622,-0.5774416350752232,0.5688049593391747,1.0568608852795331,-0.05392223404368557,0.24695860177351375,0.11095497458402881,-0.5782946759574464,-0.20734658652125804,1.431879741287595,-0.032439718345992546,4.878671036834087,1.8872683793366383,-0.09394543827856948,0.2745130672107359,-2.900048460315084,0.1502331717133507,2.4520552642858604,-2.669551576308281,-0.28955381677068603,0.5544997442559594,2.345134709299976,2.595637362606795,1.3534450156756401,1.876149749541551,0.19580013058230886,-0.979087152230822,1.697916580949576,1.9547816434291523,-1.1786422573052113,1.2858472402928023,-1.504819309713266,-1.9173311172536271,-1.2919105945705598,-0.03745433609542241,-0.3495714170584723,0.17496311268045972,0.9496132516520129,-1.5543198727217238,-0.43352893347195354,-0.07364084449872876,0.0533738941703471,0.29040328465168064,-0.4677583695904503,1.094554718313408,0.33591543130403045,3.6474178942646516,1.4616389770588216,-1.879503497225098,2.1651193379053475,2.8934309769566924,-0.25559977715097837,1.26011992572314,-1.6718877919329715,-0.24286982342003938,-1.6210174680120883,0.49792059167840225,-0.10370216364343543,1.2561963901288267,-1.6282633692510204,0.06995784100396724,-1.7005864285021615,-4.000374367903583,-1.8518079233482174,-1.3415252597572507,4.257974504823337,-0.026082251020466518,1.0748673343407367,-0.15661802449623272,-0.8438069961622265,-1.1238902163553688,0.04380005605547632,-3.0202283375612584,1.0263506955176576,-0.9414256450913816,0.5715708183661867,-1.19908453470861,1.644143874643312,-0.5664501938563913,0.6644647609694231,-0.5418379397511494,-0.7539952733248115,1.4981769403129641,-0.3498010888099197,0.7542099976937552,2.261996576031881,-0.4214433062427183,0.3996055144821923,-3.2719663879431558,0.6548238627867827,-0.05072750522446201,-0.4177220075879887,2.9466146722931894,2.338943792392283,1.9362169389386163,-0.6884796407784743,-0.04537051147888291,-2.020986380898617,0.6582046224019202,-1.6936148241998414,-0.18811211348335172,-1.642821340672419,2.12157321656672,0.3924615653347652,2.276410957316112,4.5783296769007125,-2.856482006539716,-0.8834255613308293,-1.781511757650482,-0.10767440403582068,-0.708950843220336,-2.4506051837100795,-1.4106152530416285,-1.0542776611253342,-0.7639151255775372,0.9098012437449595,-0.8308475034738027,1.5030265209708684,-0.8756555568360176,-1.3983020002233528,1.472412752169537,-0.6303980601122178,1.404800957880647,-0.10948033833361615,0.7808972382828414,0.46446967396799166,-0.48890678640209184,0.4917961406175251,-2.335414938737183,1.7837787793736686,-0.7366442653082407,1.4028713697793735,-2.5047319952636067,-0.9041952274846264,-1.2378541224213,3.1180704789361147,0.522119270000165,-1.056652417839304,-1.2826779816079121,-0.29711124963220986,-0.1170925705243685,0.3958931654987556,-1.7364898975734215,1.9601542884368035,3.8120445909706744,-0.2860932643564398,-2.3034362659999834,1.332297957004692,-0.20278001420680655,1.0285343677291845,-0.1880789147599467,-0.42859455747417663,0.7337088701653359,-2.341137232127031,-1.3603081965591488,-0.012015693499474955,1.5118726956471829,-0.8758993975473748,-0.9258442330740588,-1.8069681189167657,1.685081532124979,-0.3690835418693723,1.639350933586954,-0.4530931448541853,1.8096282949791884,-2.313543556722179,-0.3328065664380394,-0.014696847365490928,1.0820089330284668,0.21628545538457278,-0.1266768047271265,2.5214444376728937,0.3412024509510785,-0.0762259771176802,-1.2304359222144174,-0.10339774073309238,-0.9996537182729321,-1.4873900486186482,2.0864184566360993,1.9551835863425888,-0.35591238659251195,-0.18868257336656175,2.3734659714075166,-0.09431666164149995,0.34737872217098564,1.059841694811551,0.2939587568876876,-1.762831313393077,0.10644876620248822,-1.3408032529340805,1.1408685720015128,-1.4321844035877795,-1.8293428367466795,0.4286823090915756,1.5970506537376403,1.2406191973792056,1.561089989145655,0.4795547332425124,0.9282281436918723,0.3849095422911426,-1.3249556994194065,-3.1169769250509525,2.5806703006037264,0.5643330906446135,-0.6821248556354054,2.4623508002681427,0.36265786709584635,-0.0872763886353145,0.008134059765717572,1.3391240244436005,-0.7666915299784348,-0.24511036194295854,0.3949804349872158,-2.051980996140805,-1.3502189716567932,-2.0859226696137427,-0.6174572786184708,-0.8078153359487895,-1.782955920020707,-1.9535548259009832,-1.441767199233241,-0.3377628700832591,1.2891482599551207,-1.6910143559660091,-1.6165108641381651,1.4859696589975344,0.06837066227507416,0.668023452822188,-1.7413067188443507,0.4545136718006162,-0.9896400550813202,-1.663287894995347,-0.21790169528718795,0.25038690290694204,1.2726036670458232,2.2747537506394293,1.0526663741851932,0.07995862074620985,-1.1570817557026216,0.37583328737525923,2.9108730038160386,-0.03560846224773162,0.5570565533272398,-0.03244978208438598,1.344933802102179,-0.08953165087595916,-0.8854942651487626,-2.0669925338714106,0.9763409877595216,1.189327776905627,-1.6352658617124276,0.3889650340314553,0.2157425895674923,-0.6341458994341328,-0.07288402534839888,-1.8774998330968935,1.110971112990789,0.6063663663300132,0.6099493330495793,0.20818318130248176,0.6097249465573193,-1.701255799472765,0.27347589505663206,1.124602160068575,-0.23987271441311314,-0.41401937177070725,-0.7974751319533645,0.0776204234075755,-1.8194406921319812,-0.6017753129123559,0.5922052833860744,1.5765557315538425,-0.6520798702483332,-0.8580843348037872,1.6557090539001207,1.0196697587683357,-0.9013262678528626,-0.27510620947025366,-2.0766237339411813,2.0869886158149242,-1.1153424015384468,2.568158493142332,1.5349941841162513,-0.0710410070159721,-0.05097839765329781,-1.2609490040894387,-2.2993972422882254,0.9227912080611183,-1.1085962542647239,-1.6417512456411956,-2.8274403117688474,-0.03657752396747316,0.07873213624134856,-0.6209921479356172,0.46646731242956085,-1.4296898661298845,0.3607304883530196,0.0652110388909154,-0.5846778598684146,0.4742284953735487,1.2081278666822726,2.840871565401049,0.3279268033695091,2.376879954238441,-2.7147138649312716,1.3485154206273129,0.786533570352647,0.1867136999872462,-2.6177583509589035,-2.1266427054196413,0.8661602671340984,0.5474468615528952,-1.869728370679802,-0.6531050181803822,3.4714456230336443,0.8184658979452528,-0.36524717578469673,0.01754505375092842,-0.6539979866235975,0.032018518844414756,-1.1057242531593845,-0.9234394903200467,1.0346717726365806,1.7275239769041806,-0.571683423152771,-0.38608487080973775,2.1125007685381134,-0.4738486167408372,0.22004442848045097,-0.6104457807585031,-0.20030514192510152,1.8629526876002116,1.5884710119408647,0.4823287842440496,-0.08619474246498415,1.5547380879885626,-0.6427482799736333,-1.6777566358661582,0.9473092835665119,0.347915459382038,-2.4787850504716005,-0.5014781370592416,0.04452935214568246,0.6278855393397814,-1.5561885510526323,0.3983088998398293,-1.046715464950457,0.041172249467077926,0.3462943116551328,2.3377977308358897,1.0806246813286644,0.24429890428795809,-0.8462973327604589,2.587586022516749,1.3098060697033573,0.30497582171162907,-0.8890227072112689,1.271025240987889,-0.04247371691560832,2.1964046444882346,1.4901280614683,-0.6304426517671382,-1.7700769962566367,-0.7023854643547262,0.6114110617073121,0.7440258048757878,0.019203433926315183,-1.324779774115117,0.20074103413974997,-2.546822769891748,4.108569568535886,0.9215950549404048,1.6169034394780275,-0.18453992455179416,-0.08880914078988456,0.1027281250703096,0.8332867989498955,-1.9257811213108207,0.21516168952874293,2.008570449025717,1.1195970729673492,-0.9485911656189654,2.0667438988923212,-1.076444976160432,-3.0328574534477832,0.1852265466917028,-3.0576042697196115,0.3168598749187669,-0.8745319009643279,-0.2706772570021966,0.9044383041421479,1.5568101843488398,2.7702132495727914,1.0331153939534548,-0.8376955404468314,-0.9814713752141279,0.8410208677476478,3.014741575619363,-0.5285127334265577,3.253403315279198,0.236655695843826,-2.534664361621403,2.0773514207891495,2.8386016170822117,-1.212086663406495,1.5217490471529782,-3.091629819500742,-1.8384685881376432,0.4058963337078369,-0.6336490292930255,0.74843176117605,-0.03644016091769031,-0.16163548353288215,-2.1039918321680036,0.1357424748157216,-2.443004279098119,1.3762866847713917,-1.170529155122047,-1.4340346702029692,1.8297955692080856,0.6209520046257162,0.3509378095313389,0.20977633910608923,1.5485362507229974,-1.8688485414913703,-1.594226454279098,0.21766652873809514,-0.3213729268492172,2.073590670127266,0.6057708942632427,-0.47718440721013344,0.10693111315806991,-0.28396825078581356,-0.21211381889391911,0.08675072901939965,0.7012864028013911,-0.7100671401474008,0.31214390484989807,-0.2076953677687905,0.46926591256433486,-0.5083182009453086,0.20894862991776367,0.7749973836814935,1.3906377604135274,-1.2098398487931468,-0.36083862729707783,0.42793274731027486,-0.16659600304955258,0.9385918454670152,-0.9140517968184778,0.552669030234655,-1.3062135213592934,1.9830083501695637,0.9820945649573813,-0.5563464340090476,-0.6736342438911642,0.984878576496492,2.421843968502501,1.036472996612887,2.0780496168265543,-1.3543877488959783,-1.9397702170157158,-0.21105872593970632,0.34873634909437673,-0.7519782838930578,0.8186878374826922,1.71795305933292,-1.6562074848480242,-0.4816099102684158,0.6507585376604007,-0.8925900929549124,-0.8508116464196628,0.5666239037262866,3.1043833491043893,0.5864559020341362,-3.31413908704518;0.006541001882320152,-0.7803701982340712,-0.5100137339608194,-0.7198135501551561,0.7776736967800221,1.2800211912626567,1.6387819343489836,-1.7993509610578315,1.9294067134145392,1.0124994102313285,0.8746862222768861,-1.5839828156602482,-1.3728591987857546,-0.14477756738364783,-0.3540324733917143,-2.1041985291948135;0.5660574588320672,-0.48348390840381605,-0.8179372904264822,0.14050890428560542,1.6491913233344617,0.8609101045414628,-0.5076927701800915,-1.3409720359812798,-1.6820672836977855,1.3160994518504814,-0.9550822881358275,-0.32551341299493647,1.3212111260775763,-1.6139014554789917,1.4922645094750588,-0.2536404538925019,-1.1485833152387388,-0.24735092714891319,-0.7225967814014777,0.4408197989057157,-0.6481324338877777,-1.911642210919043,-0.22056253440898946,-1.356545052286539,0.20431988398831977,-1.1871303322833242,-0.4880128031720859,0.1825878042143362,-0.2124587250342695,0.25043028300104486,0.6802871657177568,-1.157933699731306,-0.06439754062470791,-3.329503797508129,0.24733330168252382,-0.3008141303748423,-0.9834497634779713,0.31571942229652405,1.1726975771850674,-0.4760177475989431,-0.9448144902417202,0.16502526243871166,-1.3356066666463606,-0.6603813705355391,1.2224021616505023,0.06217922981228763,-1.8794669639461663,-1.796991647279401,0.16208569264677555,0.8623905759176876,-1.6176214586261501,0.4497126074965085,1.3303435074897187,1.8878589879586387,0.3312227598598763,0.5068025945524742,-2.133184427628144,2.099752547995989,-0.5754902130961214,-0.9334711584250414,-0.2552061344396246,1.511673414185431,2.208046047543548,0.12540867947584441,0.9980841726036552,0.0432040486855039,-1.037795473018184,1.4767436707882908,-0.622127480356389,1.5355307733718824,1.2985413297690838,0.6140362639572081,1.828974756254353,2.2323460331857383,-0.1752433629643115,-0.8087941184164312,-1.8642698372564723,2.244682255430256,-0.43968200891844966,1.1350368571017395,-0.7412553675094832,1.538265640912035,-0.7001175918154133,-1.1917191336173432,-0.20850643095375032,-0.5317757009616373,0.5962997854612124,-0.05139492719252362,0.6277023945519214,-0.29102147308529397,-0.6651073710188052,-0.5835605478960735,2.0449387980310263,0.22517093222693582,-1.9837622094530445,-0.520209013454081,0.09686603247587562,1.8453996812503788,1.0286987158898995,-0.9217178364819151,2.418355753572451,-0.031160364801477616,1.2463298110749446,-1.1550084973999026,-2.3981630952508977,-1.4084314903683608,-3.250333476195706,2.1120893272529084,0.21453291888641599,-0.9246440184480313,0.4526240299801209,0.18933403618016584,0.6209333956139913,1.2095314011362686,-0.2899211530250153,-0.8798393061009868,0.8277752143719177,0.8023327778844658,0.10073580812134493,2.1775541886807726,-0.43782212286165223,-0.8998579716352683,0.41809142750660166,-0.6749378569134983,0.49551652414489566,-0.8330082558394399,-0.4002422829318855,1.8908404200391653,-0.4055873567476789,-0.7988515440172963,1.1706787887065002,-1.0510419502866937,-0.692943230147068,0.5765611205089946,0.9384114238732918,1.2204763910810745,-0.7472218322204848,0.5960086729861199,-0.46610819954417965,-0.6056556335106323,1.2032127822922853,-0.5495543958595862,0.27820459602097986,0.15557946923063878,-1.0707543763385026,0.9660928553563207,0.5602808936789537,-1.9862906118704209,0.2774211112373432,-0.772973434166621,1.0970753064126277,-1.4453998367807581,-0.3564769686295441,0.36202455098846575,0.05434029414187518,0.7629582567139714,-1.5184219860092891,1.651914336867378,0.5251446587882714,1.359718213000896;0.8742401692332417,-0.01161011445504353,-1.2841982109111607,-0.5635531812487009,1.5895633328625773,1.3854377816563823,-0.61959998010369,-2.8183042862021788,-0.21268973430511875,-0.2877028881291165"
23,-0.03795989367297936,"-0.07906734186455629,-0.5791241096357465,-0.48083378951197936,0.696167997159289,-0.5176925728692147,-0.08809124402907328,2.169936588080543,-1.423682636883923,-1.8518427315746586,0.7835896647986067,-0.6786430612941032,-0.31823752774262026,-0.7811563781311142,-0.2598001407675125,1.5985381120963413,0.8021284586181193,0.8622235118869771,-1.4162270557926455,-1.1511537365528692,-2.839078659485427,-0.809380821082754,0.9567031863856584,0.5169465157483709,-0.2215132629521239,-0.02230028371805305,-0.6888855425754056,0.20475888240178416,0.7658782794806148,-1.6158867874104728,0.29964768783734813,0.9324348709546673,-0.4151002889633696,0.7007006121205837,2.814654444472553,-0.10434279298689192,0.3933070500053236,-0.7380570836613916,0.1812511626020504,0.46027162498230384,0.19484234027013805,-1.0196953197088567,0.2063617713254507,1.4621959387176369,0.4486357645145273,0.961987189071841,-0.23701197001262772,0.7499002394237105,0.27926783821652595,-0.950910729687232,0.31852100479887446,-0.9916966634403105,-0.6328802748847919,0.18932830729237413,0.29724427338012405,-1.189232465077129,1.0539857711828762,0.5720062783004729,-0.7047284356108838,-1.5375847964491753,-0.1449045790814313,-0.44594371386116016,0.11314045705302281,-0.3631166611555665,-2.00745686074501,-0.3883469383011584,-0.30561911106831297,0.6336610247740587,-0.6981996746110497,1.6786746733725662,-1.911640550651757,1.3111674978026244,-0.2243189708781048,0.8595848723435562,0.0798014840587331,1.1395555360254692,-0.38736196455281124,-1.0986204251778122,1.4205042872710631,-0.11348064588214118,0.2215584736242106,1.2347519140447951,-1.031955242094435,0.5954908976392573,-0.5898947564628909,-0.13216935564437185,0.07227896538428889,-1.500221861446936,-0.7788370428204348,1.3510728924131392,0.8861911885847956,-0.06263957732723487,0.24312345851289308,-0.29424250563645765,1.356583385827982,-0.20035257779416388,0.23184209213484805,1.146030144142065,-0.7773714848459066,1.558789184496894,-1.5304614097433769,1.6296421311127987,-0.3726755839519746,-0.24269874782528175,-1.890010171182943,-0.4547947173776929,-1.0398065310268843,-0.6076463453734726,-0.1373109657888796,0.9577916144729056,0.20760335140062577,0.30767665340111383,-1.0955193888455623,-0.8807540896027302,1.798725018351312,-0.7352010347632466,1.6562082520572956,-0.2430611988808665,0.0022879361435040493,1.0703651602299298,1.2718924219386565,-0.1108125602790875,-0.3882430535215389,-0.05592044852221312,0.3379575282321183,0.8913036868697555,0.004229858994151577,0.6188862980231536,1.638359732270941,0.38130961226478466,0.3116528560047783,-1.5189108250900678,-2.6307301368290634,0.38837572923016833,-0.09482423128087224,-0.514782674914742,0.24353020418634463,-0.06040372919690829,1.1277802506338985,0.0861108682589779,-0.7469232850701676,0.990166238959289,-0.21713107494620248,0.5265366836723071,-0.47741070619280046,-0.6498268854974364,0.08416823018569615,0.01282864354368512,0.479827035366833,-0.26864575330974255,-1.8363597837703973,-0.43277388358838864,0.7938184671438157,-0.29737607924310644,-0.24638340251454802,0.9863765059059371,-0.7119732272589228,-1.5428032182428997,-0.16063111952549436,-0.484173951248737,-0.966246319753254,-0.17537845589869072,0.49150564724678364,-0.009288561567815747,0.30698107268623775,1.813407698515423,-0.3428788615575641,0.2783486346446696,-0.5092133625991345,-0.8463597198869729,-0.5849076534177698,-0.47875857152168855,0.35947579754712555,2.3490757867007575,-0.7160434362758403,-0.4166253056154625,-0.06312301311124825,0.3957988487097471,0.26355081195478497,1.2840957939481172,-2.4263920705352082,-2.3869298701956727,-0.4958781720101493,1.0973001875437087,-1.5656480316055963,-3.007632339693757,0.5711794062192087,0.24365722370271442,-1.0902084067994298,-0.9855396007209299,-0.9697437196346744,0.11053531747394013,-0.626315276183007,0.49406391897551966,-2.854626662904391,-0.8568518651277993,-1.1260539609110503,-0.2563406783724922,-0.5380477584901385,0.7978437798957666,-1.8593367716600575,0.045491476330752,0.5583364232117055,1.8566474365619547,-0.4817659710934752,0.32445860435251705,-1.803862792562365,-2.391956204313024,0.8447743757816999,-0.005560293648070566,1.1785126897984228,-1.3734028889697492,0.5199021395287525,1.8688178405438531,0.4197056083572659,0.27658150559104877,0.008556080824349832,-1.5708814571259122,1.355572935710348,-0.6108576398050658,0.5044832563830169,-1.5630343065712535,-1.1794596645077804,1.4350873992222355,-0.34730228895784293,1.4532754760425446,-0.07823065905851781,-1.8418977729578574,0.8920675997317206,-0.5898923177556078,0.6986888135170435,0.025210867540082116,-1.5431182279428703,0.16429476537056906,2.196223142152799,0.4929864585144592,-0.05751775300546313,1.0753434019568977,0.2106684652031108,0.20953423026279433,-1.0916251721591026,0.23384802578959837,1.0354434164169448,-0.8360621521000247,1.4244958212469476,-0.09170602414512598,-0.8877695115385407,0.9976320769202445,-0.2867942357382693,0.7595148874861078,-0.29175863225853715,-0.059826143529903696,0.4935602043342916,0.2908970575900059,-1.9955317804517385,-1.1212437400943918,0.9294099847908155,-0.13213658890154725,-0.5237313027714218,-1.3585740152574743,-1.0797363212758484,-2.0217986399619474,-0.10128071870153288,-0.5984375805810469,-0.9665878909853152,-0.0681234251679531,0.3639706308527381,2.0931979322099448,-1.5118834195632136,1.159381043300522,0.973101561015072,-0.7790927393767005,0.20323595458603103,-0.45763324933761523,0.18568858041873892,1.5091310134045506,0.605606232631313,0.508608373233442,-0.4303093199546424,-1.4840566649243352,-0.2084682105404079,1.2066081548639151,-1.5271678565896476,-1.055089368176695,0.12626773623406817,-0.9846547848472624,-0.7925234471152126,-0.4235985817281771,-1.3656174041901494,-0.9741218462163683,0.7034279167873088,-1.307369782230964,-1.5978721344948377,-0.6300249795338944,0.7319555025098458,-0.19692180799688955,-0.46458107811561833,0.04435879751560705,-1.745707432859652,0.49470565377503245,0.38343503140364416,-0.40930847409572124,1.0059245117964166,-1.1274960989530387,1.127908993253569,0.15449366559525113,-0.3365525898781734,-0.01987363536831157,-0.10726476581094174,1.220282896417717,-1.0766791274710135,-0.7625192391465982,1.0363028920724797,-0.5955349351838592,0.9005330773315916,1.6994359830087096,-0.40179502694163366,0.6813623265753054,-1.1536922813398585,0.7547332980678092,0.1994239859867671,0.4730382821602152,-0.645572072035395,-1.6610834155671725,0.5032520647495048,-2.0634031524794545,-0.3173504922425348,0.9411818664199697,0.19189773587303607,1.9483426447898131,1.0251091525817735,-0.6538983883255765,0.02731337985143867,-0.04737070254443595,-1.5821767633461272,-0.9403989164843533,-0.5607609069798603,-2.0362205028559366,0.047493468251642953,-0.24907184465304072,-1.6728939013115742,0.4042128652773321,0.7158727446909595,0.2270344788648889,-0.3240681752089702,0.5914421517518549,0.6802203604766911,0.3074035697196884,-0.8246122504347609,0.2766007655111807,1.195480650825479,-0.5966290586117302,2.0979393391324312,-0.5256309339853844,0.032407013340136216,-0.6724855960063362,0.22327083592026087,-1.7422216926352752,-0.5460417988167212,-1.0921212003485672,0.1353383478922909,0.9944473755089074,0.6460061871145515,-2.3716593608588923,2.0420696529278803,0.2952799406208684,-0.7764991404930003,0.15712791899094083,0.17618982250269238,-0.6668487169515637,0.1979166673420755,-0.6074722876203072,-0.40436199269002276,-0.6862791357550845,-1.4326712897396527,0.1458364702153839,0.5852994365163381,0.5148835960763722,0.8199252526352343,0.3243402100148682,-0.5327254982169035,0.8396638644311888,-1.357517539841935,-0.9006713825124801,-0.9642000714232447,1.0800560591393102,0.9427885141400756,0.48730523704499484,1.0719298652117972,-0.8792827824119881,0.3485951198609804,-0.12517442838316423,0.8468821038849139,-0.11522423255219759,-0.3849428884100812,0.54090851856099,0.8761691671912328,-0.6683451948468017,-0.0610756713523761,-1.0584406336416528,-2.4980610174929394,0.200459631413729,0.6089053562546319,0.2620668090867255,-1.9495617177543672,-0.35084943007647457,-2.2183477600510813,1.3697011076541847,-1.086054582118086,1.2554036094598964,0.9458696436841456,-0.9005903525360617,-1.132784951267745,0.35037021638633825,-0.844324037183071,0.10248464215820753,-0.48282759080691834,-1.7811584144656334,-2.230468019124459,0.22668424849459717,-0.5615577463306254,-0.5530898169141323,0.6958638390937854,1.1734422766324448,-0.2725447213618092,-0.3405987069098615,0.5001430331138838,-1.3569355696995753,0.223153054747697,0.551885971822154,0.6802302084176292,-1.936752702502465,-0.7613552698089406,-0.8782632528234666,0.09988695440921298,0.48074457976798396,1.4967104074459814,-0.4949654803680731,-0.49757249830921385,1.149672018878747,0.2965769385303051,1.2676515111879738,0.2887280030098363,-1.1571166187132709,-1.3331283547778066,-1.551512249058929,0.6620518347584732,1.188596823087008,1.849362141386381,0.8431053323232401,1.1628385775349859,-0.5800163326536847,-1.1564158167438567,0.8500793324175533,0.41768075223940065,0.10744437434089255,0.3873714806329899,0.3231854824582059,1.2838168598535613,1.2949855848169558,0.544220352340347,0.8458028725629282,0.5140625524247758,-0.4611697320346189,0.7565646749131401,-1.3944950688592617,1.0538915522958832,-1.194522939766035,0.28580328679473294,-0.8451539584261589,0.5533889830744267,-0.03392522592790888,-1.5947559581633324,0.42069963101847885,-0.5779207768327106,0.8811467208133691,0.0013256887344072295,0.39542098538803816,-0.9575689550152119,-0.5893322314273619,-0.4586386361010845,0.8567024802425557,1.6773770878054892,-0.8051717517428763,1.0768481446576803,-2.169677417725702,-1.1941894010922893,-0.9587784561867748,-1.3525086894407223,-1.58358838978758,0.41299891213779755,-0.21406769772786138,0.3794053976051097,0.690472686121513,0.26561699317253346,0.6577631761503737,-0.06953228624226938,-1.1869933883057446,1.0578141808207961,-0.589112132781127,-0.9355962987624259,-0.17791787580439816,-0.912810919296513,-0.4174303819894322,0.3440539215634665,0.3483417392461269,-0.8978300664256293,-0.4877053729487446,1.0743330047702437,0.4964001177339411,2.0750650393485417,1.1801281737415277,1.144293068559939,-1.387868550455802,0.7638603516334226,-0.05310680169691065,-0.5509818035382495,0.1680153405325285,0.9452115346114836,0.5008315910042116,-0.87847380134206,0.7424589135926203,-0.6375875420759639,0.21668311896428621,-0.3033500674771342,-0.2188662517356257,0.7662429750405095,-1.040193719815898,1.945195074276933,-1.8210860692944963,-0.5976676832548571,0.370211889941741,0.5843141664353099,-0.10047572057170515,-0.057390703001542406,0.41055008532761655,-0.2310694774576803,1.3931812579349059,0.8393491142316022,0.8728243510056346,-0.966156723370417,-0.07938842440570287,-0.3004659487207037,-1.0056013756894657,0.36016418394576694,-0.5376457577798165,0.655403829850237,-1.0701915628943317,1.719040612841821,-0.8963326585920618,0.21930233720043607,0.7918593103880676,-0.5706404302001128,0.8524686434329506,-1.2291835978004162,1.4521176991825604,0.014149264965758293,-0.5964114079688796,-0.2991817724274345,0.8089192693927194,-0.5844552918504382,-0.7493576894227776,-0.22153659758373817,-1.176962112769968,1.8205439079418155,-0.5663945912147232,0.8316167861804036,0.2094700836477726,-0.9845340504819681,-0.0059547092127293835,0.784002779310748,-0.18826133508630655,1.193112945851028,1.0215153927818639,0.9189148546583293,-0.45965677227299695,-1.079842447781487,-0.6135876053627944,0.19624094066672046,0.5457867135323555,-2.1715714047604475,-0.00811320161175029,0.15808922532318442,-0.2775442563155516,1.2912738390158789,0.4217800742508709,1.310191908080897,-0.21596052035023222,0.9374774925069249,1.6350663945275195,1.311693449272661,-1.092141593428733,-0.253676077542381,-0.34516470544979644,0.4892545350763276,0.6863535550145331,-0.8388926740257363,0.06783851391693768,-2.0199273321561364,1.44194500580189,-0.5123742406766936,0.05586393984449697,-0.30964971398806124,1.146027575013415,-2.837506441397379,-0.016610342325908987,-0.10581875749769788,-0.4536363875916828,1.7262265456356325,-0.8873294588557712,0.7717961772356612,0.35625278870608357,1.261519252535516,-0.6671890847775054,-0.732968899123759,1.0960699074773985,0.4253213083301104,-1.5449373466767586,-0.5393050144632704,0.386382653848061,0.8377642215465891,-0.6792306531929551,-2.914255989816941,0.5232231857370332,-1.2203206899439758,-2.0173387981224113,-2.832325924984141,0.8139808601977412,0.12861745040496653,-0.22565638071225164,1.3890243629627617,0.6373246830230725,1.6163000427219165,-1.3927354721669964,-0.034550623953963515,-1.6167133749480143,-0.22938233185546722,-0.24861585376667736,0.6266136372630708,0.04556388114189831,0.6234071382799156,0.7034401331388942,2.154928677383142,-0.3152966552861244,-0.941022700666379,0.24608361531640882,-0.8022800271395435,1.481960768436536,-0.28321803894523256,-0.5655763678739903,-0.4713157211511179,0.718417423471641,-0.15774698323148525,-0.6416668201303823,1.665351917623531,-0.8561698406617501,0.03556607403299353,0.6523061516102304,-1.6313351104170732,0.4802605014059249,-1.0551076754804494,0.8227827808340025,-0.9626510119189763,0.6927690318488605,1.1058330662947127,0.8614365256328049,0.2513166482381024,-0.23130094292969944,-0.5764195763348439,1.471034690817104,-0.6994952201676432,-1.0370660735699961,0.66536893503283,-0.7961368031864954,-0.9500634974661272,-1.443604262169765,-0.4829098394605177,-0.0827150238964932,0.24309172766069878,0.9513062442994834,0.5268979236657937,-0.1908722195531798,-0.19819567637971988,0.5101574689151834,1.2725701629285695,0.1263141994832002,-0.46913085421040895,-0.9928660010855455,-1.4452052644122255,0.6662696720435232,0.5779785236395572,0.5773635251066616,-0.1286594463520559,1.4069347458917507,-0.4841184945848177,0.9552692372072055,-0.038742894989543024,-0.6083507646793376,0.5925303073177614,0.4096361186839937,0.3569727592669261,0.08127842205619876,-0.037893081716830875,2.3883719928704386,1.184256645196173,0.7228268949855121,0.11179915820338826,1.0071572005966691,0.5179947763914519,0.02620475277403566,-0.30356432526591504,-0.0809173376626882,-3.1704257358780557,0.21060083929764178,-0.4884760801103597,1.592669998282884,0.01934407081175429,-1.1889634195349619,-0.0498801541281177,-1.0461210850625042,0.4734074157124664,0.29094736433948537,0.9578396311082676,-0.7908817916945654,0.0340080962281468,-1.3650217954266353,0.7014947819247145,0.518871180440122,0.49580502102757085,0.00161903135694112,0.4147728907887909,1.6043391083085963,-0.28509425704201397,0.1386451837100845,-1.0861262991814098,-0.8682609615983323,0.09781329309330739,1.1039335467019071,-0.25628082425157245,-0.23591652931212392,-0.4068852445043747,-0.5347566708443231,0.29497145570882155,-1.4972576451786446,1.2809395766667275,-0.6654222981294605,0.7219034854381414,-1.2699985973938759,0.6688401305462182,0.6719446078144975,0.3842020720058965,-0.9944285217997922,0.249548189598077,-1.183056184734389,-0.25276325509618536,1.029413100955326,0.796701927070742,0.015182942540433121,-0.9748065759228419,0.6455877121741934,0.019381237698025213,-2.3203155982304233,0.7826298263165181,-0.024232833869692147,1.2024512479830722,-1.0952705188428047,-3.1767038131960006,0.2790838583451852,0.29156367668197275,-1.690671627606452,-0.9784995458666064,2.7552177437199017,-0.30561061415380336,0.7309589763762161,-0.6506598273683837,-2.0903028988531567,-0.1702582467959055,-0.2656045602861052,-0.39987823866837147,-0.11464083550639245,0.26426827164563654,-0.15011695125380659,-1.2640061679473638,0.4861847915619389,-1.9493717553224232,-2.0503574572842003,0.7391804947015679,0.5070202721353568,-0.05739536507403601,-1.395448504755072,-0.7079109406740753,-0.262746747686504,-1.5958939685741134,-0.7390286580232329,0.6523303381766798,1.4273053642892164,-0.4194347526585506,0.7564883543160984,-1.9140600705874673,0.6594512411136115,-0.803948414727481,0.30734561670797006,-0.24775241823970925,1.3204140097838342,-0.8744356483399182,0.6276062975618311,-0.2795074632965335,-0.15830547800966377,-0.18385389315920966,-0.8456731044941129,-0.014098965906671578,-0.0626482221218215,0.2412402484067293,0.08450514569286258,0.7979945496122363,0.9235086160473687,-1.0506233218278012,0.868772500590771,-1.1863364271098544,0.587855888137735,0.6197387847028687,-1.911316891662504,0.09297924652940966,-0.4684961133603157,-0.758765257935375,1.3508523306990055,-0.6536791406374189,-0.8063769291180498,0.07569494000509344,0.6855897462984164,-0.1416485860101269,1.1663705456692521,0.5309756619640905,-2.1782113197314303,-0.5294669635070083,-0.561842099351699,0.4793609534294223,-2.624817056374112,2.549009708717722,0.53102609489421,0.1488768039176911,1.1815677164191463,2.343654052812625,0.8707466445884032,0.94881309647162,0.13069002446438233,-0.14152575336694828,-0.47579544400490115,-0.8261119917145421,-0.6870140996994973,-1.3505559643429832,-0.07587145068502332,-1.6846675772263868,0.1909165241437107,-0.03633060804234174,0.14693529838668778,-0.5221315700199924,3.0768603701805035,1.360115900180313,-1.2445425000847228,0.23286808742689824,-0.6080061429373236,-1.014479726707414,-1.340072071123935,0.43221669075925395,-0.6813802350695739,0.9678260240252041,0.993782214530439,1.3739143852114495,-0.8523867660741036,0.4753656106920102,0.6324542166423008,-0.47417817510396487,-0.7717719573928751,1.6095206657759729,0.22749587573205374,0.635967750711738,-0.8220760118279274,-1.2192844665221938,-0.5694497744921104,-0.12402138738999703,-1.0642200068173489,-0.009844808650383004,-1.6885051880685,-1.1200474224698722,0.6709112482768751,0.6037905202778941,-0.3918767653868664,-1.017764309076953,-1.027403551526011,-0.3732682459413141,0.6445184916452914,0.9282456913443246,-0.49653173548196905,-1.1534924259847839,0.2678436378663333,-0.8235349706258495,-0.5182526388612024,1.3252760904370375,0.827115428565768,0.1579743122514517,-1.2719190011127228,0.2113965674706589,1.0626572907875265,-0.3756336657655356,1.3511140899867151,1.292745289518207,1.6637328321434735,0.30524312653135294,0.5873916998060122,1.41418728833109,0.4473939370689756,-0.5012341077902127,-0.44854283652786137,0.23855495377373917,-1.2905614219462187,-0.14325891536419263,1.0965471182302537,-2.191253851165281,1.534482101794515,1.1223742187031596,-0.4597646158304763,0.5433908278718096,0.003147726906326633,1.229990368438683,0.9826831427699412,-1.4000707231830092,0.5872624134641767,-0.20562785364324765,0.0828325705180999,-0.7281719009698155,1.7481370691208353,1.040061819902576,-0.7397711639729673,-1.3346106069102326,-0.3856726309778482,0.43450264609130573,0.240205843946223,1.2531328247682434,0.7899197221808523,0.9695690257529068,0.32685540061043733,-1.3892987302109903,-0.19569853114690144,1.0600897399086655,-0.05152292852464606,0.5030903686237468,-0.3187483152461331,-1.029811848541845,-0.12334406404611045,0.3090474430326539,-0.6556877194614437,-0.2357112448566685,-0.9394632419859826,1.119244917564096,-0.294455757588034,1.452755545126183,1.5287478505409084,-0.08104596472174376,-1.0084487325473497,-2.0858978777333372,-1.4720370730267915,-1.37383482489866,1.3784696274615047,0.1158245872269461,0.3896045240919878,-2.220421008935126,-1.1979664292172616,0.887079776446287,0.2867741123825862,-0.14720527868559727,0.5648423586001226,1.635797806135815,-0.22104246353705057,0.06936980265806943,0.19259691873130513,2.3921096352739926,-2.0993562644190256,0.683223014788808,-0.11480224875906367,0.5667717261841796,-0.6573725539947244,-0.048965030858450255,0.7114105794654951,3.112910201043841,0.8080361894020714,-0.8480655980305086,-0.42375968202270325,-0.45341410838385404,-1.795643172630015,-0.3300901917014373,0.732829081821745,-1.2742321190767951,1.0484826510505925,0.4877748210843382,-0.7342333219710379,-0.14152963733784743,1.598321807641033,0.7335478135058658,0.008783654898147817,-0.2376833169609843,0.07660907045165961,-0.5117635579423034,-2.1047495057190146,2.042177910534731,0.15532499919940146,0.3981472651225371,-0.05790774987690872,-0.735116800724588,-0.18592448094877073,-1.5993947621943112,2.2770864980533045,-1.234511998422396,-1.0319662838471795,-0.4402592043864004,1.2880757248523775,0.014508999262654136,-1.2361357960304624,1.2543383607573395,0.7310006267854814,0.5384349572164524,0.7157342411708404,2.394361900582451,2.185094895036112,-0.6867153430032953,1.6238849928111523,0.3831681897589003,0.4990958161377494,-1.6922708316433286,-0.17038576538819597,-0.8128235903365649,0.8280588148933092,1.071080500402805,-2.0744863510163114,-0.02203486400427045,1.1218615047942522,-0.18667896231344497,0.7290636450023644,0.35116546762708406,0.34166023195262635,-0.27131497806829746,-1.2165808041357096,-1.1215301474250274,0.7093525144553172,0.019458255518883118,-0.13851224460722475,-0.42389004232235256,-0.30518884548075176,1.0469117944881394,-0.33524408186802673,-1.3410647133015687,0.7436517755401733,-0.20487666386471723,0.03139586553277644,1.6075783063995104,-0.020560557350507186,0.28918367311872534,-1.1789234912983253,-0.21966945235096014,0.6095260452086012,-1.5553737338412423,0.20084509311570958,0.1007910726448063,0.04128745558743938,1.0371588986582432,0.3344385148485215,1.478071898356444,-0.9935895155940362,0.13592456721834797,0.08446678638994742,-1.06925449375508,0.9562950020913461,2.324673305852818,-0.017006074483830996,0.5050210882737669,0.08451847581532725,-0.7135846699071758,-1.8207602778020162,-0.7057734830953651,-1.3919583809517313,1.7041020780591178,-0.11510969392323915,-0.3459193290471707,0.8891538247878059,-1.121751102855888,-0.7668640380045524,0.06807226924862103,1.0287689914234805,0.5016850451687882,0.2483251425158822,0.07811773523601635,0.40023585552677515,0.20165290512925463,-1.0299722747769358,0.04607922163315134,-1.0736886589177526,0.08108254290082371,-0.4806479414882414,2.5393816227828614,-0.03989438375171192,-1.4042395662615887,-0.13418021067692457,0.5193587456378881,1.6733639461525236,-0.5894523999387185,-1.58242797402364,0.8168370114309812,-1.3805987058996512,-0.43615544150748503,-0.25762048551099404,-0.06963345330010817,0.6891644570743356,-0.6836342822863877,-0.2737292521667607,-0.014270352949388505,0.14959795751878804,0.09782717470792267,0.4360057752225798,0.8438395096417373,0.392634115650968,0.45358552350921844,-1.5822231667464777,0.05022769916568044,0.4795075480016086,0.7289411945704503,-0.6923507742337942,-0.659039274888645,-0.5741006752835983,0.5364138998913434,1.0338810549242086,-0.4074601072916016,0.9079623136270489,0.12347980916459421,-0.12428577716243629,-0.21138422981796898,0.7466113646021572,0.3255778167870701,2.2758254276476375,-0.8522246429973241,0.5181017020299757,-0.5292010098115129,-0.8692869869886438,-0.010867137034972144,0.13735247940703602,2.9181735550600925,-0.18414581568320207,-1.1301787294846835,0.2730107174943857,-2.0746400375463683,-0.09195678260426586,0.016025282295160426,0.7946003829452114,0.9736222494278469;-0.5035696189077175,-0.150614014629933,-0.7661208306106709,-1.128062554807694,0.30989477938063453,-1.2735855485965992,-0.41462690057186313,-0.9951739598992374,0.5496831862902597,1.801430099266488,-1.3015879828033312,-1.853018482897569,-0.1248868853500674,0.01569779595775838,0.21865930675729772,-0.4463205152343449;-0.20063929882543183,0.3675104105406022,1.040430892644839,-1.9550487703182828,-0.3689394390314622,0.2138087939410634,-0.917976104610736,1.7311696317672995,-0.635409880228737,-0.041292687007282836,0.5560220968422908,-0.5912847888018945,-1.8465730478044171,-0.4286545269165333,1.0294405559270405,-0.33689512678513855,-0.8464343014589786,0.9256722095027217,-0.3307748960230527,-0.5101608136502173,0.14945608966330953,0.7707502096187874,2.381713531732546,0.8272361076574231,1.1598399663883443,-0.5059661989878553,-1.0258681059694763,0.06233134961912296,0.10716991525959621,-1.0785127413645972,-0.17529452990401284,0.3993176017191309,0.36039339501808015,0.5042878533842724,0.29096473013744295,-0.5070086592700558,-0.5139006266488432,-1.198951397993876,1.784775039185095,0.013450364619293007,-0.22485305579485193,-0.9287920814524587,2.9356579023277782,-1.0733280322228955,-0.4288479256060734,0.4158368362860605,0.6002129657442777,0.957932055215684,1.8076085077692632,0.5061576554607123,-1.0560307999666676,-0.2569451251217815,0.30783237251388496,2.068226041505824,-1.397805478424297,1.2025765052252275,0.1799143695464168,0.8378305352294807,-0.10199471663593199,-0.8424326301263264,0.750872779401332,0.6544310271056212,0.9720569657397219,-0.01330463537863531,-0.5998220233198494,-1.5587869950238415,0.8193732681394064,0.42388948244398605,-0.9657826328639593,-0.5385736732966242,-0.46675881195144053,-1.4829844319824181,-0.8176823966051338,-1.1338303568063541,-0.4124790118879367,-0.7386974983295628,-1.6270049208667487,2.0225902305694814,1.2525407310292307,-0.7790194215199856,0.27242139665360987,0.417465089821295,1.1910858547734768,-0.8186050266600786,1.092106783982426,-0.5479053042069351,-1.3358624041686133,0.7241365593144973,1.2907584241224281,2.5879089735306846,-1.1997252650902135,0.6989196850807888,-0.40980124379353305,0.7833587105240313,-1.4704895512312506,-1.262769775698564,-0.7758748231664838,0.07896404566808451,-0.6410812665383554,0.6590543439134197,1.0268946182579144,0.5995775412453558,1.618787639660868,0.415826629455343,-1.216896710340167,1.3633765135383398,-0.6051562356059974,0.91041849968557,1.5737342165551063,0.45668801073039916,-1.4961588131646497,-0.9182121665097915,1.3227444668851356,-0.16912268564281638,0.07957353494216583,0.7588244161636093,0.6963228620803235,0.2787998123854607,-0.20866837122046583,-0.3126684457323573,0.857898825291343,0.5535695310677933,-0.2573000006177896,1.0821123129931407,-0.12903411512978377,-0.8516621743343933,-0.7589706989033448,-0.978740836309766,-0.2724100166036872,1.233724278336193,-0.8050951810305088,0.1884757610181029,-0.6566893456274132,-0.26030904127143756,-1.5100412119852522,-0.2205382291565374,-0.19370537980496205,0.5402879440356954,0.22328091325537056,-1.1983921249520453,1.0841982440435427,0.21030304022199536,0.19839351717748668,-0.009182353385138937,-0.5177574472222197,0.2178023397487261,0.4755884359285824,-1.746895691345555,-0.5387608373460957,-0.2549469704035893,0.25617060569427813,1.193311005927126,-0.7717408145967823,-0.497961846817842,-0.5125341106465501,-0.8015275901045416,-0.34718649511226246,0.7708022199879712,-1.0538354953643456,0.4278143951529032;-1.7019022300183355,-0.5613379964422059,-0.32948930021798606,1.6748596729140648,-0.274802304752688,-2.2012434734509183,-1.9988889068612499,0.03402958634668099,0.6137708557899086,0.3754558576272528"
24,-0.0462093534967668,"-0.6321388913450976,0.3763038203875174,2.0069482363242503,-0.7589435004307862,-0.4651387605279219,-1.3434291819776534,-1.3352141951762355,1.6995637530388001,-0.5222319948279569,-0.21691708867779447,-0.40183500904277836,1.802750575500739,-0.11549837451239142,0.466675413678598,-1.0412577578694098,-1.4382864477365276,-1.2933196137925809,1.5399981390424315,1.3702875053636092,1.0302642268670519,0.9948302579411173,1.7361465554178224,0.20089564584030106,1.2191243423721354,0.426818075814268,0.6703571627247462,-0.6736904835927735,0.20073354074902816,0.736534789116754,1.2530259349292683,1.1010403029626565,1.1022508109100955,1.1284776528446865,-1.5914480625880676,0.742762569734442,-0.22218074084827932,-0.6463518961384951,0.2740430422018225,-1.5985483456776923,1.316303445350832,-1.5004491239033655,-1.3993870102731165,-0.5448307032474848,0.4268880220012541,0.009670760258338351,-0.6833359755019279,0.9744628289782891,-0.7110192558723878,-2.1436345644896395,-0.6104769411564882,-0.2879281711452315,-0.7508649588430044,-0.9392337707459452,-1.3852692353711045,0.4771957912556656,-1.5760040362065633,-1.599058165396493,2.107393203054136,0.9824116894915809,-2.1148308913741314,-0.7280285825289132,-1.625415560246745,-2.0000420132520342,3.494246138531156,0.4151813972597638,-1.5145011556681696,-0.18550332310326684,1.1922577091499573,0.44293562251380375,-2.1142077986213006,-1.940782121507745,0.12735171704220558,-0.2668963786895966,-0.45411614582690896,-2.9823970228039003,-1.3115670347289672,2.0950458619008967,-0.8982117470930525,1.710103266300909,-1.3469513543604636,-1.357912241856267,0.2686178265758161,-1.794721702911557,-0.5966914269023953,0.35767396973784055,0.4248954825531658,1.5417057713512998,1.4314698499993734,-1.2041083040552838,0.015730552451354463,1.347438872997993,0.5592115551488166,3.1738062388165185,0.9688381657208762,1.0912525633614616,0.37719066750612684,0.22442952045546893,0.13115995397381297,-1.275061140969742,0.8672577186729992,-0.9917343401027695,-0.4333457070542176,-0.14825395607241554,0.3829845884416967,0.6242552120128926,3.110272243718093,-0.7806536292798602,-0.16904011039119898,-1.7996007201253756,0.3377502657951148,-0.3556779552362063,2.2039880284849627,-0.3580488525749288,-1.3198616111925694,0.2390704399919139,-0.9734742573050906,-0.6443114433604816,0.053830544328900276,-1.0774940865635791,0.39495066319306804,-0.32534219828341787,0.05742921170803483,-1.1124984295602571,-1.514497478756966,-0.3300223221159041,-0.8961409363920128,-1.2209559575691111,-0.9873428752736901,0.14175638915709543,-0.12085624901608905,1.8510648546795205,3.5826651215591196,-2.23488290533951,3.0917085892329044,0.8629571419507214,0.8475007752518409,-0.7285200958529643,-1.9234496082754988,1.8251933286001671,1.8311566008686129,-0.09839597551605828,-0.07686852627557861,-1.5717721040053008,1.096813926093879,-0.4317195960619674,-0.7586238238732609,2.1483827002998,-0.47025155306726873,0.32789116285148523,1.0083970333909336,2.793016281294634,-1.0754995105266805,-1.0512889116329822,-0.4225070227425706,3.1887717331120324,1.5978676280136421,1.6010034184980126,2.2278784485572176,0.6745588576440413,0.2711274327127271,0.46492528966017843,-1.228298370900195,-0.6385011988889171,0.8457947708632477,-0.6819831181649612,-0.17545803762373335,-2.567419407612289,-0.8714998230735541,1.1521180060478795,0.548233553551514,-0.5494989394182054,0.8397933090508111,-2.947913467316677,1.5099262631152541,3.0661229690776164,-0.7450258250037973,0.7472334549023973,-0.17601688559989204,0.224624637917832,2.2408417282899062,2.5891722044493597,0.38593727543243544,0.12629718231383147,-0.13497311799588654,1.9395999527359438,2.0989362068005706,0.09920279927611263,0.8509381952510844,0.5585025914160652,1.9252628959358238,-0.643628866592369,0.0936693113450463,-0.1409034459063796,-0.020189906382714007,-0.9256088538735969,2.04835249236027,-0.6851080238765229,-0.6290400929023179,-1.4576396411188532,3.094457091155193,-2.503959931146422,-0.98445950106249,-1.2513790546908579,-0.20438358858673877,-0.9193702116077969,0.376835754341164,3.169007832797301,-3.6764529075720436,0.18114915286836303,-1.0581312551583633,-1.143657769495252,0.647573293668712,-2.4360733108787085,-0.1490173136921722,0.7130798546550869,-3.028883301127488,1.3325165524607965,1.320865703480656,1.0379949705063625,-2.3324724838878286,2.8659366884872877,3.1052108609674245,-2.5800469815889797,0.5719962018702178,-0.47784951412093435,-1.8357165202806807,1.8440978601769007,1.8835850139593335,0.3095321448482429,-1.8336997163906323,-0.19202411392120983,0.371728976675456,0.21334373268664455,-3.0080838515453117,-2.8932303146352547,1.6528427935160255,-0.4949220070408955,-1.1833967854160945,0.5664366726280081,1.1982404106339564,-2.878625884548544,0.7491824163970576,0.3753352092413409,-0.6598471199989991,0.2958981251546098,1.042910400544761,-0.5459321997515798,-1.8942494375479249,0.02760905026662741,0.8356482531973857,0.4789122676788692,-1.637003276879206,1.3491301276971466,0.7794837866914983,0.32494914277827025,-1.3777803220552243,0.9860964650729414,-0.6336936918334897,-0.2646242453027436,1.3464908969062837,1.3545877489976987,1.9999511163700217,0.9040732845689163,2.967157441301942,0.9901292735078446,-0.44870709413179527,-0.7454188387264161,1.5051958004973998,-0.9351602670141739,-1.6957723343579827,0.7526971216218596,2.2595969154624553,0.9616746848614138,0.3991349015661258,-3.293959210879561,-0.43461347958779695,-0.3907494960549247,1.7593842699323685,0.6356040210187487,1.1952776046616396,-1.0569916120261968,0.5430729730128714,1.4268828292450624,1.629365710646189,1.242932546743858,-1.5487080112081095,-1.138786802802176,2.2881307852009733,-0.5125786643535807,-0.45046586933918853,1.3333383172426432,-2.6177750398253474,0.9554495471166815,-1.5766239123084282,-1.399143313069466,-0.28744605806499435,-1.3378794494576183,1.8307927646917748,0.4467168228912879,0.2503070582290932,-0.39206006666227156,-1.3723633980366212,-0.9684008277861972,-1.8815980285132468,-1.6230491247517216,-0.8292409327267978,0.9368364349585596,-1.7213176589640269,-3.3520032040473278,1.1804161955898813,-1.7724769124513762,0.4411853400822889,0.5585195846204745,-0.5704128704759962,-1.487777853624435,-1.0508511915573775,-1.2444841153468484,0.18624907471615626,-0.04000484147418648,2.3605497041047703,-1.863795014667545,-0.7355031193569217,1.6341657984714617,1.3483506392217715,1.272079291201665,0.7033831776801039,0.2738206156548869,0.040167192941491126,-0.5331322235463467,-2.548221720369006,0.011589958572191694,1.360297202646363,1.4793948234264716,1.1000478272395888,1.32762194092226,0.3541105729818157,4.0094175559220275,0.10865548741474201,-2.50952688406138,0.3138198582084571,0.32694942670370897,0.9862278313142919,-1.535938489189165,0.5807085338096416,-0.5724751211496776,-1.001643372308129,-1.2390444409661932,-0.43492663050196234,0.3076613927474227,-1.6521066368365678,0.6647956605994734,-2.455487437554549,0.6209823240650949,1.6054225881491309,-0.12043578610262229,-1.9244541594837112,2.289199547035942,1.4013069316194455,-1.7432875001496335,-1.0009996218434027,-0.2489140788446098,-0.870477374949104,1.312693938560646,-1.123807977761292,-2.023861546868581,-1.0659009653161449,2.817192417026713,-1.9494818570197632,1.573516620864042,-0.3945033451521138,1.605193229164885,0.0512119378747129,1.2639760560396032,-1.3654541359714418,-1.4957925714136475,-0.46332342312951535,-0.7083347954822109,-1.3877613082664393,-1.4068023933180327,0.9434009245829971,-3.5676095099186567,-1.0103020488643866,1.911006514633731,2.905619519761469,-0.5924817828039921,-0.24428004541571363,-3.028708873825643,-1.2481029518690845,-0.004239217534105888,-0.23766854973967122,0.26993855920866455,0.3727539354143963,-0.5497172416744669,-0.45560928080075225,-0.6132282188442729,-2.615777132948182,-0.24222174732301205,-0.47112693815933593,0.8884904133311015,1.1706428431366134,0.1922041395968856,-1.0411891880326691,-0.7663833726740148,0.7304467625756761,-2.8023995953973095,2.3456505898848072,-3.0399857616685644,-0.06240103568133759,-1.295956774471377,0.31482981334364535,1.6518557740297224,0.465637015966967,1.0825414020750315,1.2118674733634474,-0.49339949154629903,0.12126872904731123,1.2201893574703326,0.8358871966813739,-1.2456276472156165,0.47430397645305206,0.307746770831237,0.287350039337533,-2.711756680657046,-1.8435134534891497,2.206542132547633,-0.6054636527617475,0.9326809525269139,-0.9480110546360585,0.3070662375396076,2.3229493200161864,1.4607844230930418,0.6274023989964871,-0.5968871499859036,-2.3289204251025755,-1.4613309015651648,-1.4814074962349493,-0.15826244500716147,0.7213711327689256,0.19737722254721288,-1.361345431398303,0.343203495593021,-0.5965454455869972,-1.4514015676818088,-1.1552669194471639,1.4563448046432979,-1.7515936741693756,-0.5386901681944716,0.499743671843894,0.6970841406309461,-0.68977975587961,0.8633655660188488,-0.10460581496476318,0.34504978181099855,0.3105200916912213,0.20984498704077537,-0.40167069182259707,0.4196880735850962,-1.0032117923014134,-0.2542309186065963,-1.0802311112080678,-1.968916966520587,0.16017896948744081,1.0241247217103662,-1.9337624554381332,-0.7299616618997244,-1.1406094734019945,1.4175391104007566,1.1980132255759108,0.30034258706658257,0.37154131842565297,1.2202170227223612,2.2025455985938596,0.029768370275087608,0.21082705569052185,-2.357357390862687,-0.09481304153744619,-0.3380074487621162,0.787773695985782,0.25267940747177453,-1.4260963406980134,-1.4531280962484572,-0.2928081557722404,-0.36452262343137465,-0.15198969487316882,2.121548511788982,-0.4859835278841538,0.7212924424803013,-0.032453733116217576,1.0552900542607033,0.8961811594446151,-1.9244372606741613,-0.5328808102253153,0.776356550290134,-0.6206255169673083,-0.10052322918474302,-0.8416515089688794,0.543820041484423,-3.9755621564145263,1.8790277160155915,0.26925061099209335,-0.46250367201765513,1.0385620988938582,-0.49224018281024895,-1.5895954708298348,1.3103952369520424,1.580943236544388,-0.4762723966093055,1.285760060013339,0.2334909088305901,-2.86019396761748,-0.43405008486101104,-0.17759665808008296,-1.2346724949219654,2.9357664536095083,-0.5029991844526079,1.793629519517905,-1.249031652604197,0.45658665698967754,1.4251394057923146,1.240885998029161,-1.1935080468000376,-0.6489395554628111,-0.054096650862463305,-1.8635022351227561,1.2542184596810573,-0.7175764553315368,1.5498950330121914,-2.0617623533920932,-0.5797345419737929,1.2762611753402304,-0.3780958502631082,-0.5605823730989151,2.2767103413911176,1.564406085655612,-0.4001882772609905,-0.03505706329291547,-2.845364398699131,-2.0722873981485717,0.6459869336827008,0.1906114192379032,1.2548741219852284,3.0916928604278224,2.2011237098446985,1.590692804992847,-1.5562842354118933,-0.09132111543678934,1.2077121921237135,-1.8052589925645268,1.161766599664607,0.5681889943327904,0.8045487695842984,0.3907786771683757,-0.11842593840511217,1.094832987671573,-3.1754776180279687,0.653789013050276,-0.4898623978885679,-0.5208294410710315,0.8537125886045908,0.5776997590137,-1.439014673328473,-0.8262252652173577,0.7230687353469286,-1.4430791698776042,0.19703249144667845,-2.134040588761918,1.4368907351132387,1.2267287842760006,0.6647679599447218,-0.41137110891227674,1.2827022839271354,-0.5070101913705543,-2.300923088024465,-0.7628201516363444,0.24316050290920754,1.3042701003665935,1.4010995592812918,0.3917811756577749,1.5123782572214057,0.27284787973549934,-1.4534749228305852,0.18840242001502494,-1.1605212349608836,1.1030004342945208,-0.3000604651508026,1.0828250366385928,-0.7776813934552829,-0.2722771540408562,-3.4497329797850025,-1.599275172319647,0.7304622718391935,-2.5696683826968147,1.2880716089559994,0.26924706576138246,-2.2032823130478376,0.021699289863803057,1.2347700490240583,-0.8709971745910017,-1.171910141801027,0.3642930920886797,-0.35063224994521475,0.1480239154529586,0.1422019711943181,1.9326344857157498,0.07835357261340081,-0.8328508184305858,1.0411535146595954,-1.0817004520718336,3.120050330503424,-0.7320501604380291,0.24046165310126044,-0.6397190571570989,0.3248834204835954,-1.5302895768534839,-1.4124740164680576,-0.9725452090537092,2.656495282977656,0.7436965130463254,-0.3630728557362428,-1.3423877978642953,0.5471800713458981,2.088841624823528,-1.3990489370015,0.4253430442984825,1.01807657716485,1.3210386305020692,-0.43920282655501847,-2.183746542797623,2.301774185120647,-0.898678956197071,-1.0319798102508773,-1.4152258545322296,1.3340368577455894,1.9546744579905622,-1.6131702189070611,-0.24873052129378637,-1.3210503410385575,-2.3176279448560364,-0.400044943734711,-0.945020486045967,-0.5201359091879905,-1.1298262637608967,-0.5811875291394715,0.8895086492781803,0.1461001105215614,1.0426560375032086,-2.349108250402193,-0.9773509582978668,1.9473823421246037,-0.27019096507268014,-1.6201958070123579,0.8545287579260672,0.2682697272657222,-0.8043005876865369,2.4118312771088375,0.9299928543870876,0.6670229437448789,0.7391174540058778,-0.20994056713418244,1.546014049993239,-1.6301944033191575,0.44892625110776346,-0.762249048056731,0.05590920266551869,-0.4070833757328262,1.5432056705442427,2.4135605302320178,-0.29197218657366225,-1.6877237157011846,-2.1218437857651753,-0.7525228545646775,-0.5839662660457545,-0.030505497155163597,4.06504786351678,1.6793006832054818,1.1495113007353415,-0.15082723043301471,-1.0851233146785968,-1.7468466004220629,-0.02626774998989284,-0.1951124965192758,0.9526561347399036,0.6751069294174835,-0.5738591982354748,-3.1355203962819,2.4779954348745363,0.009424753389765145,2.9503613078176576,-0.5693738932731219,-0.30962566259481694,-0.10418614174197893,-3.091166993311617,0.3851448960276047,1.9075930851834324,-2.651943975108998,-0.09609465613867973,0.9255663767572577,1.6958202703112888,0.881588106073302,0.10033811681035332,1.8950157895135167,0.49589575314575085,-1.0478785291148185,-0.7322554180157321,0.41725326944901486,-1.2698910853005567,0.8049715644152177,-1.2713658270854187,0.3307309412285344,-0.6414580038462501,-0.30945829943828296,1.1276086507534924,1.2344816067660953,-1.2591117198340498,-1.5546645606715963,-2.2729883589971966,2.003470597893801,0.14609174722028884,1.5331437315074956,-0.5002425491945288,-0.044842828909061994,-1.8452434493004792,3.841490041884666,2.9139859359663856,0.32390681804492466,-1.7222345910231889,1.077980240692094,-2.0977773580092656,-0.13457117622982231,0.839725408573169,-0.6449284056268153,-1.3314505061984176,0.12482066381137025,-0.6232755467541777,3.0051295420508817,-1.3849401256740062,-2.1532450697292735,-2.5040555695230795,-2.5838096379273163,-0.9355321024620797,0.059249652693195154,1.1880337426033347,0.9395684526117872,1.314857127602424,-0.4012053198565104,1.3943415439715077,-0.3123407378653341,-1.193462586175724,-2.4785825547224483,0.1557973076145559,1.2550983915530167,0.9044825829445869,0.5116032310042733,1.4257365783228282,1.1930141453674554,0.10807236299784195,0.14791444015663913,-1.345165940970214,0.07924848032182796,-0.19029786785222028,2.7594794884728095,-2.065792610278682,-0.6616436334481219,-0.5488235404431909,0.10843484049848362,2.1023198330173027,0.49868858372514935,-0.7746124971432478,1.5964908300765097,0.7446944958484245,-1.8728349507507245,-1.8908683871587453,0.41234701770211185,-1.8534403593062392,3.0304403503512534,-1.376967022784561,-0.5958181514662073,-1.2251839213187052,0.9099283866099468,2.513029053159974,-0.048396062030552245,3.7299162471490384,-2.9089689797102647,-0.2273281000397669,0.5453652082109679,-0.9785814379170577,-1.6921515696289715,-1.6838216769094714,1.6366201689579722,-0.02217299675226969,-1.7089826881127415,0.2730459889102058,0.5523219721705678,1.3962857081001117,-2.9159657395708614,-0.5473156544495071,0.25502354441486286,2.051791223072566,-0.7354813516041869,1.3696792317128623,0.96671415847483,0.8265071827349142,-1.8901100597684657,-0.025441993928695283,-0.9858465470556604,1.7142253300066583,0.7623584763136697,1.1498572328654704,-2.6884690132566993,-0.17577930480172801,-0.8664218847447875,1.7141324712439396,1.5971523003405186,0.4552927036562947,-2.0486769857915434,1.2767753751063877,-1.0192802780502943,1.1459743453355258,-1.4182320601342429,3.849750055915643,1.9076080914298013,0.25141754477139355,-1.0058237871207827,2.8484807325459816,-1.3215339100843195,1.491101652499172,1.622246693796987,-0.07127796613833777,-0.4702136752238633,-1.3175644266569648,-1.3842179487080717,0.7179966164136093,3.5336866827364948,0.026723991642156553,0.5482136204576132,-1.7840316653582577,3.608131195419613,-0.6071646191179931,0.28524120749014825,1.129820032460875,1.7834086194590477,-3.4625868789295335,-1.5071164689461871,-0.06846375661225013,0.6895390785828142,-0.8180722956895357,0.2589237297424297,2.181788220695482,-0.4345751704887002,1.0531880133489113,-0.4880491003271671,-0.07189570998148542,-0.7318863204729654,-1.5950693634525324,1.5336738942815922,1.6577236348376634,-3.7995137626500792,-1.1881391094101361,3.449252629674446,0.2826393609964243,-0.10350505986687727,2.45388288201937,0.20345883727454117,-1.5176299705145426,1.9449820010525283,-2.206090066949809,-1.4471637343559525,-3.0290936036420004,-0.2547670911082294,-0.15889968374955055,1.3330973582972796,1.0568927742156964,0.04502835361661528,-0.13680040407073446,0.9329999733237223,-0.2752499061649053,-0.8752804890200773,-1.1517444584400682,2.6740692015328476,0.40102467825614385,-0.31208190712158124,1.5170708364925432,0.9850851303050868,0.07164196620753815,-1.6922560022644277,0.8371524915147474,-0.9481602079470125,-0.5949090044140751,1.0325667789089528,-1.8793359350887142,-0.6317611388653334,-3.033073401161974,0.6477769110990652,0.08546191085377852,-1.2562954080974298,-0.10917339708850515,0.3473032886660856,-2.602612004556911,1.8985970504267657,-2.2172228661943785,0.1327045621788897,-0.1250334444938834,-1.6109627497807506,0.8200048889650365,-1.9852243371313498,0.3686116471548351,-0.9083908739160456,-1.9133841718382572,-2.2286996569673017,-0.1953983877128908,-0.3449854176121636,1.3682110992154883,0.9060416644907034,0.020030183096297227,0.6399851887106276,-0.32931620296287195,1.8468366394577858,2.3639071691003624,0.9166252904648574,0.2829657400448444,0.1890870728806842,-1.387968245475829,-0.20550875309701228,-1.4279929438264718,-1.4608372624245207,-0.20351823537446867,-3.0647713370116163,1.282480761026632,-0.03645555074910419,-1.0989802983776356,-2.3501462805252693,-0.48698050229292605,1.8223692702265994,2.1102244402857435,2.6020638974196895,-1.1351938999903466,0.7230455456718934,-2.1563377277749005,-1.1029063147861988,-1.5653220333502769,-0.42475406417380734,0.3998792457262903,-1.1154865076635592,-0.34766442670366654,-0.3303173263223996,-1.8490302124232494,0.6593905056502934,3.0423096022557647,0.5965801428572323,-0.3017644291088683,1.2459845294184966,0.5515667052139734,0.25637999516161103,1.4320671955939686,-1.0709916517418347,1.094950511797275,-0.7696479029193101,2.0948703713403147,2.5497419282451905,0.4260900544417767,0.39206003053863814,1.4865369213460928,-0.7752049461182036,0.2537170621673477,-2.4616273677560807,0.6501447726159859,1.0242130200619235,-0.16422939066185716,0.9312150178984819,0.7960237787497195,-0.6144134149287024,-0.8613731721612253,-0.006213255801628098,-0.03300255548019304,-1.0301788422946125,-2.913023672910101,0.8537972736112712,0.5228298359271104,1.3568336551838658,-0.24664697587605422,-0.6504244361782121,1.1716685054326137,-0.10687134368773714,-2.4603931259071987,-2.0236315318106013,-1.554885690441155,0.13208722703818934,0.8334832816763343,1.1277115705205274,1.603205859457648,1.6203021519641432,-0.7915341756556427,-1.101580356718878,-0.36731372407858187,-0.7785556781527885,0.1651553253424965,-1.5865522565736403,-1.39366889924231,-0.2137349660434773,2.552215209154331,-2.071506868521976,1.5895313144141348,1.3761168163425088,-0.829605175617159,-0.04197531693209722,1.2143453595750047,-0.4968671911050818,0.35861963682289855,0.6320601538076085,2.034894634832305,-0.13915787845811511,1.5643792045450717,1.106997988779748,-0.7088521916202449,0.8961831129841514,0.1691300161131875,-1.0129336917229432,-1.3057190393106475,-0.46625009306015935,-0.029145988787375066,-2.610790174477762,-2.874190571578606,0.46689071062696147,1.3816242141921466,-1.9525390655644155,1.9430361938418699,0.9453926373330059,0.5050365147667951,0.7273835031945985,1.6277569832909837,1.8685300313839441,0.7580747877741001,1.7795697699954534,-0.5493190363889251,-0.7940456149398717,1.2384432170961728,1.3318953095651365,0.12194314765767572,-0.8447054311066963,-0.6123172328021816,1.6552839677493956,0.46922191344124253,-0.43024452307285554,-1.0097088493636919,0.7590341416929284,-1.185957421325066,-0.22858799679349923,-0.24299920939138886,0.7837046823758926,0.40034928050932905,-0.8844852530302011,0.8784208275570753,1.7687956250233032,-1.675580456854211,1.2500020013057282,1.6562793741834536,1.1616396921880705,-0.2544605285739473,-0.03838078902249875,0.6855489053702496,-1.4645316093949323,0.3963628553400685,0.32887523985626194,-1.894954073940005,-1.1492731506827227,-0.7835894916841242,2.3064036439072737,1.5356765552831855,1.909899508863469,1.9517808065177784,-1.2402255231887769,-3.27746963264877,0.9397125261587662,1.3532827999578516,-0.7135924497501664,1.6328104234003096,1.2514293276431245,-2.593505695339448,1.9369070524978822,0.22647541956862804,0.5642336599921518,0.7465414411530756,-2.5162561831934465,-0.7672480681267416,1.048474018016111,-0.11723212243763909,1.2785222504638694,1.1114317581091995,-2.0473734402203796,-0.17959382314731231,-0.04252686717787313,-0.196874612305872,0.37045419933118173,0.790287319215427,-0.7878361528561402,-0.24009664619186583,-1.2918045723456382,-1.9190330729702523,0.4021537374991816,1.5636755434225618,-1.5962238586735253,-1.0642057392305349,-0.031328289488000094,0.7755626202889601,4.3562177858340645,-0.04117204564987886,0.6678794064191281,-0.5295920086201054,-0.7897975064169305,-0.19794601115406651,-1.2405801665425105,1.1890200272719795,1.5949015787746141,0.5024584412722348,-1.0789624117275123,0.5998652265598879,-2.070395489531297,-0.29789766341891205,1.4078081630777155,1.5159017794838967,-0.7759149584990989,0.6595705720086235,-0.7381952910449203,-2.5445028904369664,0.584699980834935,0.6296780777929695,-0.16038954344362835,-1.7598826525032587,-0.7875724153031893,0.9395609492962342,-1.5256356564336497,-0.5389678141760156,0.5104139516189681,0.4597617647921625,0.5971972828546178,1.6006958177416872,-1.5140351982584863,-0.578753867997044,0.017389892161551512,0.4147222912390757,1.113267393073726,-1.284020488276212,0.899545173859463,-3.808549712254079,-0.3934796726508424,0.08078598263872816,-1.4744104476241922,-0.40389660441116504,-0.36682148431322364,1.900333412346638,-1.8978917089199248,-1.0653072422219398;-0.5976440945609867,1.5942011256797595,-0.2471769397884863,0.7176958099073822,-0.5432424460374071,1.5066823656961719,1.0280160591281664,-0.5564032339898574,2.118670490652544,-0.8450375088679769,2.1953411356863834,0.13564679493189935,2.0971263261127597,-0.8752670326740601,-0.6451953058537104,-0.8099784491562406;-2.2229844607208165,-0.6524251821894607,1.0456055904058936,1.2253030845013904,-0.34984951107935536,1.0770936684384464,-0.7350677117767237,-0.7786671557457601,1.3075543858969374,-1.9061541092470171,0.6420960641001009,0.5023880005606867,0.5384688441724313,0.9089227302898979,-0.8718001387552847,0.6421218654997682,1.389068087220825,-0.8067818008155432,-2.0981999164562746,0.8774616815917056,-2.1478731598881486,0.5740067744271815,-1.74173407106453,-0.9439173369460514,-0.9312130102952274,1.6753291373233574,0.4051079833386855,0.2456359232218262,1.2608853872344052,1.2049352997662113,0.7492842872155288,-0.5294972040431916,1.1649951420957092,-0.44030221363308936,0.26045188872355163,1.3166279796987872,-1.1423622226077856,0.218387092481689,-4.493654466942172,-0.25161733502126,0.10025156356790021,0.9173553667151926,-3.439628552617583,1.3745108641944968,0.26552310306780846,-1.6938950261141437,1.040600886156321,0.21891799446363125,-0.7040485444409156,-2.6488850522088274,0.28345349243756157,-1.5993735065819012,-0.8816353311855514,-0.6830433194961841,1.6450015412776444,0.059456903502601355,-0.35130350109927566,1.3862299753362564,0.2827010376994819,1.724539154469778,-1.6446656071723997,-0.7205736107972721,0.19362622030461268,0.5352743768707848,0.8004399019424404,0.5067954677814746,0.37687904072445555,-0.6328882601735472,-1.1045004384706525,0.19583892005768094,-1.25174931524986,-0.07160130660401359,2.648760647469927,1.387614916249368,1.7419087996762999,-0.8513441306562157,2.7514956840634976,0.7553943097960841,-0.7534712888546335,-0.4065387335858494,1.1921086111917079,1.7112377951918953,-1.82876601522685,-0.6200154138425663,-0.013173946940718745,-3.097019457502471,0.6502680881249709,0.9951440616706783,-2.013827815041599,-0.725224449061859,1.0729665899337026,0.9606055127524583,0.6099900558589406,0.48569226956506184,1.0596465706134786,2.891941423894197,1.625736325676209,-0.11977460157811198,-0.5770903268055165,-1.1865181382295802,-0.9348654098897975,-1.8730828405858209,-0.19165587037749354,-0.561106144173225,1.1656747174061772,-1.3517150202968642,0.42042897792955264,-1.2912103688619672,-0.010863776652070778,0.18298513333601102,0.4586144430237281,-0.0028647023324255283,1.2027686730516278,0.38139113879773934,-1.746140423588035,-3.71297622621006,-0.3340178952003516,-0.8597480319655957,0.3076011989523065,-1.7090778550220875,-1.045762361194602,0.24332389603291082,2.9190252455413557,-0.4082471177642698,1.9005832258390067,-0.20154118423392564,2.315165486426652,0.9362712379543544,2.3128840396858648,-2.1074323341743364,-0.37431048615132556,-2.13397728380839,2.709353039602461,1.2894506616869559,1.6316761763922083,1.2272227682843544,-0.9800264321315376,-0.772944396641446,-0.9924244531737941,0.9342783201388498,-2.4601421147975318,-1.6986292198820259,-0.5863255934996379,1.27846826471269,-0.7508199303043713,-0.14691345097245023,-0.2681492943335224,0.572320576867736,-1.45712573653896,-0.8681223692479318,-1.3219684010077808,-0.9128215793227206,-0.8001882738578356,0.5949296838886037,-0.4231952085939974,-1.3409893920780989,2.1411123618311247,1.302426962486623,2.233551528102345,-1.0160632301930168;1.408910222694082,-0.3574852746535191,2.4926037836075166,0.7297668406051011,1.075216526195045,-0.08697837856134286,1.7868104551167872,0.7017283340610752,-0.6703677632732151,-0.12427511582550677"
