Individual,Fitness,Controller
0,1.5156774012161929,"0.30629423167263037,-1.9797006310177443,-1.194619762290139,0.02367024048713183,1.7264943597993834,1.3198161745778787,0.792966343848393,0.034590968311632574,0.6124277408441088,0.3978729722336663,-2.0768784874751054,0.534127035522927,-0.31777389649375165,1.0439345408036986,1.961346023467183,0.6889677212811078,0.04103439981129252,-0.6559104713384966,0.4552727673894274,1.1007195849475198,0.2803360692209956,-0.763277792305891,-2.6485583563973867,0.7192195824637139,-1.5887520358177967,0.7137017492858588,1.1962655560150766,-0.3477536272319666,0.48211691394717265,-0.22347415338611185,0.19071432974188288,-0.312612397064837,1.6227927097303234,1.8537906822940076,1.1199352036622046,-0.9338416116969854,0.6074920528873569,0.43066888307361684,-0.06175541330811044,-1.0805672020853072,-0.1999473231882306,-0.7892262653560232,-0.07088645193912085,-0.4227927328581555,-0.08549972732894565,-0.3217802498824635,-0.007464990235451899,0.2549677505949054,0.07977069267274114,0.3782491952873626,-2.058090463363204,-0.7209495476657128,-0.34691401664714255,1.3135202678384221,-0.5626707706460863,1.329640672862867,-0.8693564504995597,0.64154619859013,0.8192897611214736,-1.5562684585687596,-0.16443361218574187,-0.8435333394394662,-0.7944039011089301,-0.33713688639471195,0.7693559687825889,1.59444017283814,-0.6082876834674553,-0.8036310423063904,0.9522510791015507,1.3426893106877678,1.0769241429812761,0.46321503173585243,-1.7800714964797066,1.789580710182102,1.6748394243123235,-0.47951935669627177,2.238492302813596,0.12235630220722861,-0.8946186855047575,-0.6295088775788903,-0.3282405494987534,-0.48112854674988187,-0.3662686461159168,0.16115168718460107,-0.47883700635130416,-0.17343386530211286,0.5911430906642021,1.8106015839023184,-1.2878095707550092,-1.6516957841374804,-1.2580346229729031,0.0031839959393671242,-0.31288716213482676,0.8577380331599382,-0.11439783184602388,-1.5643807120138098,-0.6990642906621329,0.5469973242869011,0.18765245162327704,-1.078744862495298,0.5107966901456041,-0.2091233569958439,0.07848167157697915,0.7376283359792446,-1.421726778042777,0.888121162988608,-0.09984286717494846,1.0299166801775999,1.0586307090355467,0.5437347915776789,0.1891804012542245,0.3092822350663632,0.803060614713392,0.6982318597316445,-0.018606448691537048,0.42706570922432274,2.0486039765767194,-0.9732692188321012,-1.7840213007925723,-1.2004994508389468,0.5925578392962778,-0.4493113187495434,-1.3171550295165952,0.7963455494698317,0.6978087619761034,-0.06302942622694903,-0.10363148184681076,0.6836166266731868,-0.2615259043179644,0.7759134049731015,0.0982747779087768,0.8541502469774549,1.0976533311646424,0.9515268830268562,1.1638952015849933,-1.426017643905659,1.1133955625385683,-1.8304237975632758,0.7489127423464903,-0.33810475586944616,-0.48553977643040147,0.22594120208158397,1.0052335463280067,-0.6830031242314489,-0.8428651852122162,0.30891177408965265,-0.2105814519640308,-2.2533604274954224,1.2979617244270112,-1.5680794494439478,-1.5523187067672908,0.39236467009533144,-0.15236032046803827,0.1812782472461108,3.118363512720146,-0.408219453947519,1.362560582789515,1.0075371570072853,-0.9496820578887077,0.5246517323836242,0.5167329852462765,1.0751373765717471,-0.5776273625177395,0.982519672588432,0.5259193948194153,-0.17317749303709104,-0.8134673530489399,0.11710495478981478,-1.8726367092476244,0.8165351250992015,-2.2171623777686693,-1.1393335233664885,0.26133854996015515,1.2034606695253198,-2.5113356831351172,1.609319772042521,0.39754928664520073,-2.362932477421088,-1.0157996597146715,0.3904352472909371,0.6681488370728395,1.7257245585624594,0.8549853171785152,0.37562601423534164,-0.3933281727811806,1.1432940657971293,2.110961932255524,-1.3202418708464636,0.6186001452073829,0.4473944017914742,-0.6148058651505148,-0.6695129060952288,1.0694858783217032,-0.6508928766818038,0.31441834224930626,-0.53573550133305,-0.1292236121283223,-1.558693264121637,-0.6371367442711756,0.5191093195318213,0.09190832657529421,1.2686354818017618,-0.9309868456375853,-0.6443971596998855,0.4840104847673839,0.6947580866290817,0.02744418851583827,0.2212558936424659,-0.5459694965693155,0.4190989528656228,0.49332437329327056,0.18546095945206634,-0.2530731259026988,0.17563196864575853,0.1702281003651825,-1.0485314979923923,-1.4609123212803894,-2.54705962584407,1.16795512136486,1.2160984870004852,0.18100061343388502,1.0295999822180115,0.8413157765550804,1.203252674269268,-0.4309147437069286,0.6675434886050928,-1.2576500030045712,2.7644860139479874,0.5835586374456094,0.1956538053213532,-0.7206177440317595,0.021848500058690386,-1.2577603148457273,-0.6407931282271414,1.0005280440160096,0.9975903638673889,0.33002321369751597,0.24797643916561907,0.20211680168485985,-0.16800779727961274,-0.5535482593447395,-1.022636307416117,-0.46871924268526655,0.36785892159570033,-0.780026376684252,-1.7056166454656294,1.1906866383751655,0.19410510791842228,-0.14140769898800107,-0.0542643325971747,-0.0342943664421532,1.6282455104943585,0.7032989319316303,0.749704001664781,-0.6236464829707793,0.1542306634969443,1.3839954156315093,1.8498058631012593,1.4738928766821644,0.9889189905438784,0.6071170283858572,-1.1890600797115451,0.1768935494681598,-0.12497467267352626,-0.8389832639782101,-1.0962123281829137,0.20901754472359804,1.3135539247612777,-2.2637282935687333,-0.036960680473183065,0.0015927724342476163,-1.8165730837840346,-0.04480629936656739,0.12386408145118484,-1.0772444213173915,0.026663686511800226,-1.7239052189758903,-0.8382021639093891,-0.9472507896078104,-0.378768024972164,-0.4619273155540248,-0.09797028967474507,0.7690006225188961,-1.2413533305575108,-0.9273921499991109,3.8874514395357678,0.6155219680471379,-0.7961501017416946,2.3410758061563035,-1.1818284582647536,0.07338381351546885,-0.04342767831675393,0.19629673871344588,-0.44262448895336337,0.8296492476449405,1.5786849467684656,-0.2039418219174473,-1.5568112163478545,0.7211167858878933,-0.4475224538720062,1.490779104762827,0.5973734897963292,0.02995009469242685,-1.6699569342282705,1.433056799204882,0.6651958928434885,0.2877951686070768,-0.16075206201122974,-0.8167350269053145,-0.5498008222794234,0.5669601348632206,0.8388820089660913,1.2013203831590538,0.8757990993493475,0.04067960483679484,1.35358166363735,0.7652450986997772,-1.1423976880987268,-0.4727080765332995,0.10063011252405979,1.1322317361563974,1.6389035923205506,-0.5433505378581633,-1.5456842896165106,-0.9390780183706502,0.6289659071563048,2.4879499050936276,0.1875979991033158,-1.8592901511655906,0.296241830040433,1.1571736219007647,-0.5144316111589806,0.3307579040761265,-0.10670767250508716,-2.528329582538925,0.24729978481314063,-0.29806502994814416,-0.21933874735377681,0.08441608029009366,-0.5264009786530768,0.4230756164845626,0.24907863351513929,0.3202373083724712,0.6173289686280177,-0.051327763737524415,-0.3795542346362238,-0.08192289717416305,0.16717459549757008,-0.49976730225104454,-0.8475674404816161,-0.10897052143904844,-1.3029805439760689,2.0437919210641167,-1.4825313905108413,-0.19307025334491731,0.4522548024817112,-1.1800174904202159,-1.759311802256319,2.185639610231935,-1.0427879049611573,-1.0017122559930194,-1.2080578889700793,1.5961246639650921,0.6860031552790538,1.231338533395955,-0.25413409292680517,-0.856334826483675,1.2480356692138108,0.2469523787930605,-0.5965971155187266,-1.2065602179862707,0.4097864841454322,0.19019880599922753,1.5841987336860919,-0.49390454347378104,0.7198872168743823,-1.2938431863774518,-2.5779267492819797,-0.04848560172261418,1.1075776880156352,-0.07230957507948753,-1.2944751317815835,1.957848562299969,1.5002183195843943,-0.5007261257136234,-0.5645390862003465,0.315514763223379,1.1630294207016911,-0.6360251947941373,0.7905246681346976,-1.1013545628178085,-1.2038894042445463,1.1094186293567359,0.08149231036302611,0.07123433970959756,0.4094411484500028,0.3799627239101095,1.0362159404278475,1.9471917148437496,-2.7960564737294074,-2.0038652373394306,-0.6875801561786445,0.556821460260269,-0.9628990893936146,-0.8119145361892385,-0.6864504856464425,-1.7072244890575037,-0.9731883446413865,-0.921219273441185,-0.25012168089552195,-0.5840531137457302,-0.7133926476607338,0.34506395263139106,1.550425497212163,0.9948730048174178,1.6150155524411844,2.544609234012766,1.2532871597677864,-1.8559910145311362,-1.3274243140174984,0.21917680027680073,-0.41946198036502164,-0.3073325495766249,1.311092015901426,-0.7764900447256113,-1.1696090127102363,0.22826444336614526,-0.35559989302550427,-1.3612157030106868,0.45280616731831574,-0.09987171344529061,-1.5320984358393355,0.2304134490132547,-0.5609958489055354,-0.17090288766530434,0.1555433983367234,1.4371877149974006,0.6695661023162934,-1.9462975465074719,1.3081452605248896,-0.37524884000618824,0.9287242484289259,-0.24584786296698924,-0.1311885384362772,-2.314036194080917,0.26266447290158057,-2.0515233455434307,-0.38271352093393873,-1.2133069592206212,1.844542775741483,1.4045404205728453,-0.12034461168101081,1.0658692368827924,0.5339086732153351,1.1377196764886022,0.663636666944409,-0.29490026334564934,1.230860766780778,1.3657860804339836,1.2943210801575336,0.6703799106518195,-0.27386561808361054,0.6422443979276523,-0.5191906700993216,0.24718086545352838,-0.865663752060983,0.6368072056385846,-0.9288387788596034,0.3809225202886235,0.6898801229869989,-0.00011844496106883096,-0.5251507676348097,-1.1391988098619739,0.04094431913691783,0.5529441885664493,-0.17784529121309126,-0.07470650961830608,0.9347293923572612,0.8891416106984164,-1.913075560734772,-1.3124859760224856,-1.7573179927831581,0.3078581755765079,0.13287352925132773,-1.5961932089217135,-0.8143262909903055,2.798736236141098,0.7243848633183134,0.8330521587614061,-1.3389788850889477,0.28013839632516147,-1.9276688393172028,0.5276603048696441,-1.4176692982566361,2.2334099811125627,-1.2603638136950424,-1.560505739587936,0.8575189066760904,1.29563706851151,1.0768643951263048,0.530888464836103,1.7287258583193574,0.9385503320205824,-1.0896846762533114,-0.8299326627148302,1.2021471499048577,-0.22019865927543658,1.0938592908432812,1.3783905570343424,-0.3557173257034298,-0.54982279955918,1.0416605659966296,-1.1942904166869215,-0.5534963116467808,-1.7630527293139924,1.3747420018280125,-0.6529731423083995,-0.0058763696178846525,1.246374005139809,-0.8523197613458227,-1.008650019205404,-0.775226168298709,1.5334909845980178,-1.4082616920494562,-0.4949574523765863,0.5514265155014149,-0.5158842303120067,0.4040398250652885,0.707990314993639,0.9520044722120325,0.5944880811364535,0.7748417942585284,0.37806383596342236,0.1953856203774743,-0.3777069048745151,1.8951898221584143,0.6794171353309912,-2.244010798793776,-0.7250316135450344,0.44515600809460143,-1.6191463882331112,0.005510905934043936,-0.055441974711950066,0.39416413923921345,0.9403825418183702,-0.5570919169589632,-0.3968773365308833,0.8559883804612213,-1.3563802096644013,-0.9075266878462033,-0.4854681525965804,0.4337012523569463,1.0557981062834263,0.8929210791384785,-0.8197814290037423,1.0087496901395019,0.9459507546727557,-1.2562016650402734,0.32344473006766555,-1.2862888399390404,-0.07948639129113921,-1.0028629291454487,-0.3631373850502042,1.2135464052999125,-1.2562185513405038,-0.15393217669116818,0.46166552324652227,0.4838103522225025,-1.2468706539122072,-0.4170991346820707,1.2470413968177683,0.3266832749578704,0.5827188302065957,-0.29468321179242873,-0.5164861539292113,-0.13449940630611107,-1.3083180912197996,-0.04939967208760611,0.15442506208492773,0.17059846598988598,0.5603621846265175,-0.8036315674781047,-0.22565726208125608,0.7082652406493952,0.17004342377073195,0.4024845307418307,0.5133365727290298,1.9271306117533118,0.8198372239718223,-0.4371296056122418,1.0067323046302765,-0.4278677234773343,-0.4564794758214953,0.10855865175092122,0.11764330182043184,0.23696606819017912,-1.5782020114424617,-1.3122369163704297,0.2585199103176076,0.8907007464800341,-0.007175548537832256,1.0086538523598363,-1.1287777026373917,-0.23189778248141124,-1.5815203223185101,-0.6658167079519677,-0.4038224505941874,1.235637636004397,-0.4922428562241137,1.5188194735697191,-1.5803809292801556,-0.2952660593995019,-0.2766345169439943,0.993613177787579,0.39284007396520115,0.5644314287376302,1.0382461988555483,0.5527693056048038,-1.1361025835805374,-0.054691233277821744,0.0763886852411646,2.7512107315887677,-0.2891285330287632,0.03774781743246694,0.13212262709305284,1.7169960254792163,-0.2600063077015266,-0.477710503720417,-0.3232705789707001,-0.7982179183126225,-0.6672859783914896,1.104197849889787,0.1650553674761785,2.6649493946089846,-1.6782855708244178,-0.9050012656016092,-2.4130121865490746,-0.1674910265083759,1.3980556269126436,0.35470555126463255,1.5454271714222951,-2.10937867943831,1.866272432271571,-2.711851659072121,0.1260131305049193,-0.40857817837823457,-0.7573014933650972,-0.9529434086158518,0.034374736168671614,-0.8768622839183472,-0.27442880289814875,1.1118653390829372,-0.025397865172438985,-1.7965127504728253,1.5947941503515628,-1.8187079419907604,-0.1938836697904144,0.07734126142961724,0.20498239110720792,0.7299093444758696,1.2963992710495056,-0.03964941385679989,-0.7989232684038592,-1.8022142399038266,-0.968236689359881,0.5810758504746849,1.1719002058500931,-1.3645298951364997,2.5434803529739596,2.3130709759788393,0.777136536455513,-1.0631837630937704,1.0537354229537708,1.2404241618785088,-0.42896965865975517,0.2837457161587285,0.532317481711351,0.4090461156668198,0.5948144810673799,0.08718623269213549,1.226532447243132,-0.4177726292880334,1.5583429271940228,0.7061734735027678,-1.1636259288854196,1.5579846025898856,0.1137264201518543,-0.17505738941867902,-0.40314736033771614,1.772462907078073,-1.1876543693221608,-1.1249546443730152,0.7811836396960823,-0.04410690218627339,-0.13570934576224278,-0.8595088960126603,0.24162127347094692,2.083163773566595,0.4155463883364041,0.10112910146534752,0.8700093041079738,-0.6822095431882765,1.0056246000210618,-0.25900905494014803,-0.09961061205649246,0.30400066554276056,-0.5333460015282993,0.31124749374649613,-0.46452148604585897,0.2684711960960016,0.9180499363177537,0.20180536797705953,0.8523774569828871,0.16495614097846376,0.16609923908133034,0.32447277779129924,0.03552946135642211,-0.5742493908071142,0.8310194499690767,-0.4596357123154333,-0.47156899434257327,-0.8580162161380471,-0.5684622058229846,-0.01694501410873933,0.14869286497697068,0.25575040769196317,-1.0065675421181297,-2.2891251721941193,2.3309220463015743,-0.517712750831614,0.5518116183989358,1.1050270499226584,-1.259085096793616,0.4703000927184152,-0.3932030969457856,0.27849288367642183,-0.2549455939381705,0.2381374617210683,-0.9792762331882109,0.8180835987079736,0.15806559729042485,0.04984262202541952,1.1215314189626144,0.7880919255121839,0.6109161134108487,0.5308543741319578,2.101359952165123,-1.4770918728641542,0.9538716798928432,-0.39666593293582614,0.7956712839286126,0.7539431727151589,-0.4039228482826808,0.3122691370626991,-0.48193574127132344,0.5848459690405766,-1.616360351483413,0.1918939071453177,-0.83517033032303,1.1663680290546063,1.864034119729087,-1.788229292423231,-2.740505583328896,-1.258142870684204,0.1060244665207704,1.8505823498915093,-0.13055965451293214,-1.0931015893636682,0.20367683739137654,-0.7549989038576229,-0.7300751451890859,-1.405770284538558,0.2321704085937888,0.07532624573893953,0.43784937514955163,-0.34353424025221707,0.4936739134503451,0.5248934368571652,0.6552539577374712,1.3669849891998656,-0.07047395013631512,-0.3275886953416109,-0.7228410964518315,1.4054000559217745,0.7530747757238535,-0.9137748830428212,-0.7813361531782699,1.0880278843579554,0.27620118146782213,-0.6458640056061761,-1.5469731636085793,-0.8474069529850823,0.7690906908560056,-0.02429386588375089,-0.9100726382793719,-0.6230930505306425,-1.0924265552208587,0.43331345534644833,-0.778595529778005,0.4809738145670215,-0.6383905575845071,-0.2568763272817377,0.014048157391382775,-1.032235036702057,-0.886734962335264,0.17125624547188587,0.304077108697606,-0.9816729234012687,-0.5491238100079647,0.8671225002597652,0.6102518171630115,-1.6293366584982225,1.6193823297793104,-0.6432299137663859,0.9746457073846876,-0.28190100143967456,0.04891913847906598,0.23674716337971577,1.3938826332254661,-0.3082899442042749,1.0457916752804814,-0.7830697314710571,-0.10298559614813657,-1.5398462124087953,1.7417196155470058,0.8920052462292736,0.6357722851764225,-1.419247583214801,1.1060732533148774,-0.674404106656416,-0.36064221412609504,-1.2581889080783295,-1.2979382458611202,-1.0884122082980343,-1.7989458232844449,-0.7174535199701467,0.2645308922050172,2.8111051253968786,1.21041855758016,2.9058423538763782,0.23291348743268103,0.9954965140538692,-0.40583133218612216,2.157766779703378,-0.6784571713223927,-1.0723500713307685,1.4699180569027632,-0.9280694467951145,-0.4712202073120777,0.8917081023875579,1.1851843007319294,-1.224830970044137,-0.3267311128450037,-0.9918227201092787,0.2904134776856407,-0.5228503579867249,-0.18375644897993038,0.2840690417835108,0.800539771300456,-0.5198840363440715,1.3848543603209034,1.6884737075211538,-0.11061623034024262,-2.37836191541011,-1.093833435621894,0.9383771026728865,-0.2075035554213771,-0.30401365842228834,0.9187250464224603,1.1706260864693239,0.4519351279329367,-0.47280878887159594,-0.08047881915775669,0.888914084209857,-0.3019735897300312,0.4602154941819345,1.0491278799592634,0.823927296004904,1.0449421380090365,0.6180894816210201,1.2821179352065177,-0.9699465374133837,-0.9854788553705487,0.8314853763151293,1.9173114071758874,-0.3292249288850063,-1.534844916074229,-0.9750247024964868,0.051072678242132075,-0.6065451132971003,-0.023108279936892795,0.8256484747623487,1.37010612543603,-0.4652608060699526,0.3463855494450332,-0.2860204485598765,0.5610008819746042,1.5206648386284125,-1.0247498378277615,-2.273070561090034,0.27013499394711993,-2.349052224418933,-0.5725461537412294,1.458653314882792,0.8327402511082149,1.3712812953851643,0.5697935268140385,-1.7035635900828914,-2.0741959375234735,0.42861873935045536,-0.7126482108928954,-0.8918933687804173,0.24051574128829709,-0.8604352230604603,-0.4215898334102518,-0.3412028723116058,0.4913618712977571,2.123190733956669,1.3488949244801018,-0.3473163683145628,0.012855432771409658,1.9463558204017863,0.8430695916775482,1.432876753415097,0.7962766203431015,-0.20790290859473845,-0.06832489391805772,2.352215189685752,2.156706462394294,0.535351356729227,0.7663979862713062,-0.8369433670089281,-0.559410964879361,-0.07496003029136068,-0.4056012812873127,1.1255788334891346,-0.09095041578123862,-0.38372540728533056,-0.7476384128047495,0.3289738257828578,-1.2965864186370537,-1.2838689489944062,1.46701535099182,-0.7488715738173932,0.2147744209020677,0.22867554199520024,-1.017795258760691,-1.315044332839001,0.15704846529747257,-0.7647249480049756,0.3419450629869599,-1.1964938618402265,1.0075318611947701,1.0078917107407859,0.15716862775842214,0.013145859460763071,-0.3534592518704145,-0.8359910565430895,0.7640637342637657,0.23116782452474757,0.8779531463414216,-1.7499062693440588,1.3190006139363954,1.3734264947107522,-0.4427293413640101,-0.3517901696857681,-1.0748019541921794,-1.4881370164114776,-0.0965792006561916,1.0077042415586317,-0.06523795985293021,0.7727546172903736,1.4896981253967112,-0.06398089774188793,0.7931611183987068,0.33472613318385847,3.3018885380080487,0.11218221178707921,0.9787654790102549,1.4167339019317609,0.5625342687739279,0.4095390636649313,-1.4592080006199255,0.6927420983944537,-1.1028857459865058,-1.3744202686910303,0.966305635435375,-0.31279734147579846,1.1813388611620934,-1.3557500624420347,0.3573724303485637,-0.004032205494892166,-0.16224118026431875,-0.655805721354936,-0.02050027526340356,-0.18911223256018317,-1.3961627096289755,0.5832466383957015,1.1469761881381322,0.9581441736789642,0.1058271108640875,0.24835080697332018,0.0027185316168360646,-0.5460263675496639,0.7890436085233482,-1.1319772531718548,-0.7616221910956904,1.8942015319823486,1.010367111965003,-1.622504894175926,-0.8319435402737362,-0.6082796756679065,1.1582949043844981,0.5456334733579614,0.43999516953636225,-0.5330110321679133,-0.0847937735359913,0.5885747331009465,0.2147026552236646,-0.7446612410314646,0.24588625747721873,1.0545302141230808,-0.6083883612929688,0.8644069881463636,-0.9659454997850593,-0.9040654442293573,-0.2485707603567189,-0.9427125539585202,-1.6624412294179651,-0.026943017815398013,1.6191911021842262,0.6983911859025304,0.6979496177488781,0.04505946338530412,-0.6501696862442436,-0.802918378607024,-0.29309907601931,-1.099852249523638,-0.29021435414970065,0.6578859460887081,0.1658390692158708,0.4786505720216693,0.5930926991024377,-1.0340419813600759,-0.5957401393816526,0.3776796451436173,-1.2109802296744743,0.3880866453861371,-0.47424212679523636,-1.1180420947789984,-0.7554155819751912,1.089611640374255,-0.1255746515366134,0.6365316543167583,0.5057947164519275,-1.1806300900146425,-0.9159688528616737,-0.4807026735872562,1.512315532070168,-0.058013443807581944,-0.16412626402857625,0.4224980888011748,-0.328788119256817,0.2175994025444802,0.4460597534560525,-0.4982729436932606,0.6053452941682784,-0.6356410935439831,-0.03041468057402645,-0.11357964329496514,1.9207929363912186,0.34901208649702764,0.3238883296110675,1.9799500959607526,-0.7025283545598975,0.6183547384557573,-1.4103833437275899,-0.6254854582438669,0.6848069378032712,-0.45297722717022576,2.291387151853408,-0.04440305715682949,-0.9104224672660051,0.24728049681895317,-0.6744237069507304,-2.4509886550699416,-0.8559892493254346,-0.4557712498733968,-0.16834683048236834,1.001238932925109,0.5411982235986387,0.628631269110696,0.4410065852841388,0.8253412861782577,0.03822518130686445,-1.019076362112446,0.7007160080096506,0.3119673160457651,1.3369735464795443,0.8312304845078863,-1.3748253800762984,-0.13534672760483832,0.6151443967605595,-0.2918481802596974,1.4017758329739392,0.18617002824131734,-0.7206903162539839,-0.26951688451915085,-0.16774033679461062,-1.2599431764585056,-0.01266818345139195,-1.1818965345823993,-0.8794319338645968,-1.3662514924724125,-0.11907981206810517,0.10336609289550075,0.2614328846101842,-1.5122591730207193,0.01961432420081582,-2.0117678033156614,-1.4729951064412112,-0.37934793419452917,0.014461339670495427,-0.9351391778329993,-0.2147294025321757,1.6675604881133108,1.3282969234652235,-0.39884445785241124,0.6614488087217698,-0.9727115134436545,-1.570992720298694,1.0342598341040266,-1.6933247828416995,-1.6812772416095405,-0.5875275632844986,-0.31736556992999954,-0.4978304924450684,-0.5789508082412287,1.5636759323446916,-2.668556841290149,-0.560886939504198,1.4388391132959466,-0.07988488947482422,-1.033273080764614,-0.4606177978553342,-0.5755035477635924,0.9915680187777467,-1.2728392763018979,-1.127968282042757,-0.9573955250204831,-1.3636982269702658,1.1642067591499854;0.29288392660500184,1.549788128513167,0.40928459179776694,-0.729122112420352,-1.6842039652251326,-1.0617060766807884,0.312761947718996,2.09606055700637,-0.7688884932535778,-1.1531816634962715,0.8306060886283474,-0.40826250031121636,1.1937835909438343,-0.5525147824414415,1.1254836169780897,-0.18568614357487304;0.7638297276279079,-0.5492887970476618,-0.023556980207446954,-1.857603203033025,-0.24879679780355402,0.15777316859202534,1.1226674246996182,0.3191267403078633,-1.06511080205292,-1.7752589126476215,-0.07618224709839007,0.7753199777723665,0.9251655412482267,0.21885856352790165,-0.059133010924349284,-0.6229295937395638,0.8737497223588113,1.6636738087210685,0.6702539301829502,-0.9894303206741051,-1.4449975211335397,-0.6961251063541878,-0.3821715511679521,0.38263897942438135,-2.8084736053506667,0.07109713696362943,-0.8571870704199593,-0.3284548946260612,0.6255421368514414,0.05816410242604223,-1.6115126322492475,-0.7799252772304767,0.510093583523501,0.5012769675693658,-0.10129812696816637,1.2653823333543448,0.9366416362447162,1.081064374818693,0.47781637139143346,-0.9611677868325877,-0.714589821596262,0.22828201008053817,0.27008833594093645,0.12035930388551619,0.07096822372369432,1.0727789667624665,-1.5264034221196534,-0.2549705329709246,-0.21467248428548893,2.0283693366105138,0.36244236291259985,0.08324911982324341,-0.17540967392041332,-0.25840263808995084,2.3171957481254375,0.9131731630436644,0.5673995605796409,0.7926511714552321,-0.36316430371795494,0.5049619744587427,2.108719726316554,0.7407357335971935,-0.9488676321485116,0.8565296274742897,0.972431191222615,0.6511394264032188,0.9063798856777037,1.4055062742771458,1.2064206108724183,1.8430806779390487,-0.39211000248123845,1.0063132142552738,-0.9350270096722537,-0.7286363757234802,-0.8065680018296988,-0.12450961165427624,-0.5347953569634843,0.4172326035329085,-0.8378362739242486,-1.315330879701105,-2.9405111182251376,-0.8681956997692999,0.7957515666577082,0.5128346602839741,0.5228889077958494,-0.3145732093180672,-0.616648532655845,0.07901202947360962,-0.3811633374165335,-1.219065392557226,-1.4001935092752973,-0.7875784710614891,0.9022212633226859,-0.9551123308099801,1.1845765320275545,-0.5611919425407373,1.5306057720906998,-0.9778307731759543,-1.0630837528171349,0.7453890332283823,0.362181619550129,-0.6002907637052611,0.6509635429549689,-0.62245971537332,0.07135060802485234,-1.3346840177420152,0.12420198246189718,-0.6387958763160262,2.5474035937204196,1.5303114636990915,-1.7083915773850507,-0.6932464105672695,-0.224901287175167,-0.8627055603868617,-0.39919980850455594,-0.06286598701515532,1.2109746958048893,2.6201910876916594,-1.4114191720170433,1.2168423091894944,-1.1062727819079399,0.4898566443992025,2.526593116384081,0.5206638783833986,0.20549834390737806,0.12086129640763348,0.7708395881901818,-0.1374608477845354,0.47924037262352337,0.8415880544592534,-0.24193985939815615,1.3835519552714075,1.1412877282075853,0.43310066284791693,0.3252247960967282,-0.42997318188692835,-0.4685286379043037,-1.0924456083853098,-0.23136346155842827,2.7279734079196314,0.34758583392052234,-1.7685770894269541,-0.6466790899803265,-0.41159336668443663,1.042170294099456,0.6526857716634455,-0.027941726664400476,-1.2577709912506039,0.36209979290416955,-1.6074567898000265,-1.2436066509299128,0.2649881431518077,-0.25077621132219674,0.8068509883905454,0.5394600851374908,-0.683187414602889,0.75928299219258,1.696853979158239,-0.8926135474450145,-0.5433555190024923;-0.36014042198335217,-0.5795185863304264,-0.07566988612238604,-1.0607026777350084,2.1409961255534804,0.1983504748946945,0.5122882120124074,-1.9221285641769579,0.6108702272498151,-0.6277709897491303"
1,1.5105693672636982,"0.17684214028650844,-1.203058050436433,-1.1285089969452162,-0.38419350203907926,1.8264862062590008,1.1518428949609563,0.7587429670424123,0.30732128478757503,0.8054191332780956,0.7787114472603827,-2.0212799295131,0.4031108733831088,-0.16629630262114992,1.2187469533551825,1.7422734951493541,0.6686772768052659,-0.07982498143966882,-0.8511592235933061,0.4620701440198003,0.9762904526321764,0.4487655766790447,-0.9712411364954666,-2.3769303648671607,0.6911614410165408,-1.4848583658513104,0.4620414519237428,1.4580847634584628,-0.43490927610628427,0.5836916469381113,-0.68062134981031,0.04504763617315462,0.15727395821978557,1.9238015554422176,1.8290234087268316,1.1435583074595008,-1.1309979295572166,0.5932916356301837,0.3788206557504008,0.07206545644176024,-0.8400507770863035,-0.6033538310842123,-0.770065191292866,0.20705106900441012,-0.4427177792148237,-0.13609292946395418,-0.3454956140442842,0.16263826668813566,0.22038954695156796,-0.24660974139162245,0.6294685622309557,-1.5673196049294722,-0.31072159071282596,0.12853850760009575,1.3012293226318001,-0.7197935845766823,1.6120778177420123,-1.1753107688087603,1.0163933281165713,0.8559085390018395,-1.3811752314185548,-0.09442979973307114,-0.511255914722691,-1.0098868900880027,-0.1734937125859507,1.0359683922664586,1.4407886112389758,-0.7952273241806718,-0.937622200205425,0.9541797841747677,1.7058782400114822,1.2877038269433063,0.7731371242295556,-1.9384371683087709,1.7156128287230359,1.3007667750778489,-0.8652241451045585,2.0062636852784688,0.21450562344762392,-0.8067905901185022,-0.39077710025183615,-0.2331207313744636,-0.9265906778693911,-0.30785939035193444,0.01294223274257892,-0.3866916692964585,0.031086942166322323,0.6501049519222157,1.5740173092823617,-1.0778787442538427,-1.7429440852708002,-1.4434384489861283,-0.17578572057899808,-0.5830299691763072,1.2570118978415052,-0.2669800446980963,-1.2625656889563053,-0.4636775756005594,0.14620724826057213,0.46296384117485995,-0.9257161548441603,0.27095908071457014,-0.2830358372876408,0.44607937582247215,0.3708318612940027,-1.5197891344431596,1.0684870982759784,-0.09668020778890947,0.6652694392461083,1.2559963374259442,0.8846297101718046,0.09441830856808002,0.507886689508211,0.9722626798007454,1.0068585676564092,-0.42310122552886925,0.5961429603827059,2.2986763206572913,-0.9180903802923678,-1.255052538402212,-1.4476411964839482,0.7257901387756343,-0.3353537084705412,-1.1313288432342328,0.8186726499554687,0.6095934642083988,-0.3643957457973651,-0.5961434717585107,0.8672554702403763,-0.3740516791537806,0.6884695805851169,-0.2989143986823811,0.6915061438987605,0.7639035243924833,1.3458744953686639,0.8591457511753433,-1.3117254000812253,0.8622797725622032,-2.0165571211473785,0.30361597792152245,-0.2654394567165757,-0.20102729201788272,0.28146095974315805,0.6005850442992577,-0.9021338646980779,-0.9092156377505104,0.406061684395225,-0.18076815372543026,-2.259639158221812,1.3425072269415783,-1.6609375531583959,-1.2880342311402107,0.3164844340938474,-0.32996461162338225,0.16820935028803857,2.7572285205309135,-0.045439606706318865,1.005256488397946,0.9774727680515015,-1.0316172514151254,0.4255083343240015,0.9566887049963796,0.6522024126974724,-0.34100795927354194,0.9392828825296826,0.4819537502705895,-0.3156154714531267,-1.4123848249212774,-0.25554103482149465,-1.9134075301393412,0.8713182059483573,-1.4373934109371738,-1.2871116685962742,0.12223703306656508,1.15413238921934,-2.3172603583409086,1.5109229483704123,0.2569224352642595,-2.4662332766524897,-1.0482329993524242,0.5310444393752539,0.5550739124508471,1.7433490022577833,0.7576540496850961,0.8716559849136306,-0.32392742222378224,0.26205806841419577,2.063660272248778,-1.9129154603787675,0.6804419273155806,0.6763786049277114,-0.5285355508031783,-0.5401034759885324,0.7609341304637053,-0.37161670851059464,0.03956367692894572,-0.46286707806326066,-0.13355798050786252,-1.374235717256308,-0.258236468476209,0.5536605273646035,0.3108308254125593,1.010412592013832,-1.4170790219191032,-0.850769358627813,0.25877545959249704,0.880839638522074,-0.042054002432882154,0.18638080199933424,-0.1710626859990091,0.42128725895948005,0.08308828137070184,0.30103693391841385,-0.37679296460944817,-0.3608880886200328,-0.16218241994823207,-0.9763221879577809,-1.3890842447722505,-2.492833495232684,1.2857735027403967,1.2222261234482028,-0.20713013637372746,1.0906663389940447,0.6207576184117041,0.9579476249124829,-0.20709919264357302,0.9140630425878108,-0.8373602411226013,2.210286553626202,0.45925405934805497,0.4266836033310274,-0.5929103466417319,0.3571777189731157,-1.0210831951442223,-0.6614865373074545,1.128957193756669,0.5742682373952852,0.20541051694627438,0.3691598540156502,0.24949542301218236,-0.0558674434806003,-0.4474110845201427,-0.9834022027442691,-0.5024343581667271,0.31103177830311907,-0.5810631226542852,-1.6824009247600253,1.3727371616852457,0.18023151296228385,-0.30288010663504134,-0.17067958312516013,0.12694990431392716,1.4311564246168131,0.5003612613884675,0.6629473763983826,-0.9705198686485045,0.28483378449054053,1.4932914828525243,2.065692860751141,1.7678331741342133,0.9234597263515791,0.7912652114852444,-1.3121533775887664,0.20377234769603683,-0.05269568582234326,-0.8842933938005557,-0.7134254594291548,-0.15193862711680925,1.5490025019013969,-2.353868755524413,-0.33688966784951385,-0.0006579978543006515,-1.6390779741161237,-0.06159308969789733,0.27544501761944046,-0.755257358630295,-0.10900241352063128,-1.770720342803055,-0.9603741244542213,-0.9841647817240289,-0.5178747209226644,-0.3802326522772673,-0.2498481758530662,0.6538395185465997,-1.23051097880212,-0.35258368124232903,3.9905946011067996,0.7422752887973572,-1.3450182422604886,2.1608078499843337,-1.1802654010733167,-0.25038639625770315,0.0724556748800232,-0.15351123543259929,0.035077380859901794,0.8876399210249815,1.1592685716813422,-0.05429708365710037,-1.033570532579117,0.538161710008163,-0.39239045033674175,1.5346251260752757,0.5817049016627627,0.24984178442126792,-1.4037592039103364,1.4726547329973347,0.6241146440843441,-0.09185517458012259,-0.09240313574610054,-0.39843747483423264,-0.7669186533555872,0.8563134755433693,0.7797002631513035,0.995761916107268,0.8373842637250108,0.23540819363983748,1.7803943167074925,0.9274680646989463,-0.3236913915397005,-0.5980229721546543,0.06626260383172246,0.8081149646872567,1.3705717067217051,-0.6384773085374216,-1.8988418134392693,-0.9645222673644898,0.43346078264890675,2.535153402583994,0.27896311319406997,-1.5758874674867636,0.22240212824400682,0.8402538546396641,-0.5242987561795911,0.24472742431623695,-0.1566018442045291,-2.5603599455966832,0.1170430592070903,-0.3412157701773732,-0.2041618175518455,-0.043591742657077236,-0.6873200845773717,0.11455724967696324,0.40804089822800194,0.28001641743867767,0.4315561698870859,-0.10788384115450508,-0.6006606169725794,-0.23264639218063543,0.12453808353516738,-0.4352356693849571,-0.6472765949910245,-0.10826328736992318,-1.3267789971544222,1.7628919318969252,-1.4951019696716548,0.037066681056128876,0.4544096374093886,-0.8296748162585864,-2.0766761903516744,2.2212358262216405,-1.1120364553315627,-0.7176302205203691,-1.5552081254046797,1.4481105742153444,0.968289505183722,1.1110213518773917,-0.05066952100941676,-1.241406524867379,1.0562939114144818,0.25824278497036945,-0.933709834581394,-1.376808163578333,0.48499676999195995,-0.21698914798479546,1.6955560918095787,-0.9388336805872844,0.5413688530371965,-1.0560582692678153,-2.3992016393894207,0.17882111317039534,1.2307017775574889,-0.038178040528809645,-1.294927708769302,2.2018776550797434,1.5445314887420654,0.20571681802434336,-0.4149662927977608,0.15386431724122673,1.0544437095996766,-0.5967315889575722,0.6494671090175826,-1.30337488476764,-1.005259964663685,0.9225199923451805,-0.029993364349814616,0.11250267578351873,0.4752222305203866,0.3933319837264077,1.4309197880427256,1.9879291109782609,-2.7968316301616842,-2.074756258860299,-0.836095174120379,0.882318637046451,-1.2050147717871451,-0.8224210594647621,-0.5911935439959518,-1.5905060268690034,-1.095360019053382,-0.6766459389187003,-0.06043460035670295,-0.8577036861285017,-0.39913955526864797,0.5505007905784601,1.414364061331782,0.9090897908819806,1.5265170680105613,2.598956626551184,1.2237138821244669,-1.6155593368399097,-1.4304089629970025,0.6504722857096745,-0.6573008335661427,-0.19181026035987858,1.1231064551478416,-0.5246058339135335,-0.6106413955825506,0.04305156859196046,-0.42317275808201826,-1.3639451432008458,0.5475442552293156,-0.2476346320005195,-1.5977274384091964,0.31821782608945515,-0.6375358627968741,0.2266855819005383,-0.3043379478553088,1.4606329049912674,0.47862769301998087,-2.2335305525042797,1.094254382019448,-0.1720339527288352,0.9158818210440063,0.14385947661067816,0.08109538028014107,-2.3724548884611263,-0.08127263664168877,-1.8290888236766318,-0.690279422948865,-1.160567950244998,1.7227219627499692,0.8606985438866761,0.29526534390015413,0.9023131039563357,0.6800460190431072,1.0487287097459774,0.26180124470215926,0.16950729459024438,1.5746866331975937,1.018055668677233,1.48330886646487,0.4007779690812238,-0.5224688346866485,0.3719928313067626,-0.6470334300926696,0.29192455433467734,-0.637542811840903,0.4923586507971299,-0.9755429843267543,0.3719655221426562,0.5400902740621364,-0.0037796567961546276,-0.07249395126726683,-0.9935460901754402,-0.1313695058821023,0.8218895760778029,-0.32434088905976904,-0.34780092394170337,1.2918978313881926,0.7656303743591998,-1.3059837511641206,-1.2601990930719404,-1.4292498302736676,0.06259299956400793,0.039418259639423456,-1.613755567624329,-0.46605822349083503,2.471924024848359,0.4331879103982098,1.1268112531337453,-1.3634404171995331,0.05392188540730952,-2.189605184495867,0.40538520035909786,-1.334460638826928,2.653629778955878,-1.3072406351698707,-1.671178488491274,0.9813662645822108,1.1734674277160706,1.3591389272285037,0.4228232444424345,1.8819825764960967,1.1716022544479536,-1.2430126831018928,-1.1121687204111042,1.63275447167391,0.41691335714289146,1.0902276545894618,1.4563798298978838,-0.4129459620036771,-0.1668094235557464,1.191609552425689,-0.8918689811128281,-0.362207328945954,-1.4796110643053526,1.4666650918664952,-0.5323635609192671,-0.016955291535289817,1.3456889168671344,-0.5647964385403101,-0.6457874063936063,-0.44134134543653414,1.641695800991065,-1.365494003309458,-0.3919563102665755,0.47444233848790923,-0.9380379084956696,0.40728377085290807,0.6646233614636818,1.0517619860248182,0.680979062910934,0.6835903082634167,0.9245476853233017,0.359857541754082,-0.4514624563767543,1.787223225955534,1.0678106100433309,-2.094508986557921,-0.9354735720303278,0.42733291470780255,-1.4887618518655696,0.08359812824300783,0.25274390640196615,0.43987879127399737,0.798670795716943,-0.712686982183513,-0.1649581125976366,0.827101805957649,-1.2004732736642063,-0.5225547479749881,-0.4098688374841363,0.42552870936081494,0.7577194342765956,0.8189923786240605,-0.4954584409964777,1.0986552883500322,1.1779844500418268,-1.1041755066809755,0.3900063935164078,-1.0293557779106404,0.045689999483810605,-0.8794623451278185,-0.1721443956055343,1.2075646308592114,-1.3562177592273372,-0.6876473234763882,0.20723640696096673,0.5429960284112814,-1.5999150973032574,-0.6044064694499325,1.1680900111208377,-0.2075761490917487,0.415045762400576,-0.6870059959341023,-0.6220663459124076,0.06707629108562269,-1.2833243856148937,0.24694981255719162,-0.18259793258841728,0.37571827325231794,0.8257925369913509,-0.9252240966421179,-0.23607253097190695,0.6279894846349319,-0.30883948727593735,0.033323764106681475,0.5030429232503437,1.5699217566744068,1.0238695641252766,-0.21526143759672717,0.9796439937637608,-0.5422064522727971,-0.21570399180815542,0.7072787909089425,0.012248468349259772,0.5302821039602922,-1.700648277116458,-1.270306786161858,0.33150477521160693,0.5312130608012101,-0.05330942156844328,1.1268008001642922,-1.045498028206849,-0.1303149370831083,-1.5160034821488222,-0.5301354713708745,-0.6040348766147031,1.3961282552617225,-0.21535372846951342,1.7078372591747337,-1.6162622166614187,0.03361509472504484,-0.43150470633185195,1.251866806940198,0.7880596634058141,0.4129650747457795,0.8932324373319608,0.8687337683257811,-1.460030185572366,-0.3738185413999582,0.1248921802115253,2.3566427150704063,-0.15693453606506405,-0.01329310067949635,0.04696545030987227,1.7157414374623867,-0.13929940105040892,-0.4519326083938062,-0.4154628650064296,-1.0428835750650616,-0.5701038686476788,0.9916168920004863,0.1569121933114888,2.7571456346951746,-1.7323543640684835,-1.1067463395704287,-2.1324552455667725,-0.21631556918208317,1.3170423129052513,0.31212298715283165,1.516428244709479,-2.1861297116862057,2.1215465136464084,-2.279635923708827,-0.07211335844379554,-0.29245087716780094,-0.6177379988702614,-0.6899440202996538,-0.024764366299113216,-0.7162260298201106,-0.21197523654424894,0.9797301279530172,-0.02659084295662132,-1.563489024452608,1.6632599760711941,-1.2751467242376384,0.19212518553810726,-0.08266510065000932,0.34657089735751984,0.6571066777112878,1.340456513788469,0.2608023880088058,-1.3700602606502026,-1.9956407131856553,-0.9006939215596685,0.9127647853797979,1.4894684098657285,-1.6584530767875587,2.3568612476844706,2.250061307856225,1.0267143729114803,-0.8111442724039402,0.4749223732986442,1.6993111125921656,0.10953343625359341,0.2549126671794678,0.9063243967686083,0.14608150127504077,0.3464767975738353,-0.13428503692997387,1.4803843608201985,-0.3889052974168555,1.7318652324271213,0.5675223492752421,-1.187018232670738,1.1999376023923471,-0.6830560030511748,-0.04662849935160418,0.047231627561419735,1.3610845247970165,-1.059144695569086,-1.151765019279871,0.4774414034944012,-0.05412290028796615,-0.06858078098928098,-0.8669570573263018,-0.04719624022929908,1.85744948428738,0.42192624118923927,-0.16623058648355202,0.5533465517377251,-0.761034799693626,1.0379528257872086,0.3525655807434821,0.04852368276999325,-0.056732911698227965,-0.5271581236340306,0.4835376269081859,-0.17981142122149732,0.02678300065152775,0.8627083968694076,0.2510831418182528,0.9393695441219194,0.26522920195469857,0.2502557855990564,0.6662576601112271,0.2768437579014377,-0.3569909706775885,0.5347447300866591,-0.9251619489524172,0.14012842273100154,-0.7743169387551754,-0.4852131556932725,0.2831887830454851,0.3063760374337016,-0.08089809010361483,-0.8967166292175088,-2.1820425824536787,2.3990129708289176,-0.7770403376439595,0.5331247173906346,1.445402173826663,-1.212669990650121,0.3797443729861547,-0.3060988614995184,-0.17664249999579007,-0.2881388443524853,0.49393980442722685,-0.929700689705921,0.7215814047624683,0.2382974390933343,0.2119333285571938,1.1929957967921387,0.4687502123911691,0.31170718351837234,0.5485570441096065,2.021913189454155,-1.2393986499358418,1.0472484569934166,-0.3801758805099482,0.7692916448774961,0.7600346063242324,-0.20377089164554404,-0.14941724589960792,-0.7113070500919043,0.5555277378548535,-1.9212323801927018,-0.322244874694005,-1.075671216271489,1.078020800173884,1.8611895932480724,-1.5486228994368072,-2.660683069423592,-0.9078590522822488,0.04986517650209213,2.06449813833559,-0.16758295107589466,-1.454224585883874,0.00566002958315992,-0.4548869944379083,-1.171972545944917,-1.1614184705434125,0.07985495448767499,-0.06637696814245689,0.30239501879115105,-0.399756052416217,0.8983755249905512,0.29865006381914405,0.8178983534517275,1.410566201950768,0.15433387361908418,0.013251082907350997,-0.8340816307589851,0.8904184177835809,0.444410734344299,-0.5675330478008219,-0.8356041305933771,0.8771249565085516,0.3213197840395372,-0.3850344048927017,-1.6480062213989874,-0.5581871487781694,0.41380679890412536,0.14300186558228162,-0.872165435863046,-0.520130551455565,-0.985787220233742,0.10717700491156007,-0.14632540096288618,0.616843171937913,-0.8462661130336443,-0.0400563136063152,-0.5149265039942353,-1.078032833629009,-0.8625679623008937,-0.12089845788295907,0.5212394107204942,-1.2502903756181878,0.12403069054693605,1.0338569308016665,0.3935165083204245,-1.5775483571662625,2.030724270414095,-0.7259325361080515,0.6443593542807518,-0.15257832006493316,-0.1833833095994652,0.4317408325139957,1.1712728072548666,0.06468411399454313,1.0228669470382086,-0.8662046994640891,-0.06968707629438825,-1.4220949683288926,1.788089511919642,1.1216140113171351,0.5002568050984325,-1.4339039133714142,1.6692617170864774,-0.6674582098327966,-0.6088170520801157,-1.4876697079248984,-1.1716960973245516,-1.1547642702886145,-1.8181700792434554,-0.934442161263707,-0.020583184306548707,1.9631441233058964,1.3486278001221732,2.986963970687361,-0.008046804774988425,0.6039147479112154,-0.38829757939257215,1.8180042170196065,-0.40549142738699184,-1.3214397352641143,1.496369073799089,-0.9349529827196696,-0.10644870635187605,1.2941686641156984,1.1732763767339618,-1.0543044424648662,-0.504585530407293,-1.1585270525150537,0.2408393261245073,-0.49309058772807796,-0.6382696117847828,0.22371299118083462,0.3717285722983127,-0.7061216209413449,1.2680509851994748,1.3180981117752582,-0.040764923726920074,-2.1335805236859704,-1.153471994643561,0.8254213748718962,-0.15937852723358364,-0.34212505136156335,0.34942290570875223,1.064797181888683,0.2910700631940941,-0.8137076877942084,-0.1712413395067657,1.2951513175919573,-0.5958242178829596,0.46747784587332336,1.180456559837359,0.7026212368267328,1.0004620788781995,0.5210528624924341,1.2519786117747795,-1.3386902673342258,-1.073627335120881,1.2114112814992768,2.146935620295579,-0.12029923151623864,-1.4584693453290474,-0.7645499930749364,-0.15139014749763155,-0.2877083712744845,-0.3248860507228234,0.7948625830418077,1.2404740830150476,-0.5847847179331578,0.40021435330116994,-0.1425339921357137,0.3234955850973482,1.2265746834388775,-1.4836876730188693,-1.9805407924602465,0.034456397323155724,-1.9822107333373793,-0.2927954324187002,1.51285388639204,0.8156596872803444,1.2331518421981955,0.3242447031538206,-1.2816564151581145,-2.04296134710948,0.8023665107357633,-0.5224306419244528,-0.6503126459131594,0.6064578435180074,-0.9412759562699113,-0.49533166782347443,-0.7787498713915731,-0.09999305763309914,2.2927296579164302,1.47831368759579,-0.3575969035524124,-0.12494669196090816,2.1097808288724877,1.0129292063129705,1.321704863619086,0.2764992893080074,0.36542550133852403,0.07352520657865472,2.451042434517094,1.8688479391895139,0.5899979183465106,0.6431401138694657,-0.5672338294480044,-0.6721355539327121,0.17992775676672568,-0.713996435124405,1.3564426495805542,0.3849749378770355,0.029615188833705647,-0.37027840013260976,-0.0632898263965994,-1.4006175177252862,-1.560106707812336,1.2903390093665295,-0.6093967410662664,0.2683475678882422,0.14948417140544815,-1.1006085062726274,-0.7648938178209796,0.3180004204032687,-0.7671655566718142,0.15679723970299667,-1.40391303721667,0.294399188498965,0.677254982575139,-0.07241335101589726,0.15166651933256742,-0.5877615856970214,-0.8988061222537748,1.0833608816212772,0.10171209858471575,0.53220589561904,-1.594458370702243,1.1626645418949662,1.2219825628347636,-0.2619070207746329,-0.2969073257505147,-0.6954932591061401,-1.6445634787467167,-0.012375544199473093,1.177861680374599,-0.2072835038851781,0.5124089614259477,1.7942513556513255,-0.029597247497786222,0.8851824385829302,0.5216742161353374,3.505390534675133,0.16467710316064313,0.9227467166555284,1.6994531740677883,0.683094451425636,0.06173378752655295,-1.4332575706059374,0.6052376207535534,-0.9223472990272126,-1.3994239415920453,0.671881949271843,-0.5343254729401983,1.1940519860051675,-1.4199211698727658,0.502198416865785,0.18986791049240345,-0.5548480501081949,-0.511285707336001,0.3674250396242569,-0.4347259052458254,-1.1589601028722611,0.4415894270848865,1.348352456599521,1.2641256191587513,-0.5744603920365263,0.15439870439469752,-0.02446754748596658,-0.600236688488558,0.5482245942990627,-1.18947931820674,-0.6847836607933081,1.906358984306722,0.9055964005278088,-1.6676826109309753,-0.84978295371885,-0.4884628634252182,0.7935794671604671,0.26965424720143993,0.05875876272217375,-0.6424015752142526,0.2540085677823415,0.5192412490489359,0.5358516926969102,-1.1149878213784932,0.6242710694842386,0.8213744643144949,-0.9267829333658478,1.139944372259865,-1.0614746075835955,-0.8939785292487221,-0.05991269608612837,-0.9324910279200056,-1.8469823014941267,0.041210500046014106,1.5795125293938017,1.0571404394974866,0.43184262920043365,0.19145533642785006,-0.7212059879111115,-0.7529453534165141,0.18676465460345593,-1.1223362756142097,-0.16677478651971592,-0.040030243914094196,0.08539923849597969,0.3370900127847981,0.7678198099077176,-1.3763196099793806,-0.5702764873785476,0.4318168686127545,-1.2532708069051706,-0.06569250699706544,-0.3978422381755563,-1.2797018402970237,-0.6348572792099709,0.9761890424170012,-0.015321971955173264,0.8533675398712262,0.8399364881514666,-1.3283367011918665,-1.3188297857419566,-0.8995189975827826,1.3738640113114586,0.09377711723751314,-0.412067540141129,0.7634329781605226,-0.5550897262141161,-0.00380801871051167,0.17803923887177311,-0.12388899352583278,0.6910165369186319,-0.47535019388492733,0.24216483877975611,0.20309736036724388,2.0645386738956257,0.2097553760796627,0.5491126767455153,1.9052018905116939,-0.8067762713373147,0.6833856363525658,-1.0829211055915122,-0.9709685410095864,0.7498854749699758,-0.19479242409543146,2.480691897321718,0.009760889626647413,-0.4088728907663352,0.3619507682251306,-0.667035618375476,-2.448359052357341,-0.6278285413064251,-0.5067719468144968,-0.3059263492582529,1.0780138290673824,0.4666497946323333,1.0486937404738417,0.40483820653558994,0.8937275272590776,-0.20519563882390357,-0.7685279396863798,0.5961592900506062,0.19122690894372463,0.9390853827000245,0.4213488960724747,-1.5721364498776886,-0.3528439749292812,0.4241265713811671,-0.6345794608779018,1.3304682783550281,0.16108552354155847,-0.893037079164454,-0.11149596578392235,-0.5884562336915073,-1.0623480353547414,0.20050263900418774,-0.8566570928435218,-0.9351933893632156,-1.1893936630069748,0.23501422896673263,-0.09385303920079457,0.09058395619268567,-1.5924213238054103,-0.2098447461536488,-2.3889614966368424,-1.4184661480820118,-0.3814371943993522,0.031545180566135436,-0.6038266303760045,-0.5512158073223975,1.5962845384587059,1.406377858758233,-0.3290229768884476,0.5914300034930434,-0.8946080777303494,-1.4493683233790517,1.006094152108868,-1.7073155985387014,-1.5882891762842815,-0.32510644087147017,-0.4176040084676377,-0.4950152605791742,-0.9048822929791923,1.0963430351542989,-2.6935410103681985,-0.8237698335537327,1.257281189332988,-0.07807571003387682,-0.9918845271904927,-0.25718856997873085,-0.883500987141307,0.8286575965813731,-1.5125395663532508,-1.0242751170812665,-1.0304067813538627,-1.517588276512289,1.1227566315947097;-0.020919258142207325,1.827653970228953,0.013210072682266538,-0.579113100096854,-1.5399659028779948,-1.2282547923298088,0.41729312870397334,2.324600111726158,-0.5747658465805502,-0.6708542246301367,0.6086258713267944,-0.4881704448870168,1.410905841553223,-0.4583259861105939,0.8404457450992309,0.20865907652010707;1.0887447418496585,-0.5214340407548472,-0.354265522307418,-2.112307300674035,0.043334381330617705,0.2625063341652851,0.5638567463236924,-0.0034218348610678406,-0.828199371264521,-1.8034919293142786,0.15500916885384627,0.7375025115802898,0.6850116291307136,0.3303025803298004,-0.004949591449174725,-0.5092866310008582,1.1188683096176706,2.0872874766594793,0.5144925945354266,-0.6917347012914177,-1.254498118875962,-0.4369108427542403,-0.6211287179818281,0.619633963328932,-2.725825181908627,0.4000001039218571,-0.5125004628678003,-0.14240741406654803,0.5132795303062847,0.07987220375308901,-1.2469129145427007,-1.012135374066001,0.1553646505050585,0.4239922724798748,-0.26679230180403696,1.122940733069321,1.3081507499743394,1.0945607434388283,0.41180482454829964,-1.144777234210624,-0.7442265822850247,-0.04053488505864063,0.4785964453254183,0.45870787982305977,0.3814322356499008,1.0985527219571019,-1.5182385095095687,-0.12100362417601598,-0.7795188393129264,1.6170469207349283,0.16073927138717978,0.23712633171592518,-0.45215540386580155,-0.360575550312103,2.295196168856191,0.95508753450553,1.02425530048524,0.9717612201277053,-0.5715655963716443,0.43915523671017687,2.3369255776956277,0.88062291267865,-0.8215695301139966,0.6341308286256344,1.1036713653472157,0.8629341847856891,0.9324447157978569,1.3357111990931123,1.2796134371969075,1.5851739712373396,-0.1887226765085827,0.5511237871325263,-0.8527299491241833,-0.9164522055951456,-0.9303887889892518,0.106589562869705,-0.8907888106807254,0.15729820957704335,-0.980404432348093,-1.2098907828791594,-3.0293352277587635,-0.48504274957642546,0.6563902708034723,0.5972743327095056,0.4131741512147916,-0.6417882497954156,-0.4955806219109941,0.23484653442611236,-0.472231648788796,-0.9150546412853957,-1.4535421367736172,-0.9158220537957968,1.1518100040200363,-0.9134203839753438,1.313316226479397,-0.5590959002839501,1.4010791371760933,-0.982240203938332,-1.4281822145613403,0.5901192490034702,0.9585611971722413,-0.44812058968904256,0.4504004919549288,-0.49783876273424377,-0.24065579135206427,-1.5409061023425035,0.053887712612962296,-0.9578516802246021,2.46491327373775,1.2113672163924,-1.817544264232381,-0.5799989861388535,-0.3168521730201906,-0.48775960790956485,-0.18940489326575743,-0.3395400377546632,0.8329610313675829,2.19113894159794,-1.0757198358233773,0.9300287174430939,-1.0190969492751119,0.4003554466832886,2.4445619344430196,0.4250937821424936,0.03134946721219328,-0.021890215430057446,0.7372562938972631,-0.1144620904333853,0.4961244721236975,0.9004084585691361,-0.20874503681185613,1.0857982004699005,0.4879580276248864,0.8003968537492817,0.15626780397073073,-0.3504861994908039,-0.5272999050017997,-0.7161823439774111,-0.31412589101119864,2.536401824039217,0.13290927760865276,-1.6657181677232578,-0.4188627525326344,-0.47572874226435813,1.148931351357659,0.7641207955412407,-0.09495952489004308,-1.5697823592224676,0.24511718835213114,-0.9599114768694812,-1.1626065536575017,0.7909226792726776,-0.4246691459915278,0.8207718793540015,0.04067590148456483,-0.7224260037962092,0.5618760407162428,1.4960038736766545,-0.6515417245941754,-1.0120105204124337;-0.324066591810078,-0.5903933443990144,0.3606563909978201,-0.8487599307772652,1.6064190744580313,0.5013636502809791,0.6970782529797346,-1.8790750536603165,0.7593151655831062,-0.631423385955068"
2,1.5086517055294761,"0.16521340175491622,-1.932062801710416,-1.3102883038848308,-0.03950901875940366,1.723663530001026,1.171703307981581,0.741473583889328,0.04874180145551463,0.8031508351353587,0.36913230175313516,-2.0925459380657805,0.48093723544614353,-0.3688944108815556,1.2166385789715626,1.9983312748257365,0.6883272469183522,-0.029344432444042307,-0.5890518987811553,0.5749700943102601,1.124512164843991,0.35415056349826946,-0.694928099355036,-2.5728422610425263,0.8560373763058814,-1.6674528863021125,0.6478914165526144,1.312567980628967,-0.454338726719107,0.40233375386260767,-0.2941019337874427,0.16796497046359038,-0.4473170412589477,1.5521766114013336,1.795499314529013,1.1332310330733295,-0.8423318467000623,0.46768528159331624,0.4114614874716978,0.0036355436760671725,-1.0066480164084248,-0.45873385959208457,-0.8591570185328408,-0.19590120155937985,-0.42077953730948314,-0.2231287627830089,-0.2317764343280732,0.1140101109687621,0.24741645271558357,0.023359459601558677,0.42229248117631124,-1.776177609526337,-0.510775707531715,-0.2579789974646137,1.117106962857264,-0.6263687402229329,1.3004937553368168,-0.9471875308735356,0.8338312969109982,0.6917009453253946,-1.4185675368358632,-0.041124456627215616,-0.9327043690008112,-0.7756854093024986,-0.31032823795456155,0.6703775380741939,1.6738901117020353,-0.5727022743540121,-0.7454326730988203,1.0184209582186972,1.4222875271057214,1.0428637311929305,0.4376004741266605,-1.8492009925475217,1.6183078802675264,1.7949783616003985,-0.6322488277155639,2.312610112967581,0.23621509761570636,-0.736053453504066,-0.6083641520674479,-0.27702457279884557,-0.5897476130682487,-0.3667573622891033,-0.023360771762278826,-0.4440759606029734,-0.21522848129844824,0.6383671986436126,1.7742052628056868,-1.2890562003176949,-1.827821698366298,-1.2737584373240922,-0.022376444140928348,-0.23972943181778777,0.895828667309312,-0.05580044164445286,-1.543111965799548,-0.7068174496664189,0.39798976496515304,0.2536167111413045,-1.07362563305271,0.4495628139626079,-0.30071357583603797,0.03162774831839063,0.6294319863558108,-1.5019215517614948,0.8000502965529509,-0.06681349154555699,0.9694356873682709,1.0841897058746708,0.7223014595096271,0.1328179463499296,0.47579057275000725,0.7355109871031933,0.8774969549892913,-0.1076683354823253,0.28016533905190655,2.0578337147188908,-0.9043262933609705,-1.7091744763224872,-1.213318050195992,0.5835115479041894,-0.42511276897832506,-1.2399644447000768,0.7613229612677715,0.5018530660952002,-0.12104147413604735,-0.24426891074699333,0.7282131248768412,-0.308487407714454,0.6805089505165123,0.08275866223638151,1.0167650572054203,0.9442491311081329,1.1846652422755826,1.1078830415659515,-1.2160753333192287,0.9906881225538147,-1.9180829466151361,0.5233080713348677,-0.43881268481282387,-0.2802756024498051,0.20739027176870214,0.8770044630456256,-0.8922188914609864,-0.7101402194493631,0.3494659825751761,-0.23868700322165215,-2.4497683936722896,1.3023752252327983,-1.6946029823773772,-1.6582545383147977,0.39883755939967147,-0.2375878538775129,0.18449581465440779,3.0029429539343355,-0.2323110092410756,1.336392623549131,0.9001912279947375,-1.1865962316981706,0.38006912130576614,0.5262608879463192,0.901622697594619,-0.3975096257340926,0.9066716040324496,0.5506348528172518,-0.282186247491255,-0.95746137096914,0.0160341278991152,-1.7394907830187116,0.7793249851976041,-2.011903405720348,-1.2143821406537765,0.14840342347435298,1.2390693383680484,-2.53280808576447,1.698997216658182,0.3075316995357016,-2.3861880691345516,-1.0708154455393393,0.4213724603511989,0.8085158723156678,1.773250640601858,0.8276634401339199,0.49072366990357447,-0.5420255802967462,1.029403145877772,2.217090532811104,-1.5003875289872581,0.57732792023523,0.47439184861052763,-0.637853435673883,-0.5312386410221385,1.1691309733027935,-0.6100854662094644,0.3959455955164159,-0.43998781267493114,-0.19669037103856202,-1.6534542544446826,-0.6310516938815515,0.6306591935153931,0.1523754241625716,1.2474438340678986,-1.004318503324575,-0.6299185528879027,0.4521758015440237,0.8132686686885826,-0.04965701274252578,0.06752932006580889,-0.4095411683930031,0.41727142942354845,0.5433896792785192,0.18428591642247744,-0.41491769680904855,0.050849826573125825,0.07941459156233724,-1.0564682845337596,-1.3557559316375105,-2.64187535798146,1.170571788822189,1.1452538852827345,0.08213209008030253,0.9460195177721225,0.7442865572221428,1.0015756860635436,-0.35953823569842625,0.7690426217328765,-1.4778393419767248,2.5372039457429323,0.39940844421915256,0.3227057157681282,-0.5593739257599653,-0.025891932863577036,-1.218761936032569,-0.6692998057810402,0.9659849710681649,1.0122313952722792,0.2583665864807305,0.49804285409716176,0.04672205206021589,-0.1941271963314425,-0.6080712543109185,-1.0360449445181452,-0.4605839679950651,0.4629852449848797,-0.8801520788305294,-1.6474390668066754,1.203348360629025,0.15876529562429587,-0.2230709326453416,-0.19866836704901197,-0.03561891807789824,1.5914163906110872,0.6385753406210892,0.8798336067139596,-0.943123937982829,0.13342861352277174,1.5586772337999952,1.8191384472299201,1.5043262399662136,0.9811454435978437,0.6640801712139383,-1.2146952207728845,0.3121695916146733,-0.13212952595861743,-0.7636881743993009,-1.1990310187059259,0.16221382796203357,1.3477300884811332,-2.4161816698012437,0.0053699641420167366,0.07895068772631533,-1.757406232732092,-0.004317562127971304,0.19370612037570867,-0.9989038467907179,0.07789847268485904,-1.848721433537783,-0.9346922576810822,-0.9883322739601591,-0.43217173187838975,-0.4271390361414774,-0.17444463300570026,0.7162005703470461,-1.2437202118552453,-0.8684851663375817,3.8754783026220765,0.4707219459754028,-0.9406005507452341,2.4382593370768517,-1.1242700273075328,-0.0317772540789244,-0.02091115692817372,0.09539787999782556,-0.27904493588771906,0.8363405683481943,1.3682702053972382,-0.18512080718836865,-1.44392953344841,0.7359863725044553,-0.3821132982183797,1.3772931182822545,0.5872391781006701,0.11876775619615212,-1.6251813075653798,1.4469860779866148,0.8069189226593068,0.27502692495314845,-0.22857663176818668,-0.7591109715087918,-0.5715657368578383,0.6107609036289148,0.8104422167839863,1.0814455214709386,0.829397989966877,0.01274776943307579,1.520977650176356,0.7843459015929615,-1.0195479568794101,-0.49663879067928574,0.06561737849297039,0.976530546940241,1.5152668276907388,-0.5090263305399411,-1.5288376965726684,-0.9975648455968066,0.7266958390843166,2.466329268704384,0.2544425790500935,-1.7891431733347243,0.3603700698650555,1.1424176381026687,-0.5812896701966289,0.23759237810176193,-0.10839744535191027,-2.5018727661216116,0.36988705677095635,-0.42734275266199423,-0.11329622822276604,0.07307839165829674,-0.5697663345731818,0.46319389698493685,0.42442964714618975,0.41151956964916825,0.7029917325356208,-0.0017475269793212726,-0.49064412585874895,-0.1519820329149253,0.14144916849581418,-0.47401976099776283,-0.890840406409641,-0.1273469448948246,-1.3115145549598382,2.023143430087111,-1.552076381099814,-0.10508068853546418,0.36527750922418095,-1.1121624007832633,-1.6600995083942793,2.1704671388959786,-1.1527868682365034,-1.0479590772964553,-1.2569941642921003,1.6334141551020918,0.6299537619613602,1.2017639292181912,-0.21195648473936546,-0.900555821001189,1.2156065883563731,0.13423960504623747,-0.5118236337172908,-1.3466346603233534,0.43829691812642324,0.10375956405630357,1.5867835665109418,-0.5243281225164603,0.36438046914750466,-1.2236888257913956,-2.495294596862972,-0.12720342115899008,1.0936692921527396,0.031796770921132284,-1.3080539108153493,2.0851995042701126,1.5271445813209887,-0.4100765043966117,-0.594036423619551,0.32812349374434313,1.0506244622017729,-0.8449923713517908,0.6536925909627408,-1.2468706043891218,-1.2339328498995648,1.0143060156213992,0.09327333207168316,-0.0391739921131453,0.5680822809132167,0.5273777886047273,1.0890858043824476,2.1312554739391505,-2.805624814438202,-2.0222995772479866,-0.7381527699860194,0.4502875100560454,-0.9299973829241216,-0.7415949620029972,-0.6438679090792897,-1.6810430153266422,-1.0281051895360958,-0.825107967941001,-0.05774087656598999,-0.6648157774057774,-0.7442969124869446,0.3679594974248447,1.5347599594695616,0.9692678672859798,1.7055307358255307,2.5928132929545575,1.2848261632770916,-1.8678993839805431,-1.4377273694817212,0.2302504505393651,-0.4565841510902596,-0.31250777710370975,1.2046440766374775,-0.625317335109031,-1.1147981911625648,0.28040892384013727,-0.33326478174082863,-1.4955732446572811,0.3332836895302874,-0.26182898341207916,-1.6953233371209127,0.19258792321332033,-0.5026556708094837,-0.22821017540975194,-0.0012083335690742936,1.392251225137482,0.5314967609951232,-1.9705283046871762,1.294081322639515,-0.38148057786220735,1.0473941744260353,-0.2561290075389118,0.06973136302203864,-2.42135955320878,0.08071095420741585,-1.9900223132191577,-0.6239897416603781,-0.9634835710664982,1.884918905350735,1.2449457130533896,-0.09882618299167475,0.9319287588673111,0.5304005875762199,1.2436097672640503,0.5304207448119763,-0.1886888005601565,1.17871938988906,1.3727704230568745,1.3575607831134426,0.7170627518313589,-0.33169348281241917,0.6511136392155411,-0.602016688383524,0.2299562651622472,-0.8705404221712004,0.5378964080298516,-0.9419064694209228,0.2838165210993351,0.7049575965596983,-0.07818585354918728,-0.4119535751312348,-1.112786148982332,0.13398864279623543,0.6767631684564805,-0.1462316538549967,-0.2120504426829418,0.9778561809579907,0.9253916658567839,-1.7432334049139038,-1.4185006096758714,-1.8075194953887754,0.25707643312787576,0.06446666848428198,-1.7375166983053396,-0.8367786326582519,2.560737138356941,0.7713930002320473,0.9351748787478988,-1.3165646315812587,0.2819877102067964,-1.8532481169585544,0.5664196628943619,-1.6160543117700057,2.1801995319585847,-1.2660488480164511,-1.7449453966991038,0.874291901908532,1.2799651014932325,1.0206238096827467,0.44340506364882015,1.775860698160366,1.0915694952992792,-1.099441637193546,-0.9034232418360109,1.2233283710029492,-0.07439095246583999,1.1521037377807715,1.3591554352907376,-0.37936885926355235,-0.45354938254609206,1.0917465947620666,-1.1320502085209319,-0.5805538960032036,-1.5721575471815565,1.4183363523353967,-0.7245173810019564,-0.07557129319737423,1.4034424596957498,-0.9584790684057682,-0.7278777398085695,-0.7794962266465876,1.6877850533756238,-1.4556319769772368,-0.4576531846698213,0.5669537688288115,-0.6020186996153652,0.3981654760785004,0.6685095281684252,0.8570496406479616,0.6127617350554938,0.8032063543476151,0.6177844960138866,0.13697048276083534,-0.35748811293154464,1.8619239521798883,0.6265748738974116,-2.2439771496684844,-0.7535081986379093,0.3384011144517401,-1.5401460964149996,0.09200058643933702,0.0022517087062270125,0.34715471764456596,0.8379433820264789,-0.6612594355056369,-0.3157787392377815,0.9553156097746867,-1.2975621564530548,-0.8761832950439796,-0.42922302027642545,0.4798628040177049,0.99713012321806,0.7946424447873516,-0.6222097117400005,1.106942079530318,1.0393784136374498,-1.275868855668251,0.3464423211147041,-1.4014393326655474,-0.016844239851409946,-0.9630577399514737,-0.2792611469216479,1.129812184682137,-1.3967473942548359,-0.24385373635951202,0.3215929028005379,0.47753355502255074,-1.2840382956115828,-0.5507843755559685,1.1434146023470946,0.34142266510127595,0.6501436131012297,-0.3595529091743976,-0.5551449901462644,-0.24042809239812354,-1.2024072119023006,0.04133100856595376,0.0736975243509072,0.2875282885943183,0.575226094637415,-0.666487538246846,-0.08197969416974946,0.4702525576276742,0.016523013944424667,0.24596425479106587,0.5794550249226667,1.8909211593760742,0.9025208706621433,-0.417013677067503,1.038715295982747,-0.4350514634555073,-0.6830201657617295,0.2049322149165328,0.16761600605229293,0.14642313861434708,-1.5779259099061136,-1.2894858098260995,0.36639468085689264,0.8424631026379628,-0.013993156183822214,1.0611074083950258,-1.1855114833982578,-0.2119190200552724,-1.6116646795252845,-0.6030366057843017,-0.43943295949932326,1.3001017609549053,-0.4721539545371044,1.4777267635304991,-1.5563868700640373,-0.33238441020875276,-0.15697289480732532,0.93398556048265,0.5465278524399799,0.5696743495538785,0.8886150410067646,0.6074498471834491,-1.186249299661155,-0.20113018899248314,0.0658271440021993,2.7901714920269085,-0.22063209372356937,0.12809919119523197,0.2086732281759392,1.7445988125784826,-0.2636366346091893,-0.43961442503426695,-0.27678214059927064,-0.9606498750311103,-0.48954769106520524,1.0792238769787401,0.07132731924361872,2.821890782447171,-1.6502999901454087,-0.9465165937749987,-2.441486520671191,-0.3156303595554548,1.3875498806579654,0.34051183881077296,1.4481978847277461,-2.2040781954492505,1.8280947008687853,-2.7110558045311466,0.091568308302235,-0.3729737026517986,-0.5853745058531732,-1.0080598442859912,0.02337489840591392,-0.8139481708411955,-0.3291206509363133,1.023977187934417,-0.02917815957223649,-1.9524274318916028,1.6608369404367644,-1.714514149418539,-0.01146294241504775,-0.010200815020900228,0.38850223951691115,0.6550376997080598,1.3463697417182334,-0.10841784779617292,-0.8292215578761273,-1.866845508760568,-1.0579138685407297,0.6684760631135156,1.1939441373328017,-1.4102512480920968,2.57211696796833,2.3975037685494427,0.7452364923284867,-0.8850446931063594,0.8725052979686372,1.2788998305518415,-0.490993664284033,0.254375010167907,0.42631561007617375,0.38968056154722636,0.6515824818686724,0.11425348183003325,1.337237661157538,-0.2878820993106833,1.4676703882479183,0.8123050610181469,-1.1183477925820888,1.5215470652807552,0.1136788167910463,-0.04129474530654914,-0.32390352372202913,1.6420550351241792,-1.1514583170684338,-1.156731277387446,0.7415410246112379,-0.033147160036251455,-0.2040143863350522,-0.8229408741453884,0.15187149736442182,2.0112616853280647,0.5548175549830946,0.13932216795506977,0.91494140051902,-0.6933484759308957,0.9817375137430939,-0.12230487365471299,-0.14745303201591964,0.27141444947073223,-0.4836402585291124,0.4166591059187751,-0.440721300958099,0.35449879233196574,0.8391510565032688,0.12419941932121578,0.9021650114664275,0.24244722687510412,0.17007078330448558,0.3849452125355474,0.05674920901440393,-0.4739388557751517,0.7514283330100794,-0.627396081536767,-0.39680783048215407,-0.8678302441683784,-0.30673325473143975,-0.012375999410299765,0.14578608328055406,0.14694979654971202,-1.1944571209364085,-2.3991534172185967,2.4456353783310902,-0.5652922710064124,0.511826831558565,1.0192830552861083,-1.2185712653049021,0.4720773114674307,-0.22659839532501982,0.2961662038713842,-0.27426392951623413,0.3551848380463758,-1.038083030942572,0.8818579997694836,0.14239220298628663,0.08596479063243331,1.1952106997014567,0.8155374295679508,0.5105880537195078,0.5986104497601854,2.028803517022446,-1.48461319607025,0.8727799042809696,-0.414231134044847,0.8804528151998231,0.7895132557094701,-0.331595068346144,0.323625995177493,-0.36115341974827575,0.6728871406504797,-1.6095089882752223,0.1608332606471824,-0.9078844155538983,1.2611534338769816,1.9861674513273586,-1.7838412885920916,-2.5567982362994384,-1.1438860132505255,0.11874132364188392,1.8846723130840302,-0.16231657999605004,-1.0496471552425555,0.23704378021634748,-0.7345710001859991,-0.7164146966079386,-1.4405533038094473,0.3149060756345598,0.02603025384234262,0.27121703036072753,-0.31979802623584885,0.46441373115407725,0.38011629829768,0.6917544658222469,1.3757923172458728,0.11827652445803645,-0.15320149348794246,-0.7101552328351262,1.3286563013322017,0.7599748145348918,-0.8563942473970241,-0.7824524878057084,1.0092751208673314,0.31410113088416197,-0.6489457471463036,-1.5012488845671483,-0.583517171991352,0.7056140054663986,-0.14631702408727582,-0.863663343878317,-0.6553189573024314,-1.0144176473205033,0.46175760543330113,-0.6224096273552002,0.49502348977081956,-0.5620493579170104,-0.30571094578944863,0.02422841472990589,-0.9909862324711134,-1.0437786160315186,0.15995939856353086,0.28567858360668774,-1.1893846077522685,-0.418701948938644,1.02829031604978,0.636432462082077,-1.664170212438825,1.7498580241343937,-0.740712078900951,0.9684903131572573,-0.13781074186677905,-0.04602667861693649,0.38128616872168863,1.5852631170680083,-0.08398533867942881,0.9749058896999849,-0.732722559062678,0.026675267295079658,-1.4345874450032023,1.7637258760467536,0.9397898425707412,0.5458616005878514,-1.5166490790697151,1.2567474182292204,-0.6588504965109826,-0.3731143659323576,-1.2215951773372071,-1.2830561421212576,-1.1413406864818894,-1.7797308848666868,-0.708853416019953,0.25442862285528156,2.7250820068356436,1.1754753213383717,2.903455680731415,0.19311117451234433,0.7679561984589304,-0.4254381553561608,2.1426186920377575,-0.5620444681268447,-1.3252512629983195,1.5640063480461874,-0.920138697004269,-0.4224120177465975,1.008623503059562,1.1058098797234652,-1.0629016938847646,-0.21655981348665873,-0.9906569194025608,0.4216701984254503,-0.35085060045771105,-0.21507996626679315,0.18214755989796616,0.7641081178355668,-0.6355273113595178,1.2908672076006478,1.7216636867431796,0.12323628477761137,-2.2902960094865037,-0.9471637333931314,0.973960833069615,-0.31998244670103615,-0.29521269139298845,0.9903601035111887,1.195732976242983,0.5472540989399707,-0.4092717473608054,-0.02386115011220369,1.0343712743518119,-0.4765643922212168,0.38049261471851625,1.083597363536749,0.828640312988405,1.1025555914537772,0.5186994797884863,1.2788933007254946,-1.0837450544809741,-1.1809638716922741,0.8385375533543952,1.890954621051268,-0.2810023250444871,-1.390935633659832,-0.9048126518365301,-0.0586359531913942,-0.5033813120380437,-0.18895555328609642,0.7937627156149831,1.2673795384590179,-0.512856798087894,0.571236776501797,-0.29592462832697036,0.4276812877041296,1.446997284072388,-1.143863888403479,-2.118998227349834,0.22556762153195578,-2.1145231984819035,-0.5271477781234737,1.6095729396309288,0.6694637254098994,1.3227257593228712,0.4340093821182919,-1.7598302950217208,-1.7733065153203686,0.4913695812342936,-0.6793495818800902,-0.9561162558309864,0.4489015694397032,-0.8672501919819441,-0.4108726796233458,-0.44489384922001535,0.4023961839224315,2.079939516022578,1.2916770640941877,-0.5626132987667426,-0.13387507572587173,2.0797206589934727,0.879768284643919,1.3212133188709092,0.6390542976729423,-0.054154302040693346,0.01251414949922577,2.527381177492679,2.293417925937669,0.5969874625295337,0.6853941493842485,-0.6739861495076713,-0.5494773330857409,0.0884883481177491,-0.42046746159917203,1.2341117255256706,0.11732098695402236,-0.22447355429936927,-0.6606331449078149,0.2732784280682028,-1.2184707081264765,-1.342163768111317,1.5690968167544215,-0.7676478355207704,0.2725715640309459,0.11636528847872746,-1.0237477139714106,-1.1833284169235487,0.044069893684645416,-0.8572798681862276,0.2937139964893822,-1.1683791123985752,0.7224617574487745,1.0272533951472276,0.04525019530358332,-0.002107593251749529,-0.5003812601862216,-0.9130335683841245,0.6691549679256347,0.2962203692699111,0.6125173980929206,-1.817547277443502,1.1768575042756504,1.2785683999033484,-0.27030654862167625,-0.4497235870456099,-0.9591583986030077,-1.5060151150639527,-0.2662943813554405,1.1314526615133889,-0.20508982081649813,0.7737925571290104,1.350495141201746,-0.03493062125412695,0.8062255258539005,0.3876636275011145,3.2543589969286453,0.07571904743731318,0.8969769261471371,1.4142280286185125,0.5207696689287454,0.338783465139498,-1.5013200517467926,0.6728468995216805,-1.1284134189693682,-1.5102693073299178,0.7456373942895157,-0.3883111396044488,1.210118435884513,-1.2950574410186955,0.3431863291688097,-0.11958419026324743,-0.3143250728972938,-0.5479097663095049,0.052965519751687284,-0.19986184314519304,-1.3674082402593362,0.42244218769998704,1.1479063071051752,1.047594066777812,-0.24572331753489948,0.2777940616490794,0.059198093827490056,-0.5520634794502433,0.8630381398423972,-1.2463227091789395,-0.7604906850142492,2.0631004222318055,0.9606157874374115,-1.4383134021344832,-0.9736920651474258,-0.45844503408916565,1.2899865778748747,0.3425043287739859,0.4771212752956391,-0.48974283760848264,-0.15311441716397536,0.4460630774820069,0.26056560057003425,-0.8639756119989246,0.1895838875378656,1.113351991643321,-0.48913038714141427,0.757638409983101,-0.8068502764988293,-1.0010247885415102,-0.16523895671459635,-0.9162335337406353,-1.8334120345388787,-0.13011589134235382,1.7461779443160792,0.8285334775525214,0.6401620650774201,-0.006185296261946693,-0.5734017269635932,-0.6400909820337857,-0.2778981282025488,-1.1831521283322834,-0.30270305828206423,0.4569850873458423,0.18031002644952876,0.4199293149926541,0.5496125550580591,-1.1273279433813426,-0.5579997203060265,0.38968751918798494,-1.0609654324481421,0.3336251670592767,-0.5491794168033914,-1.0081162075515855,-0.7725362333543393,1.0074542118905019,-0.15932391477977143,0.7781262438507643,0.586720074378646,-1.0740870917877525,-0.9646085231099855,-0.5674748130265311,1.5142815028368364,-0.25213845614184327,-0.25569682963752555,0.444025666077673,-0.34165713038324325,0.3429412283786,0.4746930587728417,-0.4544824632070991,0.722814789202066,-0.5684855103040846,0.10682218002352835,-0.04288216289595456,1.8098296115832033,0.4847856138340837,0.2819356843952698,2.0663117267147455,-0.6300656575322106,0.6599882879549346,-1.3139005767981276,-0.5676462226082343,0.6165769624349207,-0.3744253376439109,2.347663818127542,-0.16198685783810268,-0.9276262271912062,0.3832873010950705,-0.5582980839831833,-2.433243994846576,-0.8009421751107733,-0.702908523286431,-0.1474943823077987,0.88558895341869,0.7149542250307114,0.7535614770605146,0.4297881547565569,0.989979646689407,0.06021405750201411,-0.8143693828924972,0.7742185702553551,0.1547416803412641,1.3279158150024744,0.7035997453105051,-1.5426312893784229,-0.02888181271568166,0.6187384671039686,-0.260028274370664,1.3505944343633929,0.3075016431440311,-0.7951230240540502,-0.2648178924097179,-0.10090657191375081,-1.1929371031270752,-0.02821998281722583,-1.0493675300795748,-0.9659058195148085,-1.4112790106652684,-0.08998081266051082,0.07264520227018416,0.20296647515637994,-1.4238050853588657,0.0008678292731365278,-2.1460511198752554,-1.463074850388799,-0.36797905103242357,0.1562801396352282,-1.066760326404048,-0.15545605906530033,1.685045523899299,1.2603747614100076,-0.4416266549564784,0.5142498861032543,-0.9659502708139748,-1.409356716568647,1.1574081058713226,-1.7165545155393993,-1.448719595541909,-0.649126039776748,-0.22587003131853867,-0.41539005799442913,-0.6894233843108311,1.4543762547591224,-2.665252925663846,-0.439377059104223,1.401344011141196,-0.06360993323504434,-1.0165583698726932,-0.4509788906429178,-0.5691795551073704,1.0006884991832072,-1.3079021095539982,-1.1646967822078824,-0.9051266939891015,-1.3129623313268828,1.2874317469146137;0.16864379952406885,1.623458636290715,0.31591626892377866,-0.7840969466005654,-1.6296977359616458,-1.0720138530481524,0.29557075456255033,2.0854761278694105,-0.7691983361117339,-1.1054886578378402,0.6745900016814789,-0.3224490406850147,1.3763036224685363,-0.5830775927255784,0.9898905647345444,-0.014173971833205096;0.8539962162796514,-0.6199973877323006,-0.1555229624997805,-1.9013485548265887,-0.3861366183659262,0.04082482262027015,1.1143403693153917,0.39853590594531796,-1.0210408349370304,-1.8464797297039097,-0.09363970810538474,0.7150724704494564,0.8010096807446705,0.4672573215122896,-0.008420756655534954,-0.6704935322038154,0.9265597037118487,1.8220234614733533,0.6835059924581305,-0.9982862529659371,-1.4228653624298373,-0.6856506089822962,-0.3404322512185698,0.3586952840388692,-2.6083920602453667,0.20783489118349197,-0.7033055525094715,-0.2838088605018694,0.6464835231995137,0.052191476403975735,-1.526013493682244,-0.8629124040684163,0.5090891457358802,0.46040878329112955,-0.03132473202375808,1.2881370115238688,0.722694246151572,1.099269650450405,0.6176445884967647,-1.1075267462754503,-0.8950112479960372,0.37856601738774665,0.33642030656949173,0.377648903222586,-0.025709616186720886,1.1199851241960492,-1.4421991139667976,-0.29200198816914064,-0.39270211181058223,2.0023135179386338,0.29440361345845456,0.16209118609357337,-0.2113934413308565,-0.21744529776725208,2.462794032296858,0.9299216774656452,0.6934080620231644,0.8921853288130548,-0.5001343552926943,0.42835944039631957,2.1197197787550137,0.8199055926400469,-0.8995802257016569,0.9109493315481403,0.8495765878810843,0.5435933198762997,0.8407721621235726,1.4536979456395682,1.3315539162413892,1.9320073831462712,-0.3766226640643275,1.0087581082163668,-0.9405316744902301,-0.7398676004129539,-0.8026384293090949,-0.018866288557614044,-0.524172911430411,0.41199971953445236,-0.6484716951596241,-1.5331574145180578,-3.085244669959564,-0.8082819674289302,0.9670240970747598,0.6076475897376922,0.40518995102106153,-0.24126446672675025,-0.49375316826744425,0.07454416782585868,-0.4672089237058735,-1.2276891806359194,-1.271244642274217,-0.902990484639254,0.9034593799365086,-0.9854293124731188,1.230105117066592,-0.5010799161343827,1.2969056684499418,-0.9081879745692452,-1.0903835661621673,0.8819064212023003,0.38789963632300806,-0.5804753566892217,0.5316564344686014,-0.5791170951080069,-0.0479140347942614,-1.2818089434816482,0.12182790361491146,-0.7488535418470856,2.6835736040844607,1.4933811633606369,-1.817156562850332,-0.6934985999952871,-0.256544907158189,-0.7192909286824336,-0.4208749621124522,-0.013480691504971914,1.283501854057912,2.7128080630112574,-1.358455881763492,1.0513260930039987,-0.913945285752779,0.5361726786861225,2.435637401314262,0.293202941615865,0.16102938698959593,0.07573149883020892,0.8810524354430833,-0.3582240027990468,0.4848813348610792,0.9055880157107661,-0.18549797498106776,1.175617018641301,1.0630055396360494,0.35901658293779676,0.2826956709822084,-0.47011262955737426,-0.5342936616549507,-0.8715509215624295,-0.261461263738961,2.6739975709817285,0.4835744535152804,-1.6573792421732,-0.6560431525720376,-0.3950150713321185,0.9732580864438505,0.6998534229187249,-0.0037625147835055883,-1.3433883353761666,0.20785826586863715,-1.418206618978468,-1.2030496445506085,0.2896657083685467,-0.29357362643364504,0.8403354359621713,0.5035049064731938,-0.7497372274764318,0.5585423417910761,1.626067151504028,-0.6759864394669565,-0.6130269675391831;-0.23187716709358389,-0.7628936784654278,0.027475777962593595,-0.9935933114002312,1.8455722356136783,0.18277649614422867,0.6000008367267846,-1.9787576832212876,0.6369359080991527,-0.6435559197870759"
3,1.4981200398669388,"0.10029134195354515,-1.6230813919485847,-1.253617594190036,-0.19543872623207859,2.117137127017521,1.1666261623383514,0.7892989421801782,0.1443255114299335,0.8115316963874154,0.41826591184442835,-2.1076065672297735,0.2636282363488615,-0.25260251237775533,1.2091856064389193,1.9415241411700146,0.7281230073523048,-0.0017167066326118311,-0.8864979560595456,0.6781274403860871,1.139858977186038,0.4380513087827479,-0.5901325920839924,-2.345828027019119,0.7561942422879057,-1.6991547398897278,0.28118581299853107,1.4077584948304083,-0.23821951884994552,0.499773903494102,-0.525288962260956,0.07997586687004771,-0.03993593658786171,1.9025152480342662,1.5814187228449215,1.0694852661145486,-1.142230733001822,0.4957826978206177,0.42357636114464675,0.004276404782187255,-0.8671913975379968,-0.40615785859599646,-0.8902623620010591,-0.13093817804321037,-0.5166005275316019,-0.1000770875664398,0.03313911860670718,0.3644182824500583,0.11295335984332111,-0.023126387735491638,0.6069953653114277,-1.7458488167671293,-0.43821046746059844,0.038430729892553146,1.023813921837625,-0.6212270585159946,1.3603369930947569,-0.94296736927163,1.0404057758411782,0.7004133271692449,-1.4465344343215225,-0.052924512474162924,-0.49062686106197373,-1.135346124464225,-0.27505299267675815,0.7884834069468173,1.6045078839319535,-0.761272628708792,-0.7030597591017181,1.131518267204062,1.2385064193877475,1.1458283940988825,0.7641597041413095,-1.7471459365948139,1.7675314910267275,1.33393640352755,-0.8501959355759142,2.168799269892276,0.09666279288201202,-0.5135106536968768,-0.36251639866539265,-0.20768129478254993,-0.7934585210221902,-0.22709263497195967,0.1822424101096708,-0.4403157882815089,0.002296633747290472,0.4303373876400532,1.5610408167493555,-1.342216367222344,-1.8560141068842522,-1.3614007512162483,0.07526216513927149,-0.6835003493663112,1.0148133637476762,-0.1080916567744804,-1.3647183778990768,-0.6184346824858068,0.16807415177636115,0.6031910704894832,-1.1615639574710641,-0.011635157778026262,-0.2433404359796557,0.3272681013606012,0.7228226032515015,-1.4778379937088844,1.053133001608262,-0.12244160135638613,1.0442621821030154,1.602678074938825,0.8970386030684298,-0.16734595645801226,0.33189970066081576,0.7660799522260693,0.9678253942395414,-0.23547580329751283,0.4676548693495123,2.034845092553457,-1.0694359035355414,-1.4627546620935235,-1.39931551080574,0.8468454632170301,-0.25588872375043303,-1.1452220650939668,0.5674107070441174,0.5425773571429596,-0.30074267929884996,-0.5721137473706143,0.8252158966356293,-0.2164923790491976,0.5194515745122594,-0.07302366933621177,0.6946769980815228,0.8663952832207247,1.121439911200959,0.7513373308817287,-1.1829119905847252,1.0323283349895815,-1.5859627867028634,0.36503349999021073,-0.10519902133584859,-0.15238322923837344,0.32166613743546335,0.6475748100370187,-0.8148730723527946,-0.6328850729254449,0.49126738310225154,0.0769942094284814,-2.249497685164097,1.475733592584515,-1.51564335569019,-1.3419046858592831,0.6645708334401879,-0.4870395560972736,-0.1544096878890848,2.999455177012119,0.1248032704395445,1.1187844207601227,0.967064341561159,-0.8742319183312414,0.5636726982470154,0.7744307763008922,0.6995629458446422,-0.3017297587560964,1.0448257386799964,0.4190030949499921,-0.3337425961714037,-1.46772265476738,-0.18162077352619038,-1.7373982138350954,0.8953559539060499,-1.6888569996253815,-1.3002594098965257,0.1399864304286181,1.313494235635574,-2.359034863305896,1.6847627968321857,0.16258581931225358,-2.425662791579063,-1.0831181211402199,0.3012447284044305,0.5755058647300344,1.6866959580195584,0.7513735293932765,0.6765683081725689,-0.6234651772494834,0.6907100981720006,2.0243511784406496,-1.5601654844569155,0.6038687950847054,0.6010273882455734,-0.7638754573784277,-0.5240946687780199,0.6808537463303452,-0.44684119898692487,0.2725274010411962,-0.6396468217646665,-0.2877840152696002,-1.495570081182208,-0.2562032086374063,0.6321945526810786,0.2892246479703389,1.1018777866257794,-1.2783338784301679,-0.6536733686542711,0.6328220786501335,0.8510371591600615,-0.012331364784862325,0.20841310620601255,-0.2336671062837996,0.41360993269613544,0.48565843275023035,0.28505343299314445,-0.2845413275166456,-0.30302591516046007,-0.05235241704405735,-0.9033178151825825,-1.3304529080883154,-2.7155061874088298,1.1607165657635679,1.0909956576974076,-0.2418809270274812,0.9710074278192404,0.5544491954570173,1.2571519129563362,-0.26081203345860093,0.9998969395365597,-1.051513214389251,2.595600506145896,0.7182318395081164,0.2248280153635646,-0.48541997785905566,0.19001619318572677,-1.0789671345363305,-0.6600715775565477,1.0545731510816105,0.8177760087097956,0.10928807274184463,0.23095015823760423,0.3701987532961321,-0.1589893258640989,-0.44717509197162036,-1.0927046631619302,-0.5937007686221721,0.23888455834736405,-0.8681713962072182,-1.4587028443306946,1.1114467041029086,0.3098132320438318,-0.25477377872828005,-0.43663268406392247,0.5858565312440646,1.340947380845825,0.3725907804764692,0.8690032844463035,-1.1650302713046263,0.1701022536862351,1.3242086681036325,1.8146857682817363,1.524716472847903,1.1231186378851479,0.8035053019775132,-1.2532060169582147,0.4596554629793655,-0.11748480053913606,-0.7357136732913286,-0.9704195090555178,-0.19740377525184105,1.5433895107149762,-2.341038210410024,-0.37147074487597476,-0.1630392790330677,-1.4929595291812032,-0.1312446932796926,0.23739820317373772,-0.8951064879304149,-0.06061688657955955,-1.8512532670539552,-0.8196325442220467,-1.1862033999168662,-0.33897761908937984,-0.3310319916080497,-0.3124958161252032,0.42719989209622355,-1.1902333859206407,-0.15101493162369556,3.9244111924832126,0.43517201042529274,-1.362430424481253,2.2395636843886964,-1.0422495247733434,-0.361505463404883,0.24962711391752263,0.03845614049046288,-0.09464168553362638,0.9293809496085088,1.1692849016488187,-0.1911158457137559,-1.1674602423255425,0.6704524600602355,-0.33590972501267713,1.3459753080417274,0.38972059093887684,0.22080121879647469,-1.633965644496435,1.4791512674191687,0.6767534077673897,0.0881613460764103,-0.07470404833348299,-0.5012596233542902,-0.7904852834478361,0.6946945147158136,0.7236148472174195,1.207304822698808,0.6560614137582159,0.09819096836094061,2.176949050375696,0.6539486638763933,-0.2887876408701505,-0.6700973212807856,0.05913797542531847,1.0508315708472185,1.4766248420192898,-0.4678368485034339,-1.7473840618760756,-0.7229292064616047,0.5064782342066656,2.6861432449256832,0.49618301507436674,-1.458187246599192,0.23145071399557932,1.0903694263065977,-0.6456274879471017,0.2537502329762842,-0.1331787026907757,-2.1899674967947713,0.19778981042986718,-0.16106492410711176,0.019236963786196118,-0.09876687240109097,-0.5961076726129924,0.14071652670626808,0.31871418975873733,0.2012035887525079,0.6057799851138854,-0.2018428323274283,-0.5519317746273368,-0.13953697743080137,0.4081354700676578,-0.5549828986881039,-0.6140680567517403,-0.01932703556847437,-1.0591859567230733,1.8606719563860976,-1.564097457017068,-0.31187016541236623,0.578610904085868,-0.765107793984575,-1.9263100421945978,1.9681321161790941,-0.846107966580188,-0.8884549470558374,-1.3852070812992914,1.474925066570791,0.9807916206285584,1.086204179673569,-0.06766365409188309,-1.0704180025153196,1.0949427034574641,0.11063505266365668,-0.8017391998156176,-1.4164188892731224,0.24251456991956621,-0.07755148047075602,1.612942000082547,-0.8158246693771442,0.5879566809436615,-1.2955570661874154,-2.4255708551332886,0.17981001180637893,1.5528336064480026,-0.10867862909040552,-1.1178620877181311,2.0933699414572744,1.3764768950781912,-0.017051083531291922,-0.7428603583110875,0.3216164345348994,1.2787539761499227,-0.8539977169832884,0.5418106542610525,-1.3212408468134709,-0.8484431881314934,0.8886214226343321,-0.11445598123456661,0.12960749885511996,0.4489110659438104,0.5637498731535447,1.3539699346913847,1.9880328629852564,-2.8463615762736523,-2.0634351868949907,-0.6961746426712221,0.8025958947038716,-1.2605872122092414,-0.592582041951819,-0.7533609196430904,-1.8944203155331856,-1.0757697000225719,-1.017521888827748,0.024828322181757262,-0.9865898646656298,-0.40575688087091,0.26321650610416003,1.3057399142244468,0.9824185706584414,1.618684693301683,2.3797218874603576,1.261445550381918,-1.8361654853125513,-1.365075605044793,0.4979306047017303,-0.6143824051211919,-0.07000283328197102,1.1339890532663612,-0.5666819839048106,-0.6526023408800411,0.013833527526137507,-0.5686035621492899,-1.481322820473987,0.5480151253826655,-0.2333179924436206,-1.4433368940215516,0.29450559402919385,-0.7967912861134762,0.15481784461855663,-0.37895043339100853,1.3330934090180906,0.6004434495492317,-1.9802886275543545,1.1731771273299039,0.06227827289403215,0.6527328045614816,-0.15145548800448738,0.3569918547767984,-2.3939427120136116,-0.34474641323251903,-1.8250881469375213,-0.5839385222020952,-1.2857234078974462,1.9118331650138338,1.1548138794508742,0.0662488199618822,0.7712092746674735,0.49335671397885816,1.0642202524993953,0.2592540956776836,0.044147781780911804,1.4386693115077676,1.1516771572238258,1.2853276186508162,0.5568453996215789,-0.24567270958059323,0.47200184050813293,-0.7175392953620012,0.2742957345793119,-0.7193062596911725,0.4587622045822874,-0.9465637618392047,0.26266552989157377,0.7909612812325875,0.10763800166230139,-0.28067249310421444,-1.26066580476856,-0.07060369341246017,0.6520716176064438,-0.03726437575380773,-0.2481491847137486,0.933300930278892,1.1422151827348506,-1.7094721097641454,-1.3308119699124448,-1.7131384920884138,0.16381917099321366,0.014093736931765098,-1.6310817037418974,-0.7517032334368624,2.670997348269628,0.5468254629026088,0.686834943093366,-1.3174584009610315,0.034867893523280916,-2.039876734687685,0.44734295488930925,-1.340001480881742,2.506163568383243,-1.0515642766642859,-1.8696352784302699,0.9450272291287115,1.3709996628011978,1.2770842283728274,0.44938937348813524,1.6515336073178613,1.137469742017376,-1.2211954633682698,-1.1786468303192335,1.4358026574915395,0.05193407833165256,1.186622769193716,1.5440598729041763,-0.3698332379782512,-0.243861025920529,1.110186135352094,-0.9940725517821237,-0.6519043539367723,-1.6261372411915487,1.449622620357902,-0.580921961518864,-0.03695662645080186,1.1860251610701082,-0.9304847306112485,-0.9127987918125111,-0.9404445392913807,1.6588762527826784,-1.583707158772928,-0.44354613679798904,0.26952562470545344,-0.7999975008519985,0.4646015924168646,0.43074963306067426,1.0177164671269339,0.7713976548399789,0.6436904243666763,0.8057398030694927,0.16201557802447544,-0.4989217982196089,1.6902848027602266,0.6377289763321234,-2.0893896374426033,-0.6446333398686315,0.49406748907044384,-1.426336033124063,0.23824244709217118,-0.09034081457343207,0.431166631877829,0.9065159096007931,-0.8657311119619131,0.17273537075624723,0.5666348630345455,-1.4024084413654005,-0.7767840423869833,-0.2986596570516255,0.2654285319275362,0.9624432135704202,0.895154317497542,-0.47295858427961557,0.734928300143144,1.2109887764558875,-1.4283444524583566,0.4984113390790313,-1.0642684282768542,0.09509240352461945,-0.8240031172399028,-0.0380048083883856,0.9082184384174202,-1.7526788764728969,-0.6081700621125088,0.3908956697557159,0.5388446787348792,-1.6442988071199702,-0.6431172790409385,1.108588293255779,-0.018221086570164677,0.45430831378347974,-0.40126204811942445,-0.3774215904828544,-0.1536454505719084,-1.3703091180291191,0.3307954181363132,0.033708761219062744,0.4701591910700232,0.6865592036157213,-1.001986789877825,0.005836127478897987,0.6039113216438794,-0.35905868873586677,-0.07102284313263514,0.47073124673438943,1.6411563687498116,1.126107136390879,-0.41711457035976457,0.9408797900237321,-0.5081896850522385,-0.3885706627910808,0.5017834363479764,0.2700516723547306,0.313776007338208,-1.7216363270946,-0.932922260376995,0.4401565595875089,0.32648959062430827,0.01678499418544585,1.1783046353847706,-1.0912238293599001,-0.15004094555563663,-1.5653548588849528,-0.48463675987321253,-0.5243361921919049,1.3758184680568455,-0.29905968282542067,1.460496227449866,-1.6258419341954493,-0.1520467277042347,-0.2587372484855213,1.3323734193205166,0.42556785548636245,0.6007620424148754,0.8895976996902241,0.841718252560819,-1.4763332566125316,-0.14248251243815527,0.28949080491357343,2.600223254697912,0.012741021875909003,-0.0540709023498403,0.12815783071333436,1.8229624405668967,-0.1283536778931699,-0.6095524989165056,-0.36296481525739677,-0.9687464227885203,-0.5001506720852823,1.116429522060016,0.07269741667937119,2.8417386815895416,-1.4655327603224975,-0.9668948355981973,-1.9411955978914568,-0.4287841180534966,1.3447473785685669,0.5231693449816724,1.540025610571682,-2.2696885807172347,1.7207310383517604,-2.461306685195215,0.08642111479554944,-0.5645044988935897,-0.5532090999499946,-0.980461858268162,0.10070205102050941,-0.8513484501743229,-0.22856066963476357,1.0266097240697296,0.36166201792382247,-1.6985407455754642,1.8559291088063086,-1.4111387153033381,-0.13665425105241757,0.04966031246153059,0.19626578362617217,0.8274110118495742,1.3362832365503148,0.11273964998212611,-1.253848436394533,-2.1762891273180704,-1.155532251528248,0.9548269521100077,1.3389242652849473,-1.6956371104608963,2.4001934927518196,2.412696356527257,0.8165180154120061,-0.7227258908144906,0.6148778752499157,1.3445888526398762,-0.3642442459017083,0.22424851233779713,0.7280121647097348,0.03698238156186626,0.5261991927053552,-0.050733240366869464,1.433036004991928,-0.38875436530954827,1.8034924381643094,0.9746987348155957,-1.3813428674265147,1.4484723945203917,-0.3082194828274237,-0.03026257723108315,-0.012456646440584987,1.4084656631597006,-1.1211670634191462,-1.3371134160860783,0.4923480003803009,-0.23513990047301447,-0.008842735507696473,-0.7790920527304911,0.29802399937145874,2.0214380505292335,0.23259515430724065,-0.1482121679740524,0.7401962093085067,-0.7688104985980371,1.3312499881554074,0.19081472472286104,0.20771806528572223,-0.1390644406552404,-0.5043345484748982,0.5900834849471903,-0.15198433738577277,0.2858065835813727,0.9972880555733828,0.17723842626436373,1.0280931426671736,0.23228747832487592,0.4379859641910378,0.29521069215385315,0.10648923949400216,-0.22830253305480097,0.5321701915518725,-0.7514052564899408,0.10047949641212978,-0.8001266095098652,-0.5684857095375675,0.1956485300945509,0.3924873972538042,0.09027094288332985,-0.9622396832998006,-2.2478163052965443,2.442218939795864,-0.7665690994337127,0.12005473970207614,1.1979789068202973,-1.2379960271728763,0.6955226609872438,-0.40540134255428656,-0.20267313343939572,-0.27513162853721307,0.305262312383406,-0.7709664241126857,0.7000018927057907,0.07973181154648085,0.19453575665805783,1.1848202906327607,0.5282787539868332,0.5155246326778434,0.670079963125018,2.0625054994353196,-1.3602026700595744,1.0673921796714692,-0.1933464560063342,0.7466956129984228,0.6699227381317365,-0.0972848587884185,-0.1288578120814788,-0.6509023569266136,0.5782199191862397,-1.9655778030755173,0.044817782425899726,-1.366944862408176,1.0649634867009647,1.797480031130188,-1.475220837879486,-2.4521530146026396,-0.7040621867990291,-0.12533890084074134,2.098263848546646,-0.011087551764569617,-1.2563451685460172,-0.27110167688120823,-0.5663485639621647,-1.1610444753507432,-1.3819263846562655,0.16375466487679,-0.26864165715443716,0.2746144577473403,-0.36847923726675885,0.7796182958024812,0.3022960006354609,0.8904686411827027,1.3376190356920492,0.1830171411552368,-0.17672549966846002,-0.8879836904484935,1.1603764755538035,0.6984264812642378,-0.5978262489091999,-0.8204191756645913,0.9070537911663007,0.22860812463979963,-0.5626775505469922,-1.780800364368874,-0.7192385789067293,0.5180542926282615,-0.2161654590915864,-0.8893548165112299,-0.5967159283249496,-1.112242639287828,0.2454481709126224,-0.34273751374725625,0.6367951986742737,-0.5785320236252212,-0.2096761598193649,-0.5464544445432127,-1.2227534014930552,-0.9026239182138699,-0.019703383529657906,0.4695655241190953,-1.1263111225832196,-0.060831186178129014,0.8708346802178825,0.30326789956184574,-1.6122137766310003,1.9561649330662643,-0.5780394071880728,0.5691694280385406,0.024576635454819258,-0.2564657645216539,0.29866299985214884,1.222871344575419,-0.29820590307619854,0.8209057922484165,-0.5910549116718896,-0.2924700517084176,-1.426993613685805,1.811518365869646,0.9900849274888417,0.21265016175252782,-1.564882838947977,1.504813814324777,-0.8493872704498132,-0.4909552787492426,-1.1867511364351904,-1.2132904519800582,-0.9523057303591845,-1.852843521617997,-0.44138538699722785,0.22062765952800875,2.3239051249094524,1.2639964936201078,2.8152113844584363,0.12947121447478338,0.5496691179540516,-0.24794183228814526,1.943461991174075,-0.45185340223836856,-1.3360162536550249,1.6861400831411029,-0.9400230072184326,0.06527418637082714,1.426171723670752,1.1134692524576495,-1.0802364398715658,-0.761035949086847,-1.0973457872626171,0.1887475080613861,-0.42539469973138977,-0.5452275096137634,0.12217695929959116,0.38984889662277594,-0.8693377224906931,1.2402188018837779,1.4039434136934623,0.09447542581804509,-2.1374772857649007,-1.2571868643604076,0.6983864776927975,0.0011260206783017812,-0.2588230104639778,0.8110585129745661,1.1085517623620846,0.2417241506627896,-0.7410037175108288,-0.12422221413865867,1.2961387102794095,-0.3801675568235056,0.30069961336409856,1.3060524421667234,0.8516842547329224,1.2446710465744357,0.7178564842103577,1.2901609880012084,-1.1831775607224693,-1.0518439490824023,0.9500974141428541,2.160180246366529,-0.3054757281364562,-1.5631474858382406,-0.8013337508734307,0.017198764735110443,-0.3437056740119039,-0.27445754199639305,0.8289136711920537,1.3384303512701718,-0.596758459828198,0.5382822973264756,-0.19490941411252047,0.1274896689286813,1.2541157484840142,-1.4801054858505607,-1.5772028967056282,0.10131890880192537,-1.9961675971000816,-0.1371792683495052,1.4822421198906222,0.6543908961970383,1.611188209160112,0.32664676380196406,-1.5780411958470577,-2.048705220050048,0.4446908881845017,-0.8944588865650291,-0.4255881094267423,0.7785765566831029,-0.9729711922315238,-0.3039274922186727,-0.46888984485446294,0.27050303573943124,2.094912320670951,1.2896843333602104,-0.37820632203142057,-0.07753283049671211,2.14037245887777,0.811587303037069,1.2571660764381745,0.4081794847383388,0.17063611026138914,0.3088649144528239,2.7964924254522248,1.9359077887601714,0.6144014396470101,0.556757536067067,-0.4612585760548941,-0.6342015814082556,0.09273967250186832,-0.6979380665153843,1.3243479518423689,0.20210206951498097,-0.16717782176308016,-0.49990017503135115,-0.018365410070873344,-1.3303763045593608,-1.4722696450668673,1.5304325390408822,-0.6463428825406559,0.30686818792102805,0.27959507299664316,-0.87360061756826,-1.1031390179200045,0.16773999919691676,-0.7877691939276374,0.1598183185951864,-1.2701633584036482,0.3355517198921899,0.7012002043500165,0.0892673422972938,0.04351204941832369,-0.41076851677830567,-0.9934390893044897,0.7818138837000139,0.05581820146828173,0.7363764016131806,-1.9544280889502341,1.1171635756141896,1.2090341923056802,-0.23142491349949618,-0.06555748117849303,-0.8574485281286607,-1.3792272485698687,-0.1879126482401282,1.4566200792960944,-0.3202817477115518,1.007810050721361,1.7485351335605892,-0.21295401256476532,0.8836086584828804,0.5854190786232221,3.232496920673511,0.2068459360994461,1.1871464780894356,1.7397141759562094,0.6295930057575021,0.16448626477430517,-1.4745717355865149,0.5832266587632455,-1.1383243387187743,-1.4698375548992255,0.5784656000120018,-0.4449456569872265,1.293295881966084,-1.3608277392454589,0.3375991320411427,0.02059206779608919,-0.22531771273531398,-0.622602136474784,0.20248403194129633,-0.223528965967343,-1.3715237670695455,0.519423534772847,1.4696486577300758,1.1337965607164686,-0.46214490930733393,0.39624338672648596,-0.13851282913111218,-0.3701166241010987,0.5457386576225105,-1.1899773127269493,-0.8334830737011945,1.9090511524975244,0.8970346888971084,-1.561991996353703,-0.7417568351657804,-0.42740682498867555,0.9118978054466608,0.44497306160607686,0.07517833507310809,-0.4745236922691124,0.041782420099279585,0.47057341350251525,0.3619403923975958,-0.8122624721952013,0.5962689829721994,1.055449951640176,-0.5564920900849817,0.8860693250075887,-0.7623783650821583,-0.8008080260330532,0.048478253292784615,-0.8455056843571811,-1.5710683877285951,-0.14897360115236308,1.4863802260739212,1.1462850505933369,0.6301551711422806,0.05852360446720743,-0.5028927771780776,-0.6701756138478641,0.21201496347625914,-0.9019954682145496,-0.35387982985151334,0.06419490592706792,0.2781285053735596,0.08743846437932942,1.1437973058286142,-1.4026941827257857,-0.5277786322174991,0.41577028228845164,-1.1938479999078229,0.2537510168660842,-0.3883910749707819,-1.346877781689703,-0.6621799461385638,1.0217429055451566,0.15093817024444947,0.8582108278731242,0.8062266856972221,-1.2311090855714415,-1.2377309874728706,-0.52424790614218,1.1627644754090074,0.17188191991753737,-0.23112936101594336,0.5983635521913382,-0.44405562904911955,0.011248805547142963,0.4166924230275651,-0.3070816631620581,0.8202357087381389,-0.3723814368492693,0.2414281593360257,0.19424413241279653,2.085241087502357,0.348830753818208,0.5935821358649819,2.164969459817216,-0.8671899868227896,0.3708118675932095,-1.409225141420936,-0.7967058769906841,0.8978891956224397,-0.32946843025790573,2.276986057279898,-0.17242917945430114,-0.6619255979686476,0.4253838749679996,-0.4028145758443393,-2.55069398834213,-0.6143803304672873,-0.531268564197764,-0.07166894598055858,0.8895000937859945,0.30054859791874583,0.844254415906174,0.5777427106068174,0.9979918191797715,0.028598056624183604,-0.8564686762014503,0.9928173030386807,0.102811468884976,1.0487872136099665,0.4811069076020794,-1.4708709897270666,-0.24912748586127903,0.1748719241524379,-0.41954691460013316,1.4001856784256297,0.2747410333670828,-0.954370779635584,-0.2690972504387119,-0.45798474955767565,-1.0470428816529664,0.14577222742328202,-1.1660428079388283,-0.9457801479079916,-1.1786427169946467,0.05456066294207579,-0.005515410922017759,0.04097753398369852,-1.594908559660188,-0.11864325668468956,-2.078674977348632,-1.284763284633235,-0.45233172589104365,0.34583403994775586,-0.6347397537312093,-0.2587332760520259,1.793536957508762,1.4354525002589311,-0.5233225318009873,0.44150420288992254,-0.7056700954274445,-1.4616518295329046,1.2399938389469418,-1.5660222911895687,-1.668342615444244,-0.2703183618032319,-0.18023884904349452,-0.5009205758403247,-1.2315639699320533,1.4061193763574338,-2.6508438801334906,-0.8689352594153499,1.228119378197842,-0.13906786005367727,-1.0061723237534224,-0.42605526899322854,-0.7268358680548407,0.8627850942595552,-1.5145718791577678,-1.001500649166652,-1.0339417880853414,-1.369630833519178,1.1523070568604221;0.08512849230017885,1.612501790781791,0.11430609118641344,-0.301621513638582,-1.5663166164824194,-1.1853008978911488,0.4456202513485787,2.2053768464566303,-0.4915835258178294,-0.742910102160859,0.5460370989472151,-0.3148714221222654,1.2304828140621022,-0.6288997621122003,1.19614030282918,0.10174478796698136;1.0947402050395632,-0.7773650797775604,-0.28426016157464445,-1.9648380540356232,-0.1865755388368217,0.2148930917201322,0.718003210621595,0.20346742190006095,-0.6990301652910103,-1.9695940245484267,0.14325023117820573,0.7024415722963865,0.7815010529507755,0.2653832043173344,0.08882399102082122,-0.7690104580697865,1.1843363980025357,1.9008753037792896,0.5542622207630228,-0.7728812964357564,-1.480752128681164,-0.6511697706581858,-0.6207129352725869,0.28592319354963935,-2.707506885303355,0.19372786347643914,-0.4696834450162138,-0.2252954355097435,0.5914161290191075,0.31976605971844385,-1.4077684599223674,-1.0052437506911456,0.652838142533304,0.6046726171641466,-0.11066140091012824,1.1019902849421213,1.3808392023891396,1.164814432995562,0.8317865189562279,-1.3130840166490032,-0.9903215413251932,0.2854028429400007,0.42561608728367106,0.35213665140703326,0.14416930971341438,1.1203024849235224,-1.306885117099938,-0.2551494414796205,-0.6499539365876938,1.598880208247075,0.2937924315724087,0.12264801148626135,-0.13809952829329325,-0.40672835757856596,2.1184715212775536,0.8943773389036732,0.6071841298223791,0.9752947511716119,-0.5591613386443433,0.41924676721638254,2.0300555133070475,0.7271460474672545,-0.8425555760740253,0.6115552814820312,0.8894136909448099,0.7560291229254353,0.6955630931024104,0.9252891378299527,1.5850516359182785,1.6948287671246938,-0.020937142262758807,0.628049501778681,-0.8354034947995324,-0.872013045326127,-0.896689457051771,0.09377430889056605,-0.6719646103188959,0.5887317531600731,-0.8417928090466554,-1.433559536545057,-2.8404254433418,-0.6771625654439094,0.6580191399875155,0.7253965318801716,0.3436769169035251,-0.3209654198643933,-0.4520640572744263,0.30931416902545417,-0.3434392743096023,-0.935893261992493,-1.4822566919791416,-0.7424504001107035,1.0045010697254846,-0.9818916958190909,1.4137954279798512,-0.34408154412465686,1.4572818042840423,-0.7088489657323788,-1.1660253045254394,0.5906967902282801,0.8299777060211776,-0.6843443042428077,0.6643673644681357,-0.32792179470317906,0.009319487254552287,-1.6561121246894541,0.003387980590786731,-1.0092071275051437,2.616233486262097,1.3791974463406644,-2.021553627787049,-0.7511844169970139,-0.24030339432761746,-0.6689241100488855,-0.19951611677082465,-0.24229297562128496,0.9870108119280554,2.3062678991847876,-0.9401434732204104,1.1440544042717105,-0.9217993483037343,0.6041818574519455,2.1709107632343945,0.4476638918612723,0.07853111793305498,0.09235341359337497,0.9376727328553776,-0.13778753666272608,0.621134044505605,0.7633547514376601,-0.3187296954938805,1.0719266085654835,0.7089464581072399,0.8765016289734928,0.0949827649943346,-0.23269784128742776,-0.5785677914629458,-0.7245058860116594,-0.24193089842615767,2.5523548405715157,0.34052487693419614,-1.5826575256163353,-0.5431929872507304,-0.4245632357651612,0.9710635528114039,0.8760341939818345,0.07847211164097265,-1.4873361618100565,0.09381411364066095,-1.1476706007701243,-1.2090565857388118,0.8027336479983784,-0.46984669383628946,0.6502701534326005,0.18699573715641454,-0.7656052015974903,0.5219276094393399,1.495922584047885,-0.42839200257371896,-0.7086850185591469;-0.13923152263675287,-0.8004685166397691,0.2804231562219294,-1.1074152034184288,1.7803617338604496,0.3348304196207328,0.7801020805603677,-2.0079289760502825,0.6359521246887898,-0.7363161793563988"
4,1.4961222787931823,"-0.32388300306391093,-1.7672075012054578,-0.5635947103191462,-0.5675082307609511,1.5155113181904931,1.1976735192490109,0.2985461167463679,0.15772928339043396,0.8922405680537924,0.8642601680216195,-1.7757769911987444,0.46360120568810337,-0.08543181674411915,1.5484731148230362,1.2366975087909486,1.49850095300481,-0.5401145943204438,-0.2593353813730889,0.6116607639120771,0.589024047125147,0.45767943005064454,-0.9248567282219338,-2.5862658828777,0.878416757683765,-1.2578276376294797,0.2637233881402195,0.8585430879438685,-0.42688826509753414,-0.03647335708300401,-0.08793770824394118,-0.07922020382546106,-0.5412033985631479,1.334389127198847,1.7864515800090348,1.166768577437884,-1.2760463217872537,0.6023590541242025,0.8643673166906554,-0.6305098615604949,-0.8289699594060757,-0.7904008056905761,-1.0905802356777927,-0.8239975499552158,-0.5565239185729389,0.1446697822667016,0.006753299976336051,-0.0625539059958812,-0.08168195719003743,0.33546496659705827,0.6397172655290325,-1.6665296528953912,-0.7599424945856377,0.6884112459657393,1.5646678130513254,-0.7355825744496238,1.1881028292682387,-1.2517343211673677,1.0407832648938486,0.3054520758512652,-1.2995445691111844,-0.2529376302041814,-0.31616570718748627,-1.0447057562130255,-0.19829606338552755,0.3115757888435988,1.071572921412194,-1.2152262520717696,-1.1737905582285335,1.3613430251499803,0.950501368779119,0.14574252440886845,0.24633412435265153,-2.069564050068867,1.0550409819164621,1.4616511400314185,-0.7372859052266085,2.039235507185348,-0.34371902336893134,-0.4399371059842651,-0.10637242328413626,0.13221776152952447,-0.4894445865637124,-0.740168773854609,0.14475224134085093,0.19580359103870043,0.4798811137070774,0.6291164876118449,1.4271485917869184,-1.0323588095027547,-2.0401284325658575,-1.7867599555845401,0.24510835319394772,-0.6048702129461162,1.4763175922261156,0.27437096815852324,-1.3415965673014298,-0.8118002984541915,0.04204491663228936,-0.3446055873345561,-0.47096252102385316,-0.11391089294897082,-0.4984871257124765,-0.37766263331794425,0.690276159863917,-2.0143282960644875,0.2944778169033412,-0.07865620400139806,0.7540934717820132,1.2945347095510498,1.5979925770141499,-0.10783818573059993,0.5903805409787787,0.5166409688880187,1.071922626457836,-0.4468441912752461,0.9969771825210495,1.5216569745412771,-0.6710189402754113,-1.7868047363772135,-1.3200124292113886,1.4201559453190855,-0.6453788471685328,-1.4619620847041441,0.35737512915673825,0.5466595221359094,-0.45044317043381166,-0.49347996842589115,0.44992232122744524,-0.4140269664227949,-0.1402556181896814,-0.5796557696631046,0.8784529359249873,0.3957329088223245,1.2315652227807852,1.3926594549826177,-1.3488308124419437,1.2000340136694145,-1.2372991663602124,0.5619554205781534,0.17687913095510951,-0.1050547333060611,-0.09014079474299233,0.888179142125062,-1.0135013248666351,-1.2820810895210766,0.7524022821789829,-0.5194138454612798,-1.7953620647109074,1.2075437606209827,-2.3197927645278025,-1.9865550891036885,0.7369964509180851,-0.6332522140927669,0.12870634517605742,2.60288563603949,-0.18306328630150792,0.7487928623688652,1.0388493039976634,-0.2962096745713492,0.8086444158027092,0.6783588646137014,0.9427974620105947,-0.4434655076405552,0.9789743032849803,0.3371462995013879,0.09305840246947394,-1.5083684143262803,-0.12667386170854097,-2.1186773418652085,1.1197636269253342,-0.9172075325187748,-0.8162194194140437,-0.28212429943757256,1.292929882860721,-1.7921438746790666,1.1014238597261785,-0.39896162231925986,-2.029570679788038,-1.7101113579817127,-0.20375858840591304,0.8078341566983595,1.6921655821540607,0.6173150627788182,0.7022005468061873,-0.7449189804458686,0.929016163988209,2.1068233101342813,-1.592769754781989,0.5893140071261103,0.5219494063224965,-0.7215716718355996,-0.5135674566459277,0.4250513415248711,-0.7678336457009064,0.09327548516158618,-0.7153690974407474,-0.23202708298876545,-1.2910645101802567,-0.03305610468047923,0.5951716445263149,0.4051977441707076,0.8144346692357669,-1.2079537912845237,-1.2510125697959584,0.8731535733881642,0.605018111444367,0.27585546513528886,-0.440777873025242,-0.10658111460034714,-0.04092220291856368,0.3693051569146354,0.10682648115396627,-0.22187516147610312,-0.8692528735882373,-0.30809273336857795,-0.2814548212241569,-1.099725215030663,-2.222255840134167,1.0452150232836441,0.681943463749132,0.10438347833197854,1.4106023053741716,0.21751704427516938,0.8756371542031075,-0.3961617248531385,1.1296110930749954,-0.5091234073913607,1.8250614496260074,0.6365101104386107,0.5015384421861611,-0.7702332998161284,-0.49554436272301955,-0.8439429664075305,-0.05210098561600289,1.170844207098979,1.022896614458524,0.2881307153475301,0.2331797029180021,0.6436919338219697,0.12798681474762325,-0.44689596228433803,-0.3080790428384879,-0.753690190138808,0.4904041735609353,-0.9098046630150083,-1.7935678876194694,1.3835895468649897,0.041383809749907415,-0.12633469904975392,-0.5914202171992836,0.1521267942055004,1.2340459277332076,0.18374474229516166,1.2070881693808904,-1.1760034482815374,0.7013575083526976,1.233696373710297,1.5147798001590664,1.0335199678683114,0.886449017743421,0.7259316776815533,-1.726798802668831,0.3923202863345685,0.4054604273081464,-0.5315337189111065,-1.0438147232538588,0.04064685605439251,1.0720706357500205,-2.509466264349156,-0.48138885509623763,1.1764052406713654,-1.5449667925569968,-0.23205375035101627,-0.3655121497983488,-1.3325259381123293,-0.15710704083496263,-1.9936191362322517,-1.0466206463585237,-1.266117614012504,-0.932193470406634,-0.8215135173208944,0.16171517075908443,0.725788653567813,-0.948971980633644,-0.4266711475395651,3.13447341836352,0.6525449290978755,-1.6418059205568332,1.244808705853064,-0.7400530511063104,-0.5985112724608286,0.8331150072753459,-0.09685496343222094,-0.4011976505154168,1.149682445716999,0.6143649016223109,-0.023691162717092845,-1.7499937942765835,0.49241824267796624,-0.012575905210543782,1.2316190839733225,1.060773932485031,0.3384029739069696,-0.9762109262280341,1.8418674606210075,0.40485443450516934,-0.18428721135789786,0.12733481241993455,0.1949993089985237,-0.2474375665351009,-0.11205307864472461,0.527509781844175,0.9600772844386253,1.5053298229316425,-0.08863429978965849,0.6939395219977703,0.21299366846331153,-0.8880112455425715,-0.07284722926115353,0.07427477257687472,1.3742668943981744,1.6960965002157602,-1.0307438982125696,-0.8997993642499001,-1.3188468481534141,0.8355409906677591,2.3813708095166812,-0.01343841452669744,-1.4050678949905822,0.04678503719638724,1.0605087200279328,-1.3607532422187385,0.01982789862221873,-0.20425282861522118,-2.652883545718658,0.5863368509127087,-0.5114439594992022,-0.19022679272342413,-0.03685173865158885,-1.0498104181960122,0.5076413252917977,0.2711424435168845,-0.9028437529242312,-0.024743310629667704,0.38013840148089767,-0.447370003255262,0.4698199123811406,0.09972532615944418,-0.45015139535826004,-0.695366048325575,0.17516954119620515,-0.9655553894698804,1.9717871748500846,-1.2255651360661841,0.18613756636112322,0.34690567390889526,-1.2522655905425386,-2.2646080639872896,2.17813272844018,-1.811383252126901,-1.2598604412583028,-1.0306523647593702,1.501347014522797,0.16161731237478122,0.811050516643271,-0.5226960684114365,-1.664012248852006,1.21348102355093,0.6356619284558283,-0.22650787625478278,-1.6776726507960742,0.16150281183658427,-0.2910583615170296,1.0085394936613346,-0.3945963769619083,-0.47537606324171566,-1.226293608045753,-2.1146262608282878,-0.2834608050485532,1.0203739535240992,0.22552209458391237,-0.5531331992612702,2.0092961185715117,1.9476657702254092,0.2645916608308433,-0.9676735719615512,0.6049028993838383,1.4307227007137946,-0.8154390157098241,0.26271900826436784,-1.7543732812820645,-0.6065298439795244,1.2597971915240074,-0.048974207948759396,-0.08249704092881474,-0.03140315084311957,-0.5626991566135151,1.4227125193502057,2.2461438941079317,-2.781258527827141,-1.5488622672997923,-0.6000202201023344,0.7742476727966784,-1.0113406782605703,-0.49291697193894074,-0.9079396754461114,-1.8397558670157952,-1.1744548525166083,-0.8700415878902422,0.41131509507861613,-0.6421926891069957,-0.013439593453487983,-0.12097453309559654,1.3847374438172528,1.02777668154622,1.7677332215110222,2.098294865499596,1.5529628934919588,-1.1542517902574625,-1.33078625930027,0.9309266089674195,0.04684270669028365,-0.34406701575083826,1.188821241555543,-0.5086615649389395,-0.5857948327785153,0.45581148013395184,-1.13117241815925,-0.8147768778303119,0.6892379998894691,-0.7349307002165063,-1.6153223910245778,0.6269369351488534,-0.6680569140957574,-0.23523301817934725,0.6506581206675623,1.3460602923010472,0.5716374419031851,-2.261593670305897,1.4420832427641552,-0.54905952403484,1.1415102756997777,0.46145196237568786,-0.06787954912477778,-2.2821984344849686,-0.0029863534453757473,-1.7084046289637023,-1.048643937463222,-0.9678404067248998,1.8587154830353945,1.2192828066920365,-0.3382661606326316,0.4273453369352421,0.02548273976229623,1.473972979529897,-0.23086359104001092,-0.904407362051663,1.2028049237977736,1.3103750454986693,1.360782141988855,0.4027315392338453,-0.4453416379953284,0.16844591447389,-1.1905442183156676,0.4130317070207473,-0.5514196145457182,0.7685643412110859,-1.0530168880219681,0.22858994488405443,0.6424496488962721,-0.7712305690305947,0.3907003145318187,-1.0915791411300275,0.45557138025095134,0.4334278622333741,0.6170117037070437,-0.26383825085092316,0.5808164242629217,1.0750117946006246,-0.7394136366065228,-1.1789736122219796,-1.4217098639450536,-0.9728947734780674,0.10641324814544995,-0.9488963438914688,-0.7585389953984035,2.5709736843162228,0.5544695545956371,1.1301516160932117,-1.7676041308317543,0.28664603108585585,-2.492696171649032,0.5397386106225458,-0.9870923554776196,1.8793637488910913,-1.0651823129038431,-1.6913242229319765,0.29535447807183324,0.43281383963895764,1.1543957737661583,0.7919695015074968,2.022957094520611,1.4881801420536795,-0.5042612723706839,-0.3496695171606299,1.0151927066082567,0.3830293792623619,0.7079932299773434,1.0281114761765804,-0.025234358237862714,-0.4727450082900926,1.1700398910595358,-1.0603770692005436,-0.5929058846751804,-1.5211911787272467,1.5626070178407578,-0.6332206713877895,0.4194822856798044,1.1984624954733032,-1.0916234771909246,-1.1333724847627884,-1.1542759954541697,1.5231217838573237,-1.039745334684978,-0.12141754655105683,0.48699512103890963,-0.7114775007390607,0.4391811168289068,0.8013561632250583,0.7087578467696776,0.9966166809165125,0.9002394866381329,0.6940786892938939,-0.18519076445379853,-0.0716850083300341,1.937976963440166,0.445077014871708,-2.336038535173676,-0.2773293787514303,-0.5242710971918175,-1.7736843960253967,0.004592621251925083,-0.0009704641995970653,0.6237724301169304,0.35157628020169446,-0.8213073787417219,0.6523415867248357,0.3974322770683779,-1.0846696816157573,-1.1335815206917461,-0.2776114377573471,0.24720798839707098,0.7935995212167531,0.5113146785398159,-0.7380956829892031,0.5922200816514409,1.360698966348982,-0.9712765128387447,0.41529963120275004,-0.987549931988707,-0.46414704549163516,-0.5266465562104553,-0.5902165666255409,0.9601819331629978,-1.7975507152170396,-1.110562453527627,0.609608188640377,0.9695788658744882,-1.042641266081725,-0.22720241380182765,0.5461539612303599,0.13621956931601512,0.6296489689907596,-1.0693366578645893,-0.9845061501622194,-0.20026976936351504,-1.732294994479335,0.6900585401748722,0.2912534393854711,0.35284985737530516,0.24225891337930938,-0.18658458249419557,0.04254945198959725,1.0074630062018695,-0.2894892327419486,0.8032282057481294,1.006172508359402,2.03737933357865,1.1354349245007511,-0.8518937095021422,0.9681249160324255,0.19483161361314763,-1.0468131512073113,0.5263759999854944,-0.38092612801057824,-0.16067735918189668,-1.5082461877971218,-1.5703405493917195,0.7406624076520091,-0.2621847813417354,0.5073519579393204,1.264276129077151,-1.2402602834801635,-0.17585929132772488,-1.4384078390422328,0.48334448520888834,-0.6538111250638181,1.463250329617588,-0.451725010996739,1.2557551694934503,-1.8809069037387478,-0.3623443549908921,-0.34661629009279904,0.84801177480899,0.9080900406159081,0.6984336645682263,0.6787582401140017,1.0928395203144383,-1.457070618163459,-0.5736676044711415,0.5156944135313852,2.67552293154022,0.06849317980246139,0.39205022169855586,0.5858451013663384,1.5355389621366489,-0.704579000553755,-0.33912807858639177,-0.4440992032856307,-0.74327297083488,-0.8009103661101237,1.257567850000105,0.020009629392254008,2.239865754173743,-1.262443626405983,-1.2158392481109181,-2.1134679433032764,0.07463846647200836,1.4359262749303112,0.942732044806961,1.2902400508680851,-2.209869678454352,1.6650412128185514,-2.1350024465540645,0.15318922549687147,-0.05688260657291995,-0.9393718577840848,-1.2304847160988353,-0.37011423497733503,-0.6657206971905613,-0.4717586860677051,0.9449325715585554,0.26027001611908823,-2.1227766324571804,1.6091289703984197,-1.8525690842771467,0.6155855312043768,-0.6945358611135202,0.2283703481333484,0.5713758454709701,1.3368175283347021,0.32446339036259886,-0.20056209425755106,-1.5011245856536017,-1.5583726335169845,0.367748523902484,1.010514726412897,-1.0078896427296118,1.9095147010280726,2.6189042017742166,0.732936464641816,-0.886574755206998,0.5295502720893746,1.585062463153543,0.2029681213161491,0.6763302503161507,0.987164783521606,0.3699541325017235,0.286381897249243,-0.5419495966115808,1.1348875997286074,-0.503141798844158,1.0502327290554865,0.47643670638092905,-0.9633967298607156,1.6808609457525037,-0.08381380122820714,-0.259579439339448,0.07275615745427647,1.2542285345419883,-1.3274168300640325,-0.3011170174016163,0.7604910649644164,0.021549533514252303,-0.7354923848772943,-0.9482006477393157,-0.06309185287513502,1.808671644191164,-0.04361733075399235,-0.37716678365941814,0.38579550963554887,-0.7418391455052761,0.9925747736577523,0.3831294961796506,0.2191930912738409,0.7137678675659418,-0.20400376120442987,0.34943351205782175,-0.6631048298462944,0.07827020965858839,0.7624572529385975,-0.7357092792114472,0.8161311743621417,-0.14043878529924617,0.6612607808049494,0.37607381593064804,0.1759792999552046,-0.34875262257316697,0.544515577150337,-0.6772734229261376,-0.6304804105338357,-0.6495721062772931,-1.3435125798452163,-0.07698677812054022,0.5606471793063327,0.025297662491592432,-0.7415390059721836,-1.7297706874370304,2.2876465292714823,0.2843448265282759,0.7747578847375347,1.4564744176291355,-0.8356380454120844,0.7237558424336198,-0.26164802461065806,0.11137205750331153,-0.3214112028124059,0.03678653301855553,-0.7402810387528967,1.137053826347189,0.9199037850276436,0.15179489900886764,1.5650785377483227,0.8538376071825152,0.3245132024558137,0.45196836283886177,2.229201101155131,-1.0034753700258203,1.107175308278719,-0.2579334940271427,1.0462112731190396,0.21233984811044937,-0.7459852043722397,0.2984323955339594,-0.7439178406419593,0.4445242370108914,-1.3032947762110747,-0.013188674005187417,-1.696102233149107,0.9708830465203938,1.8699170460459549,-1.646778253592525,-2.8157748794533117,-0.6344281031044906,0.6349797229886835,2.0918158948262926,0.02147331284219918,-1.6523186971457602,0.058246855813984214,-0.6482823080588052,-0.7256172968207146,-1.2505368110478472,-0.17776196723827373,-0.10472360451771406,0.9067636150743192,0.5259414735493382,0.43943015350755443,0.2980661364750081,1.404349528292643,0.6324356389214288,0.16669437117853794,-0.3256660993638945,-0.9092975159582525,1.5257106592377168,0.3366543380572398,-0.7589139280583306,-0.8891180450962711,1.838260915219024,0.2437193231957517,-0.4603885830637032,-1.8360353758417223,-0.6977006009386486,0.17690338476687523,0.12148849334374243,-0.9616042192147731,-0.2930182287390732,-0.7460941793745389,0.005505515104564623,-0.8541316132419552,1.2491004895971336,-0.4301308162704753,-0.5913917229104331,-0.6965698151452002,-1.2605316329382035,-0.8335378288456986,0.20970539309392344,0.15312391125546276,-1.616014203290211,-0.2562596661145484,0.5825105200293462,0.2674018031343635,-1.5949494713867096,1.4307193569649035,-0.44778308838808384,0.07347769290915127,-0.13337141601584,-0.05808248742718317,0.6090278238803447,1.241022580690667,0.07756453797898466,0.46515652500800875,-0.6954881472181067,-0.3296383091299063,-1.110942496574569,2.176666869405814,1.3923950265092744,0.6402743668053386,-2.1578256205209505,1.090086714019199,-0.43940702948705934,-0.5136280663129758,-0.652875523984218,-1.532263213923332,-1.3554806897963914,-1.6202061237071883,-0.8256845217894482,0.06413313976137752,2.3664293794210076,1.215585888680263,2.833945584240181,-0.13231493804752276,0.5245610885784258,-0.5896094031575042,1.956574205564444,-0.11158340707488003,-0.3146153955579374,1.698256366286367,-1.5019111952617172,0.30118550825364965,0.7371931805699752,0.6052161359163809,-1.0621386882466108,-0.28031038044208834,-1.1747123392931826,-0.14037159042477795,-0.06153277809261473,-0.6993780705766854,0.5912518258901082,0.792843740724206,-0.2836835438735748,1.1742304884935588,1.0346785190599208,-0.16421036296858438,-1.9959341224649452,-1.1204458367670609,0.5243350527680646,-0.09674581919270553,-0.3316112179985527,1.0120474445246386,0.9319531372296442,-0.08520131906343431,-0.8919092778045442,0.4045460541612691,1.6434723230921846,-0.4631649033376709,0.8858337648669355,0.3668198393048894,0.8254334683908142,1.2193514906754197,0.8563886053834122,1.5375834869740364,-1.1614395468704972,-1.034523998900813,0.8994619116615935,1.8815441857030344,-0.2740088836546777,-1.0652259798202919,-1.2711685188577206,-0.19448594396167135,-0.4224504487012817,-0.26112633266382845,1.3284861292335222,0.6789851141140043,-0.1271046309218285,0.3217533248539452,-0.2746873135879278,-0.019065314875137962,1.5193845273146112,-1.1516905695007287,-1.572265264427277,-0.03876105446103671,-1.908551939357244,-0.3193349412693663,1.719432775388392,0.6997228907779554,0.5386939243435619,0.5171002322445757,-1.8210319419894456,-2.2947915806896146,0.8032979139209647,-0.1447100181783998,-0.777491385104372,0.24952850988839467,-1.076048842230644,-0.19446173416705026,-0.712626865087692,1.2265936317258805,1.7365445720307673,1.851763596782943,-1.3665328379913086,-0.31569998676922556,2.008703066367665,0.8019087753732986,0.8900757031692961,0.5383793942586405,-0.581560167353197,0.3382777505432144,2.9997720404028967,1.755325905851805,0.2829533842807652,0.3036520103417257,-0.42585221535276774,-0.19714479386942302,0.17362126297694455,-0.14040490583009566,1.3969124996920679,0.23766001438419776,0.009095170110022394,-0.2586600252121514,-0.2656813392056567,-1.5436465698458601,-0.8427318068372949,1.3950553106483652,-0.13975003338452768,0.3022233872197761,0.3869873655450279,-0.8414210397105575,-1.2038529885055724,-0.5267582876079072,-0.34424976665510604,0.06980546682920619,-1.0795244088342808,0.1295917875670389,1.270529822566388,0.6210529724233365,0.13815759899313135,-0.19071490766868826,-1.8585542034616716,0.41277511163229175,0.5659800329431186,0.3800532621191406,-1.4463051944469374,1.0305575783776688,1.0691548555432733,-1.0492082870740167,-0.35412663134888334,-0.9903755494918914,-1.012379871410016,-0.19921820192251613,0.5084223403516315,0.1330779271601994,1.0155358381294857,1.498293289133169,-0.11828268907791982,0.9670272258516323,0.038994990254085454,3.6770878704093666,-0.0733720739316879,1.1583814199608664,0.7695355932316724,0.5339353047362155,0.11678540275749182,-2.316207905053529,0.4128140691555653,-0.6083897406607419,-1.5239736170645977,1.179410939673009,-0.030679024559828155,1.0053069260157237,-1.0132531403081522,-0.06763862433908621,-0.2366811782034884,-0.18495963601666582,-1.587356641400821,0.5353491331730194,-0.33448017800411145,-1.2859613719194694,0.14528416830590007,1.2598956709521507,0.6207577452224575,-0.6827588838573659,0.19072116847035042,0.09544297129447649,-0.1395491941638191,0.12109928149408959,-0.8397535227254952,-0.8687931911605974,1.5059788083643548,0.4461441444754489,-0.9294159604914762,-0.08264388081638435,-0.19037722367482804,0.9422048166143199,0.9150720551923823,0.5508800464456867,-0.47076683943696257,-0.24516794323213204,0.5017045979843683,0.8544993522861583,-1.1251977350194196,0.22644723509021142,1.1342018080120975,-0.6106940883368449,0.4054100188503953,-0.07214548326617887,-0.5686698192428203,-0.3650592986967138,-1.1779587249017802,-2.119615271008624,-0.19117859307504342,1.9028566237337667,1.348293952492464,-0.23865594872854873,-0.13924107018355245,-0.22479866860659264,-0.18778385451522123,-0.13397593687743337,-1.520350853604673,-0.665613520720167,0.46557305923004877,0.011632672402343336,-0.36873738151953417,0.8316404816292366,-1.2288069645466968,-1.179672263388984,1.3665932643139131,-1.4420319575357876,-0.19138152211490642,-0.5183191608493755,-0.852657577984767,-0.7662275410745488,0.7644325628120776,-0.2864635290067704,0.9921859958645274,1.419400513390521,-1.3446104943852786,-1.3115722066117468,-0.805818048546449,1.0352266140955155,0.25471108979856055,-1.5629425023129502,0.6939949808280431,-0.1265442848073735,0.34357567341511314,0.07304318743687442,-0.23542858216282048,0.7275523116003821,-0.6325448628275339,0.3387216972566273,0.4578072220433213,1.4397558722386627,0.5080835195572035,0.3126536777703124,1.6851570574190766,-0.7650968409050211,0.5325939923744727,-0.988837145149931,-0.5074140868908987,1.0345557643958594,-0.1726385361324281,2.1185486306942565,0.2921592960011298,-0.9019738678882289,-0.34245774016443803,-0.18755176582942673,-2.87894408279679,-0.20570799662840952,-1.6829199472562342,-0.19135127352898995,0.17230836528511248,0.5475312815822593,0.3020930322511656,0.7717789098969348,1.0053859520126869,-0.35676080307506725,-0.3409206331918973,1.7659386207064922,0.9373075197453684,0.6796962901126911,0.3479172999319576,-0.9380771184086446,-0.3559801998805735,0.10129814100106371,-1.0002537216691934,1.0492624951618108,0.593611086812091,-0.9796178752462661,-0.5182432901639654,-0.5218537525155384,-0.5296689245852823,0.2928531333006114,-1.141613150340004,-0.3683898350010235,-1.4888860195535933,-0.209335347628159,0.19613340951190011,0.31292567650499337,-1.3282108255116731,-0.4705204842184443,-2.399965188561666,-0.8798605550671517,-0.2947966594880141,0.3451312447746732,-0.8798487890469713,-0.21233705789859192,1.2139246532648333,1.306674169102904,-0.9126350784853574,0.9046517776738,-1.493206434550057,-1.272200892639727,1.1929538459918432,-1.6205768825661746,-2.1992397902991163,-1.0668310348594816,-0.4989130951475031,0.02283155407355325,-0.9386011330648989,1.2718787082056555,-2.224462745007768,-0.3979434559026831,1.0467120392883729,0.18103291525563475,-0.5529100208591021,-0.22282074270013758,-0.7042588355248899,1.6010648824091727,-0.9533638184343936,-1.3118721345307676,-1.1828783152771438,-1.4492260991634114,0.7553630075342866;0.35705380696819167,2.103104715317179,-0.5969943899202854,-0.33944326381466,-1.2420778483542632,-0.6904625494941599,0.3188902350149353,1.9797691405514213,-0.17504785588696678,-0.8049182485440599,0.6103493321280076,-0.38024079070272837,1.0248038340520342,-1.1529471079548266,0.7360078328005983,-0.20139471100004036;0.46993329069583867,-0.9333029135027797,-0.6056937608893265,-2.7948794475945333,-0.7200536726017641,-0.8994252907216985,1.1154502932761021,0.6216702157564125,-0.8044444683418249,-1.3327224105644173,-0.27530767536327017,0.5876101282364087,0.3123418917369986,0.4210823493643243,0.09327202281571764,-1.0269153690813533,0.550791171636928,1.4736841084768333,1.1817157586484694,-1.153608351755846,-1.4610189381628969,-0.7988458463064859,-0.4461209196946894,0.8722017914438575,-2.561381706582122,0.14305136302951962,0.038603217718939056,0.04097413554391681,0.499080169029518,0.19348807035169438,-1.514714506967762,-1.1063735293674197,0.8094136117896806,-0.020304316456108473,0.6974933598196027,1.12463836713352,1.5185648466944857,1.2503693960632474,1.0433249853096538,-0.8700325969224536,-1.195668514290808,0.38194320123133507,0.11238698641670622,-0.018623753515514832,0.3465146981206704,0.971843893255457,-1.7101928308791592,0.06416105455172759,-0.3647560687688769,0.9087973462797889,0.7789449204144362,-0.13230734165204044,-0.3366215283710494,-0.24344590494451995,2.0737262703956123,1.3735872232766724,0.672881896429386,0.9012368177611326,-0.32212108844597526,0.6300425992624139,2.290215460585069,0.9823343847665372,-1.1371872987572158,0.2393385446215408,0.7440564475287381,0.589075127596606,0.5404261531598742,1.4573522889469641,1.5801898548848756,1.990908903623586,0.682789147771844,0.6606467252211895,-1.2191340138199613,-0.9820140801425085,-0.4221354622459917,-0.18434311714551985,-1.0304102097512566,0.4143555284554366,-1.0426111566517824,-1.1191113567028845,-2.577368877545303,-0.4690320212600837,0.24619796688996,-0.0648178329883791,0.6830302903266714,-0.3719633794021946,0.33405750269377776,-0.010350666445807094,-0.44553203469947233,-0.990773566968552,-0.7960216195747387,-0.7206839916092772,1.0065244402272928,-0.9188098492203612,0.9643964658205252,-0.24307563796852208,1.356992068026622,-0.7714862997106999,-1.0572922411702677,0.5805866390120032,0.4746647734954209,-0.7459315972997673,-0.006980083860900661,-0.4978866495333216,-0.08031783619159084,-2.320387741054403,-0.008365199639233864,-1.3685932856951142,2.194684923884771,2.1351128216308743,-1.6084258301046774,-0.3760653032715282,-0.05126697523511321,-0.4732993932312682,-0.08531380104545894,-0.4054251510954549,1.163295159541101,2.0215078389301664,-1.4527397525203587,0.6977302485173396,-0.7081751044027961,0.5507781078943401,2.556706433898577,0.41240062535687616,-0.2624495163513155,-0.10342978184477533,0.9544566427454356,-0.11675363531919143,1.0794678956300459,0.7952303337924587,-1.0585137806745886,1.563396523311152,0.05800538484419959,0.609501868631213,0.07962437325503288,0.17721882466049366,-0.6955703861991405,-1.3115489327529073,0.27873192419561543,2.1686967102237924,0.24660983730609834,-1.2461180531216607,-0.2033885453725125,-0.7449801630213123,1.1182251727395733,-0.211652811378503,-0.18487250602541022,-1.1961141348036408,0.25889272003458114,-1.1948918300351914,-1.3254914664313917,0.8962321284541729,-0.474143883908831,0.4288331805381319,0.5282324702544349,-0.661324485531557,0.26851107775810323,1.579224812278179,-0.9044288432888846,-1.3425213523919743;0.1439736989397971,-0.36696514733669283,0.21757069876054969,-1.1585453310469467,1.4549141239746626,0.32018702629461265,0.22033827650532734,-1.396977567931043,1.3184155636075374,-0.38947196383934835"
5,1.495976512107498,"0.09472181956696624,-1.4429065469931917,-1.3195591418133479,-0.275738369043373,1.8101735734282,1.2263497139722543,0.7857095668704579,0.01162824818556539,0.8000190160424284,0.49542337797913183,-2.1670543876037995,0.4329497901596795,-0.33134659001945327,1.35293167746807,1.9019643974775107,0.5780731599663802,0.004760454116011947,-1.0049020686588277,0.531072104728499,1.0636379942572947,0.4824937676881197,-0.7219376280752174,-2.3867652154184977,0.7673544291498177,-1.605119578801735,0.41904332333204813,1.4411470000556665,-0.27696157052268955,0.5321214041748848,-0.5438781900512404,0.1216781574620689,-0.1721189135895123,1.9325828165405805,1.6040060490222,1.0056779862070104,-1.2222980187370727,0.5327269285446261,0.47899897345737075,0.014251944198444527,-0.7969897751767753,-0.39303908527397086,-0.8235841626476048,-0.006810336236704004,-0.31350406097315153,-0.20163652721092287,-0.19646796054990107,0.30947892489675394,0.11704325802790476,-0.10764384314902234,0.5089764583362578,-1.6924840692608807,-0.4863724682348615,0.07480538537894785,0.9667501452838043,-0.5496921505246269,1.450291801431829,-1.0870912214962654,1.1683383865801087,0.6588611855120966,-1.4472438052259593,0.04891449530217258,-0.5873181900057425,-1.1828538714495977,-0.300693801344132,0.7899831086266833,1.4695687736727747,-0.8555226218151325,-0.8039727773997289,1.085630442265459,1.2990445183293136,1.1949260756603004,0.7359648072668141,-1.7614311231654527,1.776636359333284,1.371350166213782,-1.024539784769837,2.063797876430999,0.09644860799934447,-0.571028433031924,-0.32021979269905243,-0.2612392603138917,-0.7406565874049637,-0.4232644604317328,0.009770432226458396,-0.32629154113821623,0.04485101785734562,0.5137754069690231,1.7031521092011812,-1.1216224307359506,-1.8498338622014772,-1.4233075851584591,0.12158130227049732,-0.5857640446389338,1.1468771415462036,-0.06533832746566967,-1.304367086544859,-0.5971006106078828,0.14860476735603279,0.5304568286357354,-0.992765245166617,0.15285839675905255,-0.2315168728090768,0.22972403276816197,0.6253569219334548,-1.4468066476175183,0.9625662542450347,-0.022400638688038786,0.80128563528963,1.5304064836027718,0.9170179389764544,-0.10472797901843592,0.46225132673696184,0.9225014796295591,0.8718423831732018,-0.17604224051418021,0.5486165164246288,2.094668650335716,-0.9875390341257928,-1.5420463408502354,-1.443102422472668,0.9173225494424939,-0.2532590406538964,-1.0788822502634017,0.7030882072127828,0.5045177975496786,-0.1762626103915547,-0.4752295736762023,0.7940661522336963,-0.21063666403337644,0.5747022045718992,-0.04494313539330746,0.6717307471862086,0.7224654076534328,1.2963967218538008,0.8647244507020245,-1.1465336276980196,0.9352145309216044,-1.6003122591945584,0.49006797666985824,-0.1966146247138862,-0.13708088790672973,0.2883139076151605,0.7480726932893565,-0.8127974105835883,-0.7921498155697542,0.40340117101992584,-0.31809730104448036,-2.3407473030735284,1.338540921347701,-1.6027620110394363,-1.4902223162448611,0.5214162478852818,-0.3932756944997454,-0.09695002871553261,2.9443263395310946,0.15217228490551657,1.1051850699853918,0.9552872607612393,-0.9646156261725922,0.4135952033243768,0.7559692389793161,0.7365903077194439,-0.29033875454575603,0.9749294215530818,0.4986436106444893,-0.3879960592300907,-1.5127539092417999,-0.0008990901850565447,-1.8820750027637718,0.8523951534546423,-1.7015898703952652,-1.2340764074148163,0.2398775189988706,1.1240482225404222,-2.3831827537758246,1.697137019045686,0.15674863412294082,-2.3590614998039428,-0.8736726910821431,0.47075049028930027,0.5693538817614571,1.7465281593239104,0.7159823850212543,0.79998258135303,-0.5280393203039115,0.6932887890376704,2.0538884659728494,-1.5705111638624372,0.6705234760446114,0.59411893406173,-0.5986924901607121,-0.6525050787777199,0.8131942986133679,-0.5312419909911584,0.19079633943008276,-0.544044329461315,-0.23351880101653655,-1.4873518819957048,-0.299299851872776,0.7386216230160205,0.13943542707898576,1.0112605390424523,-1.2736818637432306,-0.73730164398684,0.43153089181892346,0.7863840880711025,0.0722567717058328,0.12272322582026474,-0.2463855404638551,0.39269338728439057,0.350123933015027,0.2475321773310438,-0.28505759699904265,-0.2099236832249347,-0.17784090945204498,-0.9149321589197629,-1.3844755292109547,-2.617428267753622,1.3055954752818755,1.065651341807639,-0.17105515768672183,0.9628765430916363,0.6122474042655611,1.2758115141826343,-0.3210495849334596,0.8763516195638892,-1.1220645791270885,2.4223541318519684,0.6016353597619001,0.2258774268161533,-0.5324286287686475,0.23136672095675165,-1.056680317414305,-0.5223864056024502,1.1214341919582833,0.782718921134316,0.081844983019998,0.19558964738960893,0.22180755014718784,-0.3139858415199789,-0.41128140222517084,-0.9909623841772264,-0.5623932399219114,0.24749935065960504,-0.8991847320450713,-1.485800324386588,1.3828033434558376,0.19659187897088876,-0.28964832090005727,-0.45656409707021645,0.37088065459343056,1.4801268739237803,0.45551863358843536,0.9821296981471864,-0.9913619809742805,0.24428286129543267,1.38108587609339,1.8038154881067205,1.5296400793191847,0.9637190895227186,0.7870030174045551,-1.2258197070369186,0.27973313245356257,-0.15630986737357386,-0.6601588943509646,-0.9159896101352019,-0.1649199964100324,1.5830148121148706,-2.272366162359524,-0.4160321037007191,-0.07684858953445006,-1.5696501888344812,-0.09808754096220197,0.29886461197673525,-0.8384732150861218,-0.016488520983205524,-1.712343544107199,-0.8569704916006851,-1.1493867360498964,-0.4455874355407166,-0.36111454872950044,-0.2816231934394622,0.4376498491986946,-1.1287678706002244,-0.3860390888320421,3.9917797993256494,0.6029257187341751,-1.3838589009410194,2.216417348134033,-1.0709326683060052,-0.30892512128764155,0.09109790385014999,-0.03447555312323383,-0.0763522380840268,0.9123153831951254,1.218426478181418,-0.2265468353771389,-1.1533184072166378,0.5584878491891181,-0.353819984489736,1.4701685072819057,0.46382397605460046,0.18603204861379455,-1.4763868803654692,1.4071836163599696,0.7050904495507142,-0.016201948490046386,-0.08678372374063292,-0.4520490785135099,-0.7711363777072965,0.6576453876333547,0.7685083446583951,1.1382595289428774,0.8760051222839702,0.21384944962844105,2.023125046677589,0.6357420484464109,-0.5105934795066382,-0.6482457657216899,0.000262547458514617,0.9805372336462472,1.5414453226663483,-0.5819304781124631,-1.8272632234991761,-0.8037360282602857,0.4123548009861637,2.661698634543578,0.5516478903232824,-1.5368678902736441,0.3339482186531067,1.0169753839030038,-0.5730782261387392,0.2987730589730686,-0.14420328447581648,-2.4917671517836544,0.25735971706290317,-0.1508032859820322,-0.0007630959335371001,-0.1379915494512292,-0.6503828681630692,0.22900447505507296,0.35670496353925685,0.2201200252557538,0.51352999209373,-0.06906521782304945,-0.5475113010329371,-0.12003489507789064,0.38938908349363216,-0.5539769748429819,-0.5767794531699901,-0.028460350622396074,-1.1977064132625732,1.7712638035234138,-1.6611812811923532,-0.1731312216388731,0.41643333893362977,-0.9207480926674783,-1.8879170526073856,2.0505198894628416,-0.9070704098016702,-0.8913821154374951,-1.4510280449773278,1.5184926925471252,0.866833088065173,1.1196002258053845,-0.14813074490713743,-1.0903121871366286,1.1322171534037755,0.08404721043678759,-0.7211712830616811,-1.3669663308517024,0.325523347802741,-0.09030772174266076,1.6380584264689895,-0.7085368665202887,0.5471417133738025,-1.221924467559893,-2.422348342012116,0.18374458332198337,1.2439436283355119,-0.1523438850671898,-1.2438400783043975,2.1106942824793746,1.4692163728187053,0.004911226003606134,-0.546862696093452,0.23164178288289478,1.2807660058262524,-0.7773824123751268,0.5562790422394868,-1.424073780103353,-0.9154385127433341,0.9550138459088445,-0.03217396493509522,0.2155154502309296,0.4865794768581358,0.5694524861332868,1.205483561506816,1.9969347824512709,-2.780470235298221,-2.1645172160300787,-0.7824500773437693,0.7584859826442178,-1.1285617020987357,-0.6532846307648994,-0.7141859651785092,-1.7988031587813258,-1.1159926753446268,-1.0057273085181624,0.11166620079183062,-0.9229286501884645,-0.4759772932494798,0.4186665394855086,1.3298478787539625,0.9700941710548777,1.5896513737218019,2.461191489294991,1.3266534690507321,-1.889066981888084,-1.3731759147875715,0.5076410295951242,-0.5672507758119607,-0.13115337929304954,1.125448035723637,-0.5775018801100041,-0.658608807453889,0.17072305784604153,-0.5263860075770794,-1.417904017643129,0.5889440235925056,-0.3825873437980473,-1.4442964499735351,0.1712721788585184,-0.6792124796819493,0.05075113344110643,-0.23518246957966948,1.3510428922987041,0.5629747243351249,-1.9936500895004587,1.2754979025924544,-0.015049217753608079,0.7684973207254934,-0.2199596907490339,0.14181125137619022,-2.2822197299528852,-0.11572171427775985,-1.8565250582485882,-0.4863252481437418,-1.1923798961836496,1.9580894475356803,1.1274010544687658,0.052212188368861365,0.9213180090870197,0.6426697994593961,1.1966073540239148,0.2092573013157617,-0.06034543177944815,1.5086871924971235,1.1423547665159746,1.4791737011749473,0.5764242989599954,-0.35484532981484934,0.49785909945971407,-0.7512807092207738,0.20154240878022406,-0.7652522812680622,0.5034482450093452,-1.0209258437895405,0.32606316115968226,0.6853580232001534,0.11519639226840486,-0.26716820275104913,-1.1309619871286647,0.1125983052080351,0.7238690925259574,-0.16589283203214572,-0.2978668634123342,1.049079154943787,0.9208242482356631,-1.5530739736407633,-1.2193059321022695,-1.5087058092324248,0.11480355223180967,-0.020757621340893234,-1.641785508474164,-0.662059185131187,2.5514505715979965,0.4743951753119682,0.8684023489076922,-1.3396820995222987,-0.056214309776401045,-2.1382608186102408,0.3465161089116458,-1.3648490573439056,2.434772979073729,-1.1319147067918454,-1.7930111053591746,0.8898453032009686,1.310426744528625,1.259640862177904,0.5124160681766481,1.8229793554133502,1.0703613700061103,-1.134707550311312,-1.0580256066711808,1.4417040175677578,0.09475948777665652,1.0862264236109422,1.631831714991507,-0.30260294224876405,-0.27907491333684675,1.2071798395488065,-0.9216835543452359,-0.4662947835242518,-1.5100754345486136,1.5429948062561698,-0.5779317851462863,0.08672700107617523,1.2103396612683965,-0.8569949944154103,-0.8265949575272106,-0.7652707878598017,1.5319226453514765,-1.5698696042180733,-0.5407465513867429,0.24114877287931422,-0.8259446643534883,0.2837735112597669,0.5757644179040187,0.9858261843873801,0.5946199956980994,0.7085188178199346,0.9321550801140729,0.2773470409054674,-0.2548500682958628,1.7546922424432636,0.784041728088815,-2.0829144381578044,-0.7437245451212737,0.3625605136723292,-1.5233402220439043,0.13555762519652145,0.1238575690534551,0.34555145095194306,0.8039098949214656,-0.7052018049637118,-0.045171340529810144,0.6923847305054197,-1.386712453063159,-0.8403166639213151,-0.3337616778076339,0.2364644260872105,0.8898005858046228,0.8285762763635507,-0.5340256655199711,0.9305532553410172,1.0351233529663948,-1.408232289787925,0.5334483811512775,-1.17416527520661,0.11053232244521542,-0.7797061396541309,-0.1670458775143798,1.0679659874221952,-1.609730846967933,-0.594644821210697,0.20999116512715288,0.6088930237499361,-1.5127577929944032,-0.7163591163511014,1.1846711690222542,-0.00836002757944565,0.37549177043449655,-0.494493931961602,-0.5178260579311791,-0.3021513962902208,-1.3115219817046568,0.31453098702322635,-0.09879474842475108,0.35088390001484304,0.6741925208782841,-0.8717490354160572,-0.06600492323583441,0.6424778334326382,-0.19851518081689026,0.002808634932813775,0.6080380366611737,1.5802812727210391,1.0720693881751067,-0.35332285430329285,0.851080413306419,-0.5454220382594246,-0.5583417032047928,0.5753260524538069,0.1974917707371152,0.4116882295379984,-1.6542528913795989,-0.9320840113378874,0.24988831784689336,0.4517676306883439,-0.16792121327378395,1.2413240680003974,-1.1168645215156454,-0.171137296902689,-1.6760703859043242,-0.39588745613852083,-0.5371020602846495,1.2471786396206697,-0.2006780364825404,1.5276015117485717,-1.5781307170021046,-0.06935851530790985,-0.2613099644663623,1.210834779896047,0.49506778481243074,0.6340533073306077,0.8283201839048393,0.7074805900508826,-1.3745464799089553,-0.2129481040561235,0.25074544637952967,2.564791479345167,-0.1113051436581923,0.11648761187925771,-0.058173375289273785,1.7960625225171116,-0.10886269758383929,-0.6055701298295959,-0.1781000022349254,-1.0394312244638628,-0.3065192834888168,1.0441134412166622,0.06495593170773138,2.7802762395197504,-1.4885260548457933,-1.0344419307466202,-2.0947673736482684,-0.39992524839417404,1.3769371236569312,0.5208856011383459,1.4788500169608736,-2.1435249505184117,1.7926620489739762,-2.538613666188423,0.038419767522737,-0.4001578795982455,-0.6640987647937711,-0.8425009473756707,0.01732779429188941,-0.8423399992859446,-0.24210029004279177,1.0252431439644119,0.1230336144319733,-1.6701506922690064,1.7096315186210604,-1.3962758124726697,0.06474607084883559,0.04950325495160087,0.2135740113479731,0.6040061074736238,1.2062870889414268,0.19248063715827987,-1.1185542103393706,-1.988618684796244,-0.9240753545821647,0.8568654492361427,1.3224464946332124,-1.5327341173982174,2.399084680148073,2.4331632722179943,0.8917817197942213,-0.6744017458963679,0.6570937100685357,1.4288147265322846,-0.274381098243994,0.1580136123089463,0.7315690980811673,0.16124984812258025,0.5378071886135305,0.03679795290846541,1.53135285696346,-0.41261914369574365,1.7212716378125164,0.8178529322672634,-1.1778411581279657,1.4367962336012134,-0.4486287699676731,-0.12213920870360614,0.06957366711226215,1.528331134083161,-1.0383289186686462,-1.1435841193326963,0.4760382670027419,-0.25990639260037435,0.010471939943244551,-0.8904262601444457,0.026335603677636127,1.927695174349617,0.2653750207719252,-0.12466519133531341,0.566547303088073,-0.799780938975407,1.0812675336927033,0.1857288390314819,0.09378663055940344,-0.03831551466281942,-0.5129025908325235,0.6420335745062474,-0.09611409074062918,0.1854707695143054,0.977962731246938,0.3575944964939671,1.1065740267354094,0.21864949351490257,0.32191863468767823,0.32486694516347514,0.08075469270795804,-0.31283765039596195,0.5345962744884651,-0.8408799245242112,0.07099742996396514,-0.8253655663555584,-0.31173090917482954,0.29465589764064165,0.4378504094440566,0.019673444856614854,-0.9948386522531034,-2.239076717686348,2.4400258620049224,-0.7955057346476415,0.28933595604180046,1.2753712916445286,-1.231353228534316,0.5430024152243724,-0.34711914262002047,-0.06106639965071639,-0.2862442650488897,0.259981176073969,-0.8576804029440295,0.7774716224756707,0.0596957415595974,0.10194164040878068,1.1654488947284176,0.5931090747365375,0.552899121746015,0.7121898583799311,2.1465173196300986,-1.2185784309602583,0.9279047651675795,-0.23140739545019035,0.6654182285329678,0.6644849646294224,-0.24368265847731158,-0.06939108564692957,-0.639546570693827,0.5495096746135477,-1.8387116135307313,0.011753059332382798,-1.1270169741386884,1.2016711057125624,1.79462826333824,-1.3968092492302022,-2.518848693930301,-0.7531043448274974,0.008021788392276297,1.9754692209130138,-0.01749619056821733,-1.4315555796917412,-0.03945604952724682,-0.5814122252033727,-1.064255550531498,-1.3162578570706942,0.23298305128285976,-0.19492817336301133,0.2596976819137422,-0.33858469100664645,0.7106576523285271,0.32745827650636017,0.8588151807212783,1.3037191157654644,0.200300136620292,-0.2639873187039442,-0.804811648103039,1.1604084752090151,0.5207174793035546,-0.5604934877448461,-0.8373985391661166,0.9951191492361925,0.20470465079896852,-0.5353342500708936,-1.8008591450236564,-0.578409208199889,0.6014983738753008,-0.11099013231543259,-0.8673450413998252,-0.5776989486907013,-1.0685587542083275,0.3929796199414165,-0.31162898674462264,0.6705759238654104,-0.5976109480219719,-0.20916067067391841,-0.5164276909006129,-1.2855661532581966,-0.8976659689224977,0.07225451905010116,0.4838897390251805,-1.2958885909817537,-0.062052046832956925,0.8718945582524086,0.4032230224184069,-1.4884747638337494,1.9006561666570083,-0.5790130572832238,0.6166843351801573,0.07327161146334915,-0.19473487382742288,0.4170679303134555,1.1865622112871081,-0.08427030170155703,0.8876594679786917,-0.6596796943655199,-0.15477952966486716,-1.4648423218239275,1.9207364086608187,1.0353615836143781,0.30503603145681474,-1.3934509638442365,1.4611673090679458,-0.7540422816984464,-0.45475288834414984,-1.1884462749524451,-1.1518720668410976,-0.961699806352584,-1.9121308368509884,-0.6562821576976062,0.11847328087785311,2.2856233617504356,1.3287165647009813,2.8172066745499174,0.08774371949475462,0.5020999731422352,-0.29670068793429705,2.0507839398712226,-0.42095605383576373,-1.3194020061123921,1.5875537592916888,-0.8672892213704891,-0.09793120102908011,1.398858669117416,1.1013440060768027,-1.0193647911732233,-0.4967896904320615,-1.2534810719313358,0.14492435915102464,-0.3912149420258874,-0.42937769991638475,0.17944382419814375,0.47221018662252867,-0.7775233630689223,1.2666599924384288,1.4266786280175112,0.16528912066338391,-2.1680639580889687,-1.1300525428088748,0.8224262101681752,-0.21142090844443545,-0.34344967826394396,0.8130194439182717,1.0431092274299227,0.38278621933735135,-0.6650943029269399,-0.09296486514458596,1.1979047046605795,-0.37779383860539145,0.3814988242353288,1.2675759110988023,0.7075170374526074,1.1949548879730498,0.5800671402630209,1.312753082907584,-1.205309044571712,-1.2590641904111302,0.979478652964932,2.1679582827293413,-0.050133158559463806,-1.4681501766350413,-0.8434991996072533,-0.016984300248341938,-0.4398984666293872,-0.3712016965876852,0.8815865009401276,1.302704038782066,-0.4531792644387854,0.40603158000885387,-0.18575512750270126,0.1033939186706911,1.3174665861203874,-1.2670183334301268,-1.73615655333828,0.15099391237788015,-1.9529468189323118,-0.21169541908625575,1.5249444595873314,0.7354864584203636,1.5566447800451824,0.35680415779722624,-1.5563411510528398,-2.0463461071374196,0.5528147595188392,-0.708674392684825,-0.46058843292245844,0.7712039508504102,-0.7963216070905497,-0.45399505854694755,-0.6169736627390896,0.11213177632403058,2.124183937634784,1.233052282651089,-0.30035479650923536,-0.0761656933512203,2.008418317966076,0.8122187706479755,1.2434879892935606,0.4107178196650543,0.10917475482417921,0.10095315085402366,2.6059511829147053,1.9368322907684834,0.6498873358795649,0.5214476852010077,-0.5017285426448836,-0.5587335927970206,0.15869393468867568,-0.5832965190365551,1.3772257265786754,0.2514061011655382,-0.19310490714530965,-0.48048245771341824,-0.0002508852567532638,-1.3832734061666463,-1.5504753612473172,1.5616317909827753,-0.6161369618515592,0.3818842512430315,0.09807976491862022,-0.9342468808625082,-0.9104580605334655,0.17240834794877194,-0.721421307640612,0.1700033538821447,-1.261506991347711,0.357014090297744,0.8479235860652865,0.10706951755300594,0.10011300452084963,-0.4522506441552375,-1.0502572501245222,0.7313672775088127,0.10076641208397394,0.5015260511458708,-1.985209205934409,1.019288462144684,1.2295371853011765,-0.3174603869802268,-0.20239452899401167,-1.0198649657625285,-1.4970736274765115,-0.11594641854549469,1.3786027522747046,-0.28699921394567746,0.8494755159001126,1.7247934212944651,0.05997831842882538,0.9406020167880539,0.6919680945186382,3.385053344103599,0.16243929162939993,1.103547234372746,1.653100430978243,0.6386061897198111,0.1821491316041131,-1.4580660043098437,0.7449162762327582,-1.0339167746758802,-1.4281804305609376,0.6255084157597982,-0.4372407884581161,1.2486360268546954,-1.3735352606804916,0.38931035342656833,0.048377185809127664,-0.23145506139681143,-0.5307788036549707,0.13149927025097405,-0.30903544426407725,-1.2046850257965434,0.38379259067994753,1.483137069919529,1.1649007656222339,-0.5267285938031478,0.22630915398969598,-0.016104272492934002,-0.4795989569069104,0.6718395483582664,-1.1575902273511984,-0.8256250800039956,1.913600312039325,0.7970703336609785,-1.535995389040916,-0.7857015932301271,-0.4835421414556512,1.0491687128254996,0.4982413327594192,0.19563121378462944,-0.5392072056273381,0.16206362070951838,0.26911822930183443,0.4106485431572623,-0.8602674538681874,0.40852885612392487,1.156163133143664,-0.6777737981341534,0.7993128968375041,-0.8153522659525017,-0.7960266602139511,-0.024594913444496755,-0.8804223162429333,-1.669205063121577,-0.034850699782060235,1.5385187757506553,1.1236363768374935,0.45722826987634374,0.1467595502410376,-0.5317094756984129,-0.7246444260643501,0.16297846985289108,-0.9574632693856281,-0.1837325870917276,0.12303549688269391,0.2640144775222396,0.2868971013011368,1.0166929075329554,-1.229238633801055,-0.39464194180521894,0.43504899914191586,-1.2387242992656124,0.11661752930138886,-0.456408499561853,-1.3154334289933178,-0.5923467263125951,1.0600702638440425,0.0895234621450371,0.8947129250166251,0.87441861809195,-1.338860673445182,-1.3059684288926137,-0.5298176984471504,1.3065999603560092,0.056212817074190985,-0.22868381845094,0.586802669022045,-0.35634500113397755,-0.024424926491736366,0.3537440097372667,-0.30225551674501716,0.7521194773114437,-0.4377098531562617,0.24769708898173837,0.203507051899621,1.97942039257375,0.3200801263188906,0.608847525421731,2.020040984895508,-0.8214058828491964,0.502505811977672,-1.2693899216123528,-0.7019407414377843,0.8464665456235916,-0.3051850527675069,2.283604871907313,-0.16505061649566663,-0.6615661959298095,0.34208325918847976,-0.405164604169731,-2.4963550040517015,-0.517402585085966,-0.6448507814442258,-0.1518769198762654,1.0255956182264185,0.48973439296255616,0.7945850463063726,0.5205982547248126,0.9401757164239499,-0.11730142735470192,-0.8777929178500097,0.9404958615482153,0.19337922065919322,1.1382338135979593,0.5344662852156593,-1.5106378072408713,-0.2577585721442426,0.35141866341656813,-0.6197321646161476,1.3561001056400062,0.22948454091062787,-1.0107422908149408,-0.20898009730844383,-0.535225617597569,-1.0030596365932256,0.1228409300194387,-1.0867096933737572,-0.8085304707543315,-1.1347700555538056,0.16450816559768983,-0.020232696789191235,0.18882520842512593,-1.4537552901488071,-0.18630213888093444,-2.2391325527927113,-1.2972265846294304,-0.44286408010759704,0.30921415993344636,-0.7086730067486136,-0.2222089897779276,1.7629416024311009,1.4820069190040153,-0.47942557019781956,0.3845355283113877,-0.8027309153726679,-1.4718557911142278,1.183865321897047,-1.6832048408475067,-1.577990356764295,-0.353520361638322,-0.2529653108245729,-0.46547279340694525,-1.020585357624734,1.3466446112894306,-2.609433052911718,-0.8181673889206678,1.2337264854998495,-0.012557864928383095,-1.0145235771164283,-0.4530705186974876,-0.6582041476324576,0.8323053814059003,-1.4153880591265668,-1.0690376416612728,-0.9398132689788062,-1.4340920923739138,1.1408552906340337;0.0994575984344796,1.6037759147571515,0.023855215008355912,-0.4249855433587095,-1.4495144048571962,-1.2467608819464535,0.3965004209716602,2.3142730948870045,-0.5224455961218379,-0.7908047300819063,0.5470304184688076,-0.35661462496826213,1.2009033891011722,-0.6581131988895723,1.0648159118699079,0.08670794542060486;0.9547722798254562,-0.6373656477528756,-0.2987420764761454,-2.0314364778894514,-0.2453455549054169,0.1545773170108544,0.6569916966634388,0.07003273699415039,-0.8198137454648639,-1.8808489594852211,-0.09699790354415001,0.7065339299937996,0.6968757040335817,0.34315090794693937,0.056048897370919726,-0.7353003955698386,1.137546900695686,1.8782167451387417,0.5351561214390677,-0.840431216549443,-1.2871831485725647,-0.6827118818004904,-0.5743526225757615,0.4220484405225696,-2.697843259944846,0.34513666966984596,-0.47508022466444433,-0.14195750016391653,0.6719892244229075,0.14999063306333799,-1.363663043667176,-0.9450880520899512,0.47776090413821937,0.617938429184288,-0.021422547124497704,1.1488758691903638,1.280929145374432,1.2314076839063919,0.7480929667419777,-1.2526634119572875,-1.0176069495462117,0.15735924140862925,0.4008870215299775,0.33696622796169273,0.0970136574756289,1.1302045969772274,-1.3527656086127249,-0.12603364609801648,-0.5912240391059543,1.581546631545624,0.2402282952106598,0.08214792278838759,-0.2992993837847195,-0.308657194063638,2.2015241284578906,0.9121966955399725,0.6966555113164206,0.9502239522096159,-0.5153361564256127,0.4461456876225362,2.0322387652533576,0.6873506990213557,-0.7647444607428775,0.6034224530642467,0.9811795057839676,0.8052303861699889,0.78940531802143,1.1583865642841424,1.4532819280800113,1.7372016001030708,-0.26068371088067044,0.7051453446742718,-0.8722629202675664,-0.8217955152466735,-1.0231721868099377,0.10714687670064937,-0.8499294213386561,0.3376604052870869,-0.8871913945924218,-1.5337989868590494,-2.9777143336500758,-0.6215101242846551,0.8540444380745462,0.596317032611728,0.24460684083712197,-0.40708414342326554,-0.45733233282325714,0.10199607521178534,-0.4111597457894991,-0.9892741711672732,-1.4573882048673283,-0.8730921540509886,0.9682637402985708,-0.9579209178920547,1.3773121383693525,-0.44092281944504,1.3458546093654369,-0.7981387903307124,-1.3333772969931716,0.5545796154344051,0.676547726172673,-0.5862135696271219,0.5710944115889581,-0.4361662550297912,0.03440875138238189,-1.472540086721024,0.04970526626369119,-1.1000340758388347,2.5681821288734192,1.4694735097112075,-1.9627544302678754,-0.5905790248735977,-0.2247584109780632,-0.5597363396347997,-0.132219672138515,-0.14613510220899179,0.995171612175667,2.3622620573041204,-1.0691845934253161,1.0552908131792385,-0.9093073322052541,0.5965948318957015,2.2744075048572316,0.36500631719662247,0.16409537289231535,0.07505861655944365,0.8876979989825653,-0.15930213099182006,0.4951884528192574,0.7821067625671585,-0.3376848733901268,1.1917620498596129,0.7986184294055771,0.7636502014056703,0.1585751730134161,-0.18056544740282202,-0.6045226107488051,-0.8581084995977962,-0.2726925976599306,2.5544218794347806,0.267535674194396,-1.6505022331397996,-0.5289339410696932,-0.476133276505546,0.9136537135318717,0.8798783275055607,-0.005720360843088267,-1.3555034596703193,0.2557000104668818,-1.1867593135650143,-1.335726359790447,0.8155278663323651,-0.4683694846120977,0.8745299107984827,0.2810988725758944,-0.7129992713752923,0.5953367899147173,1.4869399288162648,-0.46680333622900444,-0.9068754244803807;-0.16722342081164787,-0.6722028841356769,0.17914615460804534,-0.961680374131603,1.6393240686730604,0.3642678217958152,0.579042223159436,-2.0908133583333006,0.6894157241717247,-0.603076158531274"
6,1.4909134288374086,"0.02380064972006072,-1.5209123408023184,-1.2268397854325832,-0.12480041266398682,1.6851732351894773,1.220014827754671,0.9472388426202305,-0.06935813962819015,0.7372125337209436,0.6486551501604967,-2.098090930514586,0.38317321254988157,-0.3635698145267222,1.303166029548123,1.9663654896702316,0.6197689831930545,-0.06898020196883846,-0.8271647609734756,0.593790094787755,0.9494983573413782,0.540744475775155,-0.9033006324734417,-2.320603896504833,0.7512371582403667,-1.5186338492432074,0.5479917949002804,1.4605025027808198,-0.25735771516222566,0.4070500782586702,-0.39403986201184715,-0.07860255644382827,-0.2539057147746235,1.7484585884033308,1.6872305126279035,1.124055340898686,-1.1288307768448387,0.4663111823846911,0.5157125560575486,-0.02765345541773192,-1.056433223513407,-0.31292207038690084,-0.8632200300065898,-0.13252801388995214,-0.24286389853949972,-0.18241792254403313,-0.07845765067995882,0.34133740146883157,0.07441857273971417,0.014571052612721446,0.4791378671520729,-1.402088246874766,-0.5459880673112474,0.09267939439801857,1.3126693605659172,-0.5385933721010271,1.3576070994070233,-1.3134544092263876,1.0697177997632012,0.8532899114416841,-1.3980399315907055,-0.024568268975764723,-0.6034927458427771,-0.7975971117103043,-0.2667885396680126,0.8481482754688892,1.5423826686422297,-1.046606109171653,-0.6020335599218497,1.1986200161968712,1.3609027629892148,1.2828156271359008,0.4455291839119249,-1.6550093121224556,1.6049324496804376,1.5978582757358593,-0.7175624287216508,2.2067724273837888,0.2182879466285,-0.6226517876322404,-0.2809945734388632,-0.05753261926251903,-0.6362138276586968,-0.7017674740403221,-0.10142800700180685,-0.36392289869634564,-0.16142711221798722,0.4841339318351616,1.4573557974389701,-1.3717176152528738,-1.9589694097236496,-1.2112512495932106,0.020465136559657066,-0.2698104656921099,0.9967862123357129,0.030836674749346357,-1.4857367234293521,-0.5777594334717288,0.15785927247717546,0.44341910573552296,-0.8081881416893646,0.2885018906972034,0.016729946062608025,0.08101080696180965,0.5569856703515644,-1.5623404143433588,0.8153225171152731,-0.13597990908835475,0.737966425039145,1.49189106984835,0.7927755803126614,-0.10302226456691527,0.4003085380877469,0.6810266188515557,0.8064695097728368,-0.04913530553300194,0.46662152529350454,2.0855399539533632,-1.0656474146999841,-1.715023749735752,-1.3682726540510366,1.0467570663839352,-0.6372902841085997,-1.2029654816467095,0.7676942954908401,0.4163661218624417,-0.45878222667801355,-0.3382472056399688,0.6638658746199995,-0.252178400609339,0.6186052493323624,-0.02780165766235685,0.6611454577269578,0.7786690868785419,1.2769419282073404,1.1490799702314964,-1.229697095048722,0.9753281207008208,-1.4734033209578612,0.5525382809685148,-0.4743723917821891,-0.21505935644027643,0.2445165141842452,0.8067350826188558,-0.9204790478753644,-0.773401085413395,0.4580944852113342,-0.3152669192525295,-2.411889512355288,1.3341930507897928,-1.718324507873618,-1.4891265999525343,0.3805570369504334,-0.6681788427935151,0.03805471940417944,2.8216780720194605,0.17827944899823178,1.30239626910678,1.0371746432602302,-0.9799845959115256,0.5704202885490436,0.7273062038431893,0.5690063799803493,-0.42047948859393386,0.7171176340508456,0.4827288502081931,-0.443444283317339,-1.254086541718101,-0.020752566628503416,-2.036045172883749,0.6525016981563194,-1.7251484321297414,-1.3391410694001233,-0.13938244308455355,1.0984717442968182,-2.56429180518309,1.6082699486442256,0.23127197051395737,-2.2538320306894475,-0.9990289076062682,0.5047907775264305,0.6601729739440447,1.4914701608079648,0.8646521720125665,0.7232827995720069,-0.2630939687471017,0.4582341623349101,2.0561154894893434,-1.4488302660480186,0.7454085544367918,0.5360626912879038,-0.45728806020686974,-0.6085750029137897,1.0358097909927266,-0.8495856952273214,0.30021936797169035,-0.3916206979701204,-0.3730971515785194,-1.3651348290192413,-0.4238769070195821,0.6080874990421334,-0.012964314486164988,0.9376269831457125,-1.0560139897757614,-0.7964613731981579,0.5418856340924965,0.7328749566047285,0.024553216813396665,0.20277631422255624,-0.29389856554047117,0.1932387673248479,0.32763543891101915,0.2615682783981099,-0.08211866253167577,-0.24214918642443678,-0.30016987616602,-0.9489498426717795,-1.2459060691460788,-2.536313772805842,1.3056462154689292,0.9050141544169903,-0.15192505149434324,0.8436792192890946,0.7273818377505121,1.2413372230229178,-0.23712027787661805,0.9792357202061925,-1.0542673191309773,2.503269117240121,0.6210102637330706,0.3032366242232094,-0.6116694610331076,0.30639683191081335,-1.1110788795390334,-0.5114346179490892,1.0497460634380105,0.9469765149356514,0.33503652924466687,0.35977603270100894,0.3242486484985637,-0.36328088647266893,-0.5096859865070644,-1.0015916662134892,-0.925972958371897,0.28024775427793364,-0.7948998303425123,-1.5944735342256033,1.4611744096285382,0.3744269574697486,-0.15792512646363152,-0.2359788138689386,0.34457177540718814,1.5147030002891464,0.7703314325689107,1.159202932059109,-0.8402662603924597,-0.005606473162600892,1.6641253682007064,1.7799390558795027,1.4332175739607769,1.1161592207521571,0.5297242970994077,-1.4518943604155072,0.41166049828777124,-0.15179368819849903,-0.761795201155367,-0.9998895753481696,-0.2101909647080416,1.1193755069779079,-2.3736193869314897,-0.3059737982667188,0.02887797986452928,-1.694247425117971,0.008634046244233924,0.18807251484668858,-0.6258088935541628,-0.040315569465166796,-1.7917437663331461,-0.9111651456081901,-1.1384304491077617,-0.650689555484481,-0.46094952424571445,-0.15154346819478376,0.5836698050409415,-1.2561421731846334,-0.646477764557754,3.972890264299198,0.6846862189832826,-1.1809027293492227,2.331972886731421,-1.1034411526091057,-0.11629412801047294,0.09815409485379052,0.0039001155039279783,-0.034917622862741624,1.075469009275981,1.3867614662530103,-0.08124260295813102,-1.0748491598116878,0.5673674547479816,-0.46092604687106575,1.5214454252507124,0.3138775988602366,0.2603650884987505,-1.6882627626147684,1.365275840449586,0.8156009511441419,0.18661399863512781,-0.014928916665836737,-0.5235473886977569,-0.6839272781253085,0.7134878120870192,0.7554158950427006,1.3493188384974413,0.9323015197207651,0.20138606007669246,1.834238080784569,0.6370262062604141,-0.8305601800004914,-0.44950200982797295,0.008572162861478896,0.9045545867203771,1.4305632208032688,-0.5693646648158707,-2.0627373699586204,-1.0743435296375785,0.5268331709464322,2.547536641596225,0.5174274711749007,-1.5672837111604065,0.4435878006156476,1.1123305107530568,-0.5647150212560368,0.13387237881242572,-0.10760065469388741,-2.6769714113978704,0.10403295992930844,-0.24304046414832525,-0.32246772923811096,-0.15609193822078493,-0.5856275017680693,0.2970272757972714,0.40971781274358693,0.3327625945723979,0.4717187008308957,-0.02649063924040993,-0.7329368619921275,-0.062186275964359196,0.5722629399942872,-0.5088826255186965,-0.6130503827635617,-0.15034633806617098,-1.1315488442989459,2.0388391584700085,-1.6766682508900825,-0.07802456498054425,0.6475553462001975,-1.1151527049551697,-1.8387927411801963,2.1194350588691684,-0.8613150263214088,-0.6917062142379411,-1.3079834548931755,1.3884478484619103,0.8781806742259208,1.2643399568111127,-0.4373093893424773,-1.0400856042388504,1.1085560518446245,0.24243435244367956,-0.7405229639610892,-1.3948926643280193,0.5400930672407431,-0.0869121040206028,1.6543408391386296,-0.5105809680060385,0.1603355530486411,-1.322677056942641,-2.4527878297661845,-0.036633530846347837,1.385733004774098,-0.15370374512781218,-1.2090604119874238,2.0116783941204366,1.5575774659232613,-0.193697330591903,-0.3839295767312355,0.13103437017645062,1.060021408455796,-0.9665137867023835,0.5605997693405711,-1.573404113294206,-1.0774937330828203,0.7572825673342716,0.3518165910434622,0.051461449192933675,0.48262500178115,0.4851097150174412,1.3920272291457814,1.8642402868785966,-2.7419158047201275,-2.2463032874801576,-1.02919771541494,0.7182682456753348,-1.0714888349265128,-0.8424976155251975,-0.8543920905488164,-1.8878679596283212,-0.9477807397210982,-0.9624974849712455,-0.0771624859029035,-0.5525129358394366,-0.3565980184425773,0.3776565345264914,1.3615011838893054,1.1160575509819957,1.4586704585798493,2.743504374453702,1.5021134464098511,-1.8055119709471363,-1.4899403686924484,0.5419982027992977,-0.38818647574645715,-0.2536943087228461,1.1469608542709007,-0.6634063312840778,-0.7685552821285034,0.21814432646101822,-0.27704399946954994,-1.3789534810795199,0.6176218936221746,-0.25461414186550035,-1.57057275200612,0.21588884097621946,-0.641129345580024,0.08810844702007153,-0.4281478031475321,1.1717825852707233,0.372665777881534,-2.2173260419957,1.2808345446034282,-0.03272162592728791,1.1388361803727631,-0.2337668983202335,0.2723051144659143,-2.455348639612906,0.12098956559157364,-2.092184470979257,-0.47454159202760515,-1.2702993338609618,1.7164728045010937,1.2868072123117247,-0.07007607993337163,0.8113512074828743,0.583367007989623,1.213025012937765,0.3081186208841333,-0.04848709537639817,1.4182011909766914,1.1283970082949586,1.3070900736638897,0.6358284346210844,-0.4594741932196525,0.5411748601685645,-0.7392309666377005,0.1985028544823185,-0.7952459906109164,0.4612357260806751,-0.9055601544735297,0.36950934213826236,0.73107882569794,0.02546763507985013,-0.16803245497064176,-1.1800729008284683,0.15601314385895937,0.6402332858718222,-0.20494945608646942,-0.2259947863322855,1.0038142917240724,0.7919462562140985,-1.6904408884252815,-1.4028849037350186,-1.6881265372963856,0.0883266200930073,-0.012790170967946296,-1.5727702069611655,-0.7889215802636108,2.5521835108162474,0.517972052206056,0.8868490431841436,-1.4614522023234955,0.1906743917773021,-2.137790418146114,0.3210809416356605,-1.4959308738323203,2.4552467359246917,-1.2394049418198365,-1.8707130749536012,0.8102424040652566,1.2628357063908973,1.224450174106894,0.5366050664905765,1.71118478054039,1.2089391088487593,-0.9332892959129945,-0.884816441522061,1.376299345803369,0.3076927096014093,1.1174214836693832,1.4285869305565364,-0.3635643448572923,-0.393362272863768,1.2305978068207248,-1.0117415796590694,-0.6089104887120697,-1.4898006498005347,1.422422042032387,-0.5637745541310061,0.03836719256291432,1.4972152099544294,-0.8576561205503407,-0.8110504284463325,-0.9033559413839034,1.730223756979311,-1.4873865550536356,-0.6430350723843591,0.16520534008813292,-0.836720954889493,0.410133493420895,0.5618505800543642,0.9941136177860744,0.6284566443553006,0.5830860837236204,0.5886152844324877,0.14791147708295924,-0.26797553796044854,1.7722729485515634,0.7500351855834343,-2.0850603585909346,-0.4883677689251997,0.10919444078862733,-1.746775556634869,0.10662075833473056,0.04230164702077848,0.26740113243193814,0.8037865218026861,-0.7936293628232258,-0.0933587357901185,1.0452335601022125,-1.5668462644874284,-0.8717531477201443,-0.5152989482093147,0.49669202860819167,1.030555141339293,0.9428657993315551,-0.5200102016962627,1.040665061528414,1.424678513938782,-1.0907544453144578,0.4071891988839475,-1.1814740853561887,0.0029231807853901323,-0.8286669149546181,0.0054845041594008825,1.1810900786084209,-1.5419209030799736,-0.6574647378862214,0.3969818549928318,0.755369093129175,-1.25439222463179,-0.7905430236764908,1.459067277100894,0.15097295940547875,0.6424149509665292,-0.3224445688819005,-0.6002721251632508,-0.31152745677483384,-1.2194469087690178,0.15772401944664022,-0.23585289659977812,0.4071592065167794,0.6430362096479165,-0.7895371341389749,0.014357063952288083,0.6109402751394042,-0.20953955884587466,0.1758383498428721,0.7111131260660712,1.7787656729205383,1.2025266962488619,-0.6526088218999879,1.0422635914060578,-0.49755888865300746,-0.6190835168727489,0.3772434128277465,0.04009720527816962,0.21022140817058538,-1.5720078484048647,-1.0816408132037438,0.4845132466680031,0.10978848052662465,-0.15782157922555187,1.3244795713710111,-1.1202040427667495,-0.154587561105176,-1.3880214267831723,-0.28723242273920163,-0.45312435964336223,1.2222435000842296,-0.3307091518716694,1.5825967891493422,-1.6463814418994938,-0.31051488638275704,-0.19603841977783762,1.0064622955783553,0.5489224167155724,0.4520015446908542,0.8232412956369665,0.7456697026982858,-1.2842508594094653,-0.18294081081995223,0.10764738526495966,2.795188745694092,-0.02822436558835458,0.2720294033158696,0.308949689841645,1.7426210092208012,0.23341659221191982,-0.4372296716955426,-0.5584800226566136,-0.9180737472447672,-0.6390661260754973,1.1355246292200498,0.12981457612849265,2.833822793716444,-1.792744285090178,-1.0110495362284921,-2.3337098300407573,-0.47037300408310995,1.3273235274406732,0.5560924255133752,1.5491569199384732,-2.2949839762270363,1.705769464531582,-2.7031021603111034,-0.009961500552516808,-0.06673902358403658,-0.6434190757240377,-0.7978190904399727,0.1552711569877651,-0.912510270501479,-0.22814152633108203,0.9475055229625182,-0.042254913192950626,-1.833223272049378,1.68172920395354,-1.7245799721321653,-0.19199232576029676,-0.08258812634925576,0.17462988939319607,0.6384438416423647,1.1630880187591657,0.04697515671103161,-0.8206464241515206,-1.9018340952353672,-0.9559155520971478,0.5375442969074468,1.3211490432396578,-1.5286605793418544,2.397718033645606,2.3542590270735584,0.946598131233217,-0.6203485626862772,0.6849860833961977,1.1894724394449192,-0.245805079060064,0.31142824489151166,0.7844308252264679,0.04407208422448783,0.4774506299218796,0.23873329753171751,1.4759025515085165,-0.20894637162839919,1.7320977707129326,0.8056488276110105,-1.0314534674702178,1.564439955186614,-0.06913413251442371,-0.15079368976028906,0.05886022864886667,1.336594308232372,-0.9682689373883269,-1.1824014016959974,0.6116106692808585,-0.29445487089293865,0.017837363988397435,-0.741516716846577,0.048598388811954545,1.9943278845859302,0.3555253156559167,-0.14938012218782132,0.6306933854591916,-0.7902921213218203,1.1382317065010088,0.07467041921993069,0.051492450004858636,0.08212174094954544,-0.42944374005560854,0.7613415213603777,-0.22557118101200097,0.2017854148519891,0.8881662142368706,0.3432348448307704,1.1081885378790088,0.065323353009982,0.7018026560858237,0.30257802036659603,0.004290760792040944,-0.4550703998319556,0.6814449374035939,-0.4696376290008275,0.011771788912972904,-0.8103808477179496,-0.11840690224792419,0.2226159272484711,0.4040650111284505,0.08294137265958049,-1.0126553685615822,-2.295691261763389,2.234041468408463,-0.6560407093724608,0.24541484392142388,1.2837627060748398,-1.3156947960954637,0.5348298793163982,-0.3361866179895343,0.04059734390933646,-0.26787956411728703,0.4307612588037212,-0.9756985564905443,0.9510810487249836,-0.042482826957605524,0.09210797465937234,1.334657680837773,0.6266526845917186,0.4754896825781604,0.5896220662961987,2.279602262370386,-1.4321382807352458,0.9155917569367814,-0.4910849255924118,0.9124614214659857,0.6483738421829505,-0.311102440712569,0.10332220849915841,-0.7149308256002528,0.7930217269839404,-1.7098446698998568,0.063171939974033,-1.0988451108833432,1.2570291034739656,1.9489682041701082,-1.5667898320799467,-2.462026337956728,-0.8106264654869884,0.180527652584123,2.2163891905739117,-0.17565756634665974,-1.2668454177678607,0.08662484810049942,-0.4906489854905462,-1.0516118718723655,-1.2863139565486241,0.18609139206238026,-0.07434283979748772,0.2661981864569983,-0.21467747376518884,0.6920371531009364,0.2283279255493024,0.6551572617583055,1.1075490046537768,0.15994018155247428,-0.21594097561159664,-0.7767604917759521,1.2863336427393388,0.399723596380458,-0.7480237785863971,-0.7552708976953206,1.1728698033247915,0.2848824612222861,-0.5988263891336473,-1.8324796848852896,-0.5465505353919037,0.47451135567930947,-0.11752015694415048,-0.852839012945212,-0.3682841033248974,-1.0830154964353274,0.5673410950254382,-0.2956117098686377,0.7910241219054822,-0.5493715432523083,-0.3986614824038616,-0.35696626056741154,-1.2050979624254308,-0.8821061458490542,0.21527542794766474,0.18601577160867822,-1.3017615036361228,-0.15612423644289558,0.9870475131740715,0.31385169746090885,-1.5453357754470394,1.8313587545773173,-0.49683721808505876,0.5624954636047643,-0.04117497801182177,-0.18984496231638454,0.4994874304971254,1.1219704220908355,-0.06077283573434329,0.7440912917359382,-0.567465489947302,-0.37154194131263063,-1.4877260094298188,1.7088900808689103,0.8704061553238955,0.32898966729088674,-1.1901548466463663,1.1949646246966381,-0.7424071685100323,-0.3046852336044802,-1.28897393163305,-1.2907888471710474,-1.0381347743831335,-1.6621769772977846,-0.5122832894316214,0.22705164062700353,2.3486794848480512,1.3798677757006796,2.758145813381242,0.06492292949752235,0.4898511006717039,-0.34931372379855524,2.1902828254716407,-0.4260910990014788,-1.2050642471985833,1.5322333175992062,-0.8434504351569359,0.3216787091647459,1.245933815426037,0.9094820226237265,-0.8601586431975076,-0.502406785400002,-1.1961096106867415,0.4066684843023456,-0.38104089408746683,-0.294533679701853,-0.030934268056997005,0.5457126437781478,-0.5587467199152913,1.3917518034729526,1.3882887502431978,0.02574349275367431,-2.086072990206051,-0.7506093414422432,0.8362117336320771,-0.3080488325571989,-0.2721148997524918,0.7898710255582412,1.0013498555694333,0.5113226660366476,-0.4501858385288745,0.008315011751045803,1.0059984838452962,-0.2150812262880461,0.28184136801529097,1.2716830255635525,0.6421237397698786,1.2789013954672992,0.5782668075694681,1.583291160665088,-1.16878930124699,-1.2110409999641816,0.8496962176775021,1.8304097354554905,-0.12046706020019839,-1.3807869240742237,-0.9332026779609922,-0.13741667160001256,-0.604104368773025,-0.21236197121272865,0.7720165492128048,1.208653486556084,-0.535335709501593,0.6249659237712506,-0.41430355042534706,-0.0008117615915656795,1.457072963175999,-1.2544496442474988,-1.9017750971861067,0.09386091849336509,-1.944940172028069,-0.31285665646672706,1.6439379777864067,0.9260361497844661,1.5810929565631313,0.5770251300338082,-1.6236519484476655,-1.8840521587497034,0.500234327415661,-0.730614238070717,-0.7000860825473183,0.7824936637196739,-0.8036775866405244,-0.234321055749039,-0.6159223518833794,0.35447443648144894,2.061613998812447,1.3055356749853977,-0.3071443800357795,-0.07614419401212827,2.072160755930616,0.9431347581464408,1.4346275669848327,0.4987054963891295,0.1574092470436948,0.1551159594153771,2.4987660261079765,1.9249101736484684,0.5325807524398675,0.5712618599610247,-0.5738415803020384,-0.6406294361642705,0.09518494270283978,-0.4114558187903971,1.3990729302380678,0.06248879666821934,-0.16384976621232988,-0.5972633303633459,0.2555896482321762,-1.335965271122135,-1.4713299379106208,1.5888335809791385,-0.6538020782873957,0.3897279146271301,0.13295910173156544,-1.1872929587408005,-1.2022488120423565,0.20070711006643216,-0.7046598120055099,0.2569107020195292,-1.2423331418443735,0.5581356125061001,0.867842817228018,-0.06397903019499378,0.23648309807258927,-0.46504773500319796,-1.0900904094340758,0.6641131482069067,0.11458804265466321,0.34431684151392694,-1.911636929338428,0.9935138458585734,1.4139305368260386,-0.17153230809430767,-0.5226047838929765,-0.9890655873138191,-1.4293771593100044,0.034165136752928205,1.2191827769029995,-0.22827231923111146,0.8400744184829121,1.5932682678058416,-0.07411173009527779,0.9521780664417493,0.4875354990033126,3.2040215183264413,0.283040134337341,0.9864646034244134,1.5902504456563027,0.589763532432015,0.3969476313441713,-1.6020546088460565,0.4354979490390882,-1.015890954864518,-1.5246383561257275,0.7853615880690805,-0.527826078414451,1.3565428524620957,-1.4052116573043993,0.562753455740256,-0.04199404445306935,-0.29183541791778644,-0.5641882367373137,0.1122720252927704,-0.09214717710561554,-1.3675896678247437,0.42031637317172926,1.5936643789980902,1.1042359686344894,-0.5286363396369992,0.13133712512385573,-0.14188676028224204,-0.689947070534447,0.7760227222490119,-1.10167507023971,-0.566680807775253,1.961011765943153,0.8749666766042072,-1.4923959873905637,-0.6933742484081726,-0.44238750037814156,1.0981363841043348,0.308126804552521,0.2236433310540413,-0.538362339603219,-0.07087955309311642,0.24165693877346617,0.2673013689060538,-0.8499056538183447,0.47079002344629384,0.9869184818523843,-0.5947399963028026,0.823384899144537,-0.6165871747232259,-0.8669709497848631,-0.044288246381540594,-0.8598410621071636,-1.8396003299921377,0.03449520635233679,1.815043937705384,0.9580674612950408,0.5519385766990257,0.3670025050552617,-0.6248596038159738,-0.6040253705115057,0.17991194708481467,-1.1617551778729514,-0.14929028363295888,0.31490790836725385,0.27007492795128574,0.19180803551080233,0.839020368912005,-1.2823172587714013,-0.6298507137570162,0.5063421032586837,-1.2616202287340144,0.14607508523309476,-0.2603318018045103,-1.2953130266473387,-0.5862866087931053,1.2840833961255806,-0.016290535536634516,0.854078899152481,0.6156931168050863,-1.0297053508128862,-1.2788127481210543,-0.4390984658736396,1.213605128639132,-0.24879720332931304,-0.14506474477054287,0.4501604801265494,-0.20893112738448866,0.08359575603914307,0.11172506886739933,-0.279131190606004,0.5398842432755872,-0.41493430376039964,0.22727537728245897,0.19808049196184546,1.8310955562223723,0.1645823015780791,0.6289672655159511,2.042287173852764,-0.6528899673044419,0.6121723702704744,-1.4410124789644,-0.9195471463259077,0.5850618493448367,-0.20421655433949606,2.196807541233161,-0.03996731935838553,-0.976753773862109,0.3254589429569987,-0.5597722988580498,-2.2368271306563683,-0.6975351863255095,-0.5545887580191091,-0.08640359304132217,0.7657263523294252,0.5255266583725546,0.7701075350764469,0.5192806791487721,1.034374292856995,-0.15248369557839267,-0.7242630771339029,0.8075074973880536,0.13633331634135262,1.2350542915159586,0.7235895439293876,-1.4777263832819676,-0.11607871196400824,0.4454335142535355,-0.6299550726512246,1.2014261619708928,-0.015909875330909207,-0.8792187596427649,-0.2129970554980839,-0.37561572755874284,-1.1963406434693034,0.07776062846508915,-1.2445726906054555,-1.0615769201323735,-1.200362797614437,-0.11503478731552129,-0.017776478252781454,0.09988489588827965,-1.5072133793170062,-0.2379481096124451,-2.1994916087905483,-1.433574919693264,-0.4781180138165528,0.46942752218477646,-0.8552701470189442,-0.34561592184904455,1.9628145792492244,1.3745043215169535,-0.5724039779447996,0.2992809071236662,-0.8227825359261661,-1.4179121221082285,1.2738480673012214,-1.7837744953205996,-1.558006257985963,-0.37277151506327477,-0.14350732203337815,-0.35209405598472154,-1.090594376374184,1.5165560341186517,-2.518323526751003,-0.5573176124028224,1.139041655288418,-0.1437762514780554,-1.02497701574048,-0.5380756441576093,-0.7565457173685016,0.8015053261611602,-1.4026359027184239,-1.1997555925285424,-1.1434342642122903,-1.4562872870796277,1.3004197456436533;0.23485366370475727,1.7313464678779071,0.13216652800392426,-0.7352445367318223,-1.5228688131026098,-1.2263777904511324,0.40667733588786065,2.187085875662836,-0.5880544838342673,-1.147770169621022,0.4957370121026258,-0.30228166322351846,1.221888841730912,-0.9015775868824326,1.224671849492106,0.30025305243268197;0.9009591112251055,-0.8184957633224513,-0.29082683868483733,-2.0985688548264796,-0.304692281463971,0.14323614932291057,0.8224073222208947,0.022382610964071202,-0.8266827335196407,-1.7402864002796052,-0.08179658318163854,0.4920632498199833,0.7209652916397964,0.1495126058211602,0.14259320601714345,-0.7306375025022163,0.9370882048376208,1.9034676623602387,0.6164633537717937,-0.9215985366360757,-1.4032797627515396,-0.7614353326678892,-0.5124093545061249,0.5389540110112215,-2.9396262851270407,0.461128551535785,-0.5485934435066783,-0.10766766654795118,0.8123245255844568,0.2618549647267222,-1.5011275994286624,-1.0462440289097679,0.5720374469749262,0.5870429236075813,-0.1379927867184615,1.2904442792160955,1.113089664725787,1.3737613247193912,0.6986241567170789,-1.2115510163755727,-1.2121261234253553,0.2730939167748399,0.2201957360629289,0.2162345392744367,0.03188975240615621,1.2758785318168457,-1.2988691182823042,-0.04097849139519741,-0.6798525024413122,1.7675065352643602,0.2560732012433072,-0.05584120899953895,-0.36730299924260573,-0.5292389201972824,2.3008273990894508,0.9244024901863264,0.7354803960812764,0.9978690769022311,-0.5807660335237195,0.10517624235182879,2.147325260122474,0.6660048558310862,-0.7794331319656262,0.8869232571212473,1.181084789390298,0.7776686214828351,0.7304942677067773,1.2635832193814216,1.3439661451365446,1.8638363722126203,-0.35427964795121886,0.8463326541082674,-0.9580174375806066,-0.8196659404672613,-0.9315065393582617,-0.20152687112024273,-0.7806006369911748,0.43260358056978265,-0.9607239955946794,-1.5768654498184629,-2.950968306014056,-0.4686344890799584,0.8405529219474761,0.43912021441351273,0.3133395017877946,-0.30141930813803114,-0.37445400752395086,-0.20877693352992782,-0.46738385549161704,-1.0600177590979232,-1.3916574536021462,-0.8318755947858931,0.967410020556368,-0.8994975234863005,1.1744174572465056,-0.48671781263694935,1.1713145641650438,-0.7213992311279844,-1.4661418774511283,0.5722244041315729,0.46556190375717793,-0.5745673221848211,0.7279736167141215,-0.44778191932131006,0.005787038856217926,-1.4156087516483047,-0.012440949093077124,-1.0281503040571924,2.495771553043139,1.4751176822585341,-1.9122500137939458,-0.4191847828222876,-0.1774884007516685,-0.3805947359936004,-0.2382328316456571,-0.23411313536562917,1.008400955129492,2.592506012375153,-1.3311624636951862,1.0463748507696962,-1.1059915042003194,0.6512686626315091,2.1819690564560887,0.14465139171873936,0.14433589274600464,0.05605594131113516,0.8948932211931755,0.0012012095785678134,0.7365031911803088,0.926758405069176,-0.23399577637554292,1.2173546762036724,0.7716264841327014,0.5691634121808649,0.39452095248595376,-0.1563169136395618,-0.5482602337795843,-1.117629979714582,-0.36575371012503355,2.791590848773153,0.10455059430480511,-1.460382865693312,-0.6511656243546042,-0.48289220343596045,1.065389966907255,1.016619158800317,-0.003928845706884097,-1.2225277049769154,0.2516625288716377,-1.3031815738270964,-1.3199077555821863,0.5601603183039393,-0.5955452687965608,0.8802559209427658,0.1264063722925736,-0.6723171772776658,0.5071616381234704,1.5657306456827487,-0.7628962282993627,-1.0020984688219896;-0.4026342948001826,-0.8333129468098586,0.04205997266443551,-0.8850021080897585,1.8314262756939914,0.17181175193839265,0.7128314938006702,-2.173292631252051,0.5930943901341823,-0.6357080795266766"
7,1.4896222032275823,"0.13675415221223564,-1.395984142873066,-1.2933091348318424,-0.29533876380280305,1.8618716880780142,1.19316865234884,0.8057513195498096,0.1731578285097793,0.6665689563946477,0.6627575448001156,-2.106538865055639,0.3826496302126662,-0.24804527243106628,1.1829512713481987,1.7773860324641866,0.7080075166049916,-0.08206956928188314,-1.0325238075296361,0.48269960595440675,1.047389733076236,0.3759027685812559,-0.8082180590922414,-2.3242370676504853,0.8757314234434738,-1.4447479611285818,0.5107219390208417,1.519631540973744,-0.3759948259094855,0.5729275579098505,-0.5401185961497388,0.0871828826575553,0.10860824925480461,1.962461130646342,1.7665732724603187,1.151935043161265,-1.2308780533023085,0.563730621608509,0.4341931148908602,-0.06498960181952063,-0.7940514993311939,-0.5903824471164159,-0.6723133703488906,0.15979700547934128,-0.24332778529532326,-0.24872345837383383,-0.2463621423461104,0.2977757596211906,0.20811114435370898,-0.13886176063870564,0.5319166403466528,-1.5714083222770499,-0.3939416251464705,0.2478380985399298,1.126617337164849,-0.7111417557880438,1.5888263728917964,-1.2623904971339253,1.0312651023957906,0.7192300245018447,-1.4436532744764956,-0.04852128585724989,-0.6296831707878293,-1.1608345385128624,-0.12942263652456387,0.9569070904709676,1.3911797729274142,-0.9125024193628672,-0.9145951652915142,1.0260597402851688,1.5193053928210856,1.258266857934848,0.7850843331266815,-1.8838922934349203,1.7822897104115678,1.4357806348835929,-0.9886903323620888,2.093832674200678,0.23488798411868955,-0.6394022416277754,-0.45140768916315893,-0.24323915829821202,-0.7228523035639461,-0.30743760017984817,0.050682594103747904,-0.457244931113021,-0.06974207916935614,0.5736766002849005,1.637855449213927,-1.244152488936928,-1.8504191607025051,-1.4673114797563567,-0.04310194803444037,-0.6071563008356311,1.1523716113351132,-0.07526623160193079,-1.3428692064150176,-0.4728843366591088,0.1747837867889167,0.4331355193888271,-0.9141356970620632,0.1636928944016654,-0.24460076646118897,0.13499520352055655,0.5418008635034606,-1.473745115518282,0.9359728250302544,-0.029081777262069494,0.8223976458458953,1.49966332375131,0.7680765187923692,-0.03650142519035014,0.45717419117050995,0.8508163208585121,0.9709695636653024,-0.40643539989086386,0.4715242839665834,2.2643969786830507,-0.9884377182508205,-1.312113358811236,-1.5403993580703164,0.8373256458906781,-0.29999484490883604,-1.012092628292408,0.8565075195665961,0.5463592612339521,-0.4062032978001849,-0.6080797311147351,0.8072455997628435,-0.2781909055920232,0.6764277619780641,-0.09685308471977513,0.6597872243830494,0.8810389990786345,1.407598560402401,0.8291959593654993,-1.1560027146051555,0.8301043883004354,-1.8015964097508306,0.2459555897679241,-0.17948424536093985,-0.217345706184929,0.43177303168849424,0.7322127614389252,-0.7198652933554688,-0.8031272989496913,0.39554627170222006,-0.3232845312489551,-2.309345774675644,1.529088997393741,-1.6276360711390356,-1.4812125432323278,0.4544518496275595,-0.2827606206464194,-0.05111112340966318,2.8077343630417424,-0.0013748239268726314,0.957968701933233,1.0236532143429555,-1.0329420220923182,0.5198269711561008,0.8679806344510338,0.7938294924833904,-0.22425522716798402,0.9353248458668421,0.46696970319828557,-0.29504150862384904,-1.519185174151455,-0.05110459391438251,-1.8168532323470554,0.7781030724310868,-1.5889428375286394,-1.218601515328811,0.316563026334359,1.2465263899726728,-2.3338561171634917,1.6833728090977846,0.30708683982423,-2.354408353144262,-0.907638749971171,0.5386913937773498,0.5672698001912732,1.7946115819615533,0.7704207354009232,0.868996450494445,-0.45776990966375036,0.5570941395485022,1.9255129069481132,-1.7080710631242517,0.6149861023962938,0.6409645664369117,-0.5796322054949067,-0.5425739894238694,0.7007330852714367,-0.40854991185819,0.1285888476083717,-0.6145662805963154,-0.3168312410471447,-1.4135434377513028,-0.279060897162372,0.6611347952400524,0.27465975478747817,0.9959877549219041,-1.304653846736209,-0.9199783095774714,0.327626347369388,0.8867032154499458,-0.039899799044066375,0.1889234697586151,-0.18417939787494586,0.3695957737602158,0.3451276315104646,0.31799621962164715,-0.31758839532137395,-0.2671570621679788,-0.27285089483052477,-0.9771615246579202,-1.3169228448666546,-2.4891183546532973,1.3340298986875005,1.052128042386387,-0.20021573158653516,1.0409452371847492,0.5678535340012079,1.1329800129510104,-0.44801024698924374,0.9318312754719086,-0.9676886527462439,2.187760717342493,0.3967961923426896,0.33552805119006757,-0.651979428936502,0.31292537185231917,-1.119158694954385,-0.5888864808128556,1.192335574031743,0.7036087558816165,0.1619194880689313,0.2547278922723492,0.31054720256707286,-0.10722129304944775,-0.5250268395541029,-1.0477966746929244,-0.5567735156679225,0.2311846215111235,-0.7507191152244852,-1.5363042676747556,1.281773266560884,0.280466846546073,-0.15468497474163254,-0.3397575578527492,0.1508345971619871,1.425433427054994,0.3807301394753156,0.9428645233869106,-1.0195074727867053,0.15643008552729032,1.3897015264335957,1.9846381066028802,1.671096758402804,0.8571118198283263,0.7508521168653082,-1.2190190940969552,0.2010541701411632,-0.09244844144985151,-0.9567782466428486,-0.8558615601913784,-0.11410386883282406,1.6189527303091118,-2.2989872917488663,-0.34854466693988573,-0.16059722712202373,-1.6180894279802116,-0.06178683432001729,0.2965403246759335,-0.7263621151156142,-0.05922999864442439,-1.718011604946644,-0.9271529583680973,-1.0909776586873157,-0.5356601771582172,-0.4455927719537687,-0.23258945435165487,0.528936888044305,-1.1209643340044049,-0.40144068025989826,4.032467540112791,0.639210754268522,-1.3319963794987326,2.0981752154384834,-1.2086276876995354,-0.3203883763242774,0.01451619809688276,-0.12777248492063878,-0.10556903560489798,0.7896842346124076,1.2168802105806868,-0.21476891587002298,-1.1395799411997805,0.5642363677069201,-0.5065772498441231,1.562859579441213,0.5686810583995436,0.3391796191878661,-1.6045207767249294,1.4126961939207887,0.7028584779110076,-0.08313952921895386,-0.10781324786895344,-0.37874883592719205,-0.9068175592748443,0.8281436547238901,0.872878707124205,0.9513713996518908,0.9582495399745289,0.3137954310465821,1.9629565260676354,0.7369393919389173,-0.5093205590552505,-0.5878281224660568,0.0032975211613397674,0.8253041811645974,1.46351468098415,-0.5038793643703552,-1.6891815186050596,-0.7595054056102643,0.3521008717633163,2.7589018233124,0.31347274979314255,-1.6458965973489916,0.23359853127904345,0.9174668158305216,-0.4693835843238464,0.2391691178523115,-0.1591367480416184,-2.5084196046127603,0.24510577046871712,-0.3653073664964459,-0.015285440588125143,-0.09810636291935082,-0.7512710730113448,0.28465829359392236,0.48641312719500657,0.17729234575881186,0.5040234977293842,-0.13509708998886993,-0.6167313239681937,-0.03929144232874429,0.3908928338404368,-0.5090543728799909,-0.7220293671211452,-0.10003864607144207,-1.2582788311510757,1.8613964150792135,-1.6986023726046848,-0.008684519825692405,0.45704543646990026,-0.9358748000521845,-1.89575843574864,2.0528526042896185,-1.024753338149871,-0.8237436845648315,-1.5106611876755525,1.4543516453414198,0.9510471032172224,1.0571160331882024,-0.014866881070056875,-1.2365057445348002,1.0630074039294999,0.05631685821904008,-0.8492150069313885,-1.442445450705224,0.42626144350139183,-0.13896390970015476,1.5227904512031751,-0.7929436517230297,0.5529382221256358,-1.0190403656214544,-2.3735621652376597,0.17049057271572135,1.2733860870026474,-0.0637526024530539,-1.2548804670851885,2.1936359812625614,1.4889329059928549,0.16618093864490957,-0.5317305040434939,0.14494256245833065,1.1604400918880562,-0.7601485864208845,0.5874702760485501,-1.3490012052395608,-0.8857772748240296,0.8884725296535333,0.04464366797602781,0.13466071706479582,0.45841093737125216,0.6385323069888462,1.2877200175600065,2.028540549956987,-2.7893166633979525,-2.1063203490801454,-0.8216888124133799,0.8216537914289485,-1.0834444704096664,-0.6870716796597816,-0.7217495228566239,-1.8079438009358377,-1.0692466863368177,-0.8743373372121731,0.1845102184182465,-0.9140645518651402,-0.348994473125532,0.4250403172395582,1.5017043425928658,0.8353154688659208,1.7120928956637753,2.462503586219945,1.2012383485866234,-1.9311671583653487,-1.4983453426171947,0.5233381594419081,-0.5591073043738948,-0.22938096383298695,1.0573295133226175,-0.5497167754285737,-0.6306099081172419,0.08789574077349571,-0.6006782027855131,-1.3792272828761212,0.6014129288717134,-0.35201237327934126,-1.415843093775154,0.17268752835013185,-0.740635893040345,0.032472222082739116,-0.28737692429838635,1.325410135451254,0.6206484990934457,-1.961414150943797,1.143942369205698,-0.03242972927828016,0.92222935101385,-0.05194485144242872,0.11080271071340879,-2.2560999177630428,0.04655438739108711,-1.7839341291221258,-0.567934178461958,-1.0844803356363686,1.8001257302368192,1.043183502565935,0.1747834638715523,0.9019018566097817,0.6527805812898185,1.204475480028618,0.20375640976759435,0.1205075339641529,1.4350682536944452,1.1563061088319528,1.498322766553772,0.45605903316204943,-0.4613840360714605,0.4190598681738811,-0.7590606954121949,0.23714717157291332,-0.6726207556533705,0.6154695006130783,-0.9689010308549899,0.3583536614138663,0.6470750499789522,0.03600217826674412,-0.14675363077750453,-1.0204246584035532,0.08799642942872052,0.7203768393153316,-0.2199993061560031,-0.2511043591408634,1.0703352210050003,0.9301849347840078,-1.385359978755755,-1.1759598569326277,-1.4891864945670188,-0.020155391759946753,-0.07459086887058519,-1.716420921018791,-0.6437194708256644,2.569776778761628,0.2904970035083151,1.0387282569918133,-1.3592139917308437,-0.06744381274965247,-2.086394098207741,0.26860677095721974,-1.4881627042315038,2.5741232103197143,-1.2835201970127972,-1.7356059662457186,0.8422087564332774,1.1032354245404574,1.371359216449967,0.42185056414047045,1.873208844996411,1.1294368748559773,-1.1909301029105175,-1.0766590380654077,1.5101488261586393,0.13996230953198396,0.9518328584383399,1.550841905913061,-0.20184871304736474,-0.2572270505697047,1.1290708728601024,-0.903358632151865,-0.31305597104526695,-1.5012794357146608,1.5792732804211411,-0.6641785558248057,0.020734577296270734,1.2607958439636011,-0.6786844803386867,-0.6728752694029337,-0.6241964514950539,1.4786628868587153,-1.5037687985721542,-0.5090104184553933,0.3537394760653868,-0.8730391421555456,0.3888711559923027,0.6965020683065449,0.9169241642200396,0.6899429408435664,0.6327563348979633,0.8596523588087044,0.2649874861770423,-0.35052690418153126,1.720311919464216,0.9385357707937031,-2.0895203842696763,-0.8507686177089245,0.4080704489540206,-1.4129812892330469,0.20635192953131445,0.20148288331956365,0.36509673551260985,0.7802384661736759,-0.7824706023043375,-0.08835184392345147,0.8022511517464547,-1.2633310148969357,-0.554655744131652,-0.26519098036879685,0.43151561228893853,0.7965663318445699,0.8657781313817636,-0.5655264725359067,0.9227434979666926,1.0413766271180895,-1.253021971080903,0.37109450150095025,-0.9330367902342954,0.043411796953396795,-0.8046434563993713,-0.16515966784394395,1.1978676682769185,-1.5409307474346834,-0.5762316022985551,0.2580948337729053,0.7356678500788338,-1.663958925251505,-0.7688062161240357,1.184648878436881,-0.1435108161888433,0.3169809533099153,-0.5586225405775841,-0.5550521243830587,-0.13153918320630537,-1.2994699802101541,0.18544136635808112,-0.06879081893714036,0.37981374120596995,0.6884344674535671,-0.8964800344130036,-0.09724193937231244,0.48949640356272617,-0.35249380883494463,-0.04835634342485573,0.5427135686236919,1.582596764517257,1.078190785960941,-0.30862780102784076,0.885829561434476,-0.6283020735903383,-0.4909760219240461,0.7335230502747386,0.17059431849290566,0.40309021320551186,-1.7073176694384624,-1.1104705731344449,0.2113501650754226,0.4643230121536492,-0.0757835752298959,1.0567262326893165,-1.0442595182250007,-0.12660756327176154,-1.606887075167349,-0.5604891412181805,-0.5543019243030118,1.2755749294314822,-0.05680128057094144,1.6265646024127671,-1.5597368613838685,-0.013014383008499136,-0.3399762898981432,1.208165047634541,0.6205145913978777,0.51661511955209,0.7938988679753052,0.6149630153161753,-1.4107705741750964,-0.4341359990752358,0.22200104151587713,2.44604885441412,-0.2599330505072988,0.11295948159841668,0.12083043737135436,1.6906882317768688,-0.08017175581375291,-0.5472413375170568,-0.2698209232736439,-0.967076681477575,-0.48691100449766195,1.0852076427571276,0.13927848431660445,2.748058728998983,-1.6586668022175253,-1.0624255358064578,-2.1914321890526907,-0.3321137395245383,1.3855806331508298,0.4603965916281026,1.3845132818194992,-2.1774968147293636,2.0439887101059853,-2.4457506560781086,-0.12651815707023006,-0.4450028311726275,-0.6989645968463881,-0.7574987027526024,-0.0036635338292426572,-0.7529411247534443,-0.3430309466025803,1.041153997467899,-0.08018872332652674,-1.6998598632678374,1.635998916080331,-1.3510224011921503,0.051675108056807056,-0.02919957414149075,0.3545423998242184,0.6911744996043632,1.1971502609936613,0.2992556913230074,-1.2307128512936178,-2.091497148395597,-0.9897701873247853,0.9233747989251418,1.32655865976508,-1.5239281007479766,2.313659130431418,2.4169239381232623,0.9404600366250113,-0.7832020428715327,0.5775404421121009,1.55535455632117,-0.12215223837231401,0.185556605842264,0.7545175723382,0.20255719866419353,0.47173775199247786,-0.17505861306099346,1.4567940792262024,-0.3779947839341488,1.8171157881596574,0.6666678928868583,-1.166541681826807,1.3020531814801644,-0.5140158364051534,-0.09500868736687111,0.022595435555447102,1.4560571746109954,-1.0636203200940078,-1.134134412645097,0.5834837163344866,0.002398169885349355,-0.06569936660412137,-0.9396355728761719,-0.08695941470351484,1.8577254020711353,0.2635207396874756,-0.1875704702282608,0.5843530791757067,-0.6921247597747983,1.037670367655739,0.28619014666801285,0.04568821552204168,-0.0338466534091937,-0.4952682785184139,0.706119994814887,-0.09094470732693019,0.19036002712445596,0.7937556426457574,0.3039938287696173,0.9579160323605764,0.265516473048738,0.2954767199316728,0.48965775827824554,0.3085655326503843,-0.3926155451743392,0.5022476672886406,-0.9359384925305251,0.1494942064651819,-0.8091261053826283,-0.3967124230897001,0.28059854507815346,0.4049905313483431,-0.05234205937324062,-0.9399534113045792,-2.159639056941243,2.4257875788925496,-0.7167062977119082,0.4066800172258218,1.2803936028464407,-1.2773883664821326,0.4067694733588937,-0.4064005421035528,-0.2006226815992403,-0.2766500052917127,0.43255128336279247,-1.0375402926018829,0.6645484640032596,0.20799491035017317,0.17783685005507394,1.0712410596316277,0.5288353470803963,0.4558197484950999,0.5993420526324148,2.0460418612186793,-1.2730934861448011,0.975265160879929,-0.3140404050377199,0.7834967544060112,0.747793590079851,-0.16435811854487248,0.01664850577222697,-0.7448830217549189,0.46289393435049675,-1.8829918139386117,-0.08387249999591094,-1.081019855158621,1.0844247796424888,1.7109029538155873,-1.4374326410422296,-2.6196376368730347,-0.8232407385722748,0.1155695057220084,1.9917475023517757,-0.13899082343512534,-1.5032362433244053,0.10608461402528838,-0.4596459187178287,-1.1065556622289972,-1.1707154365838983,0.3105050041106793,-0.14387813912704286,0.3157683918148132,-0.35971591683648,0.8337157381344524,0.25461814729648924,0.8271683589777876,1.3264691519225689,0.1935917338017575,-0.20407996907508774,-0.9102462115608833,0.9493924050235771,0.49717692777222394,-0.5966784259269474,-0.9468727930130261,0.9239590035586616,0.37417189392970174,-0.44395520109805753,-1.6788189998797944,-0.5677231508093713,0.6073958872614832,-0.0866739230927509,-0.9840692483836968,-0.5015947463226067,-1.0523606904949336,0.25461771403962946,-0.18722445007838484,0.61921071035677,-0.709690952251841,-0.2039472336493226,-0.5707347757234846,-1.1287565382369098,-0.9748714874382987,-0.0063239492825594296,0.557455086242424,-1.2782057915379985,-0.010559770729971468,0.9519726035585726,0.39763438708983173,-1.495662626509072,2.0631131530323343,-0.6305095548724495,0.6624237286756075,-0.008287587987145309,-0.12036832508705765,0.5076310907712243,1.210181881261901,-0.010872333748351143,1.0005115265212918,-0.873285258599373,-0.030177787226663505,-1.3933790079608708,1.841935298076135,1.2709319624073707,0.4094263884489771,-1.4933891555244432,1.487998026059384,-0.6812852385508782,-0.5916390213638024,-1.3323869138790867,-1.1461733381720072,-1.1185861822590155,-2.020252396059153,-0.761583726237892,0.09270513759791905,2.321429749233895,1.3949673270575718,2.8404209322233074,-0.05081092652328281,0.597545345540514,-0.40775110010502574,1.9552647534737293,-0.3898990144941137,-1.2638986098656684,1.4670811365554652,-0.9383638065433183,-0.11914282401427462,1.4549859310194122,1.0805712323587395,-1.0402505874676893,-0.42721923658509164,-1.2416920250808312,0.1286314423852019,-0.411024982804576,-0.6346812580090792,0.20233238791001104,0.43367328504756186,-0.741045538594022,1.2931350284778467,1.2629415310608396,0.10144887145139976,-2.1225635269151515,-1.1455889562954917,0.89062441578804,-0.11202770924546274,-0.35974082699476856,0.5346965207748351,0.9980091325290439,0.3494008724111223,-0.7431418680381028,-0.13868778971446039,1.1945201432014851,-0.4956324739113317,0.46180045193169816,1.120204610555886,0.746354990612413,1.1326698938621544,0.5861847261139999,1.3391351145548307,-1.3646270902005087,-1.2359502787035161,1.1472540585297106,2.0923828486549874,-0.04928613091699527,-1.4301201163902988,-0.7516394343502716,-0.10145055754198845,-0.3737363068511428,-0.34368202168622913,0.8881298491082446,1.3283060176410446,-0.48496684621453184,0.4725896628810135,-0.2893024552321444,0.1383545048703385,1.3655834952238286,-1.5066514687128019,-1.9653560648827773,0.17929219271160388,-2.0186605394238684,-0.3070950668560607,1.409776683693507,0.8033920899769477,1.4134587353140189,0.3980562022965254,-1.5137827302490654,-1.9904412712034558,0.6615615149228673,-0.6748413620531296,-0.6712408176805299,0.6358206108671769,-0.9025391077042085,-0.39480012857928376,-0.7014334130813096,-0.019919198236076255,2.377736657264496,1.5487464843380745,-0.31190107684196705,-0.17290852328483458,1.9702613258720678,0.8830252631767651,1.228408791200542,0.3641206791628838,0.26153479755477266,0.19586460512117793,2.5566016124446413,1.9973188108113598,0.543199494579366,0.6101311710201228,-0.47247920671748966,-0.5754284751649388,0.23028284960071577,-0.702258203622494,1.3900507990980724,0.2016114617908993,-0.12982306120195988,-0.4034228219675808,-0.1337052980002875,-1.3097098018737443,-1.4737569718105037,1.489626618926086,-0.6275574977814687,0.34701968797977023,0.09934598520688498,-1.0299958837025593,-0.882020490784678,0.26130542503348936,-0.8100262165267895,0.002374783707657785,-1.2481270101081747,0.3718511456294814,0.7614358339870122,0.08590197675506318,0.1620759083979199,-0.41367993238645756,-1.0491337266767788,1.0018985203379334,0.26355688812837824,0.45927140770705166,-1.7615444937181473,1.1000972493272383,1.2759762830923156,-0.3505203351980701,-0.21708384748160195,-0.6467214698359212,-1.4670810895960984,-0.07562705744889565,1.2978412840047666,-0.3631982293485569,0.8201303621279821,1.8200956512748037,-0.053754760691837336,0.9221810411218571,0.7286761433160169,3.328098169220842,0.09946064147484078,0.9234997716995293,1.6093072012009935,0.7549383723832244,0.16153592814465867,-1.4456332196421342,0.6218612782513752,-1.0845622283814027,-1.4855997954193636,0.607786163323772,-0.40071380480231017,1.2255709250740792,-1.4839152175665968,0.47558206998458674,0.20749448746831214,-0.38586698164539845,-0.3954205481747498,0.26739788063019937,-0.4441121869041492,-1.1505103784514525,0.35400836853839274,1.369521679581256,1.1833101871926899,-0.5675926550724814,0.2113073351740719,0.0785291722747687,-0.5876882790921261,0.539981808305073,-1.1808004349952228,-0.7817083550043998,1.920830176940902,0.8136749307153778,-1.577726509623501,-0.8475408335056591,-0.4823591145427732,0.7968093735942665,0.37639649429066907,0.08823998783521322,-0.7065617314340178,0.31484002526727484,0.26448882815923036,0.34816610585547686,-1.134273985109247,0.37641120515593945,1.0522085725817036,-0.749986345474791,0.8789611470669574,-0.8848739507976184,-0.9518073382380459,0.004617787017933986,-0.9931017113493137,-1.8236302470259809,-0.0035451952502391984,1.6226391030803418,1.1085779304676502,0.5509399181770752,0.2957648211725704,-0.5564069941370073,-0.7331930107889238,0.06816080123693824,-0.9697334956685482,-0.05360854788033734,0.031016737626640853,0.20667562242140153,0.2610955123987595,0.9431441816562028,-1.4047587438651907,-0.5310783352247747,0.3451805680248956,-1.319885381129231,0.09716052667249825,-0.3812805896912733,-1.4287635722913814,-0.6779136923860279,1.1157576242904863,-0.08430500301797074,0.8049768547163003,0.882827647732921,-1.2346341327199364,-1.4825073719532014,-0.6587618133719825,1.4122804956855646,-0.0033450707800369364,-0.2513374395178255,0.6222764435977983,-0.4886666192255319,0.022678816098199238,0.15828285268277767,-0.19989841046814505,0.7733566925402042,-0.4156727408225779,0.2454770775484005,0.17845433402363334,1.936245866925818,0.3415805495217359,0.6815606733125773,1.9045635789764312,-0.8031528442381338,0.6003383952795678,-1.2303896166173982,-0.8473396760426404,0.7838593112317912,-0.36330928303758153,2.33099973278557,0.004346335576637134,-0.5341716029610162,0.42538972004892034,-0.5006073925213808,-2.578742724109278,-0.5201010183572151,-0.585123172407095,-0.19859111365717752,0.9228474892830608,0.5628508085438046,0.9265160588432739,0.40052453813744904,0.7710655379481425,-0.06361431777555696,-0.765006120758174,0.7897251701348649,0.3930900428266513,0.9933301361248004,0.49904697029402634,-1.4732718222887513,-0.32089386085983596,0.4506155393659247,-0.6777499988121194,1.3947287156017856,0.2333984699778472,-0.9779506338091647,-0.1597705535712317,-0.5693477110152043,-0.9542626945913506,0.22380826238924934,-1.014973713539153,-1.0303796017217794,-1.162108146807422,0.26034061619573023,-0.18681020330917963,0.22411821800250856,-1.5397553631223395,-0.1862279343927434,-2.1830048510315163,-1.397700718074334,-0.37934836561751445,0.02731785170190837,-0.7679934932412024,-0.35146832266418476,1.6346689076968972,1.3620310841042078,-0.4348172064512764,0.49643922907414273,-0.7361788816172742,-1.5033880193433695,1.0493671128216078,-1.7207315255306468,-1.607224193714567,-0.3838420464711419,-0.4330678109931356,-0.5180299998320601,-0.9406188728279263,1.233641579131211,-2.5549089499726545,-0.7631588615088968,1.3161354404145211,0.004098284652750122,-0.9739033752040348,-0.326736272504595,-0.8237353884189422,0.8336338977422075,-1.405290474024653,-1.1230922048232617,-1.0099538293431523,-1.5487962552751533,1.0676484266487465;0.0689024945406057,1.717837240426896,0.03498026748030973,-0.33068484542602294,-1.469455821272198,-1.2311900484766518,0.44955975990573804,2.266031766426366,-0.5670722457486647,-0.7029263353288698,0.6635091092764358,-0.4167357130875221,1.3386790067956849,-0.5548817133627499,0.9383088385494868,0.18564391876833056;1.1075398201276128,-0.5726911477618193,-0.21677545869043896,-2.1290312262604414,-0.1529145452897102,0.18596797116097732,0.6099108361991117,0.1531361295023737,-0.7381629601577404,-1.914162147052984,-0.001476513956689962,0.5528940580959165,0.7048758275200201,0.3256879892102809,-0.02289727874328669,-0.542853801787927,1.11231266712801,2.0134544584274248,0.557418671396307,-0.8697130733945982,-1.3640661599864654,-0.6381192554585752,-0.48183063147482835,0.5193220741209402,-2.8339558896731663,0.32198275383262404,-0.3998045006614414,-0.16218560654378242,0.49115074189087565,0.2522498339312429,-1.3119298547283127,-1.0248575507864486,0.30203087118036387,0.5364550828538288,-0.2933669229885677,1.2323819753223875,1.36421284268035,1.201420421345661,0.6782998647192978,-1.2488957381199657,-0.9752377769022617,0.09295554431816751,0.45325547784705617,0.35203295236558696,0.21395717201786146,1.187909982321541,-1.422903388867765,-0.13906532531167937,-0.6623909456687925,1.6520405550056407,0.1698918469224867,0.21787602009348692,-0.29242022561957726,-0.42786597219406747,2.1829396045905427,0.9470410149832516,0.8301737860810483,1.0901455412684575,-0.601738777517457,0.30004205015070606,2.249932373482598,0.7536054738022239,-0.7822828038850097,0.7039494348007757,0.9666782770534517,0.8087238754833446,0.7796690070258238,1.365448229868174,1.3885931059642338,1.8211683136960297,-0.2677469798924906,0.6178504284741906,-0.8089396884689795,-0.9190916407082885,-0.8725279238686938,0.20941539468096299,-0.9280985089728806,0.30892166112862507,-0.8981119284507536,-1.4206352495795065,-3.114018979597827,-0.6084187091544333,0.8726618788064165,0.6101615921121734,0.2665686989679408,-0.5543786824904021,-0.5244416252150781,0.13301241699756175,-0.4668387146850195,-1.0179317268399655,-1.4364770045639634,-0.9144505930217752,1.0217853480106835,-0.8080755421595913,1.424602358835989,-0.4536993094054147,1.412766291130869,-0.9806101575532729,-1.3089043848635804,0.5867147695240221,0.7415055029305919,-0.6609413376864797,0.5509247533964133,-0.4049071156893224,-0.19536386996654975,-1.5254439855559523,0.14516021945823154,-0.9464009513026057,2.652337834836036,1.3549466452852519,-1.947765364398443,-0.6171533620706445,-0.28937342053061715,-0.4862576108807487,-0.22277389519801388,-0.11118306085279363,0.864642751536034,2.271675375567677,-1.0514244393944385,0.9712031710007551,-0.9415699863571622,0.500783025895436,2.347568115649971,0.3261970737803799,0.15596737879439246,-0.04929959402118819,0.8095008462882533,-0.02145383986274607,0.5110046630831451,0.7245282753489919,-0.28481945454928315,1.2107604633256417,0.6015456619639523,0.8138443060551782,0.18793671407534981,-0.2432568013867595,-0.5553697794840176,-0.9494140911935018,-0.34384615927012435,2.5416273500786533,0.2213142477506658,-1.585009817555829,-0.4545342731141917,-0.28673426399852975,0.9719029689250281,0.7902878438777239,-0.036790451651331955,-1.4461699550171352,0.2832905394767409,-1.1796477462995498,-1.1638602123437176,0.8338216820777795,-0.3512967783425346,0.90272388942318,0.10363710934786657,-0.7738074654133136,0.526584244998574,1.5825721273052549,-0.6151694466758048,-1.0473773225444396;-0.15146723147287994,-0.6552485320244799,0.28881390758405967,-0.906268802012821,1.5210915912623018,0.4828515834070458,0.6374342888638556,-2.0242608404473823,0.7010522062287866,-0.6071270129354588"
8,1.489313059018668,"0.11817236503956328,-1.5745302889190291,-1.2712551672160708,-0.2127850214441453,2.2475409230309333,1.1566662114157826,0.7029789236475322,0.07678699763076065,0.9650317351659762,0.39363006713780874,-2.2274659183690537,0.0895577941842674,-0.23892308665518636,1.4881338977877236,1.672693807165587,0.857097644965399,-0.03981679919360972,-0.7871090010326564,0.658847098872854,1.0333599250714818,0.4044864345119585,-0.6329709035198123,-2.2930498370892227,0.8518979181203294,-1.79901790205945,0.1807569801356162,1.3714939585010177,-0.08289809139936788,0.4489175980823411,-0.5247414702806252,0.16361007336016947,0.011530386859387932,1.8686650958350024,1.540309366732399,1.0311306397765942,-1.036967646832252,0.3675486797032655,0.4532685954220774,-0.14129330869076281,-0.8713567232392884,-0.36064101027732165,-0.9209279800652934,-0.018509290955486063,-0.47915879774200704,0.02509264601459489,0.04531552478872304,0.3034350788803978,0.16285020096254116,-0.08742271991829711,0.5691968697377795,-1.6972379962952124,-0.3552340683033391,0.0980182634261633,1.1267251180669697,-0.7173893328835828,1.3949655878072804,-0.828664952829808,0.9895235419600967,0.7371927025490256,-1.473676062081303,-0.02629260414363876,-0.5543582156728248,-1.1735613361299198,-0.1905967416004936,0.7719163913973021,1.5480099828760507,-0.7583521083393508,-0.691959438631652,1.1041158040559234,1.1586732978016987,1.1935243151064934,0.6543712901400773,-1.7585284725925456,1.8436718487839512,1.2643539224763318,-0.7214634967817963,1.9979968020591632,0.13011544743498538,-0.6005747904167058,-0.3189769034333669,-0.2646360517070662,-0.8027464744863879,-0.4411510654906861,0.10179393674657564,-0.4775561195790216,0.0930756053285949,0.31656689373914554,1.6772980329532943,-1.0590153332499743,-1.944198566300174,-1.237734886740146,0.15344579046622148,-0.7104968009805538,0.9553521555948228,-0.12861322191934352,-1.2548778635290936,-0.7387650350744359,0.20787627097473443,0.48444195467162365,-1.3023187598401313,-0.04057389183596076,-0.20285639879482992,0.41434667749308507,0.8458339256667063,-1.5286253473291354,1.1071668723280452,-0.04732771257762272,1.1018863514886899,1.6488528664603443,0.7978133911969271,-0.15402540608725926,0.20640835548074604,0.6601058008371841,0.9322872728213946,-0.3378019296207808,0.32491344405106304,2.1318163189592063,-1.1130407320031166,-1.4883139125849132,-1.4517052774949617,0.8868464593391708,-0.21193616999821074,-1.1080441856384413,0.6167305078250993,0.5035262869040437,-0.21176531098565188,-0.5168486722489678,0.8726831942464222,0.06614634722681367,0.6225709476955277,0.009508827493559413,0.8126286897813699,0.7282894354620109,1.3413291972626766,0.7349778461497601,-1.3065738416998511,1.0790446938846854,-1.5763930968987534,0.2168903098498146,-0.07714327614030161,-0.1380024259472244,0.36592497083074216,0.6867598903571835,-0.640115682539231,-0.6832521497133854,0.5729870152218418,0.09405275817087788,-2.397800165402787,1.425288012918217,-1.3959814234923358,-1.393724891636645,0.672661173661582,-0.4976831745016909,-0.195128306923769,2.942476937625004,-0.011882861943873446,0.9130348097400738,0.7878065064580391,-0.9964592654621344,0.492906337646594,0.6695917198489741,0.8132443402791003,-0.3080306653036064,0.9860907153025257,0.4026353771291682,-0.31129410251289324,-1.6473178089289324,-0.28867170194460906,-1.6249478962873052,0.7986598572882624,-1.7378128619611273,-1.228430392015546,0.009268660449843202,1.3218827178066803,-2.3370103483525093,1.6445947205091442,0.2131085083949883,-2.375942111909426,-1.170676525586953,0.3783676064752393,0.6514003946068436,1.635706704022119,0.758460755606441,0.6591470494431315,-0.6415418941873398,0.6216891491766907,1.9778975518937632,-1.5461414909109694,0.6158585111988187,0.6603592411035846,-0.9003842798873299,-0.5090978025843095,0.8398322184340319,-0.4069750092955846,0.1919243579087336,-0.3243225167900424,-0.33553986415587084,-1.5377025544576102,-0.25251099436539953,0.5501838321557075,0.15983407320973134,1.0309283741308608,-1.2412837797689182,-0.6260522306338739,0.6499983270318815,0.7646188243687642,0.006359258208311527,0.07556496824590844,-0.37102293825740795,0.3924682092110771,0.6399376826825056,0.3158983390468316,-0.2827576415162935,-0.3206358632869926,-0.015180814993582564,-0.9542699052117859,-1.3641108359751604,-2.8146050663688773,1.15057941787196,0.8935085886355386,-0.1251813341878391,1.0302568679093962,0.4007109852335696,1.2385045582835519,-0.2969430352856497,0.8958812894957384,-1.0737336554473982,2.65133982856535,0.6359290620519474,0.19046923775774133,-0.22519450130996066,0.2177155786406904,-0.9094115390920701,-0.5853949729401967,1.0936576992497373,0.8825676418164718,0.04113456231232818,0.27603008611061625,0.4257673066558387,-0.15931752429762008,-0.4597194983321354,-1.154309850387605,-0.6871105675099672,0.22007503265390976,-0.9581314413656573,-1.641235092127978,1.3559338395113096,0.3448367632250861,-0.24995478214230915,-0.3586804747540233,0.3726971304312073,1.3384969246271563,0.4050362750493751,0.7758262016034622,-1.2905951359118217,0.15106175079978823,1.3988250031551817,1.8175235549002347,1.565966192440681,0.9493525063520362,0.8361140932880092,-1.226403171124561,0.45067533275083205,-0.12434246261192844,-0.6279295308537773,-0.9202708691122186,-0.2666688847318731,1.5362700597008678,-2.255594063316109,-0.41236841079673964,-0.2353632425076554,-1.705582240531757,0.03607116765835924,0.06105495404306305,-1.063574289523083,0.01562900719307886,-1.6222825976991293,-0.889257733845599,-1.171332520501699,-0.4922979916644319,-0.26336516083442524,-0.29065161233706127,0.4333013657097146,-1.280306078004012,-0.0063299724505664345,3.95646545531997,0.33040018627925793,-1.6018215504976072,2.0939044671831537,-1.049164530412227,-0.5704146342208509,0.23253048645305927,-0.18162516749814717,-0.20446308699415322,1.034966399047351,1.1568763697433273,-0.1508680734892323,-1.3290924388273182,0.7894473825376743,-0.4128300150282496,1.3813562595280249,0.42278422316773207,0.18645853875686091,-1.5870889791026195,1.4849996281075961,0.43531790092779943,0.161521441443346,0.26977980912523924,-0.514297448975223,-0.6949930131659464,0.6942509307566628,0.7724613473031471,0.9983903747413461,0.7272192795162938,0.16008310942935602,2.216988202750847,0.7103921750366472,-0.2594224557658514,-0.730147044450829,0.04134124575937782,1.071352373261996,1.525855597211713,-0.49527669192087337,-1.7019607047907546,-0.6406085108747814,0.5693667878847581,2.6313794575357643,0.5088151586004109,-1.6157936841911769,0.2880040450862662,1.0584803975403063,-0.688246003113652,0.2189178885186498,-0.15162427978986998,-2.1685578062545043,0.16212364089687742,-0.16234954033367902,-0.0315537943776501,-0.11581704330240698,-0.567121829341168,0.03506556368315214,0.4520620275221553,0.2750041160581226,0.5571929421840425,-0.11592283380918653,-0.6907855987786308,0.04694175422099184,0.4334372875885279,-0.7229786940138295,-0.7507265699069536,0.10126225384211421,-0.9910751736483787,1.9188545121344154,-1.586405568071678,-0.061740510574148144,0.5374060580421716,-0.6518778600241908,-2.041030874522906,1.8630414323834277,-0.8256952990751737,-0.8374397574386366,-1.462285975674197,1.4576881940340476,0.9639247453215701,1.0633913492573066,0.09795687269461813,-1.2973269176315645,0.9949202746526865,0.20561747655295531,-0.9072864792330768,-1.4200306935420448,0.3264736973491195,-0.1877383356343617,1.4522747756061474,-0.7844190026317294,0.4594533809110043,-1.3738931373896421,-2.461517617403994,0.3470719145476011,1.31959349393244,-0.26142637329226454,-1.1729968247805125,2.200819984263121,1.3625649903048103,0.03281392269547232,-0.6500169491305491,0.25760409368212256,1.4713883441359652,-0.8888132489565834,0.575453328770198,-1.456926943873907,-0.7593237850660545,1.088880710104923,-0.18332698658344074,0.0980297049033548,0.45271808216459547,0.5897684881846312,1.4300888877311282,2.0331915828851375,-2.881031148440712,-2.079408842042704,-0.8410737893753251,0.8333329119156981,-1.2075468996858292,-0.312163389140411,-0.6643891333231615,-1.815374959348417,-1.0921998943818298,-0.9820964809951321,-0.054391529407013334,-1.117398018832616,-0.2724542918290323,0.3446551076334137,1.389336432692493,0.8389666058088682,1.7764173338305196,2.247667722946309,1.2221070065201483,-1.9616609774232412,-1.5876239029687254,0.3710851581392237,-0.7596865069674793,-0.0047710034840836996,1.181309326573082,-0.4633742152801847,-0.6570231201046761,0.08382174866514752,-0.6807468516256678,-1.6619879715503976,0.6780471410014323,-0.3561646811139508,-1.6278638573977537,0.2904751607155786,-0.6882929795319084,-0.015117195714972609,-0.478893789018439,1.225427973968563,0.5591656564936169,-1.9423716395643071,1.1051769268936964,0.04044163668525845,0.6250568407265722,0.07157099533721778,0.353863717594955,-2.2806483293243045,-0.3887324665768915,-1.8745159127295064,-0.4991317406978796,-1.1693012658855773,1.8625543118470036,1.2214001483488404,0.24452918942059093,0.6039704007849496,0.5476849182523338,0.9312984891638116,0.23841598976078382,-0.15069534890984349,1.6020694600652725,1.2088134363771827,1.1683686606013044,0.6407348470327933,-0.12326797802587378,0.5429370472793726,-0.8939503140895697,0.2779328221083562,-0.7599134901771768,0.17645598402368978,-0.9270391610053912,0.2697663987997823,0.7833463669661851,0.14175126992096435,-0.25571526523310584,-1.1783816643898013,-0.07306031510451788,0.8185464333053005,-0.18250145547498994,-0.3769645794825266,0.86249630529326,1.1887356673480167,-1.6854700659657786,-1.2747689902595143,-1.8787414198897563,0.13297058422329205,0.11535959836799844,-1.5591557081780738,-0.6042946997880617,2.557322449643319,0.6973625705525678,0.5768368619521036,-1.3781017317959914,-0.02401127984534908,-2.0672511482056333,0.3456880374485515,-1.3306306958193515,2.5800266702258075,-1.2614859021261298,-1.9286772324260104,1.0604918793326674,1.4194158264209071,1.3159639740919435,0.6763478344116335,1.5424570134505837,1.1108218327839785,-1.2082088293079087,-1.1547904730011762,1.4887308195240154,0.004897021196808515,1.3128943630038248,1.5777243648753214,-0.3482954186091677,-0.05266706161063406,0.9759807163286444,-1.0704709775780652,-0.7268548304554919,-1.4423431018933803,1.592881886128065,-0.49852290477124134,0.0008841798803244996,1.0681865678068696,-0.9996994722093934,-0.8802217039081682,-0.8605658720056667,1.5755361540677588,-1.5989490393550274,-0.3540624063260229,0.3042822261758764,-0.811539245359117,0.16370016993801084,0.39382504860272105,1.0524688708412522,0.7079134781624971,0.6553990239288489,0.6385428980008244,-0.0007131107877625942,-0.42585797750178017,1.6797166771249645,0.5787968221090176,-1.9573830474020755,-0.5924264528756944,0.48939389031809616,-1.3792074417098539,0.23904150441059882,-0.20703873802063844,0.49622120112993007,0.9113511514272257,-0.7579645926877335,0.1608650577174261,0.6196822779571814,-1.3777700192094995,-0.7609281757010141,-0.31548577548214224,0.5072682384737416,0.9300386929424822,0.9161672221159748,-0.652240357028679,0.6962533174491378,1.0318073466279782,-1.5184002262302427,0.5453500766043382,-1.2386608980648055,-0.023894164536630236,-1.059185883772105,0.0064154342692366376,0.9500111773589128,-1.7464903339649442,-0.638930751091895,0.37558923603260586,0.44992155682917667,-1.7546574754454236,-0.5709316417969599,1.1431882693086306,-0.10693293726943238,0.3826835604725728,-0.4310485137091478,-0.3353096091539514,-0.18200012581787145,-1.3593510358323138,0.24084497585087844,0.010160491255624658,0.6952536230199517,0.7577305807722454,-1.1162294199579794,-0.1418642629470161,0.6336454100921235,-0.3109244442481494,-0.18545900300648865,0.564217609776478,1.6910851631660346,1.2444760343324586,-0.42127820918937897,1.0260995952245675,-0.5354232248788154,-0.38661665227767233,0.24407582231831582,0.26865203252858183,0.4137069659428855,-1.6555134606330104,-1.0224845990263993,0.38131544445168125,0.5362981622010299,0.07734811695434733,1.076858336147951,-1.1030067753296602,-0.12151142460219559,-1.7209744347482945,-0.5445658264273442,-0.5282439458020167,1.335078645202847,-0.22884428740610763,1.3600777609781267,-1.72264272129757,-0.12159677315514456,-0.18918414288694668,1.189559176272187,0.4705356920622652,0.5259056839847848,0.78916870163521,0.8573851713653817,-1.5856236966780048,-0.05499699969016118,0.34219681537680924,2.430444520085493,0.012664245221711334,0.02394143622578916,0.13877363074353127,1.8387417616976132,-0.11767073963478905,-0.6495987845934498,-0.4518622374368503,-1.113715411221738,-0.47068238805928203,1.1437906861433726,-0.07867556362007394,2.9038782271216226,-1.4089935040651413,-0.8686747716502656,-1.8277452887711703,-0.43657459508318236,1.5208276989937952,0.46844310117340776,1.4236233001897476,-2.2870947822789276,1.9421383669242003,-2.4211231426918634,0.2532401895368478,-0.4459450713007298,-0.46661329362475745,-0.848618906884379,0.10931470064790605,-0.7515608301482637,-0.20259002470431775,0.9469665091085939,0.38961668672855654,-1.5316736095002579,1.937442969146185,-1.214754476867694,-0.13462534620438676,0.056691275370013935,0.20075226949686054,0.9072483307136003,1.2425697144228525,0.1934985407560264,-1.2999665117791854,-2.159211097566952,-1.0906972707127685,0.9008613826336771,1.4400216177213818,-1.7912881557018745,2.4215328647392456,2.3816181980715467,0.8975706013712651,-0.7253038977851936,0.6298535187255264,1.3257513340532319,-0.4540335221663545,0.22923587275722812,0.8554656762317163,-0.02453299320562735,0.5730299924341763,-0.20944765173180327,1.3575254319086587,-0.46638341113293647,1.6618182833470665,0.9715464514364562,-1.3859184040815637,1.464282822085774,-0.1881706099124998,-0.11286719408446338,-0.005926428757146679,1.3821429810696053,-1.0826191012098165,-1.5613693271197941,0.3821142397594441,-0.23902725004365943,0.16137587334526754,-0.5292569055951717,0.470762566996071,2.161644222418059,0.25483332721224794,-0.07801640039205557,0.6227139564371174,-0.5487403999286736,1.0362405072730092,0.28994635973493227,0.2106380340789134,-0.09804050149592167,-0.4241126606455738,0.7547493047133226,-0.11863533439367707,0.2530647696437722,0.9094569073331472,0.18025127973351474,1.1774328054734313,0.37546605548074125,0.5003367631407929,0.45237118167538043,0.1070315338261242,-0.2740634410544436,0.40072710057722005,-0.7944201996698717,0.16093229662553155,-0.8489015106289719,-0.5364404707956282,0.25248333967478775,0.33763681842077464,0.09044168579276325,-0.7688487833452764,-2.303572108238531,2.5747596031533186,-0.7413481444207379,0.20185568892686326,1.1900963854061977,-1.2508195006021294,0.6671966875194913,-0.33722048650520786,-0.42123102573245574,-0.1845766377940446,0.17809301877252925,-0.6996372767949552,0.7866501868223104,0.15328760527231577,0.15483877741026472,1.154655526120331,0.48126599174155293,0.5635588884619422,0.6637346678602453,2.182219669139175,-1.4465582539148252,1.0314899198223544,-0.1575152971934288,0.7332270381301722,0.7503035241676401,-0.23779949516406224,-0.050430765800088595,-0.5251696252207174,0.44837909016693017,-1.9520661080797714,0.017535236829790864,-1.2329595031324867,1.057613896383534,1.809647591521836,-1.5659806259248372,-2.380426936855463,-0.776380602620717,-0.21087754862248653,2.10536144098748,-0.15810152528389804,-1.254323078970335,-0.3127481253051233,-0.6611813146589437,-1.1278646586468737,-1.3307138479041016,0.16156805181131878,-0.28612904971945663,0.3142490837304224,-0.20091925421009785,0.9141939611323895,0.3119285111616977,0.9466052431797596,1.3521895117953875,0.14738336801628504,-0.09877825288040883,-0.8299198192631999,1.1854918672847148,0.7280166426231177,-0.6906058129757864,-0.9509436685254227,0.8329564110330278,0.225281256848569,-0.3982867241246364,-1.8824209883028005,-0.8406398872695596,0.6263013736173195,-0.1497468260447298,-0.9511723091561655,-0.614888388755639,-1.3370053730532885,0.3113439104030171,-0.08828030950544963,0.7480910242074336,-0.7208067912463736,-0.22884689220332796,-0.42184138442131036,-1.2981771755937461,-0.7913580872190294,-0.19689290466421056,0.5929620307865112,-1.1029258179700094,-0.20241778754680118,0.7983251908355932,0.23084536391485816,-1.4538673854344137,1.7671327904906537,-0.4996874225209221,0.6221077907606911,0.06118382654432777,-0.12079986687343039,0.5308763633749407,1.2225429196104518,-0.2163907220688432,0.759724055588447,-0.5259752413278319,-0.3349406398102721,-1.4510167220625039,1.6975805793394756,1.1038470398782312,0.38822324837405686,-1.6369991306761333,1.3427536583928648,-0.8549662889166867,-0.5589295995670917,-1.1247024389965274,-1.2380606574559492,-1.0466247153116643,-1.8569294551106623,-0.3134931749949589,0.0007455879657864151,2.31731777972525,1.2456602552803848,2.7630173316820326,0.11579152994920167,0.6361255561492658,-0.21833366968965084,1.8484134127788856,-0.5876584993475704,-1.418136609127474,1.6310194791777337,-0.7708764011172775,0.105053416942879,1.3753515242572576,1.1741617119541545,-1.2221732728041563,-0.8520395443438877,-1.1249096586124214,0.20154471030902396,-0.30141567943441977,-0.5495417828365342,0.3482931938326049,0.30252545972075945,-0.8795713822605004,1.1426171541287324,1.4270797762535494,0.21520505702648524,-2.1861631881562706,-1.3589160556291868,0.7947965614398872,0.005893820395243603,-0.15097098490469196,0.9577398760269559,1.055155309452213,0.31991812892032756,-0.6407871987389371,0.08162095356230398,1.2056169492982718,-0.4316079741331817,0.31504644952655325,1.1572967937171255,0.9077254689325507,1.0536942999643475,0.7643995642446018,1.4674880033229196,-1.335856741549581,-1.1222740151770705,0.9323104345292152,2.1982232534474986,-0.3809110655200012,-1.5776254088550756,-0.791918452978555,0.14806375432822758,-0.33385993770728195,-0.1524863034200192,0.6999390987101678,1.3033708287312997,-0.438945116096051,0.6641795901031587,-0.22807988629828715,0.23776936903802787,1.2005604118617386,-1.6124561463803078,-1.5255422283339841,0.16736126609661078,-1.8913044353094084,-0.04564498412955155,1.4556792076065417,0.7477841415898124,1.581511869946552,0.360539952499361,-1.4753863099157922,-2.0944300703283196,0.27926816146967065,-0.928456964279586,-0.5659896947283012,0.7485725309202557,-1.024485945668455,-0.32834618711148433,-0.5415182459978267,0.4002927851352964,2.0601550158531436,1.2934777506712178,-0.45160842930951073,0.04502812590197705,2.1412790321375783,0.666411856929379,1.1166456606236173,0.33062197566545876,0.20925075385979391,0.3672641642425698,2.9947838386614944,2.1077921569448943,0.6355863155010709,0.5188203266588989,-0.4480946866507565,-0.6472087142390015,0.1678214499498564,-0.7587811483621206,1.3828177674291717,0.10162685903917315,-0.12966179459969943,-0.4182167439568788,-0.019007036962158,-1.3599727237061545,-1.4932270542529835,1.6138288174216735,-0.8196305091246379,0.3982703447401983,0.2003441524138127,-0.7506348511200842,-0.9217246745557304,0.16637276805945786,-0.7435106946080686,0.32203761123076,-1.269417075984441,0.31325510267802126,0.6981185388423451,0.1501276542666076,0.10454716273844043,-0.4224922980464449,-0.907202908187287,0.7853370551235433,0.07001318073231286,0.7253317151294233,-1.9733720403534105,1.100303375798699,1.2992024986108939,-0.17293404258220868,-0.07453297958512033,-0.9343743025437128,-1.3978951095248964,-0.18233149170823088,1.6029982999521135,-0.4254829295867626,1.147637380170485,1.806511738768197,-0.305425021075593,1.020959716574032,0.5430903124547691,3.2248045031664,0.1754739609347037,1.2228009110716058,1.8084468297888707,0.560770531262374,0.08519612407801805,-1.3599315297813963,0.5143168008553661,-1.1348450716968423,-1.6925919373335112,0.8011407252061924,-0.43809311800367745,1.231173493726766,-1.4363319453050098,0.2416643527043768,0.026794545157263247,-0.20426828105916628,-0.542943824499061,0.13342314938450098,-0.27767497189966595,-1.5141647889284613,0.6898600811026121,1.348846241988468,1.2451169089433538,-0.5390518784555761,0.4136834869930455,-0.28238177139405,-0.5605609020427755,0.5551384489084539,-1.2037626865889937,-0.8088727917716771,1.8865768616735632,0.8590685183527039,-1.7758746848797506,-0.710115402764192,-0.37929803799083917,0.7804012719772264,0.343894098777753,-0.0035800898654130553,-0.563760802559962,-0.024620271902733026,0.4870703181921819,0.4741652262966583,-0.6014846753853992,0.491518122356345,1.0265559369937012,-0.3964296521898931,0.9329634191239148,-0.7122491526213756,-0.955137133944425,0.02490861101546893,-0.715220101667138,-1.5097700356205193,-0.23281032030609577,1.5077621873052582,1.0398728791303224,0.6639173382905663,0.09567755402276987,-0.4776641499692387,-0.6168763767095955,0.15098083998969575,-0.9245136721818003,-0.25303392020031673,0.12606396956191762,0.2783554439295145,0.13255906821569852,1.1157463711604323,-1.3656220041267637,-0.6178679496419965,0.3908339383053675,-1.203416565084641,0.28791493938150575,-0.3593741597486273,-1.4840217252177457,-0.5915085933899296,0.9323459685087423,0.09015907044653146,0.9751032598255243,0.8975895720781384,-1.2852948897113092,-1.2013825766891029,-0.6637790242968133,0.9393746210943767,0.10336319943384796,-0.16136534321771245,0.6040427576440158,-0.46293545874311265,-0.06746218386795413,0.4341084380377906,-0.29483196982223686,0.8705926637168052,-0.5040784070583244,0.17313479972981455,0.14507506638739043,2.252701216152967,0.31057536497752347,0.5645884788197705,2.033706449109384,-0.8066518774738458,0.2694648632870599,-1.3495070785762198,-0.7668879887514984,0.9613256160085569,-0.2950480661381568,2.405518881536141,-0.34482377798003916,-0.6603676201326533,0.5120430208309678,-0.4113257711102625,-2.4538324966272125,-0.7869050620463712,-0.4792226923014375,-0.04546189235062048,0.9249447991999397,0.0867466047066418,0.6592691302154081,0.608185987343201,0.9937508997276878,0.07337396531767779,-0.7904438795825349,0.9719304845354015,0.11083217055046826,0.8620473943785402,0.5129299492274964,-1.5802407358990238,-0.17921169361770584,0.3029621363205003,-0.50583679180298,1.493459333237102,0.35250605146792985,-0.9725327080067675,-0.2917932288104833,-0.4900951781502252,-1.0982296789202535,0.015619538809509004,-0.9575726416936361,-0.8531542335715745,-1.1283906375226798,-0.1745703720734389,0.046411239369570124,-0.03353839207342073,-1.6188689007483816,-0.17641483686678508,-1.970207172626129,-1.2909235327687676,-0.4098707275448223,0.24912266085531543,-0.5706930723485336,-0.21675263158289865,1.74776147679278,1.5762902104909,-0.6967269730769807,0.4770344468534133,-0.5038670887331262,-1.441805153243733,1.140295991020782,-1.4191060488238147,-1.5006418295763777,-0.24412441347276856,-0.22095061684760967,-0.4661575786953436,-1.1613122975696246,1.3541166256302923,-2.719485131471178,-0.8594719290840377,1.3156779918314268,-0.03479036155188482,-0.9718004719775485,-0.4101141656140295,-0.5906892964283084,0.8681871122781057,-1.4295467366255423,-0.8475888056031528,-0.9433805462577363,-1.315166350352794,1.1046425389225858;0.30692175187717163,1.5763063150175478,0.21636596721227508,-0.4505950691494127,-1.7422454231710447,-1.3655688767380498,0.40786332165724365,2.2135478695704505,-0.3699900369575787,-0.7753543755085103,0.49752102495566364,-0.5161578470803478,1.2234312128460374,-0.5773839419045333,1.142237182101302,0.04443521704357245;1.2197682362482254,-0.6398909984394459,-0.28443415858996873,-2.1169136513615787,-0.08307857768530225,0.2586796606764162,0.8484977507338506,0.15211908469807212,-0.6362321899450559,-1.8744577859825897,0.22339844120835,0.7661206682283619,0.829906037226833,0.09403961939894345,0.13234145698714922,-0.7123832052054064,1.1813415938511937,1.9865254596638047,0.4189837911133045,-0.7196787451883494,-1.3960791322826969,-0.5622245286555062,-0.497437072336237,0.25172963032750073,-2.5999578741305225,0.10009321808199294,-0.6009450332624485,-0.3015283832109398,0.6977015010142837,0.5032444100081411,-1.381131193472666,-1.006016083419507,0.7791347198473147,0.45789819096980966,-0.11493191912867352,1.0766480129561253,1.4358052453475065,1.2906410565022197,0.9230183473056919,-1.3209799032879699,-0.8580289894553954,0.3882190972256438,0.26547430672803013,0.27751772809834374,0.21198426045619928,0.935404688312491,-1.3631291628484035,-0.17495335538868229,-0.7231972293010798,1.6311160890396788,0.1444607959334136,0.03858147737200146,-0.19275049308712253,-0.6269454559577975,2.2540800570129784,1.0066066950147212,0.4448057514473157,1.1894014555548125,-0.6181393793111076,0.5006074764820648,2.001332514424308,0.6108649435222206,-0.9343312698960262,0.746472798264671,0.9180426510016725,0.6466101790609724,0.5953964179171278,0.9558203656199984,1.4732589112909487,1.7140285441126255,-0.024970104516349217,0.6687368975622067,-0.8387347739265434,-0.9099515479644178,-1.0009185190512964,0.10177216092738976,-0.6051737522248085,0.6399406232836855,-0.780823450175324,-1.3809613085209222,-2.7593070589326665,-0.7611066626235682,0.6444230489109332,0.6814920286527775,0.47349163393883376,-0.21451996042686214,-0.4278366915315869,0.4123180501667721,-0.4834205057553726,-0.836062430998711,-1.4027851876934536,-0.692087086838571,0.9753665191876008,-0.8190250673021969,1.4681668081487722,-0.15927714659943173,1.5128333113776542,-0.8462678715505013,-1.2152098242081844,0.5699241116503613,0.7416984924477694,-0.6567328514025911,0.7434605950522879,-0.2676958201938795,0.019559044529954155,-1.6857039851113111,-0.2634639496680975,-1.028806130610053,2.711759732451269,1.25110925264249,-2.0892189551402534,-0.5947230093441729,-0.26508644017577826,-0.5213336805230002,-0.31969741474923086,-0.23576544240041758,1.0553695354335044,2.22967498287859,-0.9892705053593741,1.1793862870071308,-0.9251251557127608,0.7183596932680018,2.099382088919974,0.3997577421922157,0.20870920319430003,0.1479088517422762,1.0130534871948462,-0.33813112230384323,0.7296961387753699,0.7015281038395365,-0.27668695999967396,1.085106592032613,0.6545311857402647,0.8627838976025894,0.10661995249108362,-0.2506096323655709,-0.44023875814332686,-0.6862101701828909,-0.3827413877962691,2.5830492324129293,0.4236417503932858,-1.495162912618863,-0.7586151762559858,-0.3058210814747385,0.9775083823405526,0.8843628359127146,-0.0015617971873171238,-1.4502745176666898,0.344121329693697,-1.1941802203792347,-1.1260620024447996,0.8714916628828634,-0.33854028565173844,0.6539011971926652,-0.01675450830289893,-0.6726631095372242,0.5938236558465868,1.5031471832148082,-0.3871046167263344,-0.716339435744221;0.020991658364366034,-0.9102233243148032,0.29847580237872834,-1.1086185433259381,1.8789722927253225,0.11063483027206678,0.861214479079589,-1.96212242014767,0.6378850483239115,-0.6892992999521493"
9,1.48756049349664,"-0.14859985704850948,-1.5606112561927115,-0.8591731542052305,-0.2014598336435215,1.6531551247258283,0.9001526742946907,0.9044881617043662,0.1077213683362657,1.0668777391538604,0.9174674886796577,-2.1682156974900373,0.5459665010949739,-0.15441793956011618,1.0045096674795018,0.9197716827377623,1.0638578766585518,-0.15860451647021664,-0.7337646883174866,0.7993630822199519,0.9182030534538644,0.20712743713088122,-0.6816082902557143,-2.441027651624231,0.392756604333673,-1.079092325046206,0.12361781168310124,0.9865676121982283,-0.8649233637787347,0.11707264004046342,-0.47796238832528204,-0.17717475336716534,-0.031267057417331656,1.6113673082898616,1.673185383270803,1.2827854203336604,-1.2884994264030452,0.9906800709149194,0.4210699356199007,-0.44248266232249217,-1.316015072460241,-0.6645531126362456,-1.0458248338017786,-0.7471366380076014,-0.13756355596609385,0.3308052374323667,0.0635204423808288,0.30845706923939575,-0.01766126876111722,0.7446238902460931,0.91959270775683,-1.328801185794893,-0.45199919066317373,0.2706566554315555,1.2474861136442554,-0.7320412924648694,1.1195699462682034,-1.1019853056183622,0.9986162236671995,0.5055637067866888,-1.365579537131628,-0.1439516554626918,-0.3488398356846596,-1.2113633690716714,-0.7973305640178444,0.3693599507965963,2.029790321914183,-0.8224020081645373,-1.0745130911956102,1.5807905917183098,1.377813424112853,0.5317647961407989,0.11331224744989914,-1.6648859990304843,1.2234465075641268,1.409368173995735,-0.8159129496444095,2.4409296758942367,-0.04325674493616814,-0.14913247842311106,-0.7224948981876627,0.14044287859393734,-0.8140171402470742,-0.5761462012641415,0.5381659143118407,0.13570171808840845,0.07971191878629291,0.2528877021164987,1.4577151738063836,-1.0254081296125122,-1.6421569332659085,-1.4290276230645798,0.32158757754112255,-1.3104640938509493,0.9425074240901902,-0.026613592189284302,-1.0437219414530685,-0.6285108442110333,0.15250689993846908,-0.00943561441168475,-0.41033536699741224,0.049898614159235216,-0.8284444654475474,-0.33716301580591956,0.7249757726449649,-1.4734647484273578,0.9682292782238417,-0.29279953751767523,0.5267043735577248,1.4049931100758515,0.7846622005056572,0.5554058225645697,0.16262503453064303,0.5523221527793651,1.4733801459101887,-0.4166326885173575,1.0929226162408938,1.4661654426884982,-0.4103844036600671,-1.7508091062989792,-1.4084229085476339,1.1326352253372447,-0.6490160767537481,-1.0254418212184713,0.1869983847296396,0.7026138255590184,-0.5169663618288506,0.0001537568921087945,0.3859061365568599,-0.37263955653563013,0.6774477537288628,-0.42054682330360527,0.6596153844469321,-0.1629947409081252,1.3726522540279642,1.0830569708564222,-0.9969255380498202,1.4709159312919189,-0.6445565893596777,0.1630739468864364,0.3142238582410739,-0.050848530511549035,-0.4436852186510145,0.9762314172840387,-0.3118658407113805,-1.666487289284449,1.1953979866123856,-0.23861572256338673,-1.9235444063805194,1.3070521438036045,-1.9144289863014519,-1.440130228481841,0.8877797800464604,-0.19734769361089546,0.197173501810252,2.3106851223744624,0.2583739778200288,0.5964505507517932,0.6719914762700825,-0.5817330404215737,0.18968054038368898,0.711298141181869,0.47728534177441406,-0.41521060295593537,0.7051726486318715,0.8634379326568318,0.1582245758660711,-1.5483444568152775,0.002941603218791819,-1.7217346327361858,0.9697738266813872,-1.6223368137991647,-0.64022154325968,-0.3457435904924394,1.2953874576999573,-1.8068279737878203,0.7270501629295522,-0.3268359729107357,-1.9211460184102442,-1.4979839327359268,-0.056206378374719757,0.11551468612324675,1.633462810727479,0.6568536086698756,0.7608155781979308,-0.9202541086565226,1.0325064221398175,1.917346229603422,-1.3950309071717122,0.3326220006202033,-0.07274037785619068,-0.5625984448644858,-0.5181808748961547,0.5691021568480787,-0.8430097622365202,0.5622408086697473,-0.9012237570170829,0.11964409710848373,-1.3558009257467187,0.0634163833947248,0.9897777905389986,0.8084834377609877,0.8748198341361375,-0.8907248681242267,-1.3031792492657768,1.013053229855555,0.7021267695596115,0.08087235933007067,-0.3053378829313476,0.24325360455001474,0.21064839084713777,0.4435223129021306,-0.16351878176609974,-0.8435040941793013,-0.5377628098020046,-0.4619335275889633,-0.36063107125728033,-1.4047898653543718,-2.1493956976676563,1.0760042774645693,0.5935375580046356,0.1343326337783861,0.7198820796386365,0.15406227467567846,0.8083727135494223,-0.486193552965933,1.5212778093716466,-0.5347323777719479,2.21019470617436,0.22899885156673372,0.35546281733021723,-0.7262503562719674,-0.5551216970937878,-0.5892719229221551,0.13072360467537933,1.037315861321604,0.8332936179299556,0.244843359490645,0.3612031158944696,0.6166652967226657,0.05414956592025693,-0.6732879717779918,-0.7341536214440664,-0.4956003508099535,0.5713081414850829,-0.6020262396668289,-1.7359363324295778,1.341962194774481,0.06821430731528737,-0.4651020840914171,-0.5886070571856797,0.4427884202388295,1.9579874337961252,0.2340248292459305,1.6756961243664368,-0.8164296508759188,0.040132101762551664,1.178143478167513,1.6634540679044183,0.8610749652416242,1.1619479630965222,0.44741547257438863,-1.4467430455690906,0.32134327958540887,0.7589897570328616,-0.5690045374344925,-0.4353446536896817,0.29980317428470293,0.8266071726334759,-2.4681951980894365,-0.4531195345679685,0.9774156555647021,-1.8153646430707773,0.2305090825934677,-0.15326579258331957,-0.8255583743482706,0.39151795359615776,-1.8903008192536428,-1.215744464738196,-1.1254758239250606,-0.6941002792151392,-0.6297643809419691,-0.06333307017497249,0.42895912726536317,-0.973303351164386,-0.40791111544709935,3.1662196486299465,0.7885694191248314,-1.274542949214432,1.7998674957733074,-0.999206700353103,-0.1700630869314388,0.730777952703377,0.04395664965693033,-0.5129455641057492,0.9321280550133211,1.3796814602492358,0.2606261355538429,-1.5278199906379557,0.47936967092973976,-0.2652901560798631,1.7565427968719973,0.6571717267457512,0.6347044005548995,-1.4937758867647635,1.46516299807515,0.6238671851218103,0.09178691671711775,0.29766041491619843,-0.4464873241257488,-0.4598861326064531,0.04727909297925875,0.3528850523282292,0.7638974464769893,1.3680451148688857,-0.08482951307702576,1.3185944454359335,0.13414982638285222,-0.6854648828846143,0.12522423193515736,-0.32044986551591426,0.7539207021950047,1.5311697442756886,-0.7822467622522656,-1.5417226035742864,-0.8947177683758146,0.6991951713870922,2.4032831758654334,-0.013502673017642894,-1.3737257651441084,0.40569382764738976,0.8078240600176555,-1.0480557080921884,-0.04324613027478038,-0.23457830515675934,-2.7763838146174233,0.2836771595997522,0.02734940087422308,-0.025104993569531598,-0.01899203743130136,-0.5782729624385456,0.26138780251715343,0.4226041864180921,-0.599752593446393,0.030050758260667332,-0.043298781564754404,-0.4125054224391902,-0.007004940292006018,0.2920947812201511,0.017139609193334647,-0.1956082597579331,0.012446511890136389,-1.2522772749858062,1.4598776505399105,-1.4258406296665156,-0.010927662959568825,-0.06696312659665594,-0.8900588955475741,-2.258626833676949,1.9329649573788896,-1.5204532199158731,-1.3486800007016986,-1.214054578099987,1.5617620979936326,-0.030203112588604586,1.047114813337847,-0.5789284274350885,-1.1298345677033863,1.3321051624370266,0.3163981075957968,-0.47777876785832496,-1.6732838124611646,0.1876982418068855,0.07734321300448899,1.1373828338934773,-0.6667880976529035,-0.21235699062718405,-1.202344503552308,-2.0807632618463514,-0.16165274875348581,1.5514978417602783,-0.24704855590076358,-0.9704011706349277,2.0367953419206817,1.7951515000023848,0.18853142108325172,-0.9642767577930952,0.5466242382050153,1.190968125317898,-0.6712611277920462,0.2825389491027469,-1.6278301297483,-1.2011098111111225,0.8699692383421525,-0.2818062140073072,0.20121430200449186,0.23988204858445103,-0.0010786923883896165,1.8135483532905379,1.8692485122067255,-2.880457511761951,-1.5576658397059875,-0.7141482334392505,1.188496130439731,-0.8330564741664839,-0.5485601126906167,-1.1006191939024068,-1.5694550227786994,-1.0572257934660998,-1.0864485472178629,0.08053517896266771,-0.8619920867852726,-0.47941099010617644,0.1672302278169596,1.197754490860361,0.6886447359354351,1.556557381892543,2.8715655942123024,1.5125918407263703,-1.566837510084612,-1.2792973027438599,0.7471441426991178,-0.08830413711030205,-0.7648968333160123,1.489660038572021,-0.4974595549190082,-0.6736569007092015,0.6859997254756754,-1.1133530689846565,-0.303795321694502,0.7304752115420458,-0.6644589863814969,-1.6113079176771987,0.14849919953366864,-0.41812848494445365,-0.38632309157036804,0.5336332772039323,1.4894531141524021,0.3119819275328686,-2.002230858149449,1.3185116983548117,-0.45295056375340176,1.1734340327814774,0.06502068293963245,0.49751562251241216,-2.2429064157852454,0.09327379000228278,-1.8917190936955015,-0.8226202024275804,-1.1746519450124946,1.6376000569405857,1.1938381012940742,-0.3891648271363832,0.48374384818027627,0.28238562921416654,1.2482995798434482,-0.024516160622374272,-0.6840502663894613,1.3493712004217966,1.2736206291633274,1.5465038397434678,0.4184071681484238,-0.7528043177921014,0.4359903363734405,-1.2031285026697087,0.1268875356005068,-0.6139149615965367,0.6624550504276062,-0.7137955750238334,0.25156759823173896,0.9774185402404083,-0.6419997578858344,0.08429045031542727,-1.0576879987439278,0.501676454874815,-0.03519898236629335,0.6546167908569863,-0.2958691736199223,0.7514784750196686,0.762402039302812,-0.7669590533259169,-1.0916738494273235,-1.171556523057349,-0.5271048733370667,0.0525658585956742,-1.1540018002820915,-0.920160891514649,2.830450256286655,0.6950340792252376,1.03169052577862,-1.5524217076939144,0.10377919563592597,-2.4318781582954734,0.5136334718626235,-1.2908261428381174,1.9024582676520463,-1.2189037602797153,-1.5990488517057608,0.32883059720741986,0.8512666493873706,1.2552364638081834,0.8637587924412677,2.174083251965796,1.6471315093675238,-1.0055358908690635,-0.6158222932659022,1.1832079912071671,-0.01931655065304337,0.5295330088231226,1.6997005374583392,0.30422876124919584,-0.3059076562301411,1.1607785889721052,-1.049641526590104,-0.538422463927807,-1.7896163575009743,1.7153630485628935,-0.8512487009643502,0.9226215206929628,1.5634944990369406,-0.6378260396563948,-0.8345613934490131,-1.2145826575002237,1.163889661172954,-1.273906713918985,-0.2884821098216508,0.0072301629007482035,-0.7070593186791476,0.6181705603578916,0.5886671308008798,0.8321230278272438,1.0117087836149226,0.7216287185920192,0.779784416285662,-0.5013599904863896,-0.04443682702604618,1.8167949100533813,0.5874552034089113,-2.007583545877896,-0.31082886321920705,-0.6364889042633338,-2.149031103818801,-0.2786044513356778,0.6156971385988664,0.5895021234388869,0.24819997107873756,-0.5355871762448455,0.5178115328558469,1.1144351248714264,-0.9750837278434727,-1.4217017063662016,-0.18495850633334257,0.7679821978269779,0.5100607195663753,0.47396006545572217,-0.73941475014246,0.40025534777853194,0.8986354918216461,-1.2367397299452398,0.6907172492363265,-1.4564549416105965,-0.4709096585992563,-0.8900179822044034,-0.4518976678911951,0.9307567500528744,-1.4626763878191475,-1.025347418380892,0.37810297623493283,0.954552172907726,-0.9686517220708657,-0.26965633855117355,0.8295654267458128,-0.145982960537992,0.6040459047275292,-0.1980295609072083,-1.1569859622948104,-0.14526411671805717,-1.433379610932775,0.2994693559912107,0.05862503540799511,0.05801143516410747,0.0117327203275477,0.10349544597358842,-0.12182537191725543,0.9055509413646663,-0.5161666752545279,0.5676162653654648,0.7456412299505857,1.501271956283437,1.0324874758123286,-0.7453051412480315,0.6185919280206382,-0.16067775561430675,-0.6908713622034114,0.743693679589575,0.16135145866568976,-0.18276226666493967,-1.4732540494642203,-1.265057607145578,0.5963892483423732,-0.19814074750859492,0.2303507287562942,1.5866981040845276,-0.8333269399591625,0.2015740112361556,-1.287104214610312,-0.29632973142655034,-0.439201062646821,1.0917509210026077,-0.7077885529219768,1.1192013201142297,-1.9609147319344482,-0.5485222308874216,-0.2896828708454817,1.2906673638364123,0.5317755021094386,0.18528970142716542,0.7357702510569956,1.0622492218077428,-1.4727100414691572,-0.26545138399918156,-0.023722412294236415,3.1091523409081714,-0.052634736952664934,0.10925167643301276,0.5164596581776102,1.3287629025693042,-0.4516062927424251,-0.4006025252170764,-0.3906660736472184,-0.4600682168098681,-0.8063368317677395,0.8406826844935468,0.475918009127464,1.994294905495193,-1.6373670083973564,-1.5088088403501314,-2.3632006080661903,-0.38018510537292327,1.0684702564126365,1.0379725203047996,1.5285146855901597,-2.473457490043315,1.5121820411748024,-1.6042576302642066,-0.40272098604497053,-0.5228484714479958,-0.7359029281686387,-0.7597287145549688,0.11569752019513713,-1.142374534810829,-0.3511970840709441,1.4008624506115082,0.18020553740792403,-1.9459189436586484,1.5701262328596515,-1.8716712305936478,0.31799446061431735,-0.3982985834931905,0.4320874655578961,0.9815918218450492,0.75828831853673,0.7400809011883475,-0.6255772436548555,-1.879927442830417,-1.5842421992549782,0.6190654107222792,1.0289940104487583,-0.926311708291286,1.5237317416219378,2.202301279239639,0.6085788006705589,-1.1448716610426135,0.2892891856846285,1.1545951836709551,-0.07301656360589431,0.4761912188646402,0.6420189031268009,0.31406590956949243,0.248349947711391,-0.181064298897265,1.0139705088331348,-0.37543646783265766,0.780579905299302,0.41761833230707557,-0.5935720187443474,1.7416952450395056,0.09299130543026408,-0.2053899903426729,0.21544614390426423,1.181449718296701,-1.7696344900850218,-1.0753954426711558,0.7519073774623686,-0.3088694575590959,-0.3317327308070353,-0.6543814805122986,-0.11333577421483372,1.8898717350112155,0.45868621358829054,-0.5955220531391967,0.3379018752931532,-0.9994227030537797,1.1284443691939505,0.05440240103118199,-0.20933768146086346,0.18121963378230782,-0.05421162003404423,0.5708836412954601,-0.7261042846415611,-0.16566117460996238,1.1750794625446022,-0.47433046880439067,0.9744701856132473,0.4633564228627879,0.941442344397821,0.7612931804204395,0.06140513671448077,-0.22231299004196184,0.7135610191876587,-0.7303179327572281,-0.2952078784179761,-0.4310120922717647,-1.111772671354215,-0.008886261151273112,0.29015295631818305,0.06376978663981794,-1.3238222288016581,-2.5102217981282324,2.253271729506469,-0.19219100314619852,0.3052153274506479,1.4934169053154425,-0.44036079405206074,0.6894996090751793,0.07517950780415204,0.0687433102936095,0.07051971263447254,-0.015778861982429906,-0.4318091568583131,1.332555808257188,0.46307230040353164,0.2583734977826496,1.1320367293312237,0.8685269623096469,-0.15768199130416638,0.13690831635182527,2.2552294821942938,-1.3459306439796617,0.9889137253110039,-0.3651973076458108,1.340081315329765,0.3244542703868655,-0.5512997984183493,-0.2987728762443562,-0.6185457610453144,0.850715486500117,-1.268222263420133,-0.20540985426529318,-1.4213674814756607,1.2556377883020367,1.8219740975646168,-1.554815988811856,-2.673485938726325,-0.5389063354419195,0.6527161553714911,2.2151696767458726,-0.15860647886989587,-2.092869175066169,0.046930068457910375,-0.5337862648205091,-1.0674228688406564,-1.2377100957529623,-0.13150443676210774,-0.11229437637671813,0.5182286327846309,-0.021407350860350977,0.417248368404823,0.47845127602004117,0.8938231719178522,0.6410849081677202,-0.0003314309710173418,-0.41813024462182113,-1.1491708207870766,1.0589218925378616,0.6301473713472135,-0.5831012893203205,-0.8230739723094272,1.5005178672009463,0.09272565100181737,0.04138338647932829,-1.520421191348234,-0.87740080551428,0.5119924082395588,-0.10007424560344705,-1.2176302096745735,-0.5990833038461942,-0.5354276167461937,0.23157171640005175,-0.9056177937123986,1.1507207945356948,0.07761797633882227,-0.5353388038131028,-0.45438176442794953,-0.9089743814834704,-0.9028700403208733,0.40779430812448664,0.4428189458879199,-1.0603018423164627,-0.5225124330670322,0.6978209173246481,0.09150786335848894,-1.736597742705877,1.940293898468944,-0.4625506963975329,0.16099122068284635,-0.2997334010581207,-0.3537505481402965,0.7306834258771402,1.0253194135926877,-0.02595030652768339,0.7710444301829267,-0.17021730693460957,-0.3959506755501283,-1.0424785038683495,1.7897666397006804,0.9060627415220577,0.33542401959420465,-2.0748756534184705,0.5858482461639375,-0.890261159783596,-0.8905827504342674,-0.7121634760972152,-1.2309156937351322,-1.398913475666333,-1.4361093446641229,-0.6354044056096206,0.31376084975514884,2.023195198236981,1.0045871569029248,2.9014181042539264,-0.4069013426939095,0.5912291642162026,-0.28979415752110127,1.9477647095293156,-0.36238052833463763,-0.6147205863676245,1.6030928147407755,-0.9520469648457986,-0.1372716208217994,0.3187139667829652,0.9047476705853841,-0.8081573110911253,-0.5946896571745354,-1.0883592046355834,-0.3347731889258722,-0.3060578351542248,-0.322243200791072,0.8004364022735406,0.9818042799859777,-0.37153971533799196,1.2877655710324685,1.5734101832639196,-0.04963121898772696,-2.1946413695363463,-1.0389370996668754,0.683114712759644,-0.8031175509107114,-0.14450679451444504,1.0760166786738077,0.37149474085929,0.518586215246204,-0.3751684040596751,0.29016072523212455,1.3504447871941325,-0.06999144978815275,0.7891938891672428,1.0128397408981242,0.9883228493592127,0.7159985901204183,0.39250023905495784,1.3989247680879793,-0.9687905938778614,-1.0107588122410522,1.221235855179785,2.084605894094823,-0.30340740897148805,-1.5503945649516189,-0.4812840493690825,0.18420729726394086,-0.1443868319496634,-0.31307939875502,0.9785406389017614,1.0305811235914248,0.011304935811699335,0.2115274217402745,0.01036843116913299,-0.09514342413744814,1.6785635782200856,-0.6845961328461655,-1.136868307614812,-0.3340107879494915,-1.9425430135152277,-0.5280402740677703,1.803474586351682,1.3533815832711535,0.5941857878245298,0.6752936433030616,-1.6633918256274618,-1.4628967206975718,0.8090020224619858,0.03622384108961048,-0.6916500913827878,-0.09953911065029045,-1.5241073099961726,-0.4157118714182904,-0.826013974101034,0.9947112138576322,2.0770718327615523,1.6313816213482732,-0.7672806052077089,-0.3847476345501374,1.9489171564739667,1.4128815021179715,0.6321333802862042,0.21400474250909368,-0.21152144013634638,0.30763117651035043,2.5743232240789657,1.9701698153281986,0.12417251421739212,0.3661383936315926,-0.571928738293878,-0.542469267154849,0.4674256017804499,-0.2421859603185849,1.382497338299346,0.5587694549412993,-0.3261772683862201,-0.7098210711566713,0.18344840131845558,-1.4901724324665517,-0.5332077069489585,1.5093680794404054,-0.29666545329867994,0.47076258609527816,0.5408600396174589,-0.9592426105194636,-1.373584461695573,-0.3295926189234568,-0.6418405302960924,0.1237878021779208,-0.8104054346586396,0.2042120854643285,0.7904556736754194,0.6802633579735735,0.17185057067542533,-0.7247514102901507,-1.8272608741548422,0.29028793284907906,0.19057466195733958,0.29835187843616245,-1.466595442824201,0.9667182414859957,1.1596782628338065,-1.0949580071479368,-0.10873949858578227,-1.2271809290743476,-1.0130476190225528,0.1713261715421439,0.3320184326709914,-0.2559821813411308,0.7765005838015149,1.7140216254678537,-0.5399625837614254,0.5872126341836049,-0.3500737512266935,3.6850706592631632,-0.1924007608194459,0.8248687766854897,1.0260963373055128,0.6240730540549052,0.01416560891994964,-1.929322735031055,-0.0017411480415990416,-0.5087186428421391,-1.7567679158311624,0.8174354081762885,0.21345458511365809,1.2185771453207803,-1.6286553476697199,-0.006308829962840268,-0.4534950429995229,-0.06615684230065307,-1.5781926893586384,0.08668357541512849,0.08160148142862166,-1.163951920004675,-0.11283645367567188,1.0426934076587742,0.6484323186080245,-0.879090671587947,-0.013498928748534623,0.17358456904111463,-0.3407773895204511,0.04679166446010673,-1.5371380748622103,-0.8548957613683683,1.8574580930155644,0.7529308831168113,-1.1916830514819026,-0.4360826066250039,-0.47342259881623705,0.44207359638387517,0.9885145094182635,0.3144892785694501,-0.47967773698002975,-0.5557563094236865,0.6288618907955956,0.7965355871082005,-0.8929737184114396,0.4979951072223693,0.8739745397647651,-0.9370187634969419,-0.039732734354080576,-0.05711351349410272,-1.0001929885203655,-0.04696394225849775,-1.2172458776773833,-2.14157658748818,-0.12770994407341635,1.3909523893634808,1.0059203416736637,-0.04247539429959739,0.39542575255030277,0.05943036590364674,-0.4656591581298568,-0.09848599030426321,-1.135926385499221,-0.5331996279526893,0.10609450202421788,0.3512887314736656,-0.0027064157825097274,0.8607063035562766,-1.1032739676187546,-0.1924960792841231,1.1955879773681752,-1.4440317842262358,0.12600684740222962,-0.7307193116581927,-0.5854708325158828,-0.8819062411467596,0.8734952184681376,-0.20901018471693925,0.6068050086385283,1.3719179751949209,-1.326228058341809,-1.58657689982414,-1.117911454611533,0.8728175497091624,0.1791053342452249,-0.7572878689558985,0.6736220590356429,0.2529738330237085,0.07796736246328573,0.37752180574795435,0.02650010679682882,1.1935520736503715,-0.3956602387323723,0.33190666814419667,-0.20817827021062746,1.6593032793495819,0.42431839435321705,0.35950429474824186,1.8719271334828844,-0.6038437472915443,0.8270865240423255,-1.1210268149278562,-0.29937201377984773,0.8130118682474472,-0.2383861477156811,2.401479877147318,0.03952597332324927,-1.0659777977541545,-0.23012931323255312,0.07677746308098848,-1.7064164800555313,-0.4153754634624232,-1.4056337654371127,-0.1659228689220631,0.06672698527340724,0.2859316448721288,0.761845502547524,0.6178320623484993,0.9388556156837862,0.008358684505943565,-0.16810474598511557,1.2255666089312083,0.615883519814726,1.1371544969558807,0.912050482129123,-1.4860741710191143,-0.49880527575880357,0.2821592208808153,-0.9700401839064328,1.2526047220979983,0.2514153227984496,-0.5147252810661542,0.21311245136220192,-0.5433046557647395,-1.1064089479256343,0.258112953142559,-0.8142909700131181,-0.5529513215411906,-1.61218627426494,0.20016051080468675,0.3596349652699444,0.4347964332510386,-1.1741179401971198,-0.7867007814029414,-2.585767643404701,-1.0130117698099175,-0.501792652996176,0.4191775192580096,-1.0623039567269694,-0.18202361855079238,1.0140741283203678,1.2293446877274425,-0.7062898997183172,0.6327368489826654,-0.921476718978415,-1.6615690243582557,1.0944742759995543,-2.1800515019015547,-2.0767363566502,-0.7943003949418801,-0.4698458231371047,-0.054559618736564855,-0.8152677755641581,1.2718469700706698,-2.522127313132893,-0.43209980887472355,1.662098259461394,0.21779381764203534,-0.8345063111765749,-0.13256920574359432,-0.3490831787950233,1.4876814517747106,-1.397470204019682,-1.0024052394354181,-0.9904635413832735,-1.7944700094360329,0.9292397452528603;0.17562562304589988,2.030006924118477,-0.49448260655570725,-0.06954519992429792,-1.590896693094385,-0.5889069212918684,0.7289059759243441,2.1342641504894218,0.0680926279120079,-0.5998215716072285,0.37561141498243406,-1.2376792430071788,1.125391167114992,-0.5846691703858866,0.890918782936734,-0.49818387786471896;0.7285203157717136,-0.409523559326805,-0.5615813998629606,-2.3109821142293145,-0.642565465595255,-0.6151422135972532,1.0100262171914014,0.6036219386310068,-1.258498584200081,-1.8981162632307806,-0.19213417245587966,0.8659339141629151,-0.024470565037792352,0.1750380509027679,0.2892288718813934,-0.3202242623252912,0.8778662401950446,1.6746430163442136,1.0381285409901653,-0.9079354141981655,-1.5657192995925449,-0.5175526456295484,-0.6719950912241607,0.5929159784845233,-2.591391654878682,0.3673791876508702,-0.07903228935458823,0.04932146189290526,0.7374589370327437,-0.8042576175061164,-1.6950427118283795,-1.062331735468983,0.7615843672298467,0.016683998540201972,0.6352504056162711,1.0406934731996749,1.4605818875127583,1.7506573995902373,0.8630690567031518,-0.6969163888500309,-1.0929166638234211,0.3339055776475027,-0.03369566029605224,0.32274835134221436,0.3078006986682226,0.8205171807344243,-1.7040368560263375,-0.19505429219079573,-0.40210768648720907,1.1805105053258567,0.6587395003955141,-0.05865977573675796,0.09604596812001853,-0.10765328989463938,2.548655331102807,1.1875088532852272,0.17164716365157456,0.8354226667974178,-0.2978827707816087,0.4419760660531611,2.662179503465817,0.7380524825945756,-0.25566340680275323,0.4888695759965676,0.8679943039764015,0.518220952698946,0.5134120235329286,1.0833858915708698,1.6380152904534973,1.6516162067503861,0.20675553613747943,0.9301875781165272,-1.1613883023928369,-0.8922752210617954,-0.7865438036828221,-0.0028439961518141946,-1.0131725808874825,0.40330372980408596,-0.9205279725289468,-1.0236128325346971,-2.35722810377405,-0.6726589121631885,0.6351308990557849,0.4874840288021066,0.7145272792461744,-0.12618844092736572,0.24296958420349854,-0.0688949850199496,-0.5663122915611516,-1.0428495285727621,-0.5121765682047855,-0.8551618311509511,1.2318063529346277,-0.9179142095655363,0.8417036069623879,-0.21059727305737244,1.1766956944203517,-1.1244830143393445,-1.409961921303663,0.5146272412787453,0.7309741212352295,-1.0980131296280409,-0.09521797182995828,-0.3291558949973607,0.2575496059610626,-2.0277329180256127,-0.2054850541654304,-1.6055232392058805,2.5711043093944426,1.8911321772097707,-2.0455253170239027,-0.21403432108630766,-0.18860864704834912,-0.6512031234125418,0.14411098698713906,-0.49578768224432795,1.1613820201346938,2.3318913452378824,-1.5226607006170754,0.937255152189399,-0.5533936237627712,0.5690650112870036,1.917899650410387,-0.24041585779556068,0.5000080207773787,-0.6494504576347359,1.1065525252134358,-0.6598021382180551,0.3199423072256341,0.940412846043686,-0.4084260596465305,1.7429357961574545,0.27315215565096057,0.5343404834798188,0.1548360046386534,-0.23758569531399676,-0.5685437567633992,-0.8055395976398325,-0.2162054064067569,3.054341232424176,0.5316458483755739,-0.828882724566442,-0.3880843741039114,-0.4333827424397113,0.8517886224663478,0.3049979055464829,-0.05471148404938833,-1.6102225129408072,0.27486260983919564,-1.1830691089187426,-1.6211497169480729,0.844224719560604,-0.07977573166356863,0.9679929431699621,0.2586040565703267,-0.6710402411629972,0.34742099121771025,2.0026645030350814,-0.6685747116868737,-0.7055474172932557;0.1875293119364218,-0.1868229945835056,0.4365802080891015,-0.5445538400677286,1.117585046618361,0.29547602900039704,0.47881288996297555,-1.6350831266477848,1.1343075066782824,-1.027901009817484"
10,1.486906500754244,"-0.0992892595468492,-1.574387614535307,-1.0266533396549005,-0.2681405367999094,1.6229829225084427,0.9776792950137003,0.7470154773685789,-0.055846661360795705,1.1448807602572073,0.7520294149604458,-1.9155157794245041,0.49873138893145147,-0.31253767052804005,1.1964520650447097,1.0173412250022416,0.9588129369426855,-0.10593319244083688,-0.7409906045572038,0.6328398724693723,0.851492954005392,0.06087251623053806,-0.8269419257711706,-2.326505643365194,0.3526833771990007,-1.2790323344132632,0.01753489951648192,1.1255488255026782,-0.9871478486331013,0.28945656722394414,-0.27936567527861167,-0.1443143416695431,-0.20791896646908017,1.5853407973616813,1.636934782073038,1.05588833836877,-1.5277225358000373,1.1182818543321673,0.6157243987639804,-0.261077001094006,-1.28730102550584,-0.8118756499373366,-0.9575938228983933,-0.7526458687538096,-0.4534579566501622,0.24784444700729677,-0.04964784654140592,0.349650532869333,0.31783252533333045,0.5068548573744441,0.7965885582147401,-1.5295745455610106,-0.5882338957727777,0.3626114252537471,1.0538120554185884,-0.7801412105417985,1.1542407677685385,-1.1045321521165177,1.0380276268211963,0.37508045027519443,-1.3272012296736562,-0.2834190161982987,-0.2672093279132011,-1.2371914628645317,-0.6910362305324916,0.4142559126122567,1.8297533298854494,-0.8152390658847429,-1.016673044684142,1.5237467326589937,1.326892584184114,0.5898968673897835,0.12916211337481381,-1.6960160652957683,1.403055519073579,1.4840325736007314,-0.4624563202043177,2.3924115339218353,-0.05479688327802122,-0.08447381063633683,-0.8055935783308269,0.12125356401726493,-0.8980651973780687,-0.6075540742249742,0.4843113675032955,0.12975166716739095,0.05878131652931268,0.4778077028355765,1.5454419278722094,-1.0389402120602211,-1.6091175790614387,-1.6779668642449987,0.22650616129854317,-0.9832517186659051,1.1380702798285998,0.3213431562251872,-1.101321244481585,-0.9627114785522265,0.15856193362553225,-0.23372095599126763,-0.5007860917986787,0.021032076937525207,-0.7041702540828636,-0.48121065270278107,0.7124573232343179,-1.7372323154739273,0.9731494125338216,-0.002160536685788861,0.22964164788276428,1.309940388521334,1.1299029895803219,0.3181344369255349,0.3643151381731067,0.4448000236584156,1.674724213855964,-0.6632025780436213,0.889019832610981,1.3860185658687136,-0.6524980186628008,-1.9672656092271905,-1.4871998838210343,1.1754267220530803,-0.3682902119104049,-1.0231948118210814,0.2826647644882697,0.6820782394317545,-0.5365654767571907,-0.014171693792564041,0.5175301382708248,-0.1794165591681342,0.8405106902038371,-0.46262152899136333,0.6054684417720073,-0.13150883190431145,1.4495785891498858,1.1335761682479855,-0.9346308122259255,1.2321991523993454,-0.6062634633752462,0.43353776292073937,0.19125215392480724,-0.07503727525712214,-0.16187156726179758,0.7862107328505463,-0.23941415453983605,-1.3374359926551103,1.1436181564248002,-0.2725805894992851,-1.9862544170130216,1.4091311113391791,-2.019381718285584,-1.5468595207175586,0.7876831429227229,-0.313216608744995,0.2089877328452796,2.40223216978826,-0.03616937171137105,0.7341677901578842,0.48099432479703397,-0.5018220465171973,0.36156950128673393,0.7993504826875983,0.6233360189098539,-0.4976855092916148,0.7306930481134517,0.7640701887869082,0.016876401315635448,-1.4923781023935527,0.06359544147670879,-1.9269712918167892,0.8246886870591386,-1.437910129081829,-0.5873512014400618,-0.23559694868038059,1.1611921073857472,-2.0724063099046375,0.8067667522538632,-0.31483605509935175,-2.149335029030464,-1.4030134810698491,-0.1905025837269967,0.3224132791555391,1.632423205162017,0.5229202761866574,0.6307093742973453,-0.8680886478828508,1.1032540940961328,1.9800415178540496,-1.5495369428929826,0.2512135028152936,-0.22336152289120534,-0.7394163711324176,-0.5236692584075291,0.7405847584782806,-0.766186114393862,0.43609140264988155,-0.9525339784535798,0.027764124903849746,-1.4050745437701448,0.0393834790348496,1.1286314371646784,0.8849415893585948,0.8820594133103243,-0.7294811781131376,-1.1283610859564952,1.0005562568478035,0.8567479883935736,0.15914031515004845,-0.22897929056862795,-0.006554022846106483,0.002068940248101364,0.29545368382555015,0.05087758036425046,-0.9075271051725001,-0.5879472942318481,-0.5621281639887716,-0.4366658507924904,-1.5922193463258252,-2.034005267181555,1.0522641588903798,0.6691262572366642,-0.11726359099051967,0.7355656963831396,0.1828191255209025,0.8738501898913291,-0.5545408255482407,1.2094343190085355,-0.4819415738436498,2.1477116241830077,0.0666325213239356,0.39202779473398763,-0.7126877700328178,-0.42616301852274063,-0.7529101203803806,0.18828876190798102,1.1678308313758148,0.8638226391082554,0.3006343813134183,0.551639024530283,0.6512814158673264,0.08759249893168242,-0.7228234870012143,-0.8851989176443267,-0.5263928472730973,0.5447974690907105,-0.5258676587319926,-1.8108087949505982,0.9617245340655316,-0.10422092964344105,-0.5212500218714172,-0.7035619447940255,0.6612405487646406,1.9475137045306836,0.4579295743634621,1.6587556595686723,-0.9843445094469946,0.24087936072699956,1.4080584878020836,1.7364344571842307,0.8123365277203295,1.2415253312903007,0.6822555936412229,-1.3167086894517563,0.3464392437954743,0.9560261233908363,-0.603616074328342,-0.5812058945876409,0.0915876449221534,0.9673736899444783,-2.3372859643380126,-0.43198368442761154,1.080029248523177,-1.66078041620465,0.24668996051865513,-0.2553971154262171,-0.7137834228455773,-0.05158239434124159,-1.9419282455967983,-1.1586737551466975,-1.2505589856380122,-0.727166754251949,-0.4379604086951554,-0.22627646113094246,0.663509240886676,-1.0495841624319044,-0.38444020862660566,3.2252908697389033,0.6784779205603102,-1.2530139628224009,1.7158356954195675,-0.9346773272392964,-0.24408388928788644,0.6644069778716505,0.20960654558194924,-0.5127236035972156,0.8704942500065769,1.058914787257043,0.341576005285565,-1.6044914143532591,0.4350459507939989,-0.12056251758977282,1.785371889794529,0.5092692868092459,0.5632637613887498,-1.3157867046472016,1.5460400614623409,0.5306805610766603,0.3984983386948844,0.28334507570476664,-0.5596964140266044,-0.23219264773330872,-0.03444818235143686,0.44659648504384064,0.8745989259601006,1.405484379212602,-0.32376856631319817,1.1418561454075438,0.14640697287626203,-0.528455311588982,0.10462572758248262,-0.1258797699747815,0.9414674154760593,1.4726209680147953,-0.9267567704035377,-1.3732340888759738,-0.9362649797903222,0.8809170604314631,2.6490059996324105,0.06210216343420773,-1.4613655936393455,0.36236125295126614,0.9090358068082465,-1.02397876099877,0.15121607687015942,-0.14396134213711156,-2.755256479675926,0.260290024468161,0.05773193463415244,0.05504251848601949,0.10280700000409748,-0.7907842729705635,0.4128174055938913,0.17152971037445353,-0.6502014368753554,0.11813305800764574,-0.09609536521529286,-0.30381827510613846,0.16972075727196811,0.19470460015384963,0.1547619223457218,-0.34666109791521205,0.03838702364003277,-1.0767246297295685,1.6357635556196695,-1.3058262993236882,0.0788696338156972,-0.03091169502501335,-1.0863763651397993,-2.17446734897092,2.0326663105425404,-1.6759746854317945,-1.1285289588035003,-1.249698248690835,1.5761804493770983,0.2531207738321208,0.9268929032475333,-0.3708828728767417,-1.1640811935297728,1.22954045628371,0.5730748673821459,-0.32531528358736655,-1.493573456648051,0.20667331313027149,0.03556349172476248,1.418914360847808,-0.5060606738575714,-0.26703936784796656,-1.3286562911406947,-1.9000922751316813,-0.16280735550293346,1.5284447133427528,0.015011789370142255,-0.910958670866513,1.9066316930444793,1.8217200656290164,0.227762802143071,-0.6545577644473924,0.7749953913787055,1.1951439729063704,-0.7645719046430928,0.1752229784670885,-1.880198481397409,-1.2839700258592504,0.8442845248923938,-0.3540959724667089,0.3701400987619279,0.23039590726759007,-0.027258610609368322,1.7558831131140287,1.9518393187256562,-2.7822365168031125,-1.7558185418535146,-0.6571862972028906,1.2228009663822343,-0.7557832372683908,-0.6874484215133585,-0.9154037332630636,-1.4147824789313659,-1.531300146557538,-0.8728340972485094,0.292793901767086,-0.8612685377403071,-0.3175133492004001,-0.17296942267803897,1.0293830511886488,0.5800145249444708,1.5635170943223746,2.6320480137109272,1.4745697444617314,-1.9147637965440316,-1.1969513278680886,0.7392615601667154,-0.18159378565159187,-1.028879245349357,1.6070452767909278,-0.44301350669248873,-0.4584229245441908,0.7707489932728179,-1.152773692083794,-0.3557727485030747,0.548486958041886,-0.8333536575052594,-1.4015882096829488,0.1271458795015987,-0.3289478650342207,-0.18791079395682087,0.5109769845545493,1.471477691790951,0.34196415169848615,-2.0499567693637037,1.2845114592735227,-0.41020292461486796,1.1664973520017612,0.10447953746058714,0.585948719099032,-2.206311558032116,0.02593995411098253,-1.8868999086447378,-0.7320384662556219,-1.0389083878764662,1.4861778041359595,1.3656124607737248,-0.47885283238092013,0.5046340602237639,0.4837951423492841,1.1901774029862504,-0.2326128705488285,-0.5407290507253375,1.5527837386493726,1.2090465272457993,1.710327624493399,0.4845292325088483,-0.6123240475553814,0.19820562175237127,-1.1713035699603314,0.16186958326185402,-0.7855982463553178,0.5289724680079195,-0.8458168488241445,0.33587025292603656,0.8287377234964346,-0.5423412823885525,0.09784449629782581,-0.8908214407125646,0.49316145758885976,0.14283480061250986,0.563428233961793,-0.2744554651673803,0.6540418958452756,0.6529098640119003,-0.831406789621373,-1.286160879152757,-1.2835851740957935,-0.4443911299863336,0.13299863440332335,-1.3682280205605937,-0.8079895615851397,2.574800937000475,0.5839023089301796,1.1663028568140352,-1.6897711225243666,0.09352063342776491,-2.3842625293135034,0.6813755122685203,-1.6263773275954145,1.9297680414932925,-1.1626789826310437,-1.4142945105440365,0.362962043309758,0.893542304255717,1.051730417292683,0.8920017685394735,2.1634142756543957,1.7024095852852352,-0.8182524953576721,-0.6329426290911639,1.100679490507305,-0.19417801897804138,0.4721849932722537,1.75627007277859,0.42069360980829285,-0.5000802139940931,1.1254510066735128,-1.1969617132060573,-0.6225638152646241,-1.7204602203589499,1.7067759677172696,-0.920151220542776,0.6622002097648758,1.5271845019183947,-0.7583389320353799,-0.7660983352309897,-1.2043199622921927,1.3300538885972526,-1.2731912348426002,-0.2437210366979759,-0.12724885933435673,-0.7463021902676985,0.48801112882110487,0.7381321800120765,1.0492552490079472,1.0550038465852825,0.6790307020437376,0.7305021544694321,-0.3267248018024497,-0.1285591744766233,1.8367882693957442,0.7342648786578445,-2.041611757408949,-0.35042704530930596,-0.6287915795228709,-2.0902586428547396,-0.12377263567711369,0.5140164424362006,0.3011383063041581,0.30043962663322143,-0.6134028205584514,0.6805512159534555,1.1111912044180077,-1.147269505631398,-1.1413239581736427,-0.18239932758030192,0.7388978964972016,0.5807810694094084,0.5050877904338841,-0.7383917960074406,0.41053819707386063,0.9295763629950835,-1.208088892255581,0.7277023356851366,-1.4757435806664123,-0.264682776955511,-0.8204769180631498,-0.7188776174294735,0.6790133663646494,-1.4078127092988972,-1.2231744739027435,0.24024147149191294,1.0906915245020572,-0.9741909379788191,-0.22290048221913344,0.8843647297820271,-0.14606294083853846,0.6207978901253965,-0.5102276588347405,-1.1640502509444302,-0.23340669994181462,-1.6724102109792593,0.2484443686895368,-0.05062911239826738,-0.08481644248158263,-0.28706114908503605,0.32379791766026783,-0.1566295637512989,0.8279472715435162,-0.6553693654588187,0.6877094412116816,0.6637381839042686,1.3012053763311295,1.0148359225495613,-0.7114463509857609,0.6045316311043804,-0.19711952861594578,-0.7399266782292114,0.6870531118741913,-0.10266683767638449,-0.1501320107030225,-1.4524846217593277,-1.354846645736578,0.5830397444846607,-0.3184949460321771,0.06649633763308208,1.4004000319743746,-0.7631459473375274,0.18432639727948252,-1.4453926213866157,-0.3879173460878983,-0.21544631582674148,0.9793938021897867,-0.6791085101344202,1.238578482626728,-1.8811621563745764,-0.5851705508217063,0.06274447105099376,1.2986210938729408,0.59464164539063,0.3929536019607111,0.8676305040215782,1.397680762300183,-1.732035781579106,-0.5547911898145499,-0.13190311691198953,2.9443929991685995,0.05615677792967977,0.0357815837122404,0.3425658207532445,1.0434815997535423,-0.33126937780300647,-0.40894826233884457,-0.5511366147894177,-0.791953255442529,-1.0101760010652576,0.7940460642273327,0.4466711569757841,2.053823287425425,-1.4816806541028353,-1.5445524428031496,-2.4277274369566935,-0.5021766646311813,1.0945777347025079,0.8386923141390226,1.5040744590705768,-2.3568864752844645,1.5176368254983652,-1.8438752785124026,-0.26984055224161696,-0.42524731771973856,-1.0154558637380966,-0.7467642733081025,-0.21287227028978936,-0.878655798776622,-0.2755523804044846,1.1855091314274586,0.1922317317329892,-1.8335840964989398,1.5478088088556374,-1.9383079214695733,0.23750776935970522,-0.23401796181007595,0.393490532010678,1.0090300162473882,0.8032293147884686,0.5513855981827391,-0.3870473668536325,-1.7507855997346196,-1.5358263228437068,0.5846974459008528,0.8692349326287028,-0.9139768902777555,1.6209456067219556,1.817868442839648,0.6634721934197446,-0.9441073473045115,0.11495481402226783,1.269746902627568,-0.05223514402615448,0.3445222822859922,0.5332345170464503,0.01350037503769444,0.31478617400802644,-0.19126908118705957,0.9903729816673592,-0.30708007579199786,0.6698904500656364,0.3005956526658947,-0.8270094107468478,1.6258884221990262,-0.20999350346667767,0.06559720262841467,0.17199412778631684,1.0962729702724667,-1.5921977776410534,-0.9419100748263736,0.3955389572326252,-0.4527422646575629,-0.46974811696493946,-0.840648741802683,-0.2826988504892509,1.8547367679378133,0.3683421906270654,-0.2899946825946123,0.6214086978431888,-0.9990896461475636,1.417187015756912,0.06380164342592531,-0.2965862280559401,0.19706904773241382,-0.1977711177354816,0.7290689944853694,-0.6740856828103554,-0.08252463931607179,1.0409173857017673,-0.3505595319923746,0.8438074128356583,0.31711056291818607,0.8310640068261743,0.8694248160414538,0.13848059884200833,-0.21198267193726686,0.6106635784604224,-0.7286215743838402,-0.4853149569647899,-0.4935772981086525,-0.9036955446189192,0.2109974408392551,0.2649239535033823,0.012953594747198711,-1.01448182521679,-2.301600221405831,2.36049207866094,-0.53538393691042,0.26833275567030657,1.4531547822562063,-0.6433097351815674,0.7464704371336246,-0.10600970187794849,-0.1510987869138411,-0.03012568963281704,-0.1479600867895578,-0.30051616520058577,1.42366455576357,0.38189576985021134,0.3470581248565112,1.4061114684024725,1.0151196631823751,-0.14004525071356247,0.04288709528904734,2.1534688012966083,-1.2486115546878513,0.7975862884540343,-0.2570752420338726,1.3807548963137934,0.18840890121572534,-0.6134926245814643,-0.22750446516872644,-0.613911262170375,0.8632837968282251,-1.3140893315555602,0.12198598348119688,-1.456977530078257,1.1985625878605888,1.8584482856402724,-1.312871290733292,-2.617944674410598,-0.36575682678994437,0.7042522709152667,2.4056756472145877,-0.06341190073989973,-2.032480620807032,-0.12939614011400036,-0.6920617710406897,-1.1458343574605534,-0.9607335448703084,-0.23138098657522227,-0.1187451015098126,0.5236150342908834,-0.09854628684266732,0.5705947883251157,0.5370504455519107,0.8768402621912418,0.594303143699946,0.04678724215837622,-0.29911485930743165,-1.2564449704729634,1.2137235987251496,0.4581139581421275,-0.7430310769627559,-0.9364437413691135,1.5857834967796631,0.3465472593972289,-0.07397641329830812,-1.469467128747253,-0.6070968611821687,0.44672617013711863,-0.09816176026050662,-1.464378181992865,-0.6853626970939202,-0.6444907659311847,0.44699493975654375,-0.880992267630311,1.1572651168516475,0.01864060039640472,-0.6496540293747374,-0.7764282540404019,-0.893185495034067,-1.170865983430597,0.3418596979547706,0.3968813161186565,-1.2569191554827184,-0.5208238575033983,0.6661592484121216,0.10156003442813642,-1.9608062577624863,1.8608216940079483,-0.42253394273235884,0.22271328712835856,-0.26757117479563636,-0.35478352923103,0.46218633749014515,1.0778463293751424,0.05961755018668283,0.8435940805859684,-0.4283229438635689,-0.3173566777019071,-1.0902919404972713,1.7004957049043004,0.6648538968119605,0.698370361540941,-2.1840006435867654,0.6998761211664797,-0.640581612545626,-0.7949022861939039,-0.7219709262889429,-1.3091403499246217,-1.3544132309874068,-1.4352737752554419,-0.5199072075519915,0.08881943319353414,1.97678134377775,1.0936995681201207,2.965000489609897,-0.2568272580085239,0.4551831474815082,-0.3502437964572398,1.8926291055157776,-0.18863281257137238,-0.6061203857220622,1.6892043251959576,-1.087155471078945,0.34698894140353065,0.4372411129773025,0.9566476566309019,-0.6412285297943644,-0.6397683066681195,-1.2181885671688493,-0.07202095977853579,-0.30363530241463027,-0.31432929325858777,0.6579381002623517,0.9061892427579484,-0.2837258586077408,1.0021754138944647,1.346136019177126,0.2622398767480201,-2.264407045715343,-1.075832705111431,0.603064594647478,-0.7149428152742976,-0.027450441939257747,0.9648287830685898,0.45054839030026594,0.40081672105588706,-0.49772997391643864,0.23321888969485458,1.477068415601412,-0.32620480656126616,0.7876483685866502,1.1052097815674489,0.7771283968749535,0.6742433628229813,0.5208237023039713,1.1818339720236277,-0.9725063235302113,-0.8182338881081739,1.1711314771737433,2.0190143672276344,-0.31791895763013867,-1.466110499811135,-0.5145164029047317,0.22028343645509652,-0.20675757299584008,-0.13348510983827644,1.0324728796410942,1.211239398042956,-0.1789357272801273,0.27492021479786105,0.1316275506977473,-0.08806503864346234,1.5381573745153077,-0.9271058516438966,-0.7344731700480897,-0.41653312223636085,-1.974991248127048,-0.6772382880001517,1.8603893706639727,1.378630987884442,0.7776095238500512,0.4455353956428487,-1.4912718422516085,-1.615400095638548,0.8675218462585237,0.18356285697331853,-0.4998622369500028,-0.11085047954733271,-1.3649135310637277,-0.48275828827473216,-0.6585292981275742,1.2244384746587373,2.0847927272735522,1.495311163642354,-0.8968520252125632,-0.23021595242212614,2.0457930619963083,1.3544987758519687,0.39284209426811034,0.45701199812807497,-0.3671867792153593,0.32157531479531487,2.4793224899128585,1.8542599566110471,0.08861492967505227,0.2943305371245071,-0.5336975059652077,-0.47017771892190063,0.49330423441056703,-0.2718212231744129,1.4841873625764712,0.5584854047441855,-0.4013942370326439,-0.5869302610997806,0.053270322245243036,-1.6782656517200718,-0.6329507609252618,1.498963628864116,-0.27880336996778066,0.3120944611102844,0.6719712598560911,-1.30971961437568,-1.1926465612920976,-0.49015768614926447,-0.7255970991134281,0.020934225834418202,-0.8241369690231397,0.10019469210080657,0.8769628187463631,0.5936095891116394,0.20331213769965212,-0.5135496408133438,-1.7097808313333498,0.03522292863704343,0.11634014435320132,0.48055943096989695,-1.6575500198843693,0.8451716219276519,1.059855382247329,-0.9479540740418376,-0.434825837991311,-1.0618261927778987,-1.0345584246965838,0.15788053553542983,0.45043133795845386,0.07628816205067465,0.6513592149452012,1.8138009328637237,-0.461443506822209,0.47306661091311086,-0.3774174096175969,3.601313540241618,-0.09348892144102891,0.8554558145578218,1.1268903498021563,0.7800253110890104,0.05825091448085779,-1.9547307437645316,0.04228066100201698,-0.47325890935082504,-1.626037587614825,0.7615421620113689,0.17296907722492588,1.116571258121468,-1.3394220267997083,0.45844063658897516,-0.44636181564489524,-0.030153154164109294,-1.5074957448160538,0.1296291773876658,0.008590341094880452,-1.2459162286532055,-0.03742251785859339,0.9866529452859303,0.6873423775366496,-0.7619753728531397,0.0939018221529409,0.055524083632185146,-0.33775545976222154,0.09270615728247122,-1.4725080156250536,-1.0044042030438578,1.650935222436362,0.7787279947693264,-1.1666617183439496,-0.33517438820851914,-0.5909801828755905,0.5876068636741568,0.7651885868067201,0.4788029961070376,-0.8071664968221992,-0.5090541263786783,0.4623781158595876,0.695336672604514,-0.9271156555921736,0.48916908431922934,1.0762611800299549,-0.9007232233853416,0.013769093249852482,-0.13919575671911175,-0.9170472729425097,-0.08657373150001774,-1.2814659401974025,-1.9328679934196125,-0.16055942835436246,1.4016508221518325,1.0372149993001765,-0.13777792313594864,0.45468619824546846,-0.009170724127493314,-0.5167645637299679,-0.2164923281195369,-1.2365402067752218,-0.33646110323078016,0.219636279830984,0.37285179980389155,-0.009111127621792767,0.870540367614465,-1.095331848490045,-0.35768486961496054,1.3417202343809023,-1.4409286202367677,-0.0005011737436710524,-0.48439140383542634,-0.45652914952110724,-0.8930705801720273,0.7747275528634318,-0.335767577796394,0.8665597078059162,1.3203014613498882,-1.2878329957369052,-1.5899559487086723,-1.1798933961297797,0.8539524961409495,0.17313828633697306,-0.6022320159140274,0.6021717954431783,0.36223634939529065,0.1141872846517446,0.27080206688060227,-0.18450831590868394,1.0668457220367051,-0.46699356650134677,0.4400368051734354,-0.13331789961408397,1.5043755749150696,0.43611229782558436,0.3245920986401576,1.833821616105385,-0.5921610984058556,0.8145883162269305,-1.2619959313507167,-0.12320024813822716,0.6776548422578875,-0.6328817648467467,2.5264211194889388,-0.06849379052458646,-0.9131194714646295,-0.0865479305198991,-0.054149432445398916,-1.9916283497176122,-0.3605977609284894,-1.393098818485269,-0.07347977653363373,0.125474448289233,-0.04451655185235662,0.4932905748719272,0.6020684033693654,0.9827335656002834,-0.07737493841665719,-0.448609292764782,1.0705538297576294,0.7264174781764067,1.2710319290441427,0.5962572801417594,-1.4977431436484347,-0.31656240872724256,0.2067479630115578,-0.9100577414484827,1.402523886436601,0.2878228272545029,-0.3730284675160096,0.11798301399860603,-0.5885644205194261,-1.1341907274874983,0.3226757027108909,-0.893545350784303,-0.28476078965845564,-1.5105509207909293,0.3857025017280314,0.39189918289872144,0.4740597514972368,-1.2578856730537313,-0.7965211359976919,-2.753438893844538,-1.0674688258372595,-0.5483910729832157,0.18707430544091339,-0.951563001064759,-0.144863273973596,1.1381746924078786,1.175300845210368,-0.8619574123240346,0.6281823108917859,-0.9952223304374775,-1.7220066856521075,1.3090516374371635,-2.2667832175768297,-2.2483396437031686,-0.7728901158453876,-0.4898059253694017,-0.03509741439117933,-0.607814410552203,1.3173940675556726,-2.6026451961436035,-0.005685574550933881,1.7532538005526779,0.2735322283026238,-0.8856429367656395,0.009544625529156095,-0.4893520519265468,1.2965571644885152,-1.6519090607972957,-0.9357498845750775,-0.867840944366593,-1.9060967572618366,1.176041199101829;0.33904139100817055,1.9955470804085544,-0.5456425673609575,-0.1267966543290961,-1.6521620364376803,-0.5602536853673816,0.6180376046595445,2.2190557596132288,-0.16630645080332593,-0.6547428122525834,0.45195482513759644,-1.0912859529876027,0.9271240778064289,-0.6451295099351197,1.0152903965782267,-0.26069638427811054;0.5571858855091718,-0.5304593563321807,-0.6206521138503361,-2.5028976375576932,-0.5853469830289537,-0.5956770325629882,0.9300598541591163,0.823334001881374,-1.0653856437289795,-1.992233138951887,-0.28353947631499293,1.0798267439038338,-0.054961534307313056,0.2733377555842257,0.2610579772408471,-0.35283549075441867,0.725524042219641,1.57237737985705,1.0497610135047017,-1.058520248223052,-1.6710603525138428,-0.19196181958173067,-0.45685509414893066,0.6318970631785599,-2.5840959916520494,0.5321595938603367,-0.1297809156816202,0.0884020799084937,0.6614365508881349,-0.47455428567139496,-1.6084702414759722,-1.2331139590802835,0.6946425291961632,0.20080417843397985,0.6920380463653761,1.0230080657202782,1.2093220088406635,1.6452326452017585,1.0565466866029551,-0.7111334397028497,-1.1121375221644196,0.47277642287609745,-0.06702245539349558,0.13894750805788508,0.18654254621257918,0.8912124682524396,-1.901408253313552,-0.04594730028360683,-0.3852912400726663,1.0474871793953062,0.7329892445196604,-0.22629450753377844,-0.2675085202597499,-0.13095985838902102,2.298280549007811,0.997226476825106,0.18805481384111292,0.7543476823661307,-0.5184991671730947,0.5069795078344782,2.457092400664768,0.7312777123184104,-0.400834210191299,0.48071669927609795,1.0348047262066578,0.38592710491325144,0.6405755913711888,1.0011525152920053,1.4549551112663335,1.697213719582781,0.27454411243624327,1.1596293530116946,-1.0533893954772566,-0.9504285640823938,-0.7473073413518804,-0.12281188104861432,-0.910076129167671,0.3191105696180948,-1.0265198749709814,-1.2135004665877065,-2.370936364402695,-0.6536189820567772,0.6200962036829089,0.4681634225822114,0.7665841710509181,0.014344786090208894,0.09665904247312163,0.11975817014010975,-0.23931617123676185,-0.7405977745383976,-0.6784798369430298,-0.9805661447190859,0.9555099896709359,-0.9404337738706121,0.6163387503061364,-0.4800078161612335,1.244314745701341,-1.2082797763409063,-1.3768621196388566,0.867699373042798,0.6842130751544746,-0.7388285844687379,-0.21952511815502945,-0.36512515140892604,0.13086665800105984,-2.1932720965157704,0.06684533668216525,-1.2981184593026194,2.4791601083567802,1.7628996844200775,-1.9730098593934098,-0.12204070047501187,-0.22989292925509422,-0.6949358764013566,-0.24329872522634843,-0.61992970119119,1.3620575048989256,2.161048174434905,-1.2983153238747351,0.8634816810907496,-0.8600815470567285,0.5634095570206832,1.9283475098208402,0.02963372299155373,0.4810997281807017,-0.5303405615486455,1.1177646922116742,-0.8711300879136858,0.4564727277305017,0.9011476831131804,-0.3477525398075997,1.5486084121995227,0.35683792614001925,0.3836388477972813,-0.17692264523107995,-0.24473797206939668,-0.5701163362589567,-0.9333183377758012,-0.102210880051316,3.0160788003811447,0.4719785049117641,-0.8918975072615177,-0.4264669568933542,-0.6253177898000812,0.650999858525057,0.43728432575230336,-0.1219075945622295,-1.7631074895099945,0.32380507419232796,-1.2508725381105723,-1.3631444506798878,1.0123060052364852,-0.06727186133322324,0.8695573201687011,0.2052209463207222,-0.8013856722970434,0.4682036536217813,2.1168346293425557,-0.7479082741525002,-0.5772137848603713;0.11568690137384648,0.04793394353932806,0.35681417908295815,-0.664581846657356,1.2476031866481334,0.2764963573839997,0.5961678938051556,-1.466746771593791,1.1247976189115718,-0.9947838720992777"
11,1.469523617637372,"-0.15414881906185837,-1.5611509525913412,-0.785498087293421,-0.28224004118160595,1.6095651466231153,0.976133932070463,0.7908182181612204,0.14812003309052968,1.0507672547888978,0.8683492237151275,-2.061313286116642,0.4787463478780448,-0.27330757640717773,0.9125469933548025,1.0352287928795727,0.9350029127719073,0.007297993167784456,-0.7776369706830907,0.7048839881811888,0.7693336863448674,0.2149585450519781,-0.6685351912274252,-2.374323655143591,0.33724919486479904,-1.0862511145542135,0.22529380315269315,0.9251481601552832,-0.827103680166521,0.19680277932846174,-0.37829942215544043,-0.2591575056721745,0.07288649426139449,1.6022400558890346,1.6856552163309744,1.4528506153584457,-1.3156647640240133,0.9924168640592798,0.41863090638912204,-0.5803743877501896,-1.2490283406129217,-0.7132228508120211,-1.0853097803997545,-0.7133491643491723,-0.08906020036476894,0.21985852318359417,-0.023160265610147945,0.2604832515860804,0.18019941428041897,0.730239320191138,1.0132924847484013,-1.2815084606899494,-0.5544390943057357,0.29701633246481524,1.1772823104759151,-0.8226490088667658,1.0925151625739307,-1.2048168410362792,0.9148629558101956,0.4900854969980376,-1.432218103854979,-0.2218427771234941,-0.4110523920164555,-1.1720478380984674,-0.8097696066032346,0.4425963141961168,1.9685898136895885,-0.8285427028191092,-0.9917933235994751,1.7112348354855456,1.3233277349691897,0.6188461614285868,0.07160707544920135,-1.8108218924496469,1.307247158442289,1.3964304986298044,-0.9756216259604044,2.320125069627557,-0.003871837098870304,-0.07996058262219087,-0.7598739973559385,0.24382517264073988,-0.7321529484787893,-0.5138482845905398,0.6827278164602947,0.08258534513000834,-0.055148259691813556,0.08870269736899322,1.261564285288267,-1.0305558930037144,-1.6159170127709805,-1.376021157728481,0.40124188792713084,-1.3433306485024774,0.9993409784125888,-0.01993835093148219,-1.0084808442749067,-0.5771770623607014,0.2970117683121307,-0.03902006150733382,-0.21240692240361925,0.06424402565822775,-0.8122242957833705,-0.32062309267631833,0.5450183371447066,-1.4468750728832964,0.9993745942649657,-0.24645173060219924,0.5940268683285012,1.1973477368238175,0.8307640176564753,0.527658344412818,0.15310975933353665,0.43235813910037413,1.5550469658679678,-0.43847758715873686,1.2237928594373617,1.4781236459106977,-0.3368898651615994,-1.662593726504354,-1.3495055225511714,1.1417983228808668,-0.7481106507660714,-0.9842311689005027,0.1340091455603421,0.6631322451355764,-0.5290197258268439,-0.17564593477756096,0.43679968013431963,-0.5511755901682139,0.864848875604683,-0.43360485556567335,0.8045738134909319,-0.23743775835199338,1.4859653006611266,1.0210773599897567,-0.9928107640273417,1.3744187681326818,-0.6574687714675682,0.15471048370040852,0.17067693596851333,-0.132647871153538,-0.46587844282847735,0.8297002130878663,-0.2791456885900796,-1.542110614676171,1.1806536554114924,-0.35914900798913607,-1.9158969185804546,1.3113016851527095,-1.8545997552896962,-1.2966588846936151,0.9503653730002786,-0.2119606236461603,-0.06067775481776727,2.46613135379129,0.1773705135765911,0.5163027271722876,0.7586572959357574,-0.5374046639442855,0.27889500859305627,0.6608195921166368,0.3704624901619084,-0.4847723754234414,0.5951698440095456,0.9145082498162708,0.17886201943848828,-1.5351779453573149,-0.08750022749896648,-1.6692027610605644,0.9059094323806008,-1.587803021159632,-0.6186218478092154,-0.2818756987062945,1.2446059394451578,-1.574233783466058,0.6408928719055282,-0.2382145670887345,-1.9243271156894273,-1.438578909299373,-0.11770909631307637,-0.018789844186232973,1.6434815372589775,0.649172550103197,0.792761515985978,-0.7628681433786144,1.1464744286396977,1.7736139088552,-1.348782864630371,0.35530089916810864,-0.2131095895476301,-0.403603931916989,-0.4043892984307071,0.5517282911385085,-0.645374029056067,0.7359623962117992,-0.8995373053215862,0.0748524004080004,-1.5176713312274521,0.1227004855631848,0.8833012213081853,0.7097385374557251,0.8864022690156774,-0.8667078576859604,-1.2811793055538527,0.8747968547851324,0.7301822987278822,-0.0381819620143377,-0.40382729297598285,0.2257595224241356,0.35483086573836664,0.35695561698422884,0.006986367772098712,-0.8460948832578707,-0.7050414353534443,-0.39449995207892585,-0.32337975815534376,-1.3873242577656222,-2.0793712138656755,0.9576238252298482,0.7245778114382867,0.20205303675534614,0.6577275289413653,0.12961670532162675,0.7374610426429321,-0.46105820039895307,1.5421601047973819,-0.6754444490632124,2.1708375702461833,0.02762023955787965,0.48727139005632863,-0.7457086525138243,-0.7606170400126716,-0.6173221732825763,0.1789097505002326,0.9892608371838795,0.9367931957335586,0.30983981552901263,0.22204373266207877,0.7350756619005174,0.009635804082411742,-0.6438490073820318,-0.7162002553450345,-0.5660735555709405,0.6763875188434874,-0.6090326459612124,-1.903923492838782,1.142053279775965,-0.03169454001066631,-0.4919800832090477,-0.734605820059564,0.4544565263450735,2.068690259664376,0.3817764186545615,1.6706214706219473,-0.7836701867077996,0.0548233065475716,1.2080352923185804,1.6023588775081108,0.9110661515072608,1.1847720180194172,0.3785344742485003,-1.4579297058125953,0.3803615716062514,0.9319706573602328,-0.8046244360992671,-0.48957794629026846,0.27148856359974505,0.7187681189962427,-2.371249002759919,-0.3855359547799938,0.854253310976912,-1.7763181198962903,0.31145335553459974,-0.005455970835005763,-0.9902319819511196,0.3706512167153124,-1.929991527068521,-1.2244096127017035,-1.1106515457966548,-0.8155260958747088,-0.6386791621025265,-0.2038699635921759,0.25307108416589363,-0.9210461039372904,-0.18646991341364436,3.30155313120902,0.7990249375808108,-1.2195629123498692,1.8463296763416694,-1.0729439014883546,-0.4321846450845663,0.8078154205398275,0.046816310534783176,-0.5712423749337662,1.0003502747083115,1.4730806621110693,0.4610721095532142,-1.584869112554789,0.40754281139851334,-0.277076544807287,1.8238924327921877,0.656542479691747,0.7160813920980791,-1.7053289520692327,1.4769224826814067,0.5962333583410444,-0.08190134757311929,0.20041844380240872,-0.4699131896378828,-0.6277713718096103,-0.012357055762314467,0.3482999302052667,0.7659789349773131,1.305431555380486,-0.1798048020789239,1.1965556950911531,0.10837747933933413,-0.6136896414942853,0.030756627503649325,-0.4842071420585794,0.9782772844401861,1.4122035106668955,-0.8877993713278542,-1.7376943662711255,-0.9549548598941382,0.6442970503598835,2.5246504796239844,-0.044864818824216564,-1.534336552888801,0.25988600803793327,0.8308443449132461,-1.2544536477039572,-0.02560731096390394,-0.23581466452897712,-2.9644087254862255,0.18447671050650313,-0.09786487522063403,-0.13782227010314338,-0.09076242302480768,-0.6041841926610322,0.16280633155473484,0.4828801985753006,-0.7203108268809665,-0.01750506516180817,-0.07994005514964572,-0.3281596320248168,0.04934906856355663,0.2749809474343355,-0.006648399141975344,0.059735186115212,0.011697787458206921,-1.36430038766065,1.3004935849839772,-1.511090116221319,0.025796548425502518,0.026229084722505888,-0.8965351147968197,-2.2918785696527353,1.932658823616338,-1.4459090316749772,-1.275310484647695,-1.1743829226094784,1.5216249421636627,0.04501760775098493,1.0269595690764268,-0.5949202736219613,-1.2193482064943877,1.3583925102572938,0.1954569683922645,-0.4022095846137434,-1.7817855955410058,0.283996561197812,0.2047057854224952,0.9569729347783458,-0.5943326135536612,-0.42128131100168054,-1.4395546118565634,-1.988054521614424,-0.006142679603948681,1.6073438052094615,-0.29758580038423027,-0.9658313458452427,1.9858321964708487,2.061525390161667,0.270103512494129,-1.0478757724759848,0.4042839373518401,1.3158376659463533,-0.7182708652892044,0.35182417631777807,-1.6697050051049738,-1.3892152065629642,0.928441275000808,-0.37608317187157575,0.3016042868430481,0.13266584201776102,0.21646197228211742,1.925839740663926,2.004816019176393,-2.897232810262653,-1.6399495562486845,-0.7583608826889549,1.2228947288139007,-0.9511918779530268,-0.5018637996604143,-1.1584275459659021,-1.6813545162209451,-0.8420851171437266,-1.084152899509319,0.18263713649406071,-0.6585188383375832,-0.29880760162223324,0.030073279229273525,1.2819798440967323,0.6217359381741934,1.5503157710030275,3.076305732684742,1.417252298965607,-1.693513487547003,-1.2162304171217775,0.6803527180219683,-0.014368036771517614,-0.8635884603351536,1.4901977267034887,-0.7201048252698856,-0.4342849687147576,0.724011575659518,-1.0228040068859385,-0.25601192266037165,0.7437552026178047,-0.6809029562085691,-1.715281816105592,0.07649903799103798,-0.5142228982358723,-0.38329372353488633,0.4102509321114913,1.2653827789349863,0.33148603755780215,-2.1906398635177706,1.2552123766186791,-0.3704840104332724,1.1229811799918048,0.14372824869789563,0.5823260128000193,-2.26398829422522,0.07006893879075782,-1.8596587053495974,-0.598463640889325,-1.2142474990741596,1.6341908765455666,0.9985701105217024,-0.2976911930278157,0.6327367916544105,0.27114705760770713,1.272287517946403,0.1374699531157659,-0.6856234963043971,1.306298849704626,1.1495757618948363,1.568739802482699,0.36651483621892245,-0.8883012960652825,0.5690219726481219,-1.2690752016646036,0.18466599286585766,-0.5732626005144146,0.8342973686674571,-0.7150800955311695,0.2741026207018387,0.9541869798087381,-0.5400080821212349,0.10513045452906945,-1.1071502381793301,0.3622184525122419,-0.12618334131921757,0.6350298580608041,-0.2567694585331466,0.873472331844565,0.7512766891410985,-0.7890541396900073,-1.0142163834398379,-1.1579413899168747,-0.3975448505825042,0.10486875599613439,-1.1786183221102524,-0.8641590112742967,2.9705516324190073,0.6522921880683471,1.006742796958253,-1.6042972371096729,0.06470437249721592,-2.297308720466238,0.3142861258209586,-1.4785299202310977,1.8537736678724468,-1.3026398729445796,-1.6628220977012254,0.2469070314136659,0.7560440734690763,1.1952695415083392,0.9026908509223592,2.397164578989659,1.6859635668931516,-0.87152674613731,-0.6330312916381329,1.2420190403424733,0.06513186059921952,0.5409229366434886,1.6345976534956224,0.3833447940747175,-0.26362215904710445,1.1752903734763211,-0.8870589670514953,-0.5014102954435469,-1.713436795607483,1.75075719926166,-0.959200136968885,0.9705255930089336,1.561693755335885,-0.7645244755291613,-0.8412973685001949,-1.262114520943481,1.1719594621333738,-1.294851682786243,-0.42108921499880714,0.17235233302174488,-0.6553646818045943,0.46740855551398586,0.7550392257065393,0.9212884631777343,1.102542574513266,0.6783663706432087,0.807744722617044,-0.422538717343465,-0.013440971834852433,1.918028762017288,0.7366402798401525,-1.9565005465929353,-0.3001187779966626,-0.7080587848522066,-2.2256903514163593,-0.2722429504833576,0.5913781380630398,0.3752866276939545,0.3239447543361093,-0.6258733284530035,0.6462030626104291,0.9856983154806898,-0.9422293218823702,-1.4165083215321235,-0.011887362088030345,0.8349801836040008,0.6306860011473996,0.4233007077589864,-0.777956359768486,0.3845432719406504,0.9427806426571548,-1.1701733711840765,0.7379337786395979,-1.4841997242346283,-0.40003665066973193,-0.6826963498120449,-0.3482836785214953,1.0166657164855224,-1.7039030198591547,-0.9586210582532264,0.667106082082649,0.8708963113865359,-1.040395231584567,-0.12906657401165259,0.8960524081187143,-0.06955867327819566,0.3909371416015527,-0.22595170679679805,-1.2823371242571597,-0.21975718450482104,-1.4998479859473932,0.14211283344587256,0.10972134513796367,-0.12710285726705867,0.17682384297552067,0.03256075164898829,-0.08469591178115257,1.082995164365405,-0.4814538560322168,0.6914870986430607,0.7373718280606206,1.6145387705464742,1.0578622318564312,-0.7818655029049218,0.5615329661759401,-0.1935432651757064,-0.6293045239660078,0.714176799191405,-0.11274988242222214,-0.3207226774027351,-1.6425099364127982,-1.3445528614545965,0.47139155203017213,-0.2518812035877903,0.14063410942902638,1.5862517205582543,-0.7937237378141732,0.005200626491349614,-1.1876600602513085,-0.3808918989016491,-0.38377405905398293,1.34552446692907,-0.6035169534567403,1.3108520562278128,-2.0611616711506606,-0.7133544606773913,-0.3367221699837132,1.364495041754447,0.5093606540507292,0.12018470031686267,0.6196145622502265,0.9559071873519341,-1.4718004323024645,-0.28371553797234295,-0.042470104831459285,3.182084844670358,-0.24795616805920448,0.09765216279539242,0.5416193326143792,1.3539846358900227,-0.4134173059038862,-0.14289862125221986,-0.4635051270288547,-0.5155105312985077,-0.7966632201862229,0.7279097436293707,0.47567670769958437,1.9189977914075056,-1.7889873626654378,-1.4925660100603273,-2.337202610779548,-0.284129718055432,1.023959304691812,0.9340653460236022,1.676566500657136,-2.4440958031131066,1.453189770494489,-1.5594500698461067,-0.4692289393330374,-0.5437724604964559,-0.7063867019489948,-0.6833788428334227,0.10576856288421081,-1.0857371461029859,-0.305965363488939,1.240369635985188,0.03411878483304917,-1.9350402208843547,1.614979761653813,-1.8058015718353364,0.18145970194782632,-0.46456132660740895,0.4279023394251398,0.9543189214955793,0.786645057317699,0.5724698529050872,-0.6556735985985769,-1.918093012800087,-1.7329678972458713,0.5833149053185097,1.2318899525047147,-1.0664801460433075,1.5844022393210129,2.184857394545394,0.3897946603426692,-1.0795698940451457,0.004118042894349694,1.1821107236984558,0.015036837731146058,0.21123667452933176,0.7333423693115131,0.5140380059856443,0.38036764919890326,-0.20951395547595233,1.0168452823862317,-0.3706497457751949,0.7890584336392675,0.5131088269552886,-0.5718697159408911,1.9055306521946713,0.3046774014574312,-0.2798893404165608,0.08845381410741962,1.0273437339657991,-1.762675741553664,-1.2544594834688327,0.9254993684417632,-0.20545408435510865,-0.33272039844909146,-0.5756823004542874,-0.013652666115436543,1.972860186943958,0.28143933725899667,-0.538136111138524,0.23152971477572382,-0.8007169131275454,1.217920365059866,0.18232324865790792,-0.2808872550854921,0.21338349058895775,-0.03816350379003726,0.511427849514567,-0.869909106292371,-0.18656812011107435,1.0938565073534805,-0.44275920030812155,0.9304407791125905,0.6398991498697614,0.7252249989771854,0.7346107843614996,0.07530430216704312,-0.25658945529559707,0.5147272826520379,-0.8601617804840254,-0.2752030486925282,-0.42755406967873494,-1.030103880758647,-0.004009406984166498,0.1260859278548565,0.06651559462440304,-1.256776913920656,-2.6123538675537183,2.193117323967063,-0.23426181739857949,0.2987167849129131,1.3888443083932853,-0.474283660384195,0.4841037806694228,0.0021398293011654773,-0.010682529149896328,-0.07257066826463957,-0.09858852060488409,-0.25333251468502005,1.5359146538805297,0.48087507340445895,0.4598140323483379,1.0729841479866633,0.8668215240793152,0.07734262063921227,0.14494561195204322,2.2579017623246513,-1.3761915576206047,0.8795285539812155,-0.39609225926213365,1.253123626347566,0.4506817460990783,-0.6809866078334723,-0.5105161392581581,-0.4696494522057586,0.9600788860481975,-1.2973083540606065,-0.12664263546572685,-1.4765587711956214,1.150492680577645,1.7578579347924619,-1.662139629532701,-2.7278599574165527,-0.6174781909759823,0.5937726152377317,2.1820539673846278,-0.1893654165599672,-2.1064677848715267,-0.19842079473991514,-0.7028900110946257,-1.2796484963708996,-1.3864522618622777,-0.06769719492093211,-0.1781315770260695,0.5801729791639997,0.11569994040774259,0.3613819259892752,0.5470691600966265,0.9057626283718879,0.5255201018727644,0.0010251630967912497,-0.5187122540632157,-1.0033684527621767,1.070390392382055,0.5463262350112013,-0.5618594035491755,-0.8632157077167296,1.5038173191825714,0.025343886444820773,0.213025516616003,-1.3395294136641411,-1.0071701061663658,0.5058931147543801,-0.01387589929936095,-1.1833577360296121,-0.7248402163845289,-0.6099240426570548,0.14619365656875907,-0.7405144789632669,1.0040305578918436,0.12943537512354447,-0.5541400581617695,-0.43391561010275925,-0.8784301358591856,-1.0724331381431003,0.2879559723044721,0.4204029725380349,-1.0548589522157767,-0.6099721082004053,0.7507759811423999,-0.015999265478923094,-1.4984497813846152,1.951858234383749,-0.3682073183293682,0.2988639412848987,-0.36186982267759027,-0.49031069523151877,0.6268142537811308,1.1564895238294366,-0.0956412443589175,0.8283457917113717,-0.18866514158976483,-0.43458163002295247,-0.9972770875835767,1.8500016967425972,0.9573157235610077,0.48108390677277635,-2.0911197553282115,0.46526143565239975,-0.8404522781402701,-0.9052158018770575,-0.886519084474373,-1.0794392263291943,-1.357861300237077,-1.4883474088990798,-0.4940206676220231,0.39107535589538484,2.0793062884058284,1.1379159387841078,3.044047929651633,-0.4053116522454314,0.6152872202913849,-0.2917901768299841,1.8586104229132328,-0.3575507772111185,-0.5841378873042433,1.5044995560037244,-1.0558926487531277,-0.16560956010870445,0.30661091678740016,0.8262739428791916,-0.8266405335169669,-0.6830957008761046,-1.20798756773505,-0.3491902929260605,-0.3547646293410297,-0.3828607414502774,0.7186836106994177,0.7907621910682737,-0.4493260781179114,1.366537422808445,1.6157543483086303,0.12340654473237342,-2.0817293124024725,-1.014001837217264,0.7596681702312261,-0.6831660413512343,0.046965926331588054,0.9832864907226887,0.22443187658789035,0.4134006048592519,-0.5412393922697435,0.4319063060379156,1.3320752271453218,-0.008161221573898834,0.8035145567785691,1.1304289729083674,1.0310187708678253,0.7326310256940992,0.4729986707811752,1.5869150598754307,-0.9661375230674422,-1.0634537303874527,1.0210299113328443,2.0438316446427147,-0.3726061926841959,-1.5165387123321894,-0.3882699109563913,0.040903057619079614,-0.00412777171662318,-0.17147850195220674,0.9178629810247749,1.0189179683785103,-0.09144800981384299,0.2673839344218161,-0.04015954063077851,0.045476523568817595,1.6537502513230349,-0.5666827112843652,-1.2155865750223078,-0.1360245608893629,-1.931673463294925,-0.500956544349357,1.7549665217753212,1.4107760476233144,0.434364285592497,0.7120934372027155,-1.5609548357296785,-1.4774187426524532,0.7112788645916958,0.01584505472222113,-0.7736693802797674,-0.027180019106269798,-1.4137875241380944,-0.3594807227906095,-1.0092694466643288,1.0689148189631645,2.135655248314397,1.5551681373881394,-0.7591513724068409,-0.38209970393611775,2.026139241830751,1.3339525365577924,0.5771402198682525,0.22413731176114537,-0.3487841435469214,0.26935664774261286,2.5544512320134527,2.3215050507439163,0.11568871887285448,0.3573383261145151,-0.671606125072319,-0.45809041007178397,0.5797365436496522,-0.2666520896786729,1.2817020282426546,0.6598812910889577,-0.41243744939794347,-0.8443587341085101,0.2665456772150071,-1.4981200927709037,-0.49886621970562245,1.5265256270174639,-0.07045428943260354,0.2449161362147714,0.5687907926914553,-0.7772573191390824,-1.4881784475127642,-0.30162459290337534,-0.6295360956066398,0.14743474617236638,-0.7345926609108744,0.029287162504640418,0.7750732696699432,0.42441256103527575,0.19278318033985,-0.5743337134133331,-1.9887850652976327,0.19362266547741558,0.265579863622944,0.28120088106100255,-1.2955762253642016,0.9332800795717155,1.079842434897912,-1.0302467399322546,0.07212665245239186,-1.2505924582545735,-0.8753824351945573,0.24017046444263446,0.30843745076357837,-0.15482331755662332,0.7247616743357014,1.6618380834216304,-0.41234628860800504,0.6348271110753115,-0.45906820509551094,3.7724670215783864,-0.04952094879923924,0.9447368678909711,0.8326682733419112,0.6173711358133662,-0.09117303001403051,-1.7850999190065908,-0.09648480021068014,-0.7228817646067118,-1.845385970735593,0.7315604837920548,0.17973675851947427,1.3265200843355438,-1.7729347774114208,-0.11796459981490609,-0.4617769955848466,-0.24523930533002103,-1.704455090218418,0.0722134594570856,0.16003458033869672,-1.1313461013925388,-0.13663710405275362,1.1457554447140292,0.6425785336410313,-0.8662350811895971,-0.10663290735763215,0.12177978221150382,-0.32398802602902577,-0.03871158268514065,-1.6320412057521012,-0.9678586693983182,1.8535289765257787,0.5465163082516353,-1.190865315304365,-0.44883821731986295,-0.43407598748727794,0.46026579438664217,0.9974858376187258,0.3199881643305837,-0.5954331915827316,-0.6177220999784401,0.7681129480929587,0.7135804514690776,-0.8746340427232051,0.519371573999375,0.9607173697258167,-0.7430971687962262,-0.09727439010653224,0.09922074689397957,-1.1456699530820995,-0.0756772925562319,-1.360167817273571,-2.1196782933978526,-0.021341437237480457,1.4167056812289789,1.104552062447528,-0.06649008933410833,0.48238069029481084,0.062482566697863416,-0.34192066330249404,-0.17278957432701197,-1.0456780431164618,-0.5525823661093396,0.2117860421760946,0.23007004604334547,0.03751363226954286,0.8769380646752722,-0.9876246869566988,-0.20825211439904665,1.3024233640261222,-1.6888740195626972,0.1314723693655345,-0.8437007225187311,-0.6592163219031482,-0.8137739753109744,0.8379923369051283,-0.1239756358903032,0.7685859851856243,1.4232274075913427,-1.3957093222146337,-1.5812321288989362,-0.9950966399251973,0.6539219026680823,0.22127618131487944,-0.503373899760444,0.5552517904430555,0.20743252854627553,-0.00012922524675515468,0.3813934679679357,-0.010546806955212644,1.2850980973365989,-0.4566831538592857,0.3664941201478678,-0.21065082402987614,1.613172902289654,0.4819758166883479,0.5226366011001491,1.9247805448032538,-0.5579598351275268,0.8865399950160822,-1.0893317106931004,-0.34333597206468436,0.8838894797581481,-0.31493078172040334,2.4179315018427445,0.008015554263694095,-1.0239114241934124,-0.15770503862308877,0.07734077548997556,-1.6438499007101472,-0.33789783809142254,-1.4836604348349152,-0.24949461298977588,0.10635819914496336,0.41381847174005226,0.6273964401344125,0.653928772927053,0.8464334399902784,-0.1204329318411396,-0.16549259975904965,1.3503206067552778,0.6129540293480349,1.051779966718996,0.8595868898744785,-1.539760635447374,-0.4222448493511282,0.3820939867350692,-1.0234413550371706,1.2925405342533072,0.31363133349462524,-0.31551960777668575,0.08121180738239472,-0.5146441863057023,-1.1389082424022021,0.11992599058245998,-0.7692332799553728,-0.4904917066174665,-1.6850473007497049,0.20587299438804868,0.3174475955992555,0.5541243707151198,-1.0779407603554751,-0.7232508343718274,-2.558836197415744,-1.048331864470518,-0.35299597651288117,0.49999501010573644,-1.1393614452415792,-0.3376528924081117,0.9919148691779291,1.1963856327128357,-0.6841222016788672,0.6117487379346109,-0.9541025686041267,-1.6023726255644122,1.0946074486326276,-2.042030670851871,-2.1635297416192345,-0.5241708060891166,-0.40148653414867486,-0.1748859680376962,-0.9044988514734323,1.3517689265933066,-2.453397996426622,-0.37544010331642214,1.5948173461984698,0.212574040419141,-0.8156023050041389,-0.07070873981693408,-0.32786417786366995,1.4380979111463923,-1.3222505564846045,-1.1730527585633421,-1.05322396679714,-1.8522684778608363,0.8034821603438006;0.17405919667080944,2.090581990056378,-0.3974545907743088,-0.20833416755321085,-1.540460914807667,-0.6264893255138284,0.8114242360016746,2.385917532802108,-0.040460532553337036,-0.3882560266694074,0.3341421092674987,-1.3500443215523366,1.0928405488500956,-0.66594588644136,0.8641886703066232,-0.38344365370036343;0.782490508197149,-0.2682852932447682,-0.7024411368091366,-2.3400842837230162,-0.4914821163541718,-0.5711990455607686,1.0559774076418003,0.5998615347069767,-1.4258866270924953,-1.8912265967755437,-0.27103066588263147,0.8587221900740469,-0.13658069257378497,0.31610470414398684,0.24042707861779505,-0.35425888252464316,1.0477572840755986,1.7898908735818566,1.0132701994888824,-0.8312261569746157,-1.6953439343231804,-0.5583173000407102,-0.8974827354043993,0.5782139554764605,-2.368627522424201,0.43221158855128744,-0.024612263167846676,0.11939764485544353,0.7606315419078087,-0.7589412189452129,-1.5693180578176784,-1.0576066891639138,0.5620936686724696,-0.0802152008252104,0.7489616472389123,0.9448256568035132,1.720704947290131,1.7260170301083244,0.898929063003949,-0.6930833584306456,-0.8595111008440659,0.4775091432539841,-0.09934795926055112,0.3169400442345224,0.21259194631147016,0.9194057898753457,-1.606206016683821,-0.10906437691027708,-0.37457121816346584,1.1406292222929015,0.91200313849233,0.06841087237183746,0.045834241658326565,-0.12340167465654145,2.584331818577454,1.1460364861627161,0.1753398645461112,0.6705654653951882,-0.2295314745931593,0.3027943096819423,2.6197934674080186,0.672361750817336,-0.12578431243721186,0.48892175225131107,0.884778795516787,0.5402709883052783,0.7462187660226175,1.085062901911794,1.622222799836372,1.4776796036603947,0.13125512258746858,0.9822835496968976,-1.2699210720493366,-0.7071216125596024,-0.6896665455873209,-0.01620789250520111,-0.8509491262104596,0.27830824487702505,-1.0335498502698934,-1.0123340903554492,-2.279798820741463,-0.5480426592174504,0.3873110825107785,0.5578554085692001,0.6776279904471948,-0.2522897371985008,0.49754937256653087,-0.1052826639336559,-0.5701920991921533,-1.2090891822024217,-0.33807649393246975,-0.783937637341563,1.4143102825681344,-0.8017934327650662,0.9641625361035194,-0.11302940557374894,1.2608058380211111,-1.2286504699075258,-1.5372435025908537,0.6080565706846228,0.7014737773620654,-1.0868522865237047,-0.06510352006311941,-0.32335433577373274,0.14605964555554218,-2.179779833181495,-0.1845980838037355,-1.5377716764942604,2.6082853138366495,1.785718998544516,-2.14007611057885,-0.09971634480936747,-0.3276781462835766,-0.6573349774520543,0.19568071581531027,-0.6814395143912104,1.1354502552135435,2.324484500730755,-1.376260615730018,0.9608169959750008,-0.48392707032095594,0.4542886295541575,1.9436612593477414,-0.15404113076599485,0.5863823448307215,-0.6371522336246069,1.1950158358563172,-0.43402655480482877,0.2564698897126494,0.9970427880463616,-0.43006069506907013,1.6712287749671535,0.2436507105486088,0.4309841986829539,-0.006161986964764693,-0.3878330373813623,-0.5567337137712141,-0.7645354297750017,-0.13023444223936026,3.034511004177688,0.630119978792396,-0.6522231137129597,-0.5132475006804506,-0.410480401541282,0.9050329256328333,0.26351152884967033,-0.015100408447506458,-1.6277886463220845,0.4282817814864292,-1.1879279087922943,-1.875375663694194,0.7845678909807813,-0.02676154041451881,1.1303366108931547,0.2190709058919164,-0.5594309646793431,0.2740771411618942,2.1085995366870223,-0.666621309122908,-0.7509706614747977;0.29863424286678075,-0.11365625380983381,0.6510200893780647,-0.42896240965542404,1.1171091017793409,0.41754989010620813,0.5838696353624213,-1.6450777215765113,1.231176369786592,-1.0452940421676715"
12,1.4392417727837594,"0.11946907958807237,-1.9157948428881124,-1.1744326630251825,-0.08549597189334092,1.6101655654564802,1.369593060188655,0.7517946696968623,0.06377956343993897,0.6779912828701672,0.4345396303205074,-1.9913111894731468,0.5605977189783385,-0.37700838824788413,1.017049032785684,2.0825184047880176,0.7870666263500415,-0.05590859096375633,-0.7705718533677235,0.5270974260272824,0.9225403263127516,0.35648798856958064,-0.7154291691573403,-2.804367822184844,0.8308644158720891,-1.4896274828137326,0.7245527878433757,1.4168424268971893,-0.47524008098300774,0.3683930609085205,-0.19034014661956725,0.15766666982182131,-0.2174772488884933,1.788923583575525,1.8165108112303698,1.043442662431932,-0.9772521532236798,0.6172434035117408,0.503544166645707,-0.1218943179361325,-1.1539922652307368,-0.1564539715311347,-0.6909282511619907,-0.018114920252504094,-0.32510185000868613,-0.014213060102160197,-0.03276202987176813,0.02557207737379323,0.17832354665253677,-0.12313367436024755,0.5583371739075945,-2.000416188461202,-0.6242205854906899,-0.29792679089176566,1.233059148434776,-0.4958347826836446,1.3454036618129601,-0.8479067985127667,0.6411008041224479,0.6034009031619194,-1.5326809261870975,-0.18054374888970495,-0.9144441524564461,-0.913542672615612,-0.5619059260189736,0.6527145857680057,1.6595997707069523,-0.5390747276016556,-0.9266190299810015,1.0128838555517383,1.2421981163936922,0.9462428422183936,0.3911624296630869,-2.012847691354838,1.8196268381827923,1.5353871313745664,-0.5874749516675227,2.3082978008872654,0.03818090021386346,-0.8205432938260536,-0.7227880255640226,-0.3406753485317665,-0.5237678607804717,-0.380010848523188,0.22994589125432485,-0.5915101801003795,-0.08387100308422234,0.4881581217673415,1.9976394802389672,-1.1945626975504335,-1.495339158637364,-1.4518392171750512,0.15890895754731515,-0.38609925263061456,0.8003470493899081,-0.19898431955010287,-1.626890230180238,-0.5408394440604418,0.6667175711904526,0.18469479567980984,-1.0809552168342207,0.6244834681221487,-0.17240908787659426,0.19413445408502433,0.7258687433269759,-1.316085644937217,0.8897189259788946,0.031566840454746545,0.9815172406836103,1.0412013792399637,0.6273676722024333,0.2333156120993054,0.3438447538296001,0.8212837310961708,0.8143934141095613,-0.04588460802087263,0.3879066735707134,2.3011600239806556,-1.0786961194275067,-1.6992127370620633,-1.2335785357728366,0.5543557682616537,-0.4559082061421017,-1.335994502939503,0.6838220624152993,0.7843451863240524,-0.13750524922531998,-0.11355748680348011,0.7640642000038582,-0.3755997761256059,0.7454137940306288,-0.022215740692864333,0.7746355438291099,1.1474236144351744,0.8708997416278244,1.2105767379993064,-1.2770910104623723,1.1980412273338843,-1.9301337607382312,0.6566568146550251,-0.4449075169562404,-0.3802719578037467,0.24749287797355748,1.078955303548661,-0.8330259408574048,-0.661202277593324,0.2603230244178786,-0.13228204857149645,-2.165480642596534,1.183154520288382,-1.72096885513331,-1.44744268184387,0.4310349429235524,-0.21165135873892668,0.29945305728189114,3.1810594000190417,-0.31588736703767184,1.5023662595739595,0.8249814396877312,-0.9521597710152673,0.5608539786609653,0.5239803203021592,1.0906060455008437,-0.7319014548576945,0.8156701667771363,0.3922032359791612,-0.11948401579008183,-0.8936093162730696,0.1761623184501962,-1.890612864728827,0.8767222672356543,-2.1607889065794796,-1.2687632851654764,0.35914910952038465,1.1913557565047987,-2.52995564806434,1.5275030501379192,0.3890754705892652,-2.1895406829369524,-1.1477791552743821,0.4260575726746965,0.6787515164186549,1.8329047381926509,0.7989506996622472,0.35392859598478643,-0.29939777919772426,1.0805514537464278,2.11109490754702,-1.2322822240483926,0.6485399842575291,0.3995096473778268,-0.6793064576550975,-0.6137722838909637,1.2979416480953305,-0.584982962247996,0.4177760944711292,-0.5300462265166269,-0.1148938383813714,-1.3890653299838067,-0.6429443298517733,0.6174218958037806,0.11029017172378086,1.3288757788245016,-0.9222884665714655,-0.7110103099649139,0.49383994586677277,0.7265569994737899,0.01649325828281223,0.2623413560687891,-0.6531633831920372,0.45188298578574104,0.48744911444268785,0.30105839992157335,-0.36766961516434343,0.19602358463933656,0.23311142546577435,-1.085407182425539,-1.433690145623326,-2.5408877197612383,1.1746628901777352,1.284250196633354,0.33763837568021404,1.1996540960156634,0.9606577672120223,1.048158061419311,-0.4049085791145414,0.6477623607925597,-1.4331822507780658,2.679204046940046,0.7066294979019779,0.3450000294652589,-0.46479295234776247,0.05054175730493157,-1.3201052587379385,-0.4240908212594793,1.0184618850868905,1.1708778833680369,0.35040790040602915,0.12272273408893583,0.25036320204730267,-0.2466522093146799,-0.47121732517617076,-1.0255440462902174,-0.4208483536768187,0.30363674405952534,-0.8290319815623031,-1.6405956948309057,1.3101873807666573,0.2634142575236874,-0.05406209792799428,-0.20005951632391256,-0.11297386850397148,1.4488155721324376,0.7706649570443754,0.7836832001745804,-0.41729599036368303,0.047693232104011885,1.3683015622703982,1.9297985212375621,1.4600696630647083,0.9218882675451538,0.6063628388650568,-0.9258334970588493,0.38548468183324863,0.01646156328811156,-0.824058415984537,-1.0670960639980498,0.2964598020859448,1.2603443740199962,-2.2706451356739414,0.010106637261152095,-0.13579162663944305,-1.7303398742303813,-0.1314401774121935,0.28433624412837005,-1.1965795739118503,-0.22501957941904083,-1.7108174567699201,-0.6944547460511299,-0.9952822926805633,-0.35915242590182406,-0.4664518213509004,0.047423324313148926,0.7938685925719555,-1.2986017154213794,-1.0815822241410156,3.8154141365301975,0.7731498243748925,-0.7626728829311302,2.395186118396938,-1.1657606734652008,-0.013174014750084576,-0.07778125805881841,0.28777839412119577,-0.5159332700164003,0.8846351685876119,1.59144410640468,-0.124746914048153,-1.5467279974706887,0.7261016506733007,-0.514982526845411,1.59017327865193,0.4817423132590543,0.23842424499702897,-1.5861446029968507,1.6223802141606947,0.6182008672062448,0.21895863260661014,-0.19966892688089294,-0.8649780624117441,-0.5600029364539044,0.49964468672870677,1.012420431316874,1.109542575156773,0.6979567305575552,0.025511535098912397,1.363171063536968,0.681192951424785,-1.173397807703006,-0.4752161245269491,0.13548446672367095,1.1534786834444566,1.797941740483488,-0.5426711539250312,-1.5440898860724197,-1.0318942375397522,0.6450009690391489,2.6454435574635156,0.015181516717874682,-1.8967559570639838,0.17700314075102153,1.0610965409751207,-0.49346409584399986,0.32152356193258935,0.03258918928143416,-2.638582301338554,0.24730353003945352,-0.1854133022370858,-0.19038070029153042,0.1615427898505944,-0.5008037408177117,0.27059110329488234,0.13067504825450077,0.1548068707344823,0.7637677148322997,0.023517752734482075,-0.44189042106051335,0.018037115162513842,0.13102902980102477,-0.6382584154364243,-0.8354887169677017,-0.030414158247545064,-1.3606255723390228,2.060968894717254,-1.4431767721177766,-0.31045347156052544,0.33325523714157307,-1.135626428788117,-1.88531650730143,2.1628953947452043,-1.0837181123002142,-0.8707706208065636,-1.1124838022956478,1.7021530651915224,0.7156413870023057,1.2534337449825375,-0.15940947957144885,-1.045739896794244,1.2310529325054707,0.23344092142716572,-0.5909397824605171,-1.3546754750175203,0.394845151439225,0.17759762810626722,1.6145089252101188,-0.4051382116069301,0.7336436610351382,-1.5988496387052629,-2.6438590924989605,-0.0435264933741928,0.959714832851649,-0.22222515979029944,-1.3726201726490308,1.9258674108188076,1.5227979905643232,-0.6118574079895662,-0.48308412202196516,0.5928597436475718,1.2413739012367706,-0.6835680163505569,0.69618304911196,-1.1276167188515682,-1.2175977876929038,1.1661042045275203,-0.0871727319412149,0.017318650128699542,0.48941930884077084,0.3213309132575439,1.1337776074950119,1.9493736062579254,-2.863526566996402,-2.0278594624591877,-0.709926106447655,0.5080744726335393,-0.9363792160084297,-0.8007269008340293,-0.736361146373014,-1.7021805685399185,-1.0410095957206624,-0.80056029462221,-0.29928164284084596,-0.6193098245470372,-0.7853629122359608,0.1327066889986615,1.5843118986726443,0.89064727697226,1.594725960184158,2.5860781619684285,1.3211291546571593,-1.8893560117736505,-1.4623198750117101,0.24889792670256042,-0.4435443372989987,-0.13475436759930365,1.3559213224747066,-0.6270436426737783,-1.3635621078278115,0.2654907517074138,-0.41081344946378606,-1.3523419974797481,0.511790679273528,0.14979295852383753,-1.793151955174345,0.2069681296503728,-0.5776364998122981,-0.2446121543706856,0.22172736228573672,1.5075431867695746,0.6764535619393104,-1.948938143987746,1.1261368247101613,-0.3072272032145721,0.9605040015447783,-0.07084224669084954,-0.042268603593945686,-2.3917455574043758,0.3135922425050185,-1.9676521408481489,-0.3160709621735546,-1.3124083983166759,1.8844183634257528,1.3210546284545577,-0.2637555932109373,1.0157958944720797,0.5174432590350292,1.0361032638398213,0.7061215320188594,-0.33983729909883525,1.2344932923169791,1.437819914656297,1.4511640532597152,0.6288706973463267,-0.2649447181453111,0.8570587762753186,-0.5008577852549336,0.3720589744617717,-1.0073193953020172,0.604938345026354,-0.8919468182970447,0.4313788495878988,0.7239200375520021,-0.10761449264975545,-0.5969954285156529,-1.1847618150846555,-0.13272131065738457,0.6365141055118988,-0.30219305122527584,-0.1418491617568622,0.864128010685311,0.9677072377402269,-1.6814095325889693,-1.2727604205906353,-1.8326378867274011,0.16721683699013806,0.254457001540194,-1.6729180671978632,-0.850834656417733,2.9362911657921185,0.7045381299880316,0.9362055771493851,-1.047110486441753,0.2826514297418033,-1.8503671548759864,0.49323449490745497,-1.233832936631846,2.0756193010665127,-1.2038372785052156,-1.4610077699667319,0.9008228978233915,1.2878309167813342,1.0920343709704614,0.6974120929345923,1.67515270530459,0.973843736750525,-1.0200360911639967,-0.8415254796168815,1.0512480260675305,-0.35039848404835927,1.1164088284749596,1.379821351939372,-0.2822299585157753,-0.6826023174572339,0.9633127026174778,-1.1617219463855124,-0.5810799072023545,-1.599501240472947,1.580961406744628,-0.6263945346600028,0.07703412020976383,1.0791809588091132,-0.7290344093620678,-1.0166291030103412,-0.8138852458204107,1.6081548939158103,-1.2969833007865337,-0.3941010766626736,0.7798741406364639,-0.6082864435547375,0.4170198678101592,0.6958476816374857,0.8136307705073178,0.41070819395964875,0.7382045555196076,0.5373551615178163,0.1273503634677866,-0.423947646173609,1.743947824986149,0.5969460120505556,-2.094986242957187,-0.7453176157951056,0.7017790089385614,-1.6477984809941943,-0.15210238278839402,-0.03917926350819541,0.31878781689738256,0.8929811431434418,-0.47866781768208294,-0.4664617944846356,0.8189157384736622,-1.2987565567194002,-0.8424872478043308,-0.5302958848265016,0.28744524921209447,1.0294321439496215,0.8924195253939566,-0.9538316130094274,0.930512565160216,0.8471157304512043,-1.0519871228041566,0.25944074509508785,-1.1798521090645968,-0.13637515572402978,-0.9544744822161811,-0.16910360341576627,1.313168731343974,-1.3121599470411138,-0.2230614080409857,0.40347097212658145,0.3629230129416347,-1.3428200950365565,-0.35860097915671957,1.189103394125437,0.5866686597212551,0.5692664552712581,-0.14860063320059314,-0.4337105409438931,-0.14761025075934414,-1.3400147362502741,0.08756756958030078,0.17809284757895033,0.15851827205676733,0.6805189960637901,-0.8067698094938726,-0.4033359349768005,0.8018805554217492,0.020268625065237578,0.2983832108317118,0.5840617990711559,1.9026271281522575,0.7710817388675454,-0.32934306465078117,0.8849796867247731,-0.39915294562185744,-0.4461482884953061,0.10708638088886553,0.14233909154225158,0.2825990797166119,-1.535457292026791,-1.389609766205174,0.15581575696736416,1.0114083372761018,0.06387141697190321,1.1738294639661266,-1.146322563187689,-0.37193259245051447,-1.6318952613164064,-0.6257689622610502,-0.5453234665132529,1.0174804684447325,-0.4097543186405542,1.6482224894138304,-1.4282252002498153,-0.22836048858704122,-0.18109297340218233,1.0353585572945354,0.4606157480851459,0.48476106828436216,1.1896013175140414,0.6049156508931238,-1.1090344164049104,0.0015335990916534592,-0.048735896168472376,2.8212595853771645,-0.1715697567277254,0.015831943924425773,0.12368482410558433,1.7366080093008986,-0.23391554428975514,-0.48142389427292714,-0.43817452884150826,-0.9074270336282524,-0.621642011373959,1.0952400225921486,0.06601964642324348,2.7485760052058,-1.698652066406827,-0.833525349864536,-2.4432543387730115,-0.16083388476983373,1.2621976711362815,0.21801665135778028,1.5814863123570295,-2.0419533600475814,1.9176556861024339,-2.8511845508985596,0.010367876259882502,-0.36860366104290626,-0.79943309305342,-0.8800431763677843,0.038284792518547196,-0.831864651244253,-0.4333032314205046,1.0715445321255115,-0.06267000168063326,-1.8028388706422014,1.581672962255326,-1.737243721740976,-0.25260148181809183,0.23654500166562326,0.1861734477476517,0.8079482406125814,1.333814216512836,-0.04799025058377398,-0.6628199161169436,-1.781483715672734,-0.8687155732359577,0.65168278505686,1.2138554166915525,-1.32184787593282,2.480599308097352,2.417409886029271,0.714490854365558,-1.0338667400139043,1.0423937535785677,1.4284212454342318,-0.44184315200369517,0.33026904666621115,0.462071769186519,0.39917200996639457,0.5051250886956583,-0.03959460327501521,1.298596223875894,-0.32720376337656665,1.642001381657077,0.7003366647402686,-1.258835383356757,1.4150563139353056,0.2497577723691422,-0.17670176299662965,-0.3819243862433315,1.9180293525500205,-1.1395943222580542,-0.9730002476245028,0.8471732595724527,0.12327673350734308,0.0011187054407194308,-0.7094084928166802,0.04793064239998093,1.9454118155074314,0.36007785744723997,0.1601184946402913,1.0302586327599055,-0.8394053955872249,0.959164779876953,-0.26123690325781407,-0.16404505823131815,0.35437579301752853,-0.6844120805036176,0.21585078734351199,-0.5306106686171302,0.4052024130224882,0.9630676950289407,0.10307267937452148,0.7347581910342129,0.1172289802736759,0.20808335046689827,0.2678095327353271,-0.0008016648349395486,-0.47971765606642924,0.9232840729241778,-0.37828944662372893,-0.5855660143583932,-0.8039519493130911,-0.5420130438541493,-0.02183760043772359,0.04114483770351514,0.33548074326727445,-1.0396131422881703,-2.2851591735898364,2.3638379128384157,-0.5927679177511181,0.5415379677785968,1.0129599888048375,-1.3483645891919016,0.7963797023296514,-0.4365658359340082,0.2840496982266071,-0.17956004633486145,0.308223677740138,-1.039805077143117,0.9829846680050427,0.13648371790254352,0.1285910832971815,0.9380285516585394,0.6682060056599292,0.5766013635502574,0.5385302403735959,2.094767047895293,-1.5156974927784828,0.9477616073675904,-0.4588889627949939,0.5480710664568563,0.8599759460988934,-0.3291350707581543,0.25732019033598996,-0.46113976168338583,0.7260569433837863,-1.4367662955894414,0.17338781183965088,-0.7955753474368743,1.2101894237122575,1.913873587676251,-1.6858110867941056,-2.8634587955421216,-1.0509449295955489,0.10933620887183926,1.7379212106905815,-0.10593391836452318,-1.1676553211674867,0.26216775929450975,-0.8892020371881986,-0.894537131004842,-1.4671498392752427,0.40223033463840574,-0.06702311774666334,0.5095199120647067,-0.1962285846480762,0.20563851178674075,0.4596417604097778,0.4756202206004372,1.4348020828066443,-0.10278105345695746,-0.49808922518132176,-0.7501674529330195,1.3065704780005025,0.6926318198067297,-1.0019349632264902,-0.9772771812945643,1.19760895635061,0.3212288706204942,-0.640366719813913,-1.6048789519954558,-0.8202934924454194,0.7655078190556335,-0.09696277336609592,-0.8421868805913412,-0.519327328687651,-1.073424512779109,0.6721685482921811,-0.8017964407106882,0.39128738599805885,-0.6065156879407538,-0.3374361150686134,0.03669901157147597,-1.004203984261674,-0.8822864545470305,0.14896012645523268,0.1819968004451669,-1.0138652992160304,-0.6793016827612901,0.7553879341116139,0.6248168502836944,-1.6145425110043938,1.4898096570745947,-0.7956416603064482,1.0545125944626106,-0.1970375766943801,-0.13342539954359972,0.3518162950878182,1.4432772155163505,-0.3599726615259073,0.989521003180777,-0.7863506515240192,-0.13908518502881093,-1.4771456264716076,1.7185945503053872,0.8408617758684722,0.6652240089648671,-1.4727226220733451,1.1339544803826755,-0.7475353103057433,-0.383750213360422,-1.177772829531901,-1.3111051035854737,-1.2201791154296138,-1.707160775590376,-0.8826644312850507,0.30727001305903395,3.0376093099710544,1.3592242241997436,2.9296477472320333,0.30354782650036866,1.1618307922152284,-0.44603332811014923,2.260935700916062,-0.5440531188937037,-1.1269264135580446,1.5837344197071996,-0.9443806671828239,-0.48062944212262404,0.9182465361942919,1.1739424768466995,-1.2383710098628908,-0.269107966005372,-1.1360377856427963,0.40697372433199924,-0.3667032064330905,0.14551008434624613,0.2439772039373688,0.8821119782204385,-0.6408343493832295,1.3513780947357241,1.7773234218704095,-0.12182753575127668,-2.465117649605099,-1.1240867957811702,0.964376559608273,-0.18215335607129204,-0.23703795462749555,0.8856006185544121,1.2421378661445146,0.5157664791955426,-0.6924700015770271,-0.08614003933697179,0.8422061321513641,-0.4436826065961347,0.43419614469970325,1.088920335911002,0.9948051352826597,1.0171595677506036,0.7054699940961107,1.3067410611088521,-0.9362034807704254,-1.1153104229570674,1.0320884307016915,1.86757727611058,-0.22270437022654216,-1.3700382415348895,-1.0169822579791097,-0.04504816760318109,-0.3611233903666847,0.08128330282912453,0.938049227752564,1.5033108577623586,-0.41415464595702683,0.18582021023650175,-0.614992320621449,0.43157136602231855,1.5101507298012788,-0.805169842391235,-2.3483195317319243,0.2812251776504113,-2.317069079218251,-0.5990716112738368,1.4571522429191626,0.8319933991454598,1.5424888219624249,0.5650234784275763,-1.8599266279110611,-1.9299467117121392,0.6631479957537559,-0.922551205722144,-0.9120466869442642,0.2568082310912435,-0.7584952581159652,-0.17674678497232313,-0.24852300814833367,0.5559158236919253,1.9554160705477601,1.2666676091722346,-0.48090866148777633,-0.2385409362237138,2.2032941811723905,0.8163822568098067,1.3983960840129863,0.7625335986524172,-0.11972086340677743,-0.07930968500751101,2.3760885839377486,2.2438005786928144,0.539203994244366,0.7981960325163753,-0.7784277016439184,-0.4691696780771963,-0.13906547931667315,-0.3290247319973017,1.303778962147351,0.001648864925950011,-0.3525506445980457,-0.7801453963726596,0.36815680695250846,-1.3396307391855875,-1.1372577777211221,1.5995908915728703,-0.7819904781210218,0.2161497698019744,0.30015267208345714,-1.0584143625474258,-1.284162422063162,0.1584941331811041,-0.8300708701823346,0.3295116436959425,-1.1394473339552635,0.9679717456008192,1.071078966334217,0.20890933129007658,0.1196323635713438,-0.2760960526605597,-0.9387868277560205,0.6436798036885274,0.16363196774688427,0.9600572995018573,-1.8022154508382067,1.337410050326022,1.3111746417384638,-0.5682166848959478,-0.30913236686143314,-0.9608798774141527,-1.5946019219501695,-0.14465632462823483,0.9971857525349446,-0.02456191867412666,0.9740566666222901,1.4080713285566373,-0.03903976067892598,0.8112614165542537,0.367973850354622,3.427292042481973,0.2770010526075823,0.9565957468923456,1.3614582903812167,0.5305030707208573,0.5363242709718555,-1.6711865435652207,0.6172381413712402,-1.0871721585308622,-1.4591571444830342,1.133761736439501,-0.3253955496560126,1.1387190053490812,-1.2601589090742258,0.41887076593261674,0.13189005700419754,-0.05677344951359621,-0.6078688188112992,0.1773015930466807,-0.0712432630835017,-1.336037809508617,0.4196262787752574,1.1066363096035816,0.9027502383181727,0.213694464651643,0.12901230469085134,0.10681702001650709,-0.40390788685251994,0.69244508418497,-1.2819398136787057,-0.6786579066468078,2.029106624733325,0.9851631259844233,-1.5697889435679466,-0.7335382029648789,-0.4232397170109735,1.2470393998082208,0.45049769939216044,0.6788630287652384,-0.47638368230195866,0.1100956212858489,0.6221279376741565,0.29315700641927367,-0.5700043948813478,0.3239458885920619,0.9777792325157731,-0.5859823372392752,1.1355324106982565,-1.0595644301704086,-0.9318782989773859,-0.13426912632879479,-0.9371463238074362,-1.8996200394602862,-0.07724553463327885,1.541375220153415,0.8292446826657747,0.6943353965435926,0.19206684530224918,-0.7383474137378545,-0.9976155113119911,-0.2983765266303155,-1.1048718378028455,-0.3968216424559191,0.7316908895181655,0.05736766549277657,0.4859578053695245,0.525015073265528,-0.9239720079996289,-0.6701981298760322,0.4649585883892905,-1.1862936054239381,0.2844634190233062,-0.37958498541011654,-1.0991580330149848,-0.7602820632277675,1.1385094799665725,-0.22767751746220793,0.7935360723645108,0.4908919116831271,-1.1270096789088033,-0.9850318004367108,-0.3847392988894553,1.4294925601815942,0.06760146522603994,-0.13132948995272697,0.3453716329350324,-0.47128557334357113,0.40806228579627324,0.3920331824677929,-0.6429961084614192,0.6497609872706972,-0.7808580940575195,-0.00592350412713441,-0.09773900596182064,1.9697187776281069,0.3679970333285744,0.16912138745530417,2.0185800488232513,-0.682014833257411,0.6114597608676802,-1.4641935079481336,-0.6421325523924007,0.699343374921593,-0.4774860554776719,2.2670548522345504,0.09114556338844831,-0.7630284843408932,0.09211565322144025,-0.7091102898290105,-2.4554245958128833,-0.9519605000121681,-0.47349813091228593,-0.02613218717420257,0.9170705697593218,0.6430915596060259,0.9345888767278283,0.6273663751863472,0.7214243888973453,0.0884089871333483,-0.961426269517177,0.8984389306214668,0.4408167490313297,1.470336335971008,0.7593509568707492,-1.605375842584548,-0.18859448271155463,0.5335032657563348,-0.38007667549673185,1.4678100253066628,0.23369654491472544,-0.8414800519202259,-0.30169839039989177,-0.17769598877071596,-1.3359418541699803,0.06349586845668348,-0.9905641846070399,-0.8685655224990014,-1.4254993217775644,-0.023785021442514792,0.1801843241512747,0.23415710991367183,-1.3988489845730063,-0.06837224985694423,-2.2340446065981805,-1.3977663359256713,-0.4177564692248077,0.0025736404849200853,-1.0275952775025436,-0.08799856123690541,1.7297977161282065,1.1137805841809731,-0.3931154460040499,0.7660174516404634,-0.9742913366764855,-1.5517275464058298,0.7725807724272639,-1.8018810424010032,-1.6877576254404758,-0.5571182731581065,-0.4393286146849904,-0.5213091084373046,-0.49012653080130697,1.4681242712798142,-2.723204080119642,-0.5427351058890172,1.4011215373645258,0.05943714421783691,-1.0603436096664032,-0.44727998938608504,-0.5209082153004243,1.0491075752478793,-1.3678957658274487,-0.9583412679252257,-1.0836395777453078,-1.3835195237278892,1.1079921273519484;0.3196703222845218,1.5084995248198023,0.33848099199010695,-0.7728219314406939,-1.6776180992190608,-0.991981708347268,0.2662066146300098,2.0364612917151446,-0.6621077938767381,-1.1880548686109285,0.793908107696964,-0.29381933769659535,1.1288243916006062,-0.6035866091672057,1.254105695579291,-0.11581315758915346;0.8133410229773687,-0.5198535325374983,-0.05146364113040026,-1.7369239490371946,-0.3119528014387861,0.01921462053083009,0.8542800517795045,0.30459500354406777,-1.149637068584928,-1.868335873061897,-0.10124379551546187,0.8330838169130814,0.8823873713107884,0.2682916472031965,0.08274358036358781,-0.725977674992411,0.9142230387873886,1.712373943847807,0.7877889593716108,-1.0784953690304073,-1.318892035413115,-0.6964280958619182,-0.32069750663693486,0.4999435271056916,-2.639437660938775,-0.07709722614177592,-0.990089500631243,-0.47340516043443903,0.6362150239828941,0.15971036157009963,-1.5176746642807442,-0.7775383883777537,0.5147334180004086,0.3681471001955543,-0.12545739317590898,1.3131867316113202,0.7313365494779799,0.9849493610814211,0.5903954529896079,-0.8640634337078827,-0.8322117625886294,0.15543930786299004,0.4890634080046799,0.2590651097947393,0.03777742925313703,1.0199687413233887,-1.5889100759059465,-0.23757436988872505,-0.1721071917076583,2.0693131813005334,0.3408785279033331,0.0073901608253365,0.10129204077402185,-0.33654076171106695,2.305785170554974,0.9041005931263244,0.6017887157166415,0.7744879602669948,-0.4554936888706742,0.44576610589860993,2.2092410133705935,0.8262944456556437,-0.8284110182495021,0.8973146585890579,1.02391747710044,0.5616519669200247,0.8935372399473993,1.5344269139330686,1.224827234569118,1.8612847726293564,-0.4212533678168287,0.9852029980731452,-0.9830545761196243,-0.682191662662168,-1.0481356560657387,-0.07794809129807652,-0.7253123550311582,0.290067494975185,-0.8053478257351366,-1.1493335057645908,-3.077205451062765,-0.8704830855311103,0.6541899901177912,0.38732216445567735,0.5533484004097503,-0.43874468240175757,-0.5873082705374902,0.08072473030604883,-0.3064063349807996,-1.1740110319812036,-1.2115760701172111,-0.8385560248688934,1.013975852833973,-0.9780657239403753,1.1131600545619056,-0.4291958796774399,1.36275472650401,-1.0209013337773738,-1.1733642843305663,0.7732468577764828,0.04057616449726614,-0.6275237234572008,0.5492543072279703,-0.6084812771579519,-0.04329245735089647,-1.412583700450987,0.11965829280887623,-0.5669031671606027,2.4962091529068227,1.3933780514412764,-1.730130878774365,-0.5745902414166111,-0.2071895587078701,-0.9201717915723099,-0.4080821803877692,-0.2550753245340202,1.2700835311807286,2.6257553196112493,-1.34151341402455,1.332913370241551,-0.9985144308227346,0.390562404468335,2.663168137317704,0.49640849725592295,0.18544058144557973,-0.06924737335372706,0.9972186319214431,-0.01526985772526368,0.3746011163382615,0.8274198001706716,-0.19400484473266127,1.3273436417546995,1.2833643798460619,0.5019956426405234,0.28977864758977484,-0.5943917882439896,-0.628135573343867,-1.1672869624542193,-0.36334482132389845,2.614415511770541,0.28023798374248743,-1.8116423998428093,-0.7432196557682913,-0.5001652287645231,0.983976252199635,0.5861635165182062,0.007593342857365511,-1.2480421328243336,0.43150202689167577,-1.5757090065918582,-1.2651475355943815,0.34004010952663366,-0.38339107256983923,0.76731666113942,0.5727532617507615,-0.6074782766777289,0.8741701213364207,1.7561673173934054,-0.6615631017932762,-0.453873846384166;-0.25676654698419027,-0.5576245282493425,-0.019712212874620244,-0.9625695971428773,2.2101028792057567,0.2726192115268431,0.5589950723659497,-1.8806733115264729,0.6688886028821067,-0.5794389810348646"
13,1.4321114166874311,"-0.24800581278730988,-1.478533371378914,-1.0759832400382852,-0.23860247453779956,1.6489867347462226,0.8472926094962874,0.8906149657314447,0.18683473884647656,1.027039071879242,0.9243151437172197,-2.0308777779320315,0.7030507198093033,-0.2204098316197181,0.8852296110157093,0.9096442188291833,1.057467189205577,-0.0556895396028141,-0.7577485727092836,0.7311333502946094,0.888492840295237,0.35151868813929943,-0.6460766713456965,-2.6536361572701637,0.3788708265207558,-1.1163790399770448,0.17848828344160447,0.8458281068515411,-0.9387121748051982,0.1115833568285471,-0.416932261357957,-0.10897670661732706,0.07173562808590869,1.7769735949163084,1.631597551581136,1.0854070809681269,-1.4247764509815848,1.047683596606399,0.37329450137838505,-0.36434090885467296,-1.386320252853259,-0.842293825916805,-1.0575125857532996,-0.8633066384652051,-0.059371965858664916,0.18836069191784588,-0.15464563466716472,0.2584275363461753,-0.03420253456087542,0.5844163833712361,1.1336306722350904,-1.2571459856183103,-0.4265201497482175,0.20509467547265114,1.1167551701448624,-0.890268607986014,0.9610988410737477,-0.9768850162442191,0.9012446754180604,0.5194049571846261,-1.3471543460328748,0.038442801158086626,-0.3936806779419729,-1.0833172300888498,-0.6787747480682284,0.44507837599571887,2.0670523843034707,-0.8539925889668304,-0.9990885310800949,1.4088449624569979,1.496888797642893,0.41499185346040424,-0.03860405018887099,-1.706685727928486,1.1037757882774082,1.393666351480089,-0.8489087707508229,2.3512501219277087,-0.07590454931898546,-0.21029769750045482,-0.6459719977378591,0.2545938380927628,-0.7715983090824172,-0.8366456694643607,0.3843105908641802,0.133318638351769,-0.06551326324805759,0.2362490224880414,1.635664614614917,-1.086037119975324,-1.6331753186057758,-1.461949857651257,0.31699821481854057,-1.412904385226076,0.8873901499198846,-0.07223232798806849,-1.1273089744474853,-0.6513058915401408,0.37492390219937305,-0.09000960336068511,-0.4193439465417002,0.16553325121534884,-0.7460496170395997,-0.32181426821485365,0.6927186959301669,-1.4521861470363588,0.9146602292303784,-0.28007655027943545,0.460729559197237,1.3624203261007293,0.820637239192753,0.6311788931742172,0.2820660295743861,0.6348181666815533,1.3995018553099547,-0.4085864538133894,1.1096214556860284,1.4966128075249974,-0.39539611574634664,-1.7333552772752783,-1.5936903031704783,1.0627941529493772,-0.8364773478880458,-0.7779839628545235,-0.0014138968522743323,0.6118208111096032,-0.5052353781013313,-0.06406535776730038,0.4092512225913691,-0.5224704647721359,0.8002826513403806,-0.2770667672243341,0.6978181256654903,-0.2248596916813268,1.4608162090958987,1.1126813454135156,-0.9771822150164445,1.4831055214373585,-0.7109565665801761,0.2375370137782735,0.2502756244256407,-0.1322258733776847,-0.2445146537933096,1.017830251428657,-0.3047955137480578,-1.7973051162236031,1.0878674061036406,-0.33545348635206823,-1.7181420533062783,1.3558706884961975,-1.6683763149503956,-1.4461561353128563,0.9038310368490157,-0.045371115170270065,0.17833695144513068,2.420948789087003,0.25150007734313234,0.7705943923914372,0.8330636684194893,-0.6538322528853623,0.3317535447693907,0.5339957149080556,0.38855253961235314,-0.5408809982869831,0.5704724078038402,0.743864656345668,0.11390012449376401,-1.568369642364688,0.010402840292392636,-1.7648759223790615,1.0192647036102507,-1.6508006699652245,-0.5545105894613993,-0.34973761988100577,1.1404515664172752,-1.7226793716280984,0.7943071335322834,-0.240883735725899,-1.9041040368111033,-1.5114702553030606,0.037933895394720474,-0.029627161590956907,1.807987359574803,0.6433691045696396,0.9000850025454301,-0.868763673867196,1.11345913239731,1.9678646455402131,-1.4688321519950134,0.3065433321641964,-0.07736450384046799,-0.7018734438682949,-0.3531358137999905,0.6432915398178389,-0.935055773584291,0.5048072233590832,-0.8962357395414164,-0.011287291123302762,-1.4622305879511113,0.19406487911171114,0.9246880450338008,0.7756069208575475,0.8139449038669037,-0.8923856133065803,-1.264808214844273,0.9040186485141767,0.5672841512554312,0.05241816761087836,-0.23191466008874262,0.48893782266945707,0.10387369377809877,0.2652683385566945,-0.11945375343809489,-0.9045664571107146,-0.7204998650021791,-0.44397037495785646,-0.45057357602094683,-1.2266960240563225,-2.2349945237341973,0.9894406865943637,0.6462840583287228,0.14999910406605146,0.6822418794501494,0.07348908865234717,0.7975324973073212,-0.4480770281682054,1.4499926644060863,-0.49321086436879286,2.16603461602881,0.3098759343755064,0.45626195330226393,-0.682942215777327,-0.3951214897776735,-0.7000399956508706,0.21383821743393172,0.8822596724056816,0.9167147830871769,0.26058672203880767,0.552819263935091,0.6146590264142004,-0.029035528433687625,-0.6141802412368227,-0.5939880184444932,-0.6080930567445868,0.4918766925732141,-0.5242133633387842,-1.7770573402074086,1.354323560192461,-0.015919188165295986,-0.5077365174098726,-0.5419768325027617,0.574385384837725,1.8859979972442231,0.2257181073614962,1.7203532276765257,-0.8145233241854194,-0.03393804131222666,1.109355941770523,1.445366979273973,0.781678353511289,1.2787648087094448,0.3954334506358579,-1.3632626498448666,0.04233881070419665,0.7377020017870002,-0.38714740838309014,-0.4082982603568379,0.3805546496631589,0.7706881048202823,-2.319850679629997,-0.585584488061522,0.9094371629801761,-1.9657781014385651,0.3950419064638552,-0.14482735967525498,-0.7567722558148308,0.30458726135402225,-1.9580059124620752,-1.374899869138618,-1.1787868962823786,-0.6559846394048181,-0.6141000877219701,-0.18348903803117367,0.5159839339767638,-1.0472111109344036,-0.4171065068596411,3.0540918039986003,0.7157525571441985,-1.1715071201662648,1.9239027766755126,-0.8785600054413525,-0.23189682722376895,0.772592080996846,0.08272737137170141,-0.4757994128561905,0.8533645256941864,1.357836551205055,0.25352470030607155,-1.54973154892588,0.4416080509472699,-0.30081352877571005,1.6932663949127946,0.6924400027882227,0.7357064684378505,-1.318384544146276,1.5980709764718126,0.5004843920431362,0.25939368517015854,0.33678184350510215,-0.6845988205154995,-0.2769682383447548,-0.1090360866963529,0.29666474691941974,0.8162287910907743,1.4755626650275302,-0.17507308073864897,1.3536912341676537,0.054473210351576595,-0.7253390907384555,0.30634666264395527,-0.36090148501513875,0.738503312405577,1.4226825307907347,-0.6841957723491299,-1.6114943086739706,-0.8221590980376511,0.8259209858405837,2.4135950120259393,-0.06268833758217252,-1.535257136218534,0.6274596104647364,0.9669881827557567,-1.0253518626207172,0.09524950283007652,-0.16633608436701172,-2.7227982015228167,0.1319480442332584,0.09888474586590187,-0.06387427922124483,0.02487555960333289,-0.5491115383757769,0.2093546659939097,0.36617936122353056,-0.5410186376364106,0.05879654133422597,0.1479890030512696,-0.29953639146406674,0.12655552972651168,0.23081212804220544,0.11009642803669731,-0.22933080076812326,-0.046244940677731834,-1.0820147490505967,1.3152156159392057,-1.407116887777126,-0.09679867250951565,0.1537021005761418,-0.7838764679835946,-2.235166043861163,1.8512191686132118,-1.562698793715881,-1.312797832867478,-1.3784300521443984,1.4313943410842374,-0.08440347959788304,1.1320500861532745,-0.62238191990639,-1.0344259943085818,1.2905160076454079,0.319287172878045,-0.4295977242696893,-1.64498731610856,0.2524499005955456,0.08460739809833044,1.0781915404428404,-0.6859024636686488,-0.35575669893277484,-1.1463049968360361,-2.1029213982886334,-0.10841420843238134,1.5356665904635793,-0.189860891282509,-0.9950233229780614,1.8760511593207505,1.7846652075446363,0.0953732841017672,-0.9926247010669335,0.6834792303230219,1.3135088410731353,-0.6374049473838042,0.25588641937112155,-1.7510921100074082,-1.2449500368027495,0.9451253256529519,0.02042557565481573,0.3762808306084874,0.26023776926093006,-0.014313068689793708,1.8191415451726094,1.8378017593374738,-2.982553136371836,-1.4850680790772908,-0.8066327214566456,1.2648467770084997,-0.6699683433540614,-0.5891404143756505,-1.130718511556113,-1.5776667652107972,-1.0272524735403046,-0.9659097061636703,0.09220875567635861,-1.0711288634165765,-0.51604573002389,0.32096362600186973,1.165455871951514,0.4863707484456675,1.3969107637029508,2.815185712734837,1.4311856905955684,-1.7624877555008447,-1.1524569976160584,0.5008547590690429,-0.34079389415622297,-0.7887283988388368,1.4621039099092987,-0.4144405986058833,-0.5487397313881065,0.7975561475108719,-1.1877136802577164,-0.4740329486911164,0.7792903078350603,-0.554916827255862,-1.4578955896825845,0.16931924273856414,-0.37157180339273405,-0.6048657222265985,0.6690676123223067,1.5062841454749147,0.3170103967499427,-1.999053350266,1.5082390214512837,-0.3890240231632138,1.1668301815236857,0.13684673127828695,0.590932915315282,-2.253619184979271,0.13173980012848463,-1.9181153938518423,-0.779720610998292,-1.158533899339996,1.518447713916886,1.1468391640971527,-0.35859391452772976,0.4372719963141176,0.22669300413221213,1.2454354821328402,-0.05540670689034997,-0.6636064083659332,1.1755663029346657,1.2286834397804267,1.583518074553765,0.5481148288160905,-0.6970358098151535,0.3719148879927562,-1.076662766714965,0.21414853493827515,-0.4522296143580908,0.5645734143314067,-0.7400390106873599,0.17536613991818,0.8456600975656502,-0.6510521747996748,0.07597116512713313,-1.0214231387611359,0.5119531986799292,-0.03100059776890454,0.6645144159658274,-0.3406126517202575,0.7136151830714944,0.8642193061059114,-0.8360125858459186,-1.0123411088015577,-1.2898968248014684,-0.5521533868173116,0.011772861739624857,-1.2092449449872695,-0.9851833155062395,2.77519059887222,0.7103429000501206,1.0752360814953892,-1.6030428208574024,0.1282506542298405,-2.4763464232791526,0.6682565557819001,-1.3409230275005826,1.8815206821577377,-1.159752940387,-1.5993278720502813,0.12825478018144126,0.9782849194481582,1.1885623424557206,0.8485414208807543,2.364888383473619,1.5313424392390644,-0.94277866228329,-0.6608075660258813,1.3121027110480477,0.030622983172574572,0.45166150534131544,1.6553004940856875,0.18952658337975709,-0.11412235350702543,1.3304874128966728,-1.1730826928686242,-0.6920972189762192,-1.7660448115404808,1.6852509351064675,-0.9149308533384737,0.9459104697605458,1.6274395875948093,-0.625164568828257,-0.8915504374483193,-1.3873875790314294,1.2333030505213247,-1.4181697613678543,-0.2920473412043849,0.0565049987554842,-1.0510410110455326,0.7455480629212291,0.5590695572698088,0.7897763399334888,1.0621340839499172,0.4554450951856436,0.7197765393813736,-0.5573153077441924,-0.055417718985455625,1.8207092170269006,0.589344077056869,-1.8374033983429796,-0.27668648549959374,-0.6667032982179077,-2.1976392272291534,-0.3408581439429295,0.6616995962195438,0.7389042668306758,0.13318779374553236,-0.6618419397167988,0.43730182114308097,1.0216411818710827,-1.027907218992907,-1.3858053811622404,-0.1780759078208324,0.8132178357350548,0.5308599036618566,0.5485903395969041,-0.6155885855842009,0.27583479223804463,0.9383733781829317,-1.3270749212512634,0.8002640773646582,-1.4414988286810773,-0.5937031758348212,-1.0939157685157475,-0.48879333755636994,0.9181511883967072,-1.4636125779307432,-0.9154587039503721,0.4440252628234873,1.0251206618362936,-1.1060788562068888,-0.2887362210501768,0.7237842414544216,-0.1003522905790857,0.7274737994488761,-0.1401205376708112,-1.2403921662147976,-0.013645620243252943,-1.3899392326971283,0.321620138826889,0.14627535256304225,-0.0005343643188375144,-0.03099538785061718,-0.08939921807999249,-0.13837780590612786,0.8471257038662918,-0.4910586761217486,0.5768682156948896,0.6552186364807856,1.4730183974705688,1.0580068635722044,-0.7417721057728726,0.6655443855615455,-0.11126245531855412,-0.8335000366295893,0.7363959545179543,0.08836797134055756,-0.24825752156783418,-1.4605646398915146,-1.094299362224926,0.4947941514730408,-0.3190287284650083,0.009055976937327126,1.6246219383527254,-0.7724020027317874,0.18691355292395004,-1.1965975099719581,-0.19694001270947742,-0.525290170529121,0.8985017507225368,-0.8571878062493075,1.0102888302526727,-2.098361090726883,-0.6541777440081703,-0.3156989765509487,1.306851002477746,0.44618902656935727,0.130693058098667,0.7721043175107246,1.1841087658052547,-1.491909219980603,-0.362121256760002,-0.14616029199396727,3.028901143846415,-0.13589584299971866,0.248854247240023,0.5359002872171249,1.310852391376386,-0.47284641286740947,-0.2873527971795197,-0.3133675541260418,-0.41313735658412926,-0.9683067467362546,0.9037863200954955,0.5133920401170262,2.0781857607738967,-1.5384571705284997,-1.4048361065676747,-2.411268422095544,-0.32342961919333174,1.10723601644799,1.0299292760943173,1.4928051652932979,-2.4989360974342656,1.7009223057134444,-1.601752698291844,-0.24956363455183384,-0.5058364602274403,-0.7774425577774127,-0.8397056714001588,0.09692283333210182,-1.117691194551266,-0.37941847773851833,1.4170987875489842,0.05334512338198569,-2.053206145806046,1.7290982477515704,-1.8693927296248798,0.2710034934200969,-0.37385243299675674,0.42263050735365393,0.9990025068702414,0.8397720772192314,1.0243736850848861,-0.7084351271730588,-1.8509559310216854,-1.726442929006657,0.7877575155719804,0.9781634302833453,-0.8968643345712578,1.4179931627208557,2.1590009359668896,0.6087766986380843,-1.024467226447575,0.36413972083862456,1.1309267538872803,-0.10414245088907415,0.44196144378768304,0.7180479003895954,0.4038750354804017,0.3929347376639518,-0.08666435405756552,1.0827600738601235,-0.33429907174866247,0.8435357067591938,0.35452585349513527,-0.4528862823600586,1.7632042551748603,0.002580334361356018,-0.221133582022887,0.1650309528234451,1.0256392522073496,-1.615634437399266,-0.860607185517001,0.9907931582058622,-0.38751534853425057,-0.1446644678677102,-0.7724691944742371,-0.0334284081922621,1.7172751725704176,0.40470141503808454,-0.6025442125434016,0.44062256334036304,-0.9052135884388082,1.0704442486379213,0.08848385032012498,-0.30878557622758096,-0.16251643072088884,0.034775943432516956,0.4233044593702016,-0.7325112392196012,-0.22881243656006817,1.2227735963748851,-0.4021653027021278,0.8010860780640443,0.25736709197888086,0.9059678835261595,0.8090350965497746,0.1498814518100584,-0.324880106533723,0.8072813008451757,-0.9094928720939368,-0.24819642723304683,-0.3508298654383508,-1.2212973249272623,-0.1648714255275984,0.1988926104996962,0.13286841727122667,-1.2938394305152483,-2.479154770033054,2.123445874127744,-0.1856609533136037,0.25568487464935075,1.2518503125128444,-0.458291884125775,0.5846039464040436,0.02843070967656902,0.1468757172513315,-0.14258528941282358,-0.07847815661556118,-0.32166307222599855,1.3054420013064,0.5156698507240162,0.231604398819716,1.0499508100840604,0.8667630719813705,-0.1955865773742662,0.12743779728911045,2.216247752435912,-1.426963269764363,1.0383762381145272,-0.5227412136178771,1.2567998410382584,0.49129939064185546,-0.571193902057298,-0.24819961151876102,-0.5814896541120905,0.8700736955035046,-1.4676343256328699,-0.10846556687456632,-1.3075247140801454,1.2948961379634099,1.8195786278013804,-1.6741051658384927,-2.8212289449918493,-0.5611740333988161,0.6080322648898371,2.133801520977868,-0.08148903556429346,-2.088852077460329,-0.010062444662583152,-0.4977802892347416,-1.093284404003587,-1.2302800975550445,-0.17070238012974745,0.029803868086180046,0.5387144687720015,-0.020056182767934937,0.4907817113308788,0.28698704222730215,0.8564620540036327,0.781545479237859,-0.22603235734856977,-0.18699449521056638,-1.3077573146346886,1.2712409066626902,0.557955293113139,-0.5354342213973502,-0.8332373934325911,1.7311014960155935,0.1838826923635461,0.15924562382175497,-1.6538454874227553,-0.9577166189243815,0.48707668105489466,-0.09641874690598261,-1.1416113941871315,-0.8315474830914492,-0.5252998647880365,0.07432617549219736,-0.8027251274528562,1.1473786596257827,0.02412713057714099,-0.6459518442335126,-0.4089362042133848,-0.9426641638608348,-0.8889245252140876,0.29474621833063874,0.4154951336936069,-1.0635238076602143,-0.3858298762495866,0.6356343582719205,0.17159443977621536,-1.7319402070670755,1.9613378885011001,-0.43376356937645943,0.08248033452734119,-0.13385861676673377,-0.41893387241519087,0.9381421038370132,0.8326360832167627,-0.032182543943029475,0.6860876438662171,-0.18360210016654224,-0.417851877732941,-1.0542343886336731,1.6547798698552878,0.8821282364766088,0.21749573654168403,-2.0550444901706273,0.5384400694498789,-0.9015142939238504,-0.7990160173493881,-0.836575613132909,-1.365417547561347,-1.4766907331261367,-1.3600465210215085,-0.6442890673281596,0.3693854950261349,1.9188857690371453,1.0744663171418112,2.99031487124444,-0.33147002841364986,0.7742380855802269,-0.2521324192703985,2.2012736942858417,-0.49284996520386193,-0.5706206025314629,1.5989715571181935,-0.9008150140248131,-0.24446405205995075,0.44908308109198775,0.7999516848928483,-0.8903022210085959,-0.6601388395112784,-1.0660668787317622,-0.544624393784024,-0.21953949424156927,-0.4047497850928241,0.9190382549725649,1.0835028969351201,-0.40640783132241565,1.4917299102098784,1.5600726381667571,0.013972003534728591,-2.406133678115068,-1.0546573413704072,0.8035248151987007,-0.8150708450813657,-0.15057206898366007,1.1805200679393446,0.21144029218256677,0.48852491957005006,-0.28281136976345655,0.2687760080242409,1.4387774289777309,0.09337273784698852,0.7060178465062337,1.143977741903309,0.9125546793430548,0.5955863457047762,0.41997874286845804,1.24044773028929,-0.9283544077141351,-0.8944134445650656,1.0459793353367908,2.098553845252665,-0.5467589268014125,-1.4867413424506126,-0.482027142836695,0.3015764251570814,-0.27358264858084236,-0.5170560041232681,0.8930286464043283,1.0992329563985521,-0.040598631686664555,-0.008118349186712864,0.10311376913852918,-0.13206849048257935,1.5677719150407794,-0.6921496926030982,-1.1615658302901783,-0.2165157758122377,-2.018954744839988,-0.4299860748490497,1.6257150713872222,1.435314853359439,0.5881141575970553,0.51320155826948,-1.8857688627393954,-1.471995771148534,0.9922565768185558,0.0958378658637286,-0.6560183880112261,-0.07791974296883253,-1.5912619830227084,-0.37237514033443264,-0.7753800728478637,0.9761217638015159,2.0628152627191945,1.5276088410216793,-0.7104696073402987,-0.4234310597334986,1.9736974458443874,1.344025701381549,0.5984498200453277,0.3835332052111785,-0.3038205951818152,0.37548819572558606,2.562337378551011,2.1646567191923367,0.057577684990065464,0.31015398778508896,-0.49278530776924234,-0.5030539784036699,0.588587385456169,-0.22968922552649074,1.275300970926987,0.5629757208605851,-0.49405116763107615,-0.7531834227511718,0.026001077139091,-1.476996643039899,-0.40127676289076664,1.4235523260746077,-0.3669453838394706,0.5465788993918395,0.5576314993693217,-0.9240057444139205,-1.4472262569852072,-0.359611572766445,-0.6596797962278282,0.2655690856229206,-0.8025463373309746,0.23378145210772572,0.8516360896066583,0.699371456561473,0.1930850035300649,-0.7513059728189982,-1.7237150076536452,0.17064889294866037,0.022008335169265314,0.19305570249018805,-1.4523975568803946,1.0265291104080418,1.3155718387175128,-1.1452528373074093,-0.08351817337435931,-1.307699276157464,-1.1499895396459736,0.17815065595344323,0.310054554816346,-0.372540133922344,0.6947950092307466,1.5401233887469774,-0.5036514890679318,0.4362947121057543,-0.2907160763326921,3.820272070262691,-0.13569762053741505,0.973413793645678,0.9569863542724458,0.7670613374193277,-0.013138095180765946,-1.809018295362161,0.2996681384970395,-0.5988871265201425,-1.8150800664466609,0.9728217884885167,0.2562483130869216,0.9662189608810792,-1.5711504566548953,-0.1300933896375332,-0.5332950045641861,-0.039825147407630254,-1.6968208935834972,0.10133686587483023,-0.16965649736063537,-0.9126431735220186,0.024617372409357907,0.927153390836251,0.5601938327869767,-0.7755439208934372,-0.01936120968651217,0.19079023403613513,-0.14945148328340502,-0.059027757815534265,-1.4572884688759096,-1.0658938618015374,1.8601242248234453,0.7779273337769018,-1.1704575298098718,-0.3164549185728194,-0.46275238277512604,0.4432126501940573,0.9214364785581891,0.25297163442958287,-0.349445346931025,-0.52293885969248,0.6607738952254975,0.7203177060523878,-0.9143189383345668,0.493766031489719,0.9907658816123914,-0.9842068283308716,-0.05049032847185165,-0.046564128977836905,-1.032589736969832,-0.08235578636911367,-1.0527857417927122,-2.261646237337941,-0.10679780434979633,1.0520314149891168,0.9512027670235774,-0.0978570479109949,0.38435444253197326,0.1245340745745223,-0.44536578800286253,-0.08937023453492977,-0.9653800064013338,-0.4508322772683708,0.24138404689241705,0.34073809200833055,-0.11129533075292221,0.8171246244327661,-0.9957250362218176,-0.23406271775819504,1.4270501761242766,-1.358703852121094,0.15397460696330112,-0.589054508659836,-0.6227697374863419,-0.6820657781862012,0.6916078341285276,-0.18617872009399059,0.6661498043530896,1.2788361301980955,-1.3609817335211116,-1.585241065102658,-1.067585568618439,0.815392595196814,0.393957476973704,-0.6221003446024722,0.6295018739871497,0.36131315039687745,0.30149058506249604,0.3638376276273089,-0.07329465768618132,1.327630068896983,-0.18874040787796256,0.37245798486693293,-0.3207026334785201,1.6882791628767442,0.35205958016156497,0.3129795606478915,1.981694568334225,-0.5118447752773642,0.876062921869009,-1.0368582683650724,-0.07359740970818857,0.6731737358366933,-0.14780823586945058,2.6091982811914796,0.14318717104962236,-1.13639166157296,-0.05896233754071112,0.1790276150826044,-1.655487487963457,-0.6163227221197447,-1.3507581098792638,-0.17281386610797872,0.13186487420004994,0.3495271803191642,0.524109171088877,0.6570554435857487,0.9676479494540294,0.06982898166541995,-0.11148246056606466,1.3149749571437912,0.7101146496900583,1.2838442628555784,0.8388926676228123,-1.4429231019016835,-0.7683634940170364,0.41065739667158296,-1.0088312395413417,1.2174031078247183,0.14688365931779923,-0.42515349078024683,0.24312042845474194,-0.45426338324741156,-1.221627384227426,0.13196067187136323,-0.7660562045367216,-0.40177601502005356,-1.7183961149800842,0.39780015182256284,0.2767782797851146,0.26777477130107663,-1.1445208747007367,-0.7670617190284887,-2.4969250840022874,-0.903074979677842,-0.3846790981479371,0.4566382935593081,-1.0628427509166767,-0.3177893174753464,1.0734957654114508,1.420812553027122,-0.6454912511015731,0.8136938081035293,-0.9039228622334168,-1.5864831864533806,1.0418852746072544,-2.4262003088256017,-2.0978599615750877,-0.6086137399118672,-0.4519621903959114,0.09231067330162525,-0.8667907744949792,1.1316298760684307,-2.536999689071239,-0.5074000299225698,1.3745569074601414,0.4121517157652951,-0.7078579306425001,-0.1715681747121775,-0.35017110449502287,1.3079812716738615,-1.3471752334155642,-1.076458844040706,-0.7774643897444229,-1.7704957629206381,1.040100403425222;0.25815774484575393,2.1159006876975384,-0.5084115035764315,0.08395586465860205,-1.5077109650560874,-0.5419308364411882,0.7146916126910974,2.180944474869202,0.1886930156251118,-0.6316874391190809,0.45612105235973166,-1.2053284060029048,1.1400231491296104,-0.593946408177818,0.8445065779998884,-0.5197542617782112;0.75536641087959,-0.4997868234768784,-0.593295106980828,-2.28179636808944,-0.5868268348528797,-0.5557287028233013,0.9070346100111473,0.5394055980613282,-1.2055692097085586,-1.822414798770934,-0.11561147319971003,0.9185713318677301,-0.165316600161876,0.12455292651136085,0.4193893814155591,-0.31793689791637514,0.8126612428403872,1.740558306029265,0.8804709122825877,-0.8865213468501156,-1.4723288429303543,-0.6250840047013019,-0.7935470703108356,0.5407221926419926,-2.668241444808088,0.3588207011742578,-0.27490066906494764,0.08170827244629017,0.7684108701457212,-0.9643105605222444,-1.6331530576028577,-1.2126745644314556,0.7146418278993536,0.07447887522437976,0.6034729905964735,1.1340296701720682,1.5797231885260796,1.7956887020678944,0.8014594687953726,-0.8007921854841779,-1.1344773249234543,0.14853262820584892,-0.03346249470976589,0.4054606306998402,0.36152553691784095,0.8429115873998786,-1.6026300603476997,-0.19572714743990333,-0.6168434802876679,1.1911613596531307,0.5527029407067757,-0.14349504902470828,0.07744940385851046,-0.24777525154995178,2.4406505626741337,1.251429290246121,0.11192009497208481,0.7853971480578166,-0.24932392786816485,0.497480483637077,2.6684004578421385,0.843810026771156,-0.45707103703690677,0.5451890944047109,1.0041079426063402,0.5258817706247201,0.48685461850421397,1.140805021355337,1.6538691967131172,1.6444290230623373,0.14840588199357366,0.8518148685328298,-1.3078367164202078,-1.065872608008444,-0.8968464459597647,0.03609479927475138,-1.0956266167322122,0.22945990114555787,-0.9200989299311402,-1.0855489825433426,-2.348899455119593,-0.41845710921442736,0.6415282659858759,0.379538414656902,0.550492390756608,-0.0987855454371604,0.15762341716835424,-0.2104203897341982,-0.4677840609273982,-0.9782001286458416,-0.39326461036567917,-0.9739752429940285,1.0139687391803387,-0.8765505527043096,0.938111228289447,-0.0011833912537032032,1.1936989392155641,-1.1789741886565377,-1.4366942469698307,0.5667059896801582,0.8349243966474347,-1.0772017957096154,-0.080912792547361,-0.33341834700652,0.24229702445372628,-2.153031972063939,-0.2763806836921118,-1.5982005196447464,2.407657406244127,1.7010646961675933,-2.1863833621176467,-0.174339157549442,-0.051391150898831145,-0.6639514487238689,0.054238355711811514,-0.5034414527479815,1.0964583641572532,2.247617484680233,-1.6180500025602766,0.9570458541471981,-0.4993850972910743,0.5301086415584375,2.070880404038203,-0.2891693708929816,0.5932673224152035,-0.7357471776794721,1.1935203642159173,-0.661923157111748,0.08056658725016513,0.9457478804094602,-0.4688496841838645,1.821956738106782,0.3808098257108048,0.6114000427085869,0.09799065802447823,-0.10339072428040438,-0.6937740288282436,-0.8725281073209045,-0.19628864863138187,3.0168451144746613,0.49605951107520974,-0.9216721669016794,-0.26444947497244853,-0.3665879668534684,0.8802315727096485,0.33757718739706405,0.018117835444339453,-1.7347945337724962,0.32447747257930815,-1.0976408884083606,-1.5763840762057617,0.7107229337678871,-0.2507782630995148,1.0116085164240565,0.29062925556282077,-0.6542852852202361,0.37316082314672333,1.804534098047454,-0.4953758016848072,-0.6330376911902931;0.1448457546794673,-0.2863730557410903,0.5448117707992304,-0.6614513234832976,1.0472617501062065,0.39705175031877415,0.4058548715612441,-1.8439895529212424,1.293391791157335,-1.0562917199707311"
14,1.4112202037990333,"-0.22348185938647594,-1.4816499362470195,-0.8216871246970636,-0.23565766282457118,1.6193371125830196,0.9172374825640834,0.924792613749113,0.1782996508194492,1.040429658242889,1.000905531227887,-2.11923713575147,0.6384936488374355,-0.16232395583731793,0.9807192712251361,0.8203735588391998,0.9476123664732732,-0.14177604144788025,-0.8461352355131673,0.9092597334112508,0.925143121886009,0.26769504760756635,-0.6087173011953761,-2.549624700744607,0.37059103998373777,-1.0632312048782253,0.12105281453094263,0.9476004156315668,-0.750928962954886,0.14565020856823943,-0.332223021545879,-0.23294934602672557,-0.05119464250656229,1.69532686254641,1.685298388092735,1.2726088152161699,-1.3444606586191366,0.9830876644405366,0.1590933170017172,-0.45864495947604766,-1.37909791526369,-0.5882369827579421,-1.0092077672942912,-0.6343969733263762,-0.11462816716741457,0.3437943305314627,0.22094279858948848,0.32511018426543775,-0.08863887482792605,0.5560404821416514,0.8658342891708357,-1.1384715798492484,-0.3291341726517512,0.21217680506275147,1.2246756142704172,-0.8671466678947946,1.0940417317325022,-1.035354033809185,0.8528483841062173,0.6020531891733287,-1.4303600627374662,-0.20139518004742807,-0.2161309593023292,-1.2860706176804588,-0.9255205103882158,0.4830538401922516,1.8699896858342369,-1.2801846284326943,-1.2121124108006176,1.5192019289258618,1.475423780310744,0.5695646473468843,0.26810533020667454,-1.6460846914348544,1.281928818875976,1.5614324080836228,-0.8001647784156303,2.4694152348535385,-0.14393732223876066,-0.31986604612919345,-0.7935904757669493,0.10736681756754793,-0.5308393914137677,-0.6498931544378799,0.5297423644043457,0.2481463399716456,0.2726136322874976,0.17497460020941202,1.4073823112058408,-1.0091547884081873,-1.5876388625294648,-1.2976173001314313,0.23885268173244684,-1.3384957506192114,1.0346996301248683,-0.12313860043677251,-1.0574610884009177,-0.8347548324882726,0.2545682197650605,-0.09993663351102373,-0.48284261489966895,-0.11273877428714454,-0.8189275168797164,-0.3877932802597948,0.506601340961218,-1.4061042913470698,0.9649593193122921,-0.38673293795793084,0.5553565107059387,1.4971047422485226,0.766825393418254,0.7289609830102317,0.2670790783589179,0.47209600166489535,1.577943509064219,-0.43462327972505915,0.9739675133878377,1.4317924808166567,-0.30368058205389825,-1.9341385963521396,-1.4366565933970885,1.1487072467825514,-0.5697782528569648,-0.9419618604845423,0.18853844813167017,0.48647637445281533,-0.39847571795892345,-0.03818678584701614,0.34086267376095797,-0.24449853579733172,0.6449025293023599,-0.4350437834600663,0.6782793710664468,0.02384470456675039,1.2729458706879737,1.0453563922384492,-0.6907653084851917,1.2685924660631709,-0.8044199302507027,0.2732344839865333,0.3195537321294721,-0.16154033018122443,-0.5172658584156968,1.0822255305188193,-0.223218022269023,-1.5692207517969132,1.2227521495930809,-0.298219267382703,-1.7162687658013118,1.4177131618694387,-1.815357097922565,-1.5041215698831156,0.9566766456346215,-0.20281986405829883,0.13397921699005105,2.1590537921931605,0.4035932735509955,0.6507148303414652,0.7642082281924303,-0.5952207376872165,0.07178836316972238,0.8456956061891582,0.48150954830354403,-0.4138495912573486,0.6806484673996388,0.8732309479830385,0.1586522190581957,-1.4934087706106338,0.013099535819976547,-1.781159279894147,0.843037867353382,-1.6415028363115851,-0.6301372987998367,-0.5111887956044796,1.1973889836406604,-1.9236753613281563,0.5377659578953156,-0.17843343051987157,-1.8333970934235408,-1.4442707453032937,0.08746539322597868,0.1213647834940577,1.830449708707929,0.5926252173162089,0.6621012786461042,-0.9583228230171832,1.0624068059310625,1.7976925117465012,-1.2907454333027975,0.4353119958027195,-0.1129984406518657,-0.5618362076180264,-0.38309841199243366,0.6287440950514833,-0.9078448628226576,0.548917992903719,-0.9049950040940403,0.17443981721873308,-1.3290369358324978,-0.0827395923409675,0.8802123933901774,0.8992576815649287,0.845832134066694,-0.989596055555424,-1.3811098137924032,1.0632300995619879,0.5714297489350746,0.025143767206196703,-0.44529971559377135,0.2936435831449536,0.14431704157287867,0.3498973718268489,-0.1425743851664799,-0.7831972912014611,-0.545877333127587,-0.32464315386667575,-0.44790279473350586,-1.5085315708821248,-2.245281468712023,1.0349317238367355,0.4747783541496393,0.14672279501994234,0.702275083250926,0.07782955875869645,0.747442681627335,-0.6773290263689489,1.5003716888875296,-0.6339101347126146,2.1433890233994046,0.18535727142947145,0.4273299537319486,-0.722832525017159,-0.6627281215688886,-0.5854593441518695,0.08056045791858482,0.8426875953897238,0.9333248704391836,0.2457192031217767,0.3686063224591886,0.633041215316578,-0.04245436202712088,-0.6633425995533246,-0.6090488812995393,-0.43808815886913516,0.5374018060441265,-0.6306614246957404,-1.758475055840459,1.5170383393439155,0.21572104542579396,-0.524446986168788,-0.516367451515772,0.41996831248006034,1.9047451959180612,0.02407270763969449,1.6639189009435162,-0.7714883600353077,0.12700328676404066,1.188617377351571,1.5763586460537018,0.9070424109045949,1.2635497774059947,0.4514772692661674,-1.5574442635914585,0.2791648681024246,0.6468740657205644,-0.5122810975157954,-0.4470569495356826,0.40240282133873306,0.7465588521287924,-2.498761806643312,-0.4023558303024786,0.9599081320020907,-1.8480953306106045,0.30033638305313726,-0.05488455224336253,-0.7744693998459021,0.3354012301508814,-1.8645752763785428,-1.3448154112286752,-1.126300051367712,-0.5549075812267539,-0.7942391149003504,-0.1393068790951656,0.4234799206736156,-1.0939497349083926,-0.3133252679818098,3.111925156003153,0.7033571196911965,-1.2321222779011862,1.814822861705556,-1.071452929047378,-0.23542189813737752,0.8767777014722792,0.10330040446421788,-0.2960121324136745,0.8309363709340002,1.430635495522846,0.11676156611273164,-1.6797242378534634,0.4270612318403625,-0.13027300513076248,1.686229709992342,0.5221257700691938,0.7415132554925358,-1.6660509121891631,1.4533092638865877,0.5960735197545647,0.03313424516644914,0.28534379324800496,-0.3658610775415299,-0.44518841498755096,0.2383207118236302,0.38541319549428654,0.659886582110974,1.4473000890433467,0.13085291729395293,1.2999453277685435,0.06245914215448768,-0.669394253381778,0.17843515541338578,-0.500375351782043,0.8689116183754886,1.5148487469205014,-0.8240095364293205,-1.5559026131715579,-1.0563501329715546,0.6299799570572004,2.611904824907233,-0.024101607933407498,-1.2151341233999855,0.29731744014199657,0.6536124598354186,-1.1685275118594647,0.09789953526062856,-0.15764366162236157,-2.7677705581307306,0.2668980583327632,0.0021701999611247955,-0.05445095330072029,-0.15815252380133799,-0.5435615942969289,0.2879709438926046,0.2740133404227397,-0.6642888716335563,0.16187523242095803,-0.10755531923135747,-0.3820569405212803,-0.06233010303278793,0.40584717178625856,0.20970533683202697,-0.13244990885965585,0.019925700276355294,-1.2297500004096633,1.2723584067429157,-1.3926600990229638,-0.03299465128291569,-0.038249122881024764,-0.8297104893889423,-2.2424766602419646,1.9141615885261172,-1.4242169079539326,-1.276604349425016,-1.0759691423660214,1.656993483344417,-0.19415423586525765,1.028786134275877,-0.5859332471330521,-1.2001120492728226,1.2570483197134161,0.5192319050462911,-0.5043817274918831,-1.752184899441343,0.23683647664618376,0.011652573764372925,1.2498095191707248,-0.6906986205549707,-0.11974962818974087,-1.3428607467286182,-2.0925664603328666,-0.2474123132657723,1.448932300496558,-0.4271345292156761,-0.9433412933548311,1.7958210039312241,1.8477933489931178,0.32397147519428826,-0.9676659032596161,0.646796072653647,1.3395123456257405,-0.5527725521084302,0.1792987313671734,-1.5860156347774028,-1.1387678140353517,0.9583591196295885,-0.2949619912234785,0.16372076202826708,0.16922370614334753,-0.024301262063455446,1.7941159826835102,1.7052694086729667,-2.751880722752815,-1.6295359082776861,-0.684973843375816,1.2942971429836863,-0.9505982772358812,-0.498135219996514,-1.0354116024685365,-1.5916997566397673,-1.1137459078886711,-1.080262163913494,0.29599033033866373,-0.892926075118741,-0.40760307210499397,0.16054655492502162,1.3740756325768646,0.6124833909647305,1.4765877095640618,2.878113569822478,1.4000541566662246,-1.503759992158128,-1.1646513165208754,0.5866641138480773,-0.12224460662222193,-0.7602088530279361,1.2776372714283277,-0.37535178774973793,-0.5863161151609148,0.6303244988004661,-1.1971903969717954,-0.3884450538343419,0.6973955436780895,-0.8221370964539586,-1.6225426128482874,0.03151129132287124,-0.38729365462100124,-0.36104874497445205,0.5119984314203065,1.6595562707833125,0.42233028066343004,-2.0124145057758653,1.3186219160475692,-0.3417434805400461,1.1324693189220763,0.17245217521401648,0.35870186306400853,-2.138631325403669,0.10564570917404553,-1.9186212749947333,-0.8184136445825629,-1.2161054736877293,1.503351044254995,1.1459831263241973,-0.2868190878793545,0.5092611588001686,0.1454292909359425,1.372559492930122,-0.023046055908541075,-0.5079743294462591,1.2568774657884427,1.1829697413056295,1.6362432820811978,0.570508373121498,-0.6770890724811853,0.397711510978045,-1.2146969478298244,0.17482324088664664,-0.6841201562788706,0.6401218377168211,-0.6596929339076363,0.28746101221734777,1.2909157321451596,-0.550249439001416,0.0569044180907855,-0.8979776919647685,0.32024776297303653,-0.02151424893128335,0.6313182331813741,-0.33236965522645745,0.7426101839849242,1.0210587121182462,-0.7704588734719487,-1.1500317740860833,-1.2295304243753622,-0.5909843152634616,0.08331573999075942,-1.226787226179637,-0.8596811629297829,2.929825152541061,0.6774498289492413,1.0367186341680763,-1.6960776135708198,0.03442547398975916,-2.540133999613251,0.5128658354235954,-1.304060349579311,1.925211147629569,-1.1359674955351742,-1.6230809314364663,0.35868885400291367,1.0004574607457934,1.215967828195401,0.9256348988689301,2.0198893874344472,1.5319737007923426,-1.1213825294284512,-0.65212580500337,1.2030615170037053,-0.19586532295583514,0.5432540656207744,1.6617794835331843,0.29110302557430995,-0.1834767486914849,1.0859555922557593,-1.0907367743872565,-0.5198862205735476,-1.8189143697712804,1.8236332610938595,-0.9754473404033392,1.1025905819373698,1.4746260772247721,-0.714846135286985,-0.9393751673032372,-1.3262714481092224,1.0760396607582912,-1.4310527071024892,-0.21184708168798166,-0.0524524734950625,-0.6086539505716624,0.5829829132720875,0.6941967118986563,0.8700546907188825,1.0155596000318674,0.7686288841597612,0.8071440923986264,-0.3319595024823914,-0.04004643062675049,1.7878888182508734,0.34956229773685,-2.0967413017327776,-0.2324281014842458,-0.5762378996748734,-2.074212967961937,-0.1997070895376259,0.61365402236748,0.6387750261156546,0.2329802846914364,-0.446960649724352,0.4952897834170407,0.9613214877395164,-1.0028956808907072,-1.462627003777318,-0.241879772428467,0.6084515706594564,0.5179134795189069,0.5574166916042052,-0.7205787273343598,0.6020435757116235,0.9194699755546097,-1.1455322839352047,0.7857704772683738,-1.5723867824974653,-0.45146955361144087,-0.8767113124237725,-0.3621890347527148,0.9767528516172732,-1.3938353630181075,-1.0561957738114371,0.40432553277113475,0.8982401217992786,-1.1052854798355156,-0.2959492114864418,0.8915568894008756,-0.306356251237334,0.7233105833073078,-0.19435595290902238,-1.0373022777474916,-0.12997612742365688,-1.3359556098159098,0.2784455661401111,0.07001444433572206,-0.010804908998867775,0.13374903521216508,0.14135290097997313,-0.05626272219562918,0.9955417357900712,-0.5799473343314983,0.6021670648736949,0.7564598704527098,1.5328682899487716,1.0375856075325596,-0.7570470480481354,0.5661559852583508,-0.3634659984803855,-0.8843344570390129,0.811042450943094,0.14682569927010242,-0.0814360265738922,-1.5049658819928344,-1.2472300587394394,0.6041974888535264,-0.2736957462252452,0.2023005155190501,1.4045375321857207,-0.9084594316706189,0.07308679543738042,-1.3302748548052348,-0.40164621521800525,-0.4919221873883699,0.9071690479362481,-0.626293281396892,1.1378739487715928,-1.9418561757540698,-0.5535037168526143,-0.2977361818055411,1.2330160040823526,0.744522727078266,0.16377808349029824,0.7058759853232232,1.1268512746211752,-1.507119342893356,-0.2694060264646901,-0.23528353040087624,3.0001173942304216,-0.21451364566435904,0.026620913183818914,0.46902429628383413,1.5124049104491686,-0.3108610968784689,-0.38624987191378385,-0.32293210457914207,-0.4021525040649508,-0.9411887872780687,0.8341654431884076,0.5089969717137636,2.003894256039428,-1.6875125198627452,-1.5128946924647386,-2.368014245123549,-0.3965149871532041,1.0451221191204347,1.1844091601090465,1.3657422213111905,-2.4656372386817824,1.5536442597077977,-1.6075468624083369,-0.2861875634466915,-0.479141144934361,-0.6650247031642254,-0.902219369583281,0.056386349890823306,-1.1104509928689972,-0.40669148331612937,1.351656055905106,0.32839859529120075,-1.9496486501296435,1.4105421084381327,-1.927122565668151,0.27220459761661864,-0.37820209339302335,0.5125210828042069,0.8287387355902733,0.8441241083486967,0.6388418024694675,-0.6697457347541174,-1.7864489793568277,-1.6256019202534828,0.75979515730486,0.9826495306887184,-0.9448845100812242,1.5471243609116383,2.151941768020316,0.6642349632537842,-1.1112005456705394,0.17364031948356057,0.9620488129742165,-0.10578604525329781,0.3839249370151583,0.6371590526287928,0.19402218993180018,0.25888016601770736,-0.24676247871231638,1.0191947848372669,-0.4184991146642572,0.7519972473589699,0.49153938985148227,-0.4053095777582746,1.7379896883911166,0.07807824849891601,-0.22096213393173894,0.2776568314348396,1.107151248244916,-1.7035178231871186,-1.1383814057462016,0.6789099340634016,-0.30500021649381115,-0.3309925206687263,-0.5781468681323785,-0.12323891539775281,1.9419893940130408,0.5271640236514948,-0.7591624435315919,0.23398967657101633,-1.1055313598005205,1.0846044619031239,0.30139094037086145,-0.25046412860405864,0.08129312731058208,-0.143652740831334,0.41985283706688714,-0.6004549286456258,-0.1828311791668384,0.9791606258391548,-0.4286286513771268,1.0302410979557368,0.39182816823645,0.9338247875822392,0.831547316159195,0.009220774314976789,-0.09402485533659807,0.7193828814126566,-0.8254505418082527,-0.45320297537210846,-0.4343503673406179,-1.1084153689761826,-0.07030269181575002,0.22602323252922257,0.0809911051073537,-1.2173015400971714,-2.558071469015987,2.20518469462434,-0.1492858933421005,0.26897428583719474,1.2958514605801992,-0.4818909167417406,0.6413676595536931,0.0038388933490256377,0.11912875215026536,0.15488588124563235,0.19338916008379597,-0.3153154865353139,1.3128474757882667,0.5671463291860674,0.3292998405534605,1.0119000703561936,1.0590052176685547,-0.344222113065477,0.09465228749230879,2.2322799278806387,-1.3302130483179437,1.0485487734084136,-0.35844053578886137,1.3301236056977737,0.20568734895881596,-0.6845246842812599,-0.3686403826302423,-0.6503565426528269,0.888336933120545,-1.222295448581447,-0.01808844346255431,-1.432438464866812,1.205004958403471,1.7690806983181864,-1.675731197362679,-2.692025900630429,-0.6515114517825913,0.7130677015685851,2.257332449495503,0.13870078351054765,-2.053548845010229,0.09474778134957595,-0.5172920899134992,-0.9378831118031712,-1.2344015930825303,0.015103031152993607,-0.20369693285753854,0.5730912624549975,0.16773048774491847,0.3983320721045657,0.593249987532286,0.8464691717598631,0.5025208179784821,-0.005908913778828408,-0.3605554050295538,-1.1807968508013817,1.025253951933795,0.6608606215765804,-0.5836335805453412,-0.84389668324926,1.7153667903317622,0.052386912214168996,0.09458020867123337,-1.5307626199194009,-0.8241896802174069,0.484063990230231,-0.032830513018540036,-1.1297075736856619,-0.5562819496358321,-0.49777840962922554,0.25495300429559625,-0.9731333793683997,1.0425684002045732,0.1323011285032561,-0.537702207875351,-0.4965161121436167,-0.8820527438179966,-1.0048183204589543,0.36196381988145093,0.3058986064258524,-1.0491024650334926,-0.5893171661168536,0.6918096103603992,0.06918133946712435,-1.7291221004248458,1.6293573252910318,-0.5330453931212497,0.16886402878459214,-0.2288632606895164,-0.3963126395162788,0.7478546548609534,1.2296773192531494,0.14387194491723837,0.9372290398848355,-0.24317440900585507,-0.600343164777549,-1.2247519960984232,1.7118255215904283,0.8333674668729746,0.333732588740814,-1.8380564276410705,0.45888470514947194,-0.8444510085726281,-0.7807498634349757,-0.5267607148772058,-1.068373038175592,-1.4561104839580323,-1.3374284096851161,-0.7834644940532827,0.30765896222558675,1.896652964727021,0.8869423052914288,2.7939258503693796,-0.30221341379175826,0.582537803959305,-0.3079736584608558,2.0484468652484122,-0.4585251779152295,-0.6963238289685337,1.6836649118057416,-0.7405655789151475,-0.1415570130699864,0.10077481064770072,0.8052268629186095,-0.8787632621551785,-0.4644392539243093,-1.2139969390407588,-0.19770320624422125,-0.39379525932008236,-0.44399862050199745,0.8017731116141683,1.0866352656976348,-0.4189167556120949,1.3215920107429855,1.616448637756852,-0.06944600732968288,-2.200783070655928,-1.1826770380129623,0.8245959453475098,-0.7810189224817181,-0.024259259642571807,0.9716151954701133,0.4793544660684394,0.500468487365961,-0.3569901910175692,0.42170461010558924,1.2284203479146318,-0.028734990428558843,0.7310459135503433,0.9427654985621327,0.976470472402837,0.9300496166791881,0.5359755751479771,1.5235706241465004,-0.8775058427002024,-1.0192239730896973,1.252254511542112,2.0811207198014356,-0.3016677324197579,-1.6048970264173654,-0.5036570802380634,0.3497305071408282,-0.22989582447879048,-0.31224859705923613,0.9135384787095718,1.025191605009827,0.12062733861624984,0.13821698552561612,0.05462822900793154,0.10428418018712968,1.771796073003925,-0.6946654674167583,-1.2845966088261387,-0.2554262177182021,-1.854114723421107,-0.409237697107881,1.6531229886965932,1.62458110270824,0.6641108469288906,0.6871428752615226,-1.7073419519885007,-1.6522809815418935,0.9214822185033017,0.11138858339812781,-0.8580126799546484,0.012038964700768179,-1.4797438722266563,-0.47225982941962225,-0.7232466500645423,1.098807899740676,2.1328569274090277,1.5321739948116955,-0.7359948513239877,-0.2303060167034697,1.9377041897263765,1.427235398783397,0.8347066597759578,0.11870653683226666,-0.08917174429619393,0.19954129348631494,2.5252118147029243,1.9046616676328618,0.040815032855029604,0.20431982032868853,-0.649352731705831,-0.2813471805688661,0.5216355768193794,-0.39146325795694625,1.3712828842000144,0.573845944854459,-0.4894848388471358,-0.7566265668287276,0.2986448014593737,-1.5578082229368628,-0.7779207680540361,1.4267620726337533,-0.3770983634554183,0.48920140886546937,0.5006915884887723,-0.9767021595514542,-1.3996630639592775,-0.31755093348299035,-0.5233581686759998,0.18306777411901975,-0.7411943552584145,0.18011752834632805,0.9086428188266822,0.5981727726557968,0.15097604556201843,-0.7856969344623105,-1.7279008930606148,0.3389567805979699,0.304197302168037,0.2751918733363939,-1.1808616926657534,0.9810941505150649,1.1166556837034887,-1.1557487661423254,-0.0258259195853537,-1.13231744302138,-1.01286294337616,0.1539682918630551,0.34975787148619897,-0.23401159346849945,0.8208400520874544,1.6157344382643422,-0.5873683893062696,0.5912876696149216,-0.3560899233089787,3.777500763802367,-0.18175154293424917,0.910545757748967,0.9282157044182964,0.5917155990380378,0.060314317731310234,-1.6953924814034929,0.14990088810309143,-0.40573575864675715,-1.6719587634192976,0.9321677226754115,0.1424255290449459,1.198435738611537,-1.4706357603224909,0.1129068350836436,-0.4304865121762843,-0.27035365653243226,-1.6037083185786174,-0.06472905291548035,0.031599766703856495,-1.2690381419531882,-0.25216988315917527,0.970848072492965,0.5056780939637318,-0.7993642203795128,-0.0906885955847763,-0.010097998001193043,-0.4474412495293073,0.20713642790344544,-1.5523058303686204,-0.7501279923587271,1.8248958129516093,0.8726772421237753,-1.0055685609860163,-0.41281790127813245,-0.6484314434779257,0.4018471575896005,0.9764493422313822,0.481828406636015,-0.43497601831776467,-0.4759229965100611,0.5904427462533396,0.7757381002827005,-0.933649501895318,0.5041529473643165,0.7972567727463881,-0.9480496732861565,-0.016069901311693228,-0.13565770541311709,-1.040502311881105,0.026794910697661094,-1.1598865079881788,-1.9492392223792299,-0.18018236479758565,1.4149086180015285,0.952249631739411,-0.1868520329847827,0.4681510929303004,-0.09172548431744441,-0.40107806916646516,-0.25178976545374643,-1.2667202799347443,-0.8184912055894199,0.11189990578836001,0.5481696720871876,-0.1437080917628651,1.0283582868801433,-1.093293826752379,-0.14368950206003767,1.0793629927685269,-1.5247321751476604,-0.007185563881227153,-0.7700009822862507,-0.6845943837959821,-0.9470758524920444,0.9183932917262627,-0.1831869409619379,0.5327225157735063,1.3140139974129508,-1.501451280449264,-1.7839529685619189,-1.0040214326068049,0.8561140179552488,0.0874916966293873,-0.5767810494889386,0.6908830261611074,0.3760788052930022,0.06746305837456364,0.3296359805480541,0.00030734810476265584,1.168048679082089,-0.3939205444697548,0.39132054397644156,-0.2896083429736871,1.5089289650572852,0.43901793911120207,0.36379103856895517,1.8511230259541875,-0.6648712240415191,0.6555167574731574,-1.3492609162525349,-0.2645213582246631,0.7853279911346075,-0.16879831399034415,2.2995197190649854,0.0382687973392849,-1.2300835214336074,-0.16050701525166644,0.09798715569409788,-1.8683482957891446,-0.39658427384699424,-1.4710858642643232,-0.23019434496975177,0.11462636921626411,0.30608605131103855,0.7447705295597267,0.5458109214248361,0.8666150162825494,-0.1656613994846235,-0.16768502365170093,0.9798503977734587,0.739230668679891,1.0924017649745452,0.8892288950534754,-1.4817031416134014,-0.6811911716425247,0.41734849550243236,-0.9446060404706449,1.3574974553801966,0.15176386829597538,-0.24363432130738488,0.2057112770844231,-0.41327700250960053,-0.9589494649325404,0.0746882558263823,-0.8200014413114782,-0.7138652610927776,-1.7104455749236485,0.11682252084582379,0.28776565629122597,0.3986377682580658,-1.1100167109373833,-0.9727999178352666,-2.6959604600383584,-0.9686602435402792,-0.4494090475118143,0.49663254067162393,-1.0587744623354605,-0.16173627215462208,0.7943813201581246,1.238452144136611,-0.7152599648328459,0.6603530393538837,-0.785382747863357,-1.7160653499603846,1.177524886337496,-2.066237943348042,-2.1075207799080604,-0.6001262753010723,-0.6190476727753526,-0.18793615486764897,-0.7043169652794042,1.1995461550444257,-2.570927166306631,-0.5346277435482951,1.6707485280698966,0.27195782974731986,-0.8444523358250816,-0.02597471961984807,-0.4539269231102442,1.4519277680154854,-1.5267919021763585,-1.0485792633334496,-1.090144978199349,-1.8556501134473358,0.8115684313515068;0.04182732029203817,2.071833156730479,-0.6697721265486063,0.04115666346885684,-1.6195918228638873,-0.7065379640553777,0.6113413731852184,2.24931854927325,0.08982303685903072,-0.7639724516034079,0.49736576317485837,-0.9708613644758572,1.123035804015417,-0.6633050615387011,0.9707319515400763,-0.5490507127424068;0.576124715981206,-0.48155631859005354,-0.5545825456966355,-2.427278669079019,-0.7015691445182055,-0.4192616573782114,0.98447479665042,0.5005439989275974,-1.3376498937186987,-1.7057183898750328,-0.2696910938674988,1.0000695184299007,-0.026339441883927346,0.19957959397947478,0.3585406041097591,-0.3511399167538749,0.8965586221092153,1.509317068250564,1.0703427710277893,-0.894582642374192,-1.6725690422936201,-0.4048545721545621,-0.535143738228712,0.5317431650476642,-2.6462937254019465,0.4942372887059645,-0.10780336963776531,0.12202781295666253,0.6450757293889863,-0.6900522528100332,-1.6749798788760812,-1.1521002464655632,0.6898400541040859,0.0005749518724014226,0.7398925718116466,0.8688908385132765,1.3855650020760977,1.7632017538266567,0.7431846999164643,-0.7372699777614189,-0.9681077037779114,0.2604556053026167,-0.03161384392353122,0.35468968169358867,0.31402270374694125,0.854588079285524,-1.7346364183024139,-0.0882967496182875,-0.24235051154850834,1.3101610978616567,0.7274952156081583,-0.052536855997894705,-0.11001426599312089,-0.15454078303641147,2.6015971039536674,1.1542286730654283,0.24991800719326485,0.5615567042480849,-0.28296092325016453,0.5757945106300489,2.6405613706801976,0.7156126342120609,-0.1514004509507499,0.5503747041068854,0.8160544557369541,0.6729398828077534,0.655129405327126,1.0193974416432512,1.848166176403349,1.7164695211031917,0.14854954016924213,1.0386972836710318,-1.1483569655761752,-0.6054360824534969,-0.5374065399162338,-0.004316353769893043,-1.0877957912337408,0.25941218680961575,-0.9630126235193199,-0.9378105997513551,-2.4966934118607984,-0.7006800904367958,0.67450224274407,0.7917590832568546,0.6085723520257976,-0.056092919200749644,0.11302250177663858,-0.12789802979095855,-0.6597307960711741,-1.0818982882970045,-0.5981776584895823,-0.5884761555785577,1.4156974643944753,-0.7818527146524961,0.9273135670405884,-0.259687605856745,1.3804644474935408,-0.923252823513072,-1.3675395392162428,0.45724502900583,0.7706266966846507,-1.0425310139852297,-0.018597257463009165,-0.25065657702955296,-0.022223298264534674,-2.0027720520478876,-0.12761052079543725,-1.6099167952843618,2.712760232886513,1.9377176127334175,-1.9992490844079267,-0.27674369944694094,-0.2310414502432609,-0.6265229822661507,0.24130395844608787,-0.6106075774463584,1.0479244764183246,2.19702187411051,-1.5935659159805482,0.883208664607021,-0.5712162234889175,0.64634570418298,1.9511714428510163,-0.4053628641627445,0.6320588880056981,-0.6153959648379899,1.0524411164859995,-0.8362440232180884,0.42814737530994806,0.8767724201208297,-0.3909885769402719,1.6390445317618452,0.2862429823422915,0.5820074122875009,0.2434082463863652,-0.3519104301813447,-0.4375992954913387,-0.8514463988050114,-0.29637311509692754,3.1214867988250514,0.4372401309270734,-0.8093537054714781,-0.6332925329084815,-0.4250742394358452,0.7491289737088871,0.4641156675505249,0.2524450234308654,-1.693076916301204,0.22833513693211485,-0.8846416306979524,-1.6397780074306587,0.8806028433887132,-0.09374585223024239,1.0200093957319265,0.12966816398194814,-0.48450664017824724,0.40892008872193764,2.1198741789773057,-0.8753297952127549,-0.8353621028936975;0.33384276013115893,-0.12895031592084397,0.4930012240319257,-0.6040432351827457,0.9942631501212578,0.27067243233214877,0.4569753336546569,-1.6279026565452634,1.213060914377133,-1.2106154929403234"
15,1.4107043369708405,"-0.13240730383366583,-1.5930260846240043,-0.9784432393223432,-0.4150021470325686,1.7370594351835609,0.9102274186210457,0.8030134917076077,-0.04730042599835916,1.3206350811665586,0.550690044703635,-1.9949269167145907,0.4934611463072174,-0.29633387649358867,1.329805280136312,1.3389440533488983,1.0310254246687616,0.01678197604218412,-0.7432270423455971,0.57921418937124,0.690156779943461,0.057256171688373686,-0.7639048990840258,-2.4075769670465608,0.23764838894040566,-1.1457762859092742,0.09450873698803751,1.0888252414770165,-1.1514086180430447,0.4001338332546133,-0.2996694615231304,-0.09411603359535035,-0.20165348973327016,1.5014048655188372,1.8183563633793918,1.1570525736745665,-1.490285903441142,1.106068981240108,0.6664723133699335,-0.18650693816877628,-1.2212350447512146,-0.8302849552071819,-1.0475120887442337,-0.7932042374694828,-0.5090641721468576,0.15647724713918382,-0.0958600457021882,0.4160748892716958,0.30587700377231686,0.6926526219272446,0.784695625513266,-1.5708030739442769,-0.652434936826083,0.4884249906904935,1.134384888034065,-0.8068224777857542,1.1457078051150489,-1.1501448360693176,1.1789865507243322,0.368105462796489,-1.2560742454768354,-0.3261758312972283,-0.343719627849494,-1.1769878591788754,-0.529955348095839,0.3796000403028761,1.909476592099284,-0.7365992507006227,-0.9951535554483987,1.4280588599952966,1.3068738837934233,0.635431385786261,0.07305697994469612,-1.8565196461983415,1.4557066370389828,1.5338639896408706,-0.5411068141556042,2.58692789269918,0.07311902635343519,-0.04861354255441761,-0.9524270474669945,-0.020212044116919584,-0.8577704330072012,-0.6018765873321849,0.5536197052619694,0.11975438976281981,0.1480373543400043,0.5365543189155785,1.4009002080503072,-0.9057380129228809,-1.6360112337775077,-1.8216902276141496,0.13313771650838738,-0.9191611567478818,1.1009816353090327,0.272181601489616,-0.986072491303736,-0.9079275505948232,0.0930503216430998,-0.2727394093308251,-0.5410010645995114,0.059565989817051794,-0.793568225048543,-0.7542531291591161,1.0115211727030402,-1.6560027171543885,0.9841036344613251,-0.13416529625727044,0.21650597095153826,1.32102603934076,1.062487650045195,0.36326333540200423,0.3057979416807516,0.3831426090111111,1.5863277658363215,-0.6333233697504314,0.9253119242086021,1.507890578931096,-0.7477388517506228,-1.9913472637278062,-1.6053245675448935,1.2399356711362677,-0.43988798247785743,-0.9139076205649526,0.1889682834039369,0.8613258242170092,-0.572627292486749,-0.1302988449176432,0.36998750691310367,-0.28450922166474024,1.0231462048899644,-0.5225436757225507,0.7169599209949934,-0.19404183475300724,1.5461772057759329,1.1344221320048171,-0.9980125022135201,1.055516792325693,-0.716849133722335,0.4458197235835218,0.26645796504633634,0.12494516744192308,-0.17735701200223863,0.7353347073238128,-0.3138118471303112,-1.4672096498476153,1.1844654302490016,-0.09116534811664004,-2.0869950407524813,1.5301740919881432,-2.1724871318631402,-1.6327015360434614,0.8377235834224606,-0.2946796782762049,0.4666592742444135,2.539164642985277,0.0388293230443134,0.7228959760843017,0.5030889112471129,-0.5479767612115136,0.26851346213694804,0.9782827967355001,0.6141503289062167,-0.47454961779856863,0.7827857763798988,0.8568133163094768,-0.020345104288378463,-1.4443268210473292,0.03965581676324326,-1.8977489818474722,0.7346651334887149,-1.4114722352860305,-0.39709031383659293,-0.3111524932302612,1.1776923010623757,-2.0976941249963406,0.8280728471177591,-0.28764622480261925,-2.077260385481308,-1.4327726129473444,-0.24679375550328136,0.41825017038594814,1.4859765472287692,0.47662194518511825,0.6120480223266634,-1.0438282017539815,0.9975583249303642,2.1209189487556652,-1.5594878903357547,0.263722199105588,-0.05981571518687254,-0.7967637536339922,-0.46664181684106726,0.8275869357256878,-0.8858790767048023,0.4601958198761973,-0.9155458159245643,-0.0003890215583403876,-1.3942244332051137,-0.023470710650995825,1.079155729485423,0.8683217981005316,0.8530974172168712,-0.8161779025606237,-1.0331040351734042,1.20420901648835,0.8201269194786113,0.08188449681037502,-0.3173475337838184,0.12040789917947003,0.06719672835049349,0.33338005222717815,-0.13445156297317165,-0.8277012478680617,-0.6587829545149188,-0.529822831433449,-0.3744174139666376,-1.5509440327544852,-2.1695586283920023,1.0325442927732391,0.5907828903276244,-0.2624079593847811,0.6680194012487525,0.19957349217438164,1.0198671106116226,-0.6044928617774897,1.2933892978213941,-0.25847765831130187,2.179649681158781,0.16799491019846602,0.5252254670902383,-0.9228512177566862,-0.3366995639659829,-0.7189391825295446,-0.03641888796535078,1.2748127577671238,0.7840059915513944,0.22281449303433132,0.6504812565469404,0.5435575061236002,0.15344120841619335,-0.6038401224472565,-0.816028418882215,-0.6720797534603462,0.35747641752614573,-0.5613494843780628,-1.8618375030065233,0.9593017564145471,0.005193671393776064,-0.6396100666948191,-0.5227236053371611,0.7975404594170972,1.944275457185954,0.5198991877973115,1.904628547192249,-0.9373995510630342,0.3714551782059399,1.4573102387791659,1.8835959611456081,0.8941151714029375,1.278895474202934,0.7372709056744585,-1.2220822319410607,0.32067468725376935,0.8490328112360745,-0.6407798984159145,-0.5921051572346901,0.27645111751346624,0.9802529654308709,-2.392889840230872,-0.2020026586295795,0.9676482374313276,-1.7287930118381158,0.1520696673162126,-0.2919030230405124,-0.7127389997268019,-0.037244632798773464,-1.8120317763260056,-1.1882074219029812,-1.2552409474578088,-0.6960289202182561,-0.5107896180494271,-0.2807197165358558,0.6976977036173212,-1.033404800309107,-0.3719261869701693,3.303789326306069,0.6265056936626995,-1.282062639043026,1.5943414590039953,-0.9658501916224354,-0.25085595540485855,0.6643869865603562,0.16146715027334285,-0.3045331295077808,0.7984599115820699,1.0058994878277359,0.10883316710631818,-1.367459607122132,0.6030928082303225,-0.10428956939706122,1.8187936669452924,0.49134602356052676,0.6209062121553662,-1.3817943459574082,1.5253357537557044,0.6664281255993886,0.45215421093253827,0.3286380605435557,-0.643146452146568,-0.20559860588124995,-0.128362546434322,0.43872330956963523,0.9922309186685891,1.49157432249702,-0.4733711140286522,0.9206628729638044,0.07906396678742901,-0.5819449271507591,0.06474059732775292,0.05347644935694057,0.9085477175181323,1.5001513856980324,-0.8911114266952628,-1.3566415525084266,-0.9629995132538367,0.9809097637504943,2.8366727990746727,0.17191425758653994,-1.4240877100124403,0.3056860565329893,0.7865410355450226,-1.1247079015534047,0.0917112002833643,-0.22915589100592856,-2.720595945356043,0.31223765453359253,-0.21715339868264583,-0.014978153314602755,0.13836087361084914,-0.7247274674589617,0.5020938404734946,0.10826504434946463,-0.6695921551848993,0.09412156363117263,0.10473573074666062,-0.19397397762577603,0.2927243752221594,0.12199814801043962,0.12566315602007916,-0.17538000626861705,0.11406004668138564,-1.1379669810071347,1.7810246277238235,-1.32622397742724,-0.030425383584697915,-0.02647654965837725,-1.192306627772654,-2.0239062880311374,1.929172417988922,-1.7535222093184673,-1.198965723026605,-1.2451350495957934,1.5989165710844395,0.20751780837804884,1.0893903726081922,-0.27470440021334297,-1.1476480646474512,1.3098171861931311,0.5104318460721009,-0.3290833482747924,-1.5289235842687932,0.22382474532216015,0.06888768633765949,1.3289037849886447,-0.3733518049470517,-0.23520716340902148,-1.3179847957287396,-1.959394195967909,-0.10283517132690248,1.5146126006361518,-0.07619098810516467,-0.9026810381840045,1.8794328656468462,1.819828944998082,0.19276900934481656,-0.5866494588553214,0.8824784821330558,1.318007882452254,-0.8225545712413425,0.0028594225199184697,-1.96065198026351,-1.3363387186081865,0.7899316716241255,-0.27841691185858297,0.45513471053177174,0.3650008199512033,0.10444408981107775,1.794849719310818,1.9851880646632958,-2.7868468202330265,-1.7045014794317952,-0.7669048696233571,1.3837892013062063,-0.5963364171695394,-0.7292888893452256,-0.9176688988259583,-1.345845045458353,-1.5731041529169574,-0.7707886557777499,0.43350735111637373,-0.8684581502867945,-0.44183055423829437,-0.3249903096158876,1.0065951707618115,0.5567787212548042,1.4605125423731926,2.62748992953872,1.4516903667529566,-1.9055242014281255,-1.1181700824428755,0.6604466307101131,-0.2753480073697108,-1.0475209324085735,1.7408276719111047,-0.39742332204286535,-0.528674641293341,0.7869393408354216,-1.0880711971141275,-0.28919985578941576,0.42434696474932476,-0.9483035471572041,-1.1330815310496143,0.285585899998121,-0.2731245784928116,-0.33226300316837853,0.4766393070308487,1.4311860785863544,0.3801812244778161,-1.934872661601937,1.373553196526461,-0.6287234507998005,1.1360862701720775,0.17362942243289936,0.5968632480758364,-2.2029301864523494,0.24543686890613364,-1.7960816679969334,-0.7839724131236664,-0.926567561051354,1.4799919382843043,1.6374116477744085,-0.5859763286464921,0.7225560232332867,0.48730554503985424,1.2031948759677362,-0.15015294902690057,-0.4775286231698358,1.5406163103702746,1.0650719310455858,1.7838657610728534,0.4599915840989363,-0.7462346553304223,0.19522582350213394,-1.1896267817099881,0.12381095380517339,-0.8056607531484191,0.4484845937624865,-0.804556800287239,0.2819558376953584,0.7238122907838752,-0.5615781856666995,0.15307952925820087,-0.9908270077192354,0.48620001312193245,0.1893720951041784,0.6254453014551445,-0.22475891426051875,0.6098002568532964,0.7170005814280705,-0.9496393981127369,-1.426103210951308,-1.2309920586173617,-0.3600926333535228,0.04882975248776544,-1.3713717841678212,-0.8707273621501206,2.5174186979687136,0.5240409465574737,1.0827638712679037,-1.6167484195022805,0.13449576213673162,-2.338039811631661,0.6838191634578067,-1.6485147395277215,2.053874158985507,-1.1235988612763537,-1.3651309492739772,0.37803078782432786,0.893928355143026,1.149263230114089,0.9368002313190397,2.1102837935341654,1.7186000125791023,-0.7198554776130182,-0.5476395362068405,1.0897853386350267,-0.25123507293166314,0.4386002403926426,1.7781053863273146,0.45524870257586114,-0.366285865271702,0.9916173247497333,-1.1545785899725842,-0.7870387568648239,-1.673480304548408,1.6362976249107657,-0.8944438030987119,0.8555253470557547,1.6399346301026214,-0.8493474083041718,-0.739967602355867,-1.3108050846648407,1.3756810418441279,-1.2097374525956115,-0.23355853378606753,-0.26109227803209817,-0.6426586457930588,0.38294950039497083,0.7159347983408055,0.8133854496249046,1.0279720669101704,0.8497731166934963,0.9556959466908274,-0.39265866361467033,-0.27379694127995013,1.7606447070326323,0.5945859339008297,-1.9639482483535016,-0.4784736767953741,-0.7938977655490429,-2.121398276017385,-0.048474392949084066,0.5088011802093111,0.4851194397754915,0.29907483707800564,-0.5438371140650723,0.6573173476798025,0.9983809540192792,-1.1932438249598183,-1.1505729711520485,-0.17152157454549105,0.866633439720449,0.6446696161962294,0.4793188847399377,-0.7505668004119939,0.5648286927012516,0.8857945520383096,-1.1728539408811274,0.48242457483006007,-1.5981358285418013,-0.21060394895710355,-0.7350454607877824,-0.8622303457754544,0.6753890218171024,-1.2968969951882963,-1.2922457619430119,0.18626472906802596,0.8355791416522138,-1.0262089990758072,-0.2825354678316052,1.0351932645964983,-0.2598049425965787,0.7267238986902036,-0.40462196145664675,-1.228519382866616,-0.3040219929656815,-1.6212104653787405,0.2246094862819968,0.08728124111615339,0.017066867020008508,-0.2927539901775045,0.32387420703990333,-0.11576388792547704,0.9260070082040393,-0.5474129537900518,0.7402637807704718,0.7629239309359742,1.2486295445380926,0.9754803859265425,-0.6650436303426056,0.5917189857982954,-0.20222239607647718,-0.8593799835373485,0.7885929615021364,-0.142081700541323,-0.07189624913779821,-1.6465689120811366,-1.3842618326484804,0.613731425872673,-0.3568085099203281,0.08108173809893475,1.459174939380108,-0.7966284800236306,0.06597449874129706,-1.614657732712093,-0.437559699940831,-0.38231293975041253,1.1954968377081725,-0.5021567710550561,1.3684660335702,-1.9214469843831217,-0.5237003481198624,0.08077557555180925,1.2690258233813956,0.6358019969577027,0.24594413942202523,0.7727323379084099,1.2808859435405837,-1.7405754543586869,-0.5471176299150776,-0.07272341987709482,2.9520109991522436,0.04910686980670192,0.15180196896554715,0.3385158988560847,0.6904620591302807,-0.4612468642024381,-0.3452871120508046,-0.5398044747077272,-0.7473880324847922,-0.9213896218205557,0.8321585600950058,0.5652247376225834,2.176807226530733,-1.4981139168983764,-1.4791259505713088,-2.327919845885649,-0.5747455777000153,0.9385365979670065,0.8166715683413537,1.5061536742768036,-2.4242547803142496,1.538928341660431,-1.9188773948627917,-0.3701550639651462,-0.3780292081127128,-1.114299667263328,-0.7157939037614726,-0.24376567309352182,-0.9219700869054415,-0.36308538484353575,1.0982260048990264,0.33266349828809294,-1.7869678802269102,1.5293281263956366,-1.79329179617329,0.37066965314100064,-0.4329483859459181,0.38949178875763335,1.0821586169816304,0.7720533811643618,0.5200359120241709,-0.26599271065238517,-1.7641874590665843,-1.5764496843922915,0.5795339680856819,1.0499194528958962,-0.9611336380711015,1.5024567682310894,1.675644582534063,0.828504295723625,-0.7746981006744182,0.037566055981538254,1.298482371854877,-0.013370974403303662,0.42588713117106336,0.584860051646817,0.022088580032589927,0.26028783562825525,-0.1890998801821876,0.9578875992387299,-0.34969554224737553,0.7618849889347958,0.31140139740475636,-0.995628441242558,1.6332350705231762,-0.08559289330218409,0.002247552618613438,0.1706020356567642,0.966927640181285,-1.5037681998924237,-0.809465461990736,0.39739855323808465,-0.3726949163068782,-0.4133416285812689,-1.005802553640173,-0.2411446971905162,1.7848854161435446,0.3833807657506266,-0.39816568366832034,0.7015375625079018,-1.0087351347627709,1.3147323683904055,0.0470657058975368,-0.19052661116368141,0.2920218066563741,-0.10821521410814176,0.5430963537807574,-0.4827867314634915,0.022477977336381155,1.0301668694817052,-0.298679404371148,0.7890180174833654,0.3318612590928961,0.9331958740081424,0.7123551244306239,0.1046398691755828,-0.0501267871539193,0.6804833822218018,-0.814929326124266,-0.3107017024462272,-0.5420589279434291,-0.8969910627389825,0.10026514799820158,0.12603849544135626,0.017860187366977635,-0.953310082801104,-2.2297463933738637,2.3365807411333472,-0.5088664098495246,0.34398751303043446,1.2710004969933535,-0.9692986777530782,0.6345166736059664,0.017084696340723474,-0.24527986385410128,0.09515032044308167,-0.08577718417166101,-0.2338135481827929,1.6287358038286692,0.4661435065304919,0.14707517120696145,1.440605543623706,1.0401402517243812,-0.11639305537764495,0.09112957155952292,2.250309838093566,-1.5575612726850094,0.861757582956605,-0.19484181104549242,1.4535809336272307,0.22427936208231974,-0.6684879079094719,-0.25901577390497943,-0.5027476649082692,0.93612954316492,-1.3093524415518794,-0.06049816655888138,-1.4854954495009425,1.210673153558341,1.7560347826746663,-1.2117218262286675,-2.6014573542807518,-0.31463280732585464,0.790299053546241,2.3106419651219774,0.031145297646936784,-1.9471588832402744,-0.21664193091490846,-0.6700613544714284,-1.0303001293732275,-0.9811240129978271,-0.27757772505377565,-0.18670612189122754,0.5246762564087221,-0.06973178150635892,0.5898793265228449,0.3608631251807919,0.7577349340414742,0.54598430558725,0.10936016826841194,-0.26352456902335614,-1.3766817745790982,1.0407903161355543,0.5164022206820146,-0.8482519143787324,-0.881075011484779,1.524209865052749,0.530178624716753,-0.05399191957219264,-1.631875004018998,-0.5682335648261357,0.3470866100637947,-0.18671983572139428,-1.3614486225250284,-0.8422903178433137,-0.6961216553719902,0.5255621011826928,-0.8675760228304848,1.4688278228222125,0.058395352184659244,-0.5821962315857828,-0.8625281324750116,-0.8779045574555824,-1.0958546246697511,0.2537749291948486,0.1868123129882603,-1.0887299914816753,-0.5862667088665803,0.7748094432241572,0.21716278849306125,-1.834022683843759,1.91958760682091,-0.4376417448551009,0.1092082251307597,-0.4081169813193022,-0.21712838828213557,0.30896738335614815,1.191662227429752,0.0031520409131150506,0.8766071127611712,-0.4281360686577468,-0.401244965848089,-1.1274730636340229,1.45623788426348,0.6534958365372984,0.6234563029323856,-2.1781223816431368,0.8847034336458272,-0.7172670592555577,-0.839872680490483,-0.629255495050137,-1.36518933704918,-1.218548040670695,-1.4242613078205026,-0.468813695622181,0.15328837342049118,2.0613072291277166,1.1763614982199473,2.9731127004710043,-0.15368677790030766,0.2843410974405831,-0.4657938473502204,1.8491500428210763,-0.030314343857021475,-0.6221063452550263,1.4956457278222643,-1.106135252832891,0.42675402029021026,0.3056541728859118,0.8258625512203538,-0.5726914008745132,-0.6361018293969887,-1.0122645425067431,-0.13017630128876917,-0.14986577789810265,-0.4174931249141164,0.5272370192701455,0.8959407883749733,-0.14943509179149958,1.0870985532867834,1.2694047147449783,0.15703112726606855,-2.1375598939410665,-0.975076219978144,0.7220848357940626,-0.6756994164391067,0.006648628964818569,0.9026144656256949,0.5263830274443682,0.454031447519231,-0.5759724686547814,0.29019657667191034,1.3905348535517517,-0.3191514079644109,0.9007374336711341,1.0285466621173076,0.7423111441567689,0.5757282243970863,0.628388979560299,1.2540455519044378,-0.7757290502173511,-1.0786477841197644,1.2375505141029715,1.8580648127252115,-0.4749445040199466,-1.4902423139934413,-0.5333307314238658,0.15654986133456744,-0.01734152727552918,-0.10574183978072613,1.0377977032327124,1.1334361573968699,-0.27233322933350945,0.14433200041241148,0.11580624303652629,-0.16270864585121653,1.2493688550986481,-0.9080338180199732,-0.7024352611077764,-0.42950161629465694,-1.8899672958025413,-0.6629280269582857,2.0027197521521733,1.5450136630891227,0.9185922858182769,0.4231393279867507,-1.5246327443525318,-1.6082104709361214,0.7911976385586722,0.04698101422675177,-0.5263590431202044,-0.06388635851772154,-1.4350641300440203,-0.401889622235991,-0.7695811533742682,0.9126518305262088,2.0280680600784637,1.5132501480219456,-0.8233248626677403,-0.34413428395791545,2.028731679059947,1.475706001768607,0.4063979526300225,0.6007562339733655,-0.33044733431201456,0.4265043536557123,2.5985876255844773,1.8259187523245262,0.3946641695521219,0.31931602882017385,-0.43368848717305686,-0.5275794575644163,0.2974997656716263,-0.2100453042903311,1.5419234467223102,0.6074718117604807,-0.5171284163102755,-0.6124154118515567,-0.053830878251739454,-1.7689121422008443,-0.8163668164321314,1.7171412253365261,-0.15276364090621636,0.19922710355600604,0.6574242368599029,-1.3474298065687198,-1.190687961375772,-0.5359827839659325,-0.646955535819018,-0.11454478799680784,-0.7972381653780285,-0.06825018285910266,0.8742532445968896,0.6435322220703162,0.15395164162642275,-0.5801755467728271,-1.545616674777656,-0.16802161119672468,0.23131445777812187,0.48028757974317626,-1.7161819450576015,0.7893087943399185,1.0791822691902149,-0.8272881078501222,-0.48814565061027193,-1.0946381839369128,-0.9952520061388043,0.2346553475773924,0.3500631017413707,-0.0774647995968468,0.6571757829573298,1.9120647910246205,-0.48441009935847257,0.416357267529691,-0.15856778640277236,3.585444744244609,-0.0755651736850718,0.9340399110774776,1.1048851935539206,0.6125870922645005,0.18163095959022488,-1.8662284830109255,0.07476791503879263,-0.42514179812369646,-1.8145926973092112,0.8668081204381747,0.1386217320207914,1.138985797575191,-1.3850629271067216,0.5510868221770979,-0.36139178297564944,-0.004750395871817421,-1.526042037070267,0.20640443250114832,-0.03640818850610949,-1.4681061667113162,-0.2163527246173561,1.2122565121047537,0.928223827455515,-0.7104654262082857,0.12752262147891374,0.09669050967987405,-0.22393972994330685,-0.10870050485513066,-1.4576318673068749,-1.131166468695364,1.4867214381455194,0.6430538998397785,-1.056164824833512,-0.30217820227447145,-0.6797557883195269,0.7534689196351437,0.8653910245627264,0.42876408736075383,-0.8190382399081356,-0.3778758625442433,0.4430490156490458,0.6454549028995392,-0.8925711356289382,0.30376179056945646,0.9523092165189437,-0.7957983498641016,-0.1333833780282659,-0.0970628397821574,-0.8656235023321643,-0.12891559615354092,-1.3708570509412008,-1.9066663021616908,-0.2740815991205487,1.4299634669873986,0.9443241165922159,-0.036639217277598,0.4485919272560606,0.07492618385810029,-0.703696341557126,-0.023129826337930426,-1.0543885479319073,-0.39548033770620844,0.1615409918807954,0.40607588284915774,0.012630709399798459,0.9396695752017244,-1.1030458283491629,-0.568078865590236,1.4778716220305301,-1.4569277643693572,0.08607517520728032,-0.48155313693171836,-0.5491274544329012,-0.8099482509333058,0.7831768516463262,-0.3430543432526521,0.779895960694766,1.3100354940323642,-1.3028479645838278,-1.6812480040855844,-1.1949227004018028,0.853190410383475,0.3082426163218769,-0.6556492475856952,0.5455480494279383,0.3976518385874729,0.05389792727402201,0.4902405700225707,-0.208293124891573,1.0681803377339874,-0.3626020487423139,0.5284148710889375,-0.17211552895054585,1.573841497105692,0.32326836994622166,0.24890048635718853,1.8543575372757302,-0.5163989698249434,0.6927557109285811,-1.4702263624006426,-0.014163846147053946,0.7084554718311897,-0.7780425646618595,2.494748055890632,-0.049504544253504125,-0.8890606146783572,-0.05455677407422891,-0.10832042785722197,-2.1820576814906523,-0.24832828528099843,-1.4666821257102933,-0.08627423803738749,0.07998214751378971,-0.1369561880878852,0.5132992277575958,0.8292985315843099,1.1413111216651202,-0.06563632424915712,-0.4356946171370418,1.160501029498977,0.522584049461764,1.282224808406091,0.6100761612666675,-1.473730487105707,-0.4614035265609887,0.33347479732605223,-0.8648177889722221,1.2859245502591248,0.28670118646214887,-0.32046802879935804,0.06995050523593291,-0.6380602685669596,-1.125116964587962,0.25502076941310087,-0.9030717286678778,-0.3388302680341078,-1.6128190316398845,0.3391248162479672,0.33516968509287626,0.5194014936463348,-1.3705637753202211,-0.8138219852809683,-2.7421845392788593,-1.082557536637117,-0.5066333672035046,0.2734395255765556,-0.843803577259945,-0.19169175054838472,1.1864161308386236,0.9940528145245295,-0.9779594277552719,0.570873319290707,-1.0141285552186678,-1.7902005070875555,1.268398909311644,-2.138167267582808,-2.408883321137036,-0.7064365437545674,-0.4537620607183034,-0.20491494964706708,-0.5489830476336501,1.4093968348992987,-2.507107414867036,-0.023403255029603807,1.6721344454889184,0.1642790989832255,-0.7502617042123364,0.13235982292176135,-0.3083366059601517,1.2347590871818266,-1.681028340189808,-0.8975781449179898,-0.8337883373825095,-1.8709864393394149,1.1757844645119213;0.2982459091562877,1.8681683072479904,-0.5078150750817421,-0.10012017001960807,-1.538356996120836,-0.5529149135476306,0.6565707015066976,2.0826538684582,-0.1349115928299679,-0.42967643716411985,0.49454584779592703,-1.211453331795226,0.761812279183564,-0.5727394832272391,1.0192826935010681,-0.0738943658064875;0.5583469539618845,-0.7468122503757533,-0.5214067836746772,-2.474832754092759,-0.6322526642297238,-0.6446944543953652,0.9067085712515187,0.6702018952300158,-1.0064219042395415,-2.1202501171554973,-0.1647248892798448,1.1511173015177758,-0.01702137422683994,0.29805764688220177,0.3463615958548496,-0.4376120288974385,0.7701750162922348,1.66513352451837,1.0441128021152966,-1.0850122183913948,-1.786953037986033,-0.25299661088400494,-0.37741766366858176,0.549481019294472,-2.574802459175197,0.5254855722380287,-0.06299622913322646,0.12398293952770154,0.7245085292725424,-0.47511802815919696,-1.6966319911855017,-1.2800211005946607,0.7514554820576395,0.2665386363187716,0.7587936848055882,0.9864024037648766,1.252758580976651,1.6589818747551217,1.1830766282893532,-0.5600644204943199,-1.3538386176127688,0.3704214666719159,-0.17857334943521036,0.2541446951282461,0.23194501659557343,0.8158399637635583,-1.8023861115896025,-0.07594556793614068,-0.34053594056812775,1.1192737398973336,0.7755484937652204,-0.2822104515438414,-0.12018737740418856,-0.12110110217501703,2.3705319793688955,1.088485704184643,0.1056601915177148,0.7054470873728793,-0.44403545265822825,0.4249086439267279,2.3917724731348,0.8283159761674511,-0.24786529465660415,0.49039426408168024,0.8945446520011634,0.23968291523075616,0.6816042696453902,0.9947397404624417,1.4471747121688658,1.6685411200956477,0.282675497262534,1.184806845566899,-0.9797731792714941,-1.0316117683107233,-0.6521599085218213,-0.08767934153908674,-0.7924766115483831,0.31360807041368977,-1.2033373243092689,-1.2224325480846878,-2.340649274761141,-0.6485257015325997,0.50107368011528,0.40907579482341544,0.6420966519791361,-0.1264333607014837,0.04492927588547216,0.16536921047039577,-0.134603605773006,-0.658965057806244,-0.7135913992595002,-0.9998923002495473,0.8269650873712068,-0.9704650260535577,0.542198612165115,-0.2434795321268666,1.102822894281063,-1.3121044991171935,-1.2891744200026924,0.8578366147522006,0.6791930636113354,-0.6264342776931513,-0.138224242933769,-0.42053556147807813,0.3722071778245562,-2.089256361627067,0.17606035207192455,-1.2798630486350524,2.511338942929231,1.8438880466672063,-2.0341226045706446,-0.15109020939789794,-0.2982640842706713,-0.6550606998214711,-0.2680293224934616,-0.6528759641446809,1.4347223867485466,2.165838449222516,-1.3640547196879123,0.9448580929450815,-0.807170985631346,0.532183076849339,1.9444927761506317,-0.19974985886606203,0.3664397874167302,-0.6065651332937024,1.091262191372272,-0.7219123209884333,0.2832003680345886,0.9699586813595874,-0.3854851482657323,1.5289310837170142,0.40759899994002197,0.3407201949790477,-0.17100772435099718,-0.31154952331331653,-0.553826122157016,-0.9270716755232914,-0.11748449305718997,2.925975227992936,0.5778464076006932,-0.9247638455116945,-0.3496934409736628,-0.7135001915371872,0.5454135106167985,0.33999910412264206,-0.0950102693773677,-1.7768254007095008,0.4920222978035985,-1.3264731472096365,-1.4277518118344672,1.0609505365037428,-0.1222324846554477,0.8345131205748408,0.07348157475977257,-0.8235339906401248,0.4544667029071993,2.095175747815737,-0.6784295303910366,-0.5591227947794849;0.028464845115535667,0.057214228161653696,0.27937654887310037,-0.6074442771150497,1.3920632676999416,0.3107106999167679,0.6933689016785531,-1.4353237480144692,1.299618343165891,-0.9988064198716345"
16,1.336710731520065,"0.1386643572808709,-1.108564742063575,-1.0949096923270591,-0.41312399341626377,1.6919672332698084,1.1784812018264275,0.6712933014484889,0.42516792900686934,0.6906732168414783,0.7496867382650757,-1.8780868035557154,0.32938767236986755,-0.07571112989250917,1.1932787861066696,1.5904531036752234,0.7737829321150629,-0.06334783448295137,-0.962225553789878,0.6276586912067073,0.9614486008940077,0.3590088436490569,-0.9418859749091105,-2.421656302507659,0.9000274721578385,-1.622036982188953,0.4417489706114302,1.5423208782709195,-0.44588529701276886,0.5907993176893626,-0.7441640194533646,0.11605249266323892,0.1969907043271755,2.0922557282242913,1.7810400719497463,1.1429203579989593,-1.1085969746285464,0.5585194428788619,0.28168063384343295,0.019305796437918327,-0.9911568609620199,-0.5614345287637676,-0.7237888521247862,0.09848789819886734,-0.4799385886416143,-0.27244431413430004,-0.37906020748309593,0.09914052787589064,0.17417863539069975,-0.11698718730627802,0.6933333968942332,-1.4946294502928323,-0.26390941674270585,0.007882124571216259,1.361730575310288,-0.7729988110916607,1.6644401638997133,-1.2212537265405456,0.9306630849451579,0.6880746125285968,-1.4655686724328127,-0.06217561023739219,-0.4057805337798387,-0.8648249306013732,-0.049091454640078955,0.9464525056005072,1.44661933061459,-0.8278985071591876,-0.8749187517611938,0.8829910220625448,1.8651863000286681,1.2521636569538952,0.7224432244020734,-1.9552300165736902,1.7390125194352493,1.360018203899818,-0.7577030744114345,2.0859264679700398,0.023177787928482185,-0.7876150238817404,-0.36699521582535016,-0.26805171029303143,-0.8654583177896463,-0.20257679698141384,0.18997620039982513,-0.24504424518703302,0.0027067475324165924,0.44945019534680836,1.2867230240149157,-1.0730398321183785,-1.6973525297351029,-1.5019309646850465,-0.1285157153743315,-0.8357306547456311,1.282258664332528,-0.3792284778725789,-1.2515090909236215,-0.5118315388683636,0.14212663514496832,0.5275573479465318,-0.8413674299356754,0.29916912314858807,-0.09073325702576446,0.6420379931301987,0.29201294489475377,-1.534659408858684,1.0193753023158856,0.05883921800058482,0.497338098695428,1.2610281625748088,0.9867460493838829,-0.03153694146010848,0.340950462409281,1.0917760797246365,0.8457018490092362,-0.3459162223533856,0.5145250920689528,2.1154617722477087,-1.0093871916327886,-1.2597924708513255,-1.457201332213568,0.8184377568817015,-0.24991984066590714,-1.1097821743511684,0.6926502697992769,0.7128809391978294,-0.21401710701884893,-0.5634065541610214,0.9051059402504552,-0.4851241205368074,0.8832109822222969,-0.24410339241671508,0.5823818014384824,0.7240960342912172,1.3832996850360062,0.7068933886861108,-1.2743306769441387,0.9147282813312337,-1.974006375574929,0.4206531225499009,-0.09196438195696016,-0.18184252989049346,0.11852000232091056,0.5875752537281475,-0.9028866938188448,-0.8877170024778792,0.4200039654529491,-0.22235383732836778,-2.2001741785781865,1.3462361779431602,-1.665412083149723,-1.2359077752382919,0.36492871990311737,-0.18562514813951844,0.14745516801853434,2.9024693940533837,-0.12834194618040187,0.9029176313981102,0.9566465094008283,-1.0232662500648024,0.4334430275443221,0.9394970191180078,0.5725254969209619,-0.19127541626826303,0.8959048979345483,0.5382967805221938,-0.28905080620765145,-1.4160591726136873,-0.2533663644755498,-2.0300056703000844,0.867882015046992,-1.4226909636551575,-1.411141371712572,0.27853619464741897,1.1633899724597625,-2.1775244850519817,1.6759507464838164,0.38336631279205546,-2.4962370632558044,-0.92646293045785,0.6195831871134773,0.5703502546638809,1.7665798387192038,0.800665959134448,0.7277659581113385,-0.28710163789287557,0.5201032913638721,2.0975589769877034,-1.9590115116625064,0.7718983739387348,0.40460262671647634,-0.5584851571572649,-0.6400994769893554,0.5972928014257229,-0.33622258967319085,-0.10191381302546615,-0.5705350449845814,-0.252241297848464,-1.5597167792483335,-0.292669759296324,0.46214304249472865,0.3068709503126693,0.9265809238561304,-1.5148767638277543,-0.7532329459679571,0.20279886821721352,0.9163892873349823,-0.1683845333424663,0.11501946748971252,-0.07180509545809541,0.5134624043544932,0.31018777649005863,0.13199420698555336,-0.23069483520317488,-0.2627555432453013,-0.24828171938394653,-1.0094758250614877,-1.5098353511477633,-2.6275632253273407,1.2788790001407992,1.276768597981532,-0.028443989278625792,1.208399011217972,0.5093338888190685,1.002938625278265,-0.322453696941669,0.9243274833881613,-0.8490432877483474,2.3105140334133276,0.40719950538643784,0.6756170712320124,-0.6183934485809084,0.3487116143070133,-1.0287231942679265,-0.7837091866993351,1.0801096427363341,0.6052748092385069,0.250132234021315,0.3654343037369665,0.3583992891268995,-0.04081718734463901,-0.3823892107126758,-0.9481488321467915,-0.5793083336709126,0.39732228125056673,-0.5366485075516989,-1.8154579979179077,1.3745775444453492,0.08836661150725023,-0.1667232767181824,-0.21686152281582408,0.011870072289238018,1.4708252974410783,0.39735412853989605,0.6301644799180451,-0.9844956854913819,0.17811499055867283,1.4103183241264852,1.957849633678331,1.7572325451205504,0.8818079786345063,0.7918070745818111,-1.4827326821370819,0.3016316959971399,-0.08991158067384168,-0.8901688587866942,-0.707848765197122,-0.18169352238800676,1.491356516836042,-2.3815369464178064,-0.25544870717733936,0.0829428841144808,-1.6600513949002216,-0.04955740922912747,0.4315668424892135,-0.9501939187538821,-0.015188702320162298,-1.757506788317051,-1.099818656917994,-1.0478206473739404,-0.3153532402698045,-0.27790332453638233,-0.4509586496080702,0.7598032415553929,-1.0824664289951378,-0.5177054439793435,4.0279884320128785,0.7573864664939598,-1.4318946090481863,2.2303990130901177,-1.1499328953685641,-0.19126356187115923,0.020996997561979557,-0.11015121245751983,0.0227942557223057,0.8402029697333455,1.2124536152382435,-0.1857818029998638,-1.0253273419891664,0.39828222810792735,-0.4216562091805595,1.7256885407073037,0.5882004534976465,0.3061687878845086,-1.4347757747169751,1.5148102530368184,0.5254378430644295,-0.022791656506853872,-0.16671450637184027,-0.36164497192270667,-0.7500306682933026,0.7539913304743446,0.8642784232751424,1.0049971730682887,0.9535839928122366,0.2517115751995314,1.797007052416392,0.8641330016342708,-0.4208766683427251,-0.549689112389254,0.17978712144828043,0.7962936082584964,1.36172363175389,-0.7891265928892601,-1.7642964667709236,-1.0522780418421158,0.48137714079851424,2.59810108889815,0.262637830324357,-1.6055788647645075,0.06946825702819709,0.8200334314662292,-0.4413054186512972,0.3686532920886926,-0.3606959968069961,-2.5301940822443467,0.06777243825318327,-0.3094282448105712,-0.2198164691276733,-0.2650770964165249,-0.5536317138912834,0.16868349386702086,0.44833044548043155,0.28796028486754555,0.35323729159806544,-0.10591760232680938,-0.5954509126570237,-0.12152671208917915,0.23993920368532798,-0.39327429877543923,-0.3388865140192156,-0.04507590716585878,-1.2187853294363202,1.6241225619287494,-1.3099704154083014,0.11421793178183431,0.5008080257633605,-0.8084222033149331,-2.077223745783514,2.312800666895337,-1.0597622982616626,-0.8133426578996101,-1.6182657807603384,1.4563345011819109,1.157131433348443,1.1177101265259402,-0.019114362182425716,-1.3718952320896185,0.9553427340022085,0.15029535781699416,-0.9836346866427131,-1.3950435243956671,0.4428842508617089,-0.14751457452711852,1.5404704084285248,-0.8532257786004611,0.5957690910331163,-1.030004958716024,-2.6513233448835276,0.2438432944196962,1.0945022269880342,-0.14216469674778603,-1.208520922725073,2.1574134909219653,1.539848613140063,0.15669816188854643,-0.3772209207099417,0.07906241627282218,0.9958433910999027,-0.6242440123743507,0.5628036436865415,-1.3658877827145905,-0.9271296867669625,0.9143108469553244,-0.2196871828413409,0.08754983715740743,0.5209171836531531,0.5604095711878947,1.169744706767838,2.022288473419237,-2.7588804519462116,-1.944962317468797,-0.8456227242914869,0.7464753829840447,-1.278341457958052,-0.685202119356443,-0.5645093283009944,-1.5850297574729735,-1.126105882766113,-0.66643671787695,-0.11952579057259957,-0.8461037723350259,-0.32048360055777786,0.471547608740288,1.320525228325999,0.7935012953619929,1.6264853133276642,2.5595835941131218,1.2049886995983403,-1.8101508371638577,-1.404804220945518,0.6640990659012145,-0.5802228524209808,-0.02219927165575955,1.143067435302896,-0.5249025367841986,-0.44453966640171516,-0.05612770731207548,-0.34590360428217637,-1.360653040580379,0.7470593366288298,-0.051250783668583905,-1.451954916340201,0.3039917767612841,-0.6480022697708578,0.12085438487553307,-0.19458525477061106,1.646210005837855,0.43537656727157137,-2.258041481954427,0.9771371542792916,-0.002868673798570004,1.1315017717238955,0.16665416065217672,-0.03258722636480589,-2.3215777218703937,-0.16891267845496194,-1.8141489551893553,-0.6425416076018136,-1.014842429137964,1.6136072990924148,0.7698277093851535,0.4388526105304875,0.907867279861943,0.7265576374450697,1.201928068886738,0.2590634499957233,0.17158799431685953,1.5519862021592523,1.0524955541924255,1.3369888512384978,0.24918916231003713,-0.5328138919619666,0.4054164761168631,-0.6158495381942308,0.1979254071417221,-0.6962915984746482,0.45272063061011575,-1.0019231786914955,0.3167891667563364,0.5083011288756295,0.04080983228659119,-0.00857006070464797,-0.920693324241238,-0.18685920216149496,0.8278026179630212,-0.28563035036917667,-0.24628540457454634,1.3502334276664638,0.6329077723385146,-1.4641485418366718,-1.2966659060221923,-1.4496616789007735,0.062125161929623834,-0.021966632872317697,-1.7134293856251488,-0.5191244375020971,2.4912432125668547,0.46485545748710977,1.0887014472462615,-1.2478692283142883,0.0921768331156579,-2.093659635203583,0.426694960429123,-1.2964974485224254,2.74408258653396,-1.3891955220852772,-1.6251077475583642,1.0507086345679997,1.1775705110060077,1.2398773996395709,0.4097559327462721,1.863746043024427,1.092971919472128,-1.3319152011610038,-1.229941883466338,1.579315024445638,0.3428303137999105,1.0572018922535051,1.4855397012520166,-0.68497408208473,-0.10482195775841194,1.1114818138002622,-0.8675530643587908,-0.23605884838611474,-1.432571200196574,1.4773409837079337,-0.47025033180102205,-0.1829717516921625,1.2270870079078013,-0.7079907775090164,-0.5718372117053192,-0.47456838492637554,1.5401030172783323,-1.5628078848202676,-0.3768591715899833,0.5538276752768324,-0.8838764240006578,0.24615943457740275,0.6765731397346215,0.9490815843477463,0.621050415943001,0.5387804417552418,1.1350760006698897,0.06761713769752631,-0.5185701116449535,1.8755661927375042,1.0156383892088485,-2.0305698099203484,-0.8661440554381897,0.5579261379233291,-1.6095426740637506,0.04920789919813287,0.2993400762280155,0.4702774744661363,0.6753123618294156,-0.8057674831245661,-0.10782494746383683,0.7117044765934056,-1.2653519937026896,-0.40167982802387814,-0.41472119693708737,0.5159295591956521,0.7789596022453141,0.8015559006613701,-0.5769676082943956,1.214376807379407,1.1894206640842824,-0.9709328577548519,0.34741654215985657,-1.2579227701217783,0.06449939608741433,-1.079177336905379,-0.15056073756420926,0.9883317701632679,-1.165801629344824,-0.5909194855160782,0.3611839793523581,0.4548478516108507,-1.6268710668606912,-0.5659245127116411,1.3012974332308338,-0.041867740770879375,0.38746803421644843,-0.7275994784086517,-0.7235791147270308,-0.0923468680464132,-1.1573315592583013,0.3357712649113156,-0.398443834251049,0.4569174294749116,0.7595056307916918,-0.8477682836977871,-0.15149284400097396,0.7192716837563603,-0.3003781338002319,0.04430956670795244,0.4211822981063354,1.6173843129103487,1.1345264624424802,-0.27564654718974535,0.9487999753086763,-0.6055138747335186,-0.19881008629791616,0.5905292854025354,-0.19860285436231795,0.644213496698677,-1.5624903439539957,-1.3663256655916038,0.25065504067370664,0.5897409158830259,-0.13947953151473289,1.0192343701413975,-0.9662447770623647,-0.1315133053791961,-1.3320583602938123,-0.5588998588306876,-0.47609646126635813,1.5556095702129538,-0.2182351175870436,1.7065842332506531,-1.708174945823976,0.16079798372080428,-0.4797306453794584,1.306165304619895,0.8118969794184776,0.4947843342032041,0.7910826388311127,0.6708086117848163,-1.4551488158618897,-0.2512574209468678,0.06411511762636979,2.468172664121888,-0.3121980628263637,-0.0760551725556537,0.08360413205566106,1.6895684591243743,-0.13509344777476226,-0.32183197595752394,-0.5663885149951663,-1.158608312218694,-0.603052940284298,0.7992209764099514,0.04423875934158267,2.77234713900196,-1.7462153580379547,-1.0013002263298214,-2.062482860472552,-0.3251401886155971,1.397365813009656,0.19089513527484717,1.4475248421053362,-2.224688378430846,2.22342533385358,-2.3083158650123896,-0.003126836463549873,-0.12220140111349503,-0.49923056149518286,-0.644635935562446,0.12037194228331141,-0.9112187879363003,-0.09741651947644901,0.9768255051110918,0.08577962622651067,-1.669071814355268,1.4834530775542705,-1.091786003689419,0.2187304273570462,0.21083368886241455,0.38895098652195603,0.7038236635854052,1.4550817755560237,0.15055893882504826,-1.2582682542488774,-2.136998307330155,-0.9621857910084056,0.8671175157880029,1.4560139914478223,-1.5861731297345378,2.366225215648211,2.035694403183553,1.052165398401842,-0.776046471602398,0.499265009475172,1.710619289233962,0.00506500025824369,0.18189005392272323,0.9681335656683872,0.08081277228997859,0.3927402451453458,0.05836868143088067,1.3993160559280002,-0.4735633436456976,1.6634917334822439,0.36937510016635744,-1.1573512152291199,1.1611138787957227,-0.603638665605943,-0.24566554257211523,-0.031428810817276796,1.422063527386255,-1.061173272859351,-1.1167112247043098,0.4098574551576681,-0.14852702651147676,-0.014830927626217252,-0.866702927522396,0.1531020549896989,1.7291733142260914,0.6696132010091366,-0.2351010973926112,0.4513711019760784,-0.9295240339789799,0.9529505072463124,0.27297587985007127,0.04590154033493284,-0.11796506370057275,-0.4331002328582215,0.5905865024920991,-0.06431295410589437,-0.02800386355850165,0.9970029859360362,0.07123854183925465,1.008807744549651,0.23220113754014207,0.18736895299830142,0.7112684061934826,0.26044689986947905,-0.2630447418241292,0.35260970104424355,-0.80879265667219,-0.1631509594949392,-0.7680370610549636,-0.3580069044435244,0.24845956738473857,0.22746232163504118,-0.22978009538901195,-0.9927831079274935,-2.020437742619202,2.3838340439071692,-0.7290369566717563,0.42173566790191996,1.3813587703392873,-1.2255068038235581,0.4530776574285524,-0.24951515917791026,-0.0984120032779174,-0.173856771604216,0.5019138347788652,-0.8066976646486447,0.7805896271612718,0.11563324925131288,0.1791457329066865,1.4103590055104875,0.48529493512591576,0.36174933809695337,0.5353569524101942,1.9959032804843648,-1.2142259035222804,0.9882333744098287,-0.524982777297692,0.9809031621111317,0.7995366270549991,-0.26150131611945177,-0.1190625651730719,-0.5978103052493642,0.5765712583136574,-2.044756676527792,-0.23909818087026005,-1.0311713547554033,0.8015625920980507,1.9753741598812937,-1.5745725222997335,-2.5924568226802926,-0.9641560021715961,0.04717269918904798,2.103104659678486,-0.30918558570314997,-1.303658445672663,-0.11904416760630948,-0.3515642889215419,-1.2063158817927324,-1.0867579624063566,0.011667447935009817,-0.14245497267961138,0.05778802835916386,-0.26097687113633106,0.9602764621369946,0.15563047055168888,0.7261289128091242,1.4095752561520174,0.2515474873062687,0.0680089609964511,-0.9624289606913964,0.8655216984274573,0.5070999095896366,-0.6244968475608584,-0.8316572821788866,0.8199920418013019,0.35825789072572556,-0.35811239462906697,-1.7177122237267042,-0.6018894178688186,0.432307572311403,0.03962995785262571,-0.8812654582617789,-0.5497652997115137,-0.9482575122378606,0.11839088352441446,-0.21329566021143487,0.6842857833229996,-1.039700671391082,-0.09774568292695422,-0.4971945021767795,-1.1995011171640169,-1.006193701190454,-0.04924336747537594,0.5176389900433479,-1.3757391716958958,0.35594032958662536,1.1116521758869755,0.4764492270839368,-1.45313234377864,2.0911040988177363,-0.6801055464329506,0.8209773337836801,-0.2738360606807415,-0.24911709669949686,0.39717803771881555,1.156115495409709,0.2013316949306497,0.986741731826556,-0.7971746426547907,0.15232014652500925,-1.4752477050894535,1.7063030402382071,1.0133301837550048,0.6677499568031378,-1.4109498423732783,1.7513460473949096,-0.7812209717617112,-0.6978060730830492,-1.5497844048362257,-1.226999955383637,-1.023936797329615,-1.6196643246335607,-0.927614897623383,0.0033775283339434435,1.8660373544452598,1.2863422998815186,2.803185265831023,-0.10538742597491631,0.7117260412469103,-0.4980499661552552,1.7629004350921138,-0.4755501657305552,-1.5144195162579113,1.579649110865617,-0.9670889832293803,-0.06939385127879877,1.3496665721200851,1.2440266064948196,-1.0835741179441296,-0.5471108682350612,-1.0745923009642102,0.1681488877818576,-0.6275590504315098,-0.644189018610536,0.17193456148005085,0.4263270715194703,-0.8453413916775085,1.1807088205998,1.3789848693072542,0.04911555865497523,-1.9699041531692196,-1.119327563009163,0.7380332052205647,-0.17313988084380658,-0.3859325957059746,0.4125494929096602,0.8874061592473835,0.3416479315852064,-0.9560709992348831,-0.277140099986358,1.3097130966884591,-0.843790870176785,0.4957375321234874,1.010455913080163,0.6511532089942449,0.884256983998635,0.5386431060912441,1.3387230126853924,-1.4115445198723924,-1.125619146247881,1.1963520042730498,1.885796950696573,-0.025067069884161866,-1.3087921445063249,-0.7270154545905164,-0.12173555234829976,-0.4684064694539977,-0.3426996197564887,0.670845149239792,1.1641926526247668,-0.4899239522572864,0.4209082900695365,-0.0702262749400744,0.36107604978882574,1.2879767035514884,-1.3096167553418996,-1.9725924003153081,-0.05675095586692355,-2.0417723650458037,-0.3477564074132492,1.3423063100938164,0.9408952663616519,1.289987020629308,0.3547532236098924,-1.2840412720200358,-2.193019730409974,0.732915160174607,-0.6094518028440544,-0.887844496107326,0.622107043938412,-1.1373553400390035,-0.485532236407223,-0.6637003155187242,-0.18002291677605103,2.344112568696789,1.3410170107000319,-0.5066110845697238,0.0020685870921452743,2.1532628230602966,1.1494796738306943,1.322251028520247,0.3393962988659428,0.2922425060221682,-0.035604020006962944,2.4468245990011277,1.9792004978567508,0.6222466935952391,0.7070861575558801,-0.5144556552730061,-0.7183462708680464,0.1599919189117715,-0.8482210729516628,1.399605304952474,0.3090459151755603,0.0387903804172869,-0.37399738550966544,-0.09406460911373961,-1.4209300981634259,-1.4509605005828397,1.1527384551484454,-0.6811564886893132,0.1762426680990815,0.2371780851519505,-1.0752978726959057,-0.9453100343659958,0.48233106927178715,-0.7652705109955524,0.26854736359889103,-1.4509865136886226,0.34892737265934703,0.6805163179263419,-0.08116254551287093,0.12696207697758025,-0.5301625306600468,-0.9927298352379195,0.999420003457708,0.021391872188196256,0.4739389194833631,-1.5926616939806997,1.0310465134202997,0.9428155914189482,-0.5158901128878595,-0.40475937793430034,-0.8120407672392133,-1.6668359638001804,-0.20991654829202835,1.269067013499682,-0.2331341895656577,0.5250985228737879,1.762592628659148,0.012577382898758739,0.902599991379342,0.5030996840445415,3.5779744827722517,0.43571439601317485,0.9727513141904307,1.6907670203854654,0.7150488697979235,0.13204479772735805,-1.4249979291937134,0.5657158773754116,-0.8219973638442684,-1.3230692112706808,0.5708063843714015,-0.6801714502005775,1.3997674565190317,-1.5749280872521974,0.28847642330567247,0.29061305602808946,-0.7197601618653996,-0.48103267945234474,0.3242653964140252,-0.5508525973047436,-1.2573438335657423,0.4193179060164294,1.2797777730004152,1.3043835384398021,-0.7338282777685958,0.14968035562405949,-0.11217197194626345,-0.507735879000414,0.6413870016667952,-1.1523539564852192,-0.4942650040165725,1.8443678318628427,1.026083661326308,-1.699176862993392,-0.8940126411500618,-0.43977349536907884,0.8030530315383523,0.39498622805721384,0.06984479614354575,-0.8947466509061679,0.2763596116054227,0.5063879011652523,0.4170835814200966,-1.1011457620296343,0.7855485591481285,0.6715435089031274,-0.822945419785998,1.1908559151713718,-1.1028786701808093,-0.9378887154262999,-0.012824589211390965,-0.9517333066874029,-1.7971076799996748,0.09479410410679903,1.5069970481991128,1.2874832903213222,0.4663686966276402,0.2058017871571712,-0.7456202879241834,-0.7269382610316133,0.16274605633027056,-0.9560453662319859,-0.14160735785290354,0.013804214898658476,-0.0150248045972588,0.3054330167139322,0.6897658777136244,-1.3528562194386526,-0.3815649404029512,0.42803478447585247,-1.4773932134960797,-0.1525664851081017,-0.5347997704178273,-1.1891951011832884,-0.6692303007146682,1.0162089486431045,-0.0764018552280793,0.8287584780843735,0.8318697786126125,-1.3680854140892666,-1.32240442691866,-0.9525594749323016,1.4662075024581998,0.23333773077341055,-0.43494585333042196,0.7775765603628698,-0.49847395787671783,0.010247649903413293,0.26878872328084114,-0.18911308199810123,0.9648496570828122,-0.3159859320750285,0.30025537273523,0.16127378517871593,2.101337391826024,0.25633472702017923,0.5627799566545189,1.9588829450992191,-0.9656213482289514,0.7848200920934353,-1.2275125007422518,-0.8550794392387208,0.9016282417816195,-0.2264359159686906,2.2681645331886555,0.004671104345097378,-0.46901765270918183,0.31297542237001374,-0.5972643725781819,-2.4552299097670276,-0.5666794683407331,-0.40504022431648856,-0.31315558132312854,1.198701290527329,0.4724946573428485,1.0925078869168618,0.435598135564675,0.7455395103347745,-0.2568302514310315,-0.8621449003619097,0.6344504996998893,0.26236511011581587,0.9139489453706723,0.3951308410913897,-1.6417572435173353,-0.42734476188223747,0.35628078280857506,-0.645744038861645,1.1496528610607688,0.09371414317679443,-0.8593673347120925,0.041807936685691605,-0.5374245631063921,-1.0118187547006476,0.3238597441496365,-0.8214593180483549,-0.9318731170266891,-1.1220148415606255,0.42366677744129805,-0.11879850820398635,0.28896559924774623,-1.5912055931862121,-0.17382042018536054,-2.483303650818836,-1.6418021109315049,-0.5179493303397735,-0.14881364253728885,-0.4970742969022204,-0.5823156600738987,1.428344638167533,1.5805448031825557,-0.20236586695426606,0.5812374089360784,-0.9516554991974865,-1.4241012636498287,1.006489831848978,-1.6474590817778,-1.5433236050442138,-0.3074975142645565,-0.3190673419597739,-0.6472642023417637,-0.9057400455572725,1.1138493753477068,-2.5665452614622195,-0.7599395052664929,1.1574198823947812,-0.06233587852280621,-0.982628756810621,-0.2488491115059009,-0.843992885192306,0.7298744103980559,-1.5292728404090477,-0.9647236613271163,-1.2250415525416822,-1.4924842234628537,1.1339628857057336;0.0066157026739657905,1.8203450441626878,-0.08622913578331952,-0.6473654020663782,-1.5416219869292673,-1.0977299416362032,0.562874072615247,2.3457215766230988,-0.6772236028697425,-0.7769161785397727,0.5888135725799187,-0.5218404485810544,1.3776917349855402,-0.4736373665067627,0.8084320855563697,0.23857142052718783;0.9562528828494133,-0.7212312214598915,-0.5851043469089752,-2.0280274769919497,-0.007619831879102264,0.20572638531112472,0.7280293334124862,0.1733414438338093,-0.8128505372957485,-1.7833211102455373,0.050687904326110506,0.938439071029534,0.740916224536883,0.32440167106684414,-0.10971267226493948,-0.4677158731048218,0.9367002101715404,2.1222091493723694,0.5809986147469831,-0.7544416059988656,-1.2475545766677532,-0.5214418800675934,-0.7265402256352502,0.7505017462490855,-2.7116776920322576,0.4894573545999165,-0.3270115755259363,0.02003744217693551,0.5414538073987057,0.13952216044750682,-1.180033319763529,-0.9521723900650029,0.2433240008302509,0.4827069294588089,-0.25219178828692385,1.0949210684857,1.3274323801533219,1.1326156353456023,0.4399415261487235,-1.2393451402945894,-0.671866574245742,0.04660413473499472,0.6154272073670186,0.5531181476528801,0.2737431273665244,1.109581703165836,-1.6190017685330602,-0.03878870138617582,-0.9607762734523237,1.534607350042297,0.20343523598685984,0.19995725380892293,-0.47723322456882483,-0.37238482071656787,2.3345300446816717,0.8743053066857642,0.8464426280401334,1.0474880645720461,-0.6055923016039164,0.3673469687404354,2.3027199987082434,0.95605018143854,-0.7270478353340172,0.5318641407516935,1.184544828126421,0.9369961241081182,0.8923269302342456,1.1938415315033337,1.379109552585736,1.664571385912736,-0.2892618340275139,0.3634174163564502,-0.8893659718678347,-0.894653821687534,-1.0308230228227855,0.05641477633484224,-0.8009062732360227,0.08581776884968627,-1.0784449223054795,-1.2624030209622903,-2.908330234346222,-0.5203507036221476,0.5419837361861048,0.5681103779176055,0.6063383349673045,-0.7021420615487843,-0.5191805359184813,0.3703818665571942,-0.44212886790547457,-0.8502941817849596,-1.3954850215800207,-0.804243576878643,1.1655050841833514,-1.0072226564020974,1.2881693641623342,-0.5922757609643541,1.438649969336427,-0.85623593876912,-1.3616218962813598,0.5378078901064587,0.8704288834805433,-0.46521051025412297,0.6121114380005687,-0.4380154113435348,-0.459772117763259,-1.4899557146829463,0.18717443333343947,-0.8817962611330055,2.5796932570852253,1.2507596514489399,-1.8776853088291494,-0.4825507124737232,-0.3948585890750188,-0.30064421327605506,-0.3532329812625252,-0.44884466366565096,0.7731302923555454,2.085879205531799,-0.9766690767423238,0.880097865604993,-1.0944631040548025,0.5147156561060433,2.4525925853410167,0.3063108772619412,-0.05795278944354902,-0.027127258158817242,0.5669596294580759,-0.14117713011886862,0.4424423534870321,0.9646581983337331,-0.20933883190183306,1.0592780274778708,0.36308353940476956,0.6782157008111788,0.1855693556194391,-0.20773243040713726,-0.6001462643129621,-0.6094158169757531,-0.4299755791411846,2.4605991418069966,0.13536069479067864,-1.5601706304526055,-0.41878983633302985,-0.5092578234008879,1.3246582890499667,0.6698414764507397,-0.02894093084125028,-1.4645955178512005,0.17352643762825312,-0.8367169471448176,-1.1636387101628392,0.9198372786548644,-0.3245649559748158,0.9418777641772567,0.08922656093225446,-0.8238766479893489,0.5248615678784919,1.51771281624209,-0.8205122018460165,-1.0685520307924203;-0.33697608328481243,-0.7016529015985972,0.2714850397274061,-0.5130328357766326,1.4506854844144383,0.4882722291343037,0.716556910911835,-1.8813876552263973,0.704490896917673,-0.5773548222098691"
17,1.2077418359658654,"0.16545246198174401,-1.261187808401386,-1.1235725007508826,-0.5577100327704962,1.9047176409172708,1.1259890099894967,0.7775904044156199,0.4303397798352875,0.9839838062461794,0.9760031930956761,-1.9999241201795537,0.41245695572171415,-0.06685586348557344,1.2503258421840033,1.65404690286241,0.5442916468291635,-0.02820227292200897,-0.8031467459609056,0.41965069904356367,1.046940748167426,0.45383034657091076,-0.9693871578919506,-2.403453595982554,0.729418325310961,-1.6386158155145032,0.43488552732129626,1.4400291377264383,-0.5788813435347862,0.5342656114427279,-0.5677353964876933,0.17267750477227883,0.21736182570776708,1.9589542326269467,1.9582448992006662,1.032863879516554,-1.1163883590371957,0.5367880614180485,0.31917617915981483,0.24763779105648723,-0.8716878972668506,-0.5246032130553044,-0.7373977625397559,0.2287045179669288,-0.4676836357684091,-0.14570650110664435,-0.4560506632325173,0.1392942622272017,0.20830268959797188,-0.18492942810722368,0.44377620624081937,-1.5299313099439817,-0.42053632415096703,0.014451940073563749,1.2516177444455252,-0.608858564376898,1.4865560550029233,-1.11822214154186,0.9908177207218302,0.8068205851833902,-1.225592913111973,-0.04590307228539604,-0.5325370063475969,-0.9219726289857035,-0.23539050127768854,1.0797378492178478,1.4027484753780943,-0.7075333017994837,-0.9843934499102991,1.0312404217695181,1.785205886890509,1.1883664463555905,0.6947531227264406,-2.0055221483755905,1.5765048507218071,1.3131823184640738,-0.8810425824450878,2.07123246108297,0.043635651252382696,-0.8249069639931507,-0.4119521461934147,-0.1159965624893522,-0.8054720526494198,-0.368997502117468,-0.10227680147624701,-0.4306697873833339,0.05809295975129382,0.6210501007200867,1.45998036023666,-1.3030360970025014,-1.7089225832708534,-1.5822615043296944,-0.3058971788586866,-0.5864480058220813,1.394526260649208,-0.3143852870222348,-1.2374003409934495,-0.47140458658225093,0.13921029097378124,0.3880698434223924,-1.0596489524716135,0.30470445760643355,-0.34592559621072544,0.3837252960735591,0.39609909410668714,-1.6576392063621674,1.0835457542809557,-0.024159984896163667,0.5959165996649298,1.16104362364215,0.8288842983230174,0.0926214929659728,0.5224933135304032,1.0122098080004212,1.2483477017259739,-0.6373010768904388,0.6347728443202609,2.3692932092211505,-0.7786528166674108,-1.4717219865887654,-1.402097111514609,0.7708017569911914,-0.36330852637141936,-1.139963192685485,0.766243603717541,0.7013042921792052,-0.40967357349686745,-0.6127712732820002,0.8122208055276701,-0.37424212041748933,0.7636477521003122,-0.2451672671024568,0.7754533859061863,0.8886830954602947,1.4551342234834574,0.7840040596248884,-1.2421907002581767,0.9603836295047196,-1.9530127264829797,0.41445371778814866,-0.2477675233283554,-0.20456126469063776,0.08122573840570041,0.5402631910968505,-0.9646574050501235,-0.8654038637068707,0.3228007148045419,-0.08670654795995197,-2.3069481730434886,1.3557724147699635,-1.708236491171218,-1.192558276462772,0.27496785186496064,-0.3451176725595047,0.2394347734682617,2.779454952812399,-0.127685654803481,0.9778192207254125,1.0492025510352652,-0.9988083936345997,0.5296618242192577,0.8774753459620355,0.6072337036240563,-0.3110874104408954,1.208719286123754,0.5996610339669668,-0.34068279592042255,-1.2907765766498467,-0.3438256494993204,-1.9922019901684704,0.9656917237170665,-1.3521478161754712,-1.3203384650668704,0.23748897040080075,1.1078015648738706,-2.2362873134268204,1.4772509443600303,0.4185789269912428,-2.4115004508837896,-1.1162073322047052,0.579515579826131,0.6090768511450092,1.742570378459998,0.6623172732870904,0.7135764271202796,-0.28711347599975034,0.33544938861394236,2.2268688719456144,-1.7923373617133465,0.651598772274758,0.4966340675750392,-0.5235939035630872,-0.36108009748927106,0.8090316788029417,-0.38105776597372215,0.04082572087628733,-0.5242920292494317,-0.11127790967255083,-1.1513959234043916,-0.288083602943581,0.6770239938445956,0.09393540873668862,0.9373574224696728,-1.5025471930138792,-0.737013640430972,0.34497847670480297,0.905450051586128,-0.11937297019692535,0.2105802496791323,-0.13086556296897306,0.32554233952538264,0.12763692387518083,0.3569247449580912,-0.6520071768209509,-0.4816006971892064,-0.16753155499595762,-1.0479235246434269,-1.4170376197236716,-2.4085620736253373,1.2014132251799141,1.1084164083195973,-0.3187557099995528,1.021249280285258,0.6841115666356473,0.9594325126383068,-0.3235728471235052,0.8487802133358928,-0.8516551772579342,2.206941195808012,0.4463449651820554,0.4782239992221089,-0.6407760737736616,0.4446074178582167,-1.040391958467969,-0.7273396229902622,1.1640989524012237,0.6541210889666,0.35292832820026565,0.42226542776708115,0.3250789428869383,-0.08298944440470701,-0.42833128518654684,-0.9893685339622932,-0.46178123700448864,0.45724076322604534,-0.5000363939444112,-1.6483006035035463,1.4429709999070535,0.20577795043933758,-0.1917701308264848,-0.3410768270998654,0.12623284236651364,1.533549728420422,0.7187028184941738,0.5843033515857234,-1.03242425656516,0.056153102830447055,1.5201609214507308,2.130667082792746,1.8124780030822905,1.0109504881555544,0.6915787814003496,-1.2171934469618664,0.19766702095905117,-0.0512506835540657,-0.9006990066887546,-0.7288782386142317,0.14201316387082483,1.362861335940453,-2.34433659243939,-0.4861033331341038,0.23576883576205554,-1.4849296815415314,-0.05991628282730848,0.23343906798546277,-0.7768185521692375,-0.02122106843262006,-1.8725903251114127,-1.0383461115969947,-0.9440935928607861,-0.6433867340194551,-0.25471165070845325,-0.37112782258116017,0.7320594743497474,-1.1291791809447698,-0.3901809845433123,4.012106600687229,0.605515338676801,-1.4285204073584472,2.372065675020842,-1.1934049594613898,-0.15116516869365948,0.1599482824979166,-0.18412467786831513,0.07025777471332242,0.711993824644122,1.146800089908692,0.0008339220512664433,-0.8858733987212869,0.3982319427721308,-0.36125178359694105,1.4112501779951792,0.6069026253735216,0.1389458963603038,-1.4793707672180805,1.5391343072545878,0.5117990979507421,-0.08760825209439246,-0.169133120033444,-0.37404134840645026,-0.8235388169649394,0.8509952444192476,0.8075677652983502,0.9307275778901087,0.7328280453779729,0.1808830289743989,1.7969739743850466,1.056945715312006,-0.3325540482461569,-0.47463634915234093,0.1262045034946384,0.9445004502678896,1.4093385581155164,-0.6144912778015136,-1.851036469955303,-0.9558808652952121,0.43764370459219143,2.3848816006216853,0.22373351194097435,-1.2702106230984649,0.22670858251857018,0.9633358344968759,-0.2531735649237766,0.3077435637467822,-0.03980272883693836,-2.6039913407718402,0.04715472694420192,-0.3962671099732058,-0.19712881483529626,0.0512264436581427,-0.6281140432455407,0.10743263374565429,0.4988112182070883,0.441701656356003,0.6037500977280502,-0.06599260505755683,-0.5994930079761633,-0.39420189856652377,0.25921001034296487,-0.46081016932533525,-0.5572124966821993,0.0058012237766856545,-1.3669286037173731,1.63846864348137,-1.552779044913344,-0.15244922834064278,0.27418912228818465,-0.7924315210789232,-2.188150190593654,2.398854184832837,-1.1347403973453507,-0.7207969768520653,-1.5772293415280436,1.2866685220242908,0.7659587370979973,1.2452819035852676,-0.15577138206370997,-1.2700156392851834,0.9619972166234528,0.04383622264765674,-0.821345480573529,-1.3288240414907935,0.40932048590203945,-0.2404663716249787,1.8903871289658762,-0.8811178708433525,0.5094360154640527,-1.2174492179200096,-2.432563061533336,0.2946566002162301,1.1926719889584296,0.016046080653844108,-1.3888857372523018,2.0251368229716475,1.5475643939398525,0.26003494775751707,-0.6010438846411474,0.07463641659642271,1.1114360338459535,-0.6471344991200498,0.5566774010012865,-1.3416835097529045,-1.009736375962125,0.8039544063172547,0.01803188818776702,0.09745174546996478,0.3913657063650059,0.27484018030587215,1.4573801124588215,1.9696467416004242,-2.582117649293967,-2.110241681739323,-1.0094504851857007,0.8544603517121261,-1.4638741827684463,-0.8976331588702086,-0.6431847539798208,-1.6861441334037452,-0.9375197074445826,-0.7759841560643352,-0.09180998638834126,-0.9366019296391552,-0.4942133152130628,0.5699447227123995,1.4440208554577298,1.0156765610747343,1.6794836429260154,2.7641454451038046,1.258451086599187,-1.400822576116091,-1.3257570126926206,0.6517878443995406,-0.6140407116483226,-0.4334479420236086,1.17927343887748,-0.4645408187651342,-0.4954421606401132,-0.0233916804453003,-0.33765180795967215,-1.244028315088907,0.9343869839876651,-0.19674496812313808,-1.5530811658703594,0.45221917325401106,-0.6246676485593535,0.2277992695981292,-0.31883159537737477,1.4357308458267113,0.559366507681063,-2.488583714587503,1.2688391306738387,-0.22242759620156943,0.7329034285334216,0.10814550050052917,0.19356866027483724,-2.4193628664089215,0.1786553257381791,-1.9091919212745028,-0.7015577176983394,-1.1769204210015447,1.8609234753309567,0.8939335026559175,0.1886064625834809,0.8872571238155152,0.6383026674272823,0.9365698463880838,0.35973957551866675,0.19628295539272644,1.493513991591806,1.0166206880150506,1.5483368688996666,0.39524722994585165,-0.39585263906716806,0.427757825876663,-0.6418226460753317,0.3215243171508903,-0.5995568897684379,0.4245394460284519,-0.8515823240841295,0.46597586099139054,0.4573900310594832,0.16335335461849823,-0.07679204094429129,-1.0447624782792861,-0.4976049212513499,0.7096103180311467,-0.28544009513112106,-0.4542980460538546,1.312863598697691,0.7865079489926697,-1.2273293752885994,-1.0691321772093565,-1.4697728494394964,0.14275352808119499,0.01591015563486518,-1.6166126856303453,-0.5583647985684412,2.3451893685445286,0.4355453414176285,1.0996687715760307,-1.200545444506023,0.05812616537455751,-2.3099797144578313,0.13000286792129906,-1.1345321641398898,2.567795611049752,-1.3060687141653529,-1.5676623048322165,0.8417527208588743,0.9678891264594787,1.5083017825472769,0.43746061064257286,1.959036107471193,1.1100458034922231,-1.1621478146519246,-0.9733256913571561,1.4946008797142807,0.4323928807721991,0.9946365085714071,1.441117060638524,-0.40173589438187085,-0.07503835477492583,1.1373412223113697,-0.8275334658058732,-0.335643200383548,-1.4756241416402178,1.3698671386750338,-0.6009894405628393,0.10636727709479649,1.412019410252912,-0.6415194300021266,-0.7289658325586421,-0.41230820739406737,1.6837857382334438,-1.2115925320543703,-0.4019529916490116,0.3798134548460509,-0.7497954094956685,0.4611471877016824,0.679509325981996,1.0417688352296202,0.8362297922584645,0.657521882685583,0.843451272856617,0.2864209544252079,-0.5202392545369041,1.6444316555068414,1.1507793383640168,-2.105553232878048,-1.0056466527228192,0.4289771859025821,-1.5758818203578748,0.058000881926911906,0.48185885131012485,0.5061859628669563,0.8403171634436206,-0.8018807946788692,-0.1927014558409581,0.7350799996158714,-1.1494027300407785,-0.42662407441130706,-0.35518389931725125,0.3954389096133908,0.5858463334174875,0.5948664297209555,-0.48277792105556405,1.0132032442682055,1.3981048137922936,-1.3437549529904174,0.45582777150652665,-0.9277486586568232,0.05827859047122111,-0.8989743201128779,-0.351464925264654,1.0565186108081408,-1.4221014975692865,-0.8821661799315085,0.15975195446297266,0.5439763998145034,-1.5514534531571962,-0.6793765105626992,1.0199517406166365,-0.29651745770531523,0.4292970245619548,-0.6887821812501852,-0.5177190234314649,-0.023373160974405893,-1.2246049575341467,0.26705639607708953,-0.007685992753709486,0.3760484009944671,0.8072158774701089,-0.9552182333563092,-0.24391128800191977,0.5626868022833378,-0.3799539001493654,0.027321789268847096,0.3415646353130787,1.4186854712123045,1.0727986393317337,-0.09729583177714687,1.062450951859732,-0.5886372687667899,-0.11539360701876018,0.9243717607641653,0.08450851592091514,0.5483018217822271,-1.61841061297927,-1.2534239294414056,0.3238742655051314,0.5313802388817072,-0.10896710288916953,1.2597940324612724,-0.9683273943212111,-0.007375312393946773,-1.6647719999976558,-0.28702106360594315,-0.612526423957505,1.5346521633581387,0.05973832104584911,1.5628448354873181,-1.5644472247048944,-0.06010383847874283,-0.4768774826124955,1.2120234880534675,0.8309602343802351,0.4211800697954697,0.9166824945808476,0.9275691159640866,-1.577971485023097,-0.3881472548487047,0.09572000210861162,2.548640190575646,-0.1994262151300653,0.027449071065363685,-0.044680240159610723,1.762262037464963,-0.1645375709326536,-0.47537809341636783,-0.4248481291134244,-1.0569148000078041,-0.6252477208341318,0.9555082031504574,0.1740036272555586,2.701734434227044,-1.657947900666528,-1.2179705193813608,-2.0249904672103276,-0.30735234753160745,1.314073383368144,0.23942147990931112,1.4353645702238207,-2.045277943274698,2.1395955225803465,-2.1471303390046788,-0.12296496122907333,-0.3534973193991684,-0.6183192019531577,-0.9762932606809527,0.12087276690462295,-0.7363866384205043,-0.1823128745495085,1.0368712738345394,-0.033213647844525684,-1.5798221185458667,1.8374678730657632,-1.352215445591075,0.24458446734172462,-0.22362896144634833,0.2743639088411101,0.664021175212639,1.3744683066189964,0.24874802288646652,-1.3525797196203397,-2.0001930334241154,-0.7486739722281631,0.9810431060632506,1.537758131813097,-1.5846880992449737,2.3409067536027797,2.123590083066607,1.064538674918587,-0.7870364902196968,0.3673223219266183,1.705383031283387,0.0692045574482989,0.16791131538301965,0.7991855078858237,-0.05432352477484015,0.21773399747217692,-0.16297191047980616,1.597337617297616,-0.20493756332537558,1.5403936128316496,0.5273668017862794,-1.3545121787998748,1.2706572460292422,-0.7053220039385327,-0.016372163307347386,0.09255762826736988,1.4416080012108259,-1.0746228014655017,-1.0415383598243184,0.5883873385356143,0.11699232331059059,0.031468726213064666,-0.8429180566162289,-0.07327721017954274,1.9609135094543526,0.3374065436883462,-0.1907441529602373,0.4010094153945494,-0.7871152492832233,1.0713621572822036,0.27302524015162244,0.044884063974066475,-0.15181763055793682,-0.5650627710389827,0.2377688129329736,-0.3071011529673334,0.0022126012525452467,0.7625384399348103,0.32443654915044584,0.8307534843349551,0.35019793342048866,0.28053925727982587,0.7902682941277215,0.06249058473074315,-0.3210285906851213,0.6606456807755154,-1.1455167123062147,0.1561760774905345,-0.5617298283898404,-0.5935630128366043,0.22148219815428336,0.37128262694494035,-0.003025462477846394,-0.8058225517698511,-2.1771985108935072,2.52022953827265,-0.8295145646218834,0.5515725244675574,1.3920012235361767,-1.0042444281760943,0.2738519518203793,-0.2608564624472657,-0.1645515985688338,-0.2859328120863334,0.6906061891889508,-0.82102864260302,0.6601523753398751,0.21017111280428089,0.2728432393102793,1.09455163533558,0.36064789259669916,0.06773714136253162,0.561702511569312,2.162333288641554,-1.2189532966329624,0.8985192544893242,-0.4538340996289387,0.8214109690809445,0.761134009439161,-0.13692375325769762,-0.15242868195322085,-0.8014844799465228,0.46578431982989515,-1.8698559969147333,-0.2925851116610636,-1.0595724415404422,1.0696814419877407,1.8262157529184693,-1.4311424643872457,-2.679605920529262,-0.8595187594690998,-0.051197261547496556,2.0138206905368623,-0.056439796881429666,-1.5019322087731881,0.12516305115795684,-0.5853809026468101,-1.1625625524369851,-1.1927718030070518,0.12428248033018968,-0.13448120446931855,0.5056810615895101,-0.400562781114602,0.863284530615959,0.35362031384748993,0.5638505043557442,1.1538759441528377,0.21551452143491842,0.013114022017955834,-0.9186766871696862,0.8997200729433721,0.4490119720633152,-0.6081146773543138,-0.8255590442059477,0.9500746909546692,0.36149760482191695,-0.45286362849878664,-1.5642523839896672,-0.42953128595291346,0.36488019821516876,0.019494601390199345,-0.7483487840316236,-0.6068330311273076,-0.9588605675287433,0.0731942056203066,-0.2537463098196811,0.8098325364493142,-0.7710324900492073,0.047626696544701835,-0.4229858306697644,-0.9805522161318098,-0.7619591082997372,-0.03464804987161882,0.5864372978585746,-1.2438522782850858,0.04026680492722831,1.109496548259775,0.37149297745819876,-1.5015708257311497,1.9428630884310465,-0.7184498854726641,0.5635407216117552,-0.29561576651168986,-0.22911007024953955,0.30030877413877133,1.0543657856778121,0.030750857707195274,0.9132136633841231,-0.7188589913464887,-0.17812645087193762,-1.462980282047952,1.8697742989090764,1.1014784434043814,0.4484500831280436,-1.4295379904686238,1.811959467252535,-0.617216173281238,-0.6098267011856744,-1.4116821045593198,-1.0494422271952488,-1.0188380823826446,-1.8484422983442497,-1.0015312786987551,-0.03945072062859446,2.038496412825945,1.4882193973693987,2.999673972207372,-0.01663074585884089,0.7747849096088337,-0.5466212737611866,1.738292149464649,-0.6280906074667802,-1.3749500511673174,1.4976251083365675,-0.9774394422248398,-0.20020445252022104,1.3348886749184312,1.062516437116443,-0.9301889334522541,-0.6568378135302971,-1.2604755136670358,0.1237553016276409,-0.4382279730308347,-0.6745504064231431,0.23154909269643725,0.2524881415537926,-0.7587826788137672,1.260438017329278,1.4557485346543386,-0.09211532686191222,-2.1336078278044903,-1.0277930098680172,0.7040032555064737,-0.1740679420095831,-0.3789355328274184,0.3488804925030748,1.0686947128277988,0.3879256331268671,-0.8859828394249138,-0.027593375424152577,1.2904537901144972,-0.7260520472135965,0.4792381144640703,1.0245239314772963,0.6800316480285998,0.9614817809394478,0.6210950216820719,1.2218540368742246,-1.4446791789104478,-1.1250803738160273,1.1575673189555151,2.1091859035299807,0.02378937465807096,-1.3765893295722615,-0.6701471870368456,-0.25843445779589574,-0.27292678610522914,-0.5222331223757752,0.7332103004449642,1.3317412719995012,-0.4295305538652222,0.32474278633117604,-0.006401296266740436,0.38225837612475044,1.2882969954597072,-1.3946972076938566,-1.9518584121819649,0.030590814394993678,-2.0395518748933523,-0.09719227758565835,1.5056407891283368,0.7985006481050078,1.1248261567414666,0.4327821897867392,-1.2113818631986544,-1.951835963110808,0.7085644793373131,-0.47162602992867514,-0.6724981080712006,0.5736120516192813,-0.7693969452846711,-0.47113052555163937,-0.8166697537588695,-0.07835995059293233,2.4690458935958453,1.6918874391964023,-0.43252271805646164,-0.02748353308250019,2.1796199860314367,0.9946031188343762,1.358913192787445,0.19244725979506194,0.360173409968491,0.05360696252851904,2.3049455668330427,1.8946998120731429,0.6161049065000324,0.6807839818168168,-0.778584943302366,-0.6834698867277623,0.22552029844122712,-0.613044875587966,1.3759100482300437,0.3575594008584086,-0.020300113900539242,-0.35688662750289524,-0.17217401452451891,-1.3121866698935927,-1.5118023197151371,1.230250035941636,-0.4145509313145477,0.25166183342050463,0.10427769939321821,-1.2223081141007646,-0.785369057352438,0.25594128287660545,-0.769121689781648,0.01740840848774103,-1.4667853056333373,0.30244711559194054,0.679383156053977,-0.005018716444072216,0.05082769021085619,-0.5599025276777844,-0.8986775054881601,1.0780084466116548,0.052777179258797574,0.5458806491343834,-1.4249309175160803,1.3243517868897996,1.2679223216694158,-0.390957113625304,-0.07034006742482113,-0.6938411267768664,-1.5511312255502983,0.023322305656087235,1.1959966196708716,-0.11507860833900938,0.6197272003622848,1.8024951486708616,0.0187086350237399,0.8318757092956525,0.5331002134058349,3.6019507997144764,-0.1076047865463419,0.9831423764903234,1.5737709689807666,0.6464930509413084,-0.10657147602476308,-1.248699668139467,0.5781143738216697,-0.8965455291820699,-1.224526165257981,0.698532771560569,-0.5156793241363226,1.178661726235242,-1.2935437573512698,0.3792320847156997,0.17768671373956937,-0.4986932965199994,-0.6331641842029229,0.3257604974380421,-0.4484945649554656,-1.1478801373676388,0.33745417512691067,1.3883530637572747,1.4029334720040274,-0.634924915722713,0.12526907860785502,0.03884663003353943,-0.4325021711715313,0.6479150941641748,-1.1113496631893585,-0.6983332592569943,1.8777664105872498,0.90630244122387,-1.6758498337453236,-0.8475849235102216,-0.44077579062907585,0.5944479298257555,0.23290815933834186,-0.022057394197336967,-0.6264615217914028,0.4393828345461488,0.40604692630324135,0.7238854047497583,-1.1493166488476114,0.49795620918276456,0.7237645961115712,-0.884312736831097,1.2180894359747085,-1.0416379835932226,-0.7667196667992295,0.04081427821370176,-0.952683345572718,-1.7309931458619379,-0.014103247122716316,1.6666641202001122,1.127255412076644,0.3507282733981597,0.2653489393286314,-0.5943816278828141,-0.754683953966965,0.16542671150270954,-0.989046735160177,-0.24662734447293402,-0.0385490093493109,0.17090337140490403,0.21864655217067458,0.8956407334303802,-1.0858391683113915,-0.6124882553096196,0.5424660318436936,-1.14926509773125,-0.17093287579183056,-0.533744710047828,-1.1453442219853889,-0.6403059921649243,1.0518102154186573,-0.1266691699820846,0.9393965022876415,0.7122294186053574,-1.3130243929199275,-1.4575302188459605,-1.0401554848368681,1.571437827648018,0.13171341573619147,-0.26310160897490786,0.802190506743325,-0.5067943129395205,-0.1107941461465903,0.24467377911288957,-0.06255470317627902,0.9000604832054734,-0.6702988242792476,0.08909873443547828,0.38910411252214927,1.984789494882537,0.2504274937725032,0.6789063963856824,1.9087123857193649,-0.850204233010129,0.6907066030585213,-0.9266779043488133,-1.0282338565616957,0.7263872356776166,-0.13467916440443428,2.3423225156648577,0.0367169736574023,-0.6375796724927755,0.42400335891433844,-0.7555209661430927,-2.4172661821985644,-0.6381723848890078,-0.5709730973154756,-0.1132995893071097,1.1276707160325201,0.485600341132399,1.0002171557363355,0.4373329256749341,0.7948799573715716,-0.26984031347707993,-0.7669298794528141,0.551501242799358,0.09874946016192072,1.044291618006422,0.27976551641890457,-1.7049708297040151,-0.5304743513143266,0.4667017512480404,-0.6619535659246726,1.2036801561543369,-0.03488500773022851,-0.8558220087060233,-0.26229096007231945,-0.578417573184633,-1.0633000667442538,0.15799137295005544,-0.8852344650696425,-0.8142073014162633,-1.3690418997547475,0.2932231324219551,-0.02005969196190731,0.10156329597408464,-1.6559211624789598,-0.17687466232739846,-2.358055669613441,-1.3551224134207187,-0.4615422663968901,0.0022001092870008523,-0.5560647050377457,-0.5558217047027579,1.5300594285538116,1.2951506409768898,-0.41615232595025753,0.649703471820913,-0.8061535966317092,-1.5093252638194872,1.0738466083857046,-1.7921073965428542,-1.6917903963812824,-0.2530372165077091,-0.35707418051801687,-0.4542733474187981,-0.9354233838301208,1.1436969004955295,-2.512090065642659,-0.9587081913939653,1.2127380078367747,-0.08711128445538559,-1.0550328617387261,-0.18816346701062342,-0.7292746571660832,0.8065923658120216,-1.629858324260866,-1.0201159388226086,-0.8018854250574694,-1.4310371134326159,1.0864561590098585;-0.1042408780944373,2.029133835932436,-0.03048774621606659,-0.6118508907728767,-1.5645366406273487,-1.260088620104661,0.588008594352216,2.364302886661173,-0.6340614104557997,-0.7148031972427419,0.6976629080725375,-0.49934182578956154,1.519354583460707,-0.39040013755592595,0.8495035307991535,0.29467796411630065;1.172406949316616,-0.40121765276985477,-0.3813101858307093,-2.201542293776919,-0.2459646299736589,0.25826225166255695,0.5716186474393862,0.07258999540139507,-0.8789953410830322,-1.798020120164205,0.19921532245572585,0.8563905517121188,0.8382265976492461,0.3394058475538125,-0.07834855037413917,-0.3383725559651012,1.107175723670487,2.137905255528325,0.48037647855566556,-0.7582265214932449,-1.3361241380861326,-0.4980023311364891,-0.6229895393472957,0.6800624192352093,-2.7565172563436944,0.32916324685038273,-0.5125745546427206,-0.02118737406737943,0.5340095303230836,0.01963022914266855,-1.2879792456122006,-0.9423188560164983,0.08295360176803475,0.4291028679323175,-0.04641097296357172,1.1427313801840064,1.3333802187396273,0.8739902738944025,0.5233458077282799,-1.342125856781365,-0.7109513027305847,-0.027100866212503634,0.5955960860874925,0.4057034848973645,0.3521800921097374,0.9562414040061165,-1.5474722918885988,-0.0816208488852332,-0.8892363877484077,1.4756187903574336,0.1554893258847062,0.40036198508612375,-0.3886361158547115,-0.39523183699277703,2.2586840561583488,1.0893218830761149,1.033983105224483,1.0733718568705741,-0.7785872252882613,0.5212728343529034,2.4317870675202657,0.8909901051545647,-0.8780207859407215,0.8215719531574404,1.264012886524466,0.7480259819411503,0.9019647417265914,1.527859386466033,1.3709931869236507,1.5151522189698992,0.020197612723985986,0.6405454279014604,-0.787849919944864,-1.0263744474329508,-0.723629529254871,-0.0019584552608203493,-0.6807585101324327,0.18998156722464346,-1.0157933401758885,-1.2577031653533723,-2.9990285614470364,-0.540774808738119,0.5229598890520286,0.6148181741220718,0.45644164346486504,-0.8365009272830648,-0.5091274317598046,0.27225401363004276,-0.41294493890872863,-0.8534009186009428,-1.5594370901053634,-0.9109484344950848,1.1892631027304599,-1.0349204998961268,1.269073711446113,-0.438335197729221,1.3724676563983897,-0.810005851280305,-1.44253102410971,0.5681267443557917,1.0436111292001788,-0.5095947213679892,0.44110840721884675,-0.6230046011521349,-0.15152844594300857,-1.5348632143289451,0.21200092151856076,-1.1906150554190598,2.4648662315772767,1.1175718868981361,-1.7942663307816933,-0.49345697362705954,-0.3189152257890389,-0.4540978340692128,-0.21739562422400432,-0.31337502265077727,0.8391306963057007,2.127031455252878,-0.9800321670135169,0.966000460209796,-1.1240262082265844,0.6191992278739169,2.460955146006594,0.5056987032908068,-0.019678983390988163,0.09329709813120926,0.7313186361268106,-0.06297788637820881,0.43477821425455265,0.7103256617343677,-0.1342256212420747,1.11541689405966,0.5807329722002259,0.9355163520752541,0.19834835891379943,-0.42918433153371177,-0.45591367581106734,-0.8625258285597478,-0.21930624109825342,2.600605619640103,0.15049128908102777,-1.5768291394761658,-0.3204490820030872,-0.4841561699957465,1.1635743801256981,0.964497082606835,-0.09758242980752596,-1.6681839449850488,0.2717446112826065,-0.8303872862416786,-1.126000989302855,0.762642110246871,-0.41425791859162187,0.7537802323782857,0.12938276401747933,-0.5827778944404963,0.543036498826745,1.3488157459865204,-0.8372756269606584,-1.1586808617546882;-0.34929394778664086,-0.6462723616783566,0.25512997947145505,-1.0198770879231216,1.6020529895776618,0.518894515240449,0.8772661941498154,-1.8559979220658096,0.8029159421934258,-0.5457916258102408"
18,1.1740890387801421,"-0.16214433839265358,-1.4762689490607364,-1.0646648350682226,-0.23572848546920422,1.6441810465262383,0.9524630739442143,0.6138950097142224,-0.13148467860312274,1.004970460180812,0.6490984199372452,-1.85005476482642,0.5626615090820772,-0.23557145074195024,1.2101040790303994,1.0822546114868719,0.8600660753827585,-0.03718386798026205,-0.6171568131386433,0.7263806203283745,0.7792931735339098,0.1580111092425402,-0.7510923539494241,-2.2685485108250414,0.384468736864015,-1.122660964483686,-0.15196948157101303,1.0775120322179137,-1.1507187382437545,0.3643968287969457,-0.35259227908428636,-0.2580849066238469,-0.16495753130196614,1.708893983103837,1.6254471063934173,1.1173680276515183,-1.5826209532715205,1.2733343287556564,0.7062854245405736,-0.16553593607021821,-1.4805210689928217,-0.7137186225512326,-1.0831672071481933,-0.734682118218566,-0.4544763004311759,0.2482071209908252,-0.18060880894531506,0.4955440793652858,0.37509061603895893,0.6275479690003897,0.764003179378034,-1.5691917589523534,-0.49597566225310163,0.4946737904698163,0.9943344525947777,-0.6522826455207139,1.163579187021862,-1.2073055331143672,0.9077421562999934,0.4918276714075992,-1.3347182410799399,-0.25306747207595465,-0.4059647580468734,-1.1463677751241068,-0.7132040506840509,0.4729858233512048,2.033303760938265,-0.8372306673855427,-0.9882669917499187,1.3966625225536298,1.3839306735523846,0.6213001396859765,0.09796219555380943,-1.643573789006252,1.3998828230075955,1.4307373566377144,-0.4258349628184917,2.6060869120610564,0.15049595927623943,-0.1971866069903035,-0.9278453927557262,0.2533326894197474,-0.7929977768304022,-0.5796571585490747,0.377946898981943,-0.12278520809612198,-0.16112295710003577,0.3696028610533755,1.561016355701938,-1.0957222916391538,-1.6766190985216396,-1.8418630821688944,0.06642245416446946,-0.9931981358347061,1.091610434553453,0.3063124465907741,-1.1076674455833753,-1.0228790607121734,0.1830286634802858,-0.37692997027887176,-0.4487490141133179,-0.05876282659615363,-0.5319588319118272,-0.350266503385389,0.6500313821288912,-1.7617444744595472,0.9449874410021505,-0.04867605331203681,0.2228614011681448,1.1647966514883723,1.065512397963137,0.35744487765878097,0.28432576680793503,0.4435327301963231,1.4631761435719064,-0.6318240408359496,0.8513844887948048,1.3117482721400902,-0.74994394503288,-1.9804853811035008,-1.4854390562352557,1.1186982878868388,-0.4105623345497674,-1.0774009554117643,0.13389803504244005,0.7368354447029651,-0.5738698504091441,0.055541650323326336,0.6268956586782105,-0.13448770837649188,0.9226715697914089,-0.41204114799571356,0.8801661301632582,0.018114435155024672,1.5128482718413976,1.0954535311485358,-0.851489240136907,1.0575230988368496,-0.6582171192366738,0.41473162030726396,0.2354178902789434,0.0828928325697976,-0.18176850638404876,0.8746227738462042,-0.2508237914483433,-1.2545627315940222,1.019035994151382,-0.0682319308727628,-2.0815618960575026,1.327243231794544,-2.0337008153523235,-1.5390004911161286,0.9585836755685344,-0.31688523296918797,0.09735338842075053,2.4831300507610865,-0.06493252071288395,0.7830696045261389,0.5232659919642432,-0.5327632318814008,0.18270363033559234,0.8085051286253191,0.7672169466040112,-0.4567610306040992,0.7277309666773798,1.0219400933557532,-0.08054947149991443,-1.3090582598513105,-0.00012243249692496516,-1.8732050887637082,0.8957016278577687,-1.3181482626549585,-0.7386396932921886,-0.20997991821267606,1.2542588315905965,-2.18758519162987,0.9136906766328701,-0.38463722906318504,-2.047310085829625,-1.4289900840411862,-0.3457261120746916,0.33129962727099943,1.7405956848255215,0.3551678659175529,0.7268106400981725,-0.9536589914663243,1.1139179636711323,1.7720778671623914,-1.7274431922811884,0.1583363235456698,-0.402346970462666,-0.840627497834497,-0.5743732116521736,0.642254061456639,-0.8175489987820662,0.45980995860244395,-1.1154405406940997,0.024036486384432305,-1.5962199811423667,-0.010336514688554614,1.1214546017464615,0.9431909257621746,0.8460147647991738,-0.7648932413512133,-1.2230125051414789,0.9666403165190536,0.8167482553743577,0.2979827289617728,-0.30363673134175106,-0.09086209014360772,0.2080394301481218,0.4047829804357658,0.021284707970370402,-0.8819074095193014,-0.4803158495735653,-0.6449413127410224,-0.38990567417081123,-1.4993597119659363,-2.0710625509398715,1.0066361434111843,0.6048553853081834,-0.285006490289313,0.9431278843468575,0.20421190313552076,0.8928929832198506,-0.7655755336499191,1.357795870346242,-0.5205299459695849,2.321008061339322,-0.06503143963908209,0.29802807914582957,-0.763526664689509,-0.21801478210544875,-0.6650475776169034,0.14748008005904242,1.0237006365782395,0.9387156661796575,0.282464094561194,0.5578040698173968,0.5160315288473698,0.12825827397956485,-0.7678637270950897,-0.8378831271639591,-0.5721836343219592,0.47618082771091136,-0.5281913413717036,-1.8419421521005617,0.9773532360714066,-0.1449126199105223,-0.5464492069559626,-0.803714252059724,0.7932340287849418,1.8249609116063499,0.48697669017866996,1.632466054460655,-0.8163910525060052,0.3916048184672033,1.58727814374305,1.848904666284461,0.9203478550875548,1.3244106458181557,0.6140915359682565,-1.4708812805457985,0.3698096080215405,0.9673616427430292,-0.4560309862967039,-0.6386764132677463,0.14403463663649838,0.9776704479172257,-2.334721695915512,-0.45123929166061516,1.0626774383666455,-1.6081911694745894,0.25128553112781427,-0.14092692533183102,-0.7731068134413663,-0.15886866958690277,-1.8545956685012122,-1.0605636749187686,-1.1680760911624843,-0.8027177571808332,-0.45062374129830174,-0.24464508068366944,0.7517925425110528,-1.0096356896817547,-0.3618418985416276,3.080634629036736,0.6090153833594399,-1.2582630356020628,1.7634585279971078,-1.003459861618985,-0.3115292485981427,0.8228819865412346,0.27509256655038694,-0.48994047183240913,0.8518363968777458,1.0530478697816659,0.20854639232491692,-1.5545518777261076,0.4368869754912819,-0.12216996385816652,1.6302543773854787,0.4885725250927349,0.4620639174802182,-1.2846240175736696,1.5681655910557728,0.5960754919439197,0.4003770646986917,0.4405213777323782,-0.721787200609151,-0.32683273566392523,-0.018184505951866513,0.5036746937465465,0.9365476727958028,1.377204764834062,-0.3048635768402449,1.1422157009234726,0.20439407793070455,-0.5171884204610617,0.1156520450007385,-0.3480451935700363,0.865025746651124,1.5001315105367359,-0.9307210913014515,-1.504081383017314,-1.0961779002241947,0.7976970798785102,2.735885555798737,0.0683878727672112,-1.4676884746927374,0.34652371540919386,0.9300380372518795,-0.8635518882700928,0.1029746813691726,-0.31263738858933543,-2.6228813830702533,0.272858868908164,-0.08037833584119258,-0.1561271615756804,0.07704700331672956,-0.898210920053172,0.4459307915369849,0.12281755403426126,-0.6087761011922433,0.19167724561518562,-0.09039035281351221,-0.30780621701831046,0.1753264542593286,0.23150652370831434,0.11985269579428583,-0.30451975877700377,0.06947034484848341,-0.9636591563137861,1.7131753390625402,-1.350096610243544,0.13395458037061633,0.1064426061448008,-1.0142103148211472,-2.239556493488211,2.150724780514775,-1.7139559902053727,-1.1978320876974144,-1.1690534974123141,1.7226536710309028,0.21530423137706062,0.8743110723089758,-0.34246320412829934,-1.160247193802511,1.2580393141445847,0.5446101987919104,-0.4000417870448,-1.402194466064569,0.345013899117977,0.19530352615900876,1.4000263397078847,-0.3752524118697286,-0.2965998894899536,-1.356714997831309,-1.868943742401624,-0.2135298067650502,1.4636902766535658,-0.07310134385079103,-0.7353908872576225,1.8165035766037947,1.7488182417829479,0.2356897589658638,-0.9250183782136898,0.7046210627808451,1.3511404322629126,-0.6242215021841234,0.16026492422387945,-1.8364540502671847,-1.2160056777863186,0.8382843257266398,-0.4454726445332832,0.38411077917753206,0.2710101595612932,-0.13315550741218948,1.685304905115347,2.0172071216164356,-2.6299865853308257,-1.5456438797560559,-0.706638136688907,1.1428295014153553,-0.7358861816183326,-0.7814818493046027,-0.9730931222668864,-1.4155310600662365,-1.6428335048837313,-0.8541438228544626,0.10310931418204747,-1.045851810208164,-0.3281659179965246,0.05994187019275707,1.150291738635043,0.6639949930628117,1.6364888074466726,2.7412070966972317,1.6284797772892348,-1.970314399929336,-1.1463666166454474,0.9485092585339311,-0.18290507036864392,-0.9281158851450764,1.5631027708683751,-0.35697010868626367,-0.4919628000881947,0.8125771088993448,-1.066681918385685,-0.2974973420720919,0.5037557116747865,-0.8002404063580829,-1.3233060269689414,0.14350214489789645,-0.4064513016315746,-0.004655818854951477,0.33865688389830473,1.570681190001876,0.3238555013991472,-2.208347364646877,1.11245239379285,-0.30783589668989375,1.326650655087775,-0.0026011212604266226,0.5409897743453103,-2.3404559223357215,-0.11948107642615775,-1.7138464378116396,-0.6414999803168925,-0.886882110127541,1.5252747164726168,1.3332361932150019,-0.4398854781398037,0.3894708029685565,0.5756228469408115,1.2362673657414194,-0.2086382049258037,-0.4620538697034882,1.844708469576081,1.2637574697309846,1.7231736873663321,0.5412972207032857,-0.6285214762598125,0.2434449968397123,-1.1226283458914064,0.25634574508001473,-0.7923418231797283,0.5675689142546806,-0.8682575653844012,0.2672867254004184,0.8493122178521605,-0.5969580341535385,0.08090771622596235,-1.0248391949786901,0.31909568130059196,0.23446445414683503,0.5252617467906134,-0.378224524265025,0.7647683594419585,0.7210416632333082,-0.8755503909441316,-1.2799451699534323,-1.5622431703247002,-0.49752672325308334,0.03715752712117251,-1.5748932426460198,-0.5761047366045788,2.6850710214266966,0.5212290939685172,1.2187136091823119,-1.6743895803599977,0.09550585236617556,-2.5385974099787703,0.6823350903173301,-1.6490685055157779,2.0076398619629994,-1.06049383192466,-1.4024972819202974,0.3003980411090034,0.7983469574830173,1.1767532873213284,0.9425575574216418,2.188078977380588,1.5800112339842214,-0.8705508626934726,-0.5914308345936821,1.0333956205378254,-0.3254313025416741,0.6081750516806694,1.8240106117135155,0.530979427629687,-0.42843138937302366,1.0932434970253952,-1.146572661687204,-0.4666259792173186,-1.7255596521035013,1.724225123256846,-0.8941040361397575,0.6040130295219426,1.6809968368616353,-0.7441457557004726,-0.7685469332544724,-1.187035038110862,1.2476614875928063,-1.1271733952604612,-0.3062993312401562,-0.14388645235883596,-0.8163772774234885,0.5416889294333949,0.7154437627752852,1.1208944322485719,1.1075633668995943,0.5214677119635394,0.8147414288402064,-0.2991990031655577,-0.33915456072739886,1.8272034543244,0.7063488761304765,-2.0132303037163592,-0.4083184297254279,-0.5623419712498429,-2.1103780895930235,0.09786040051272718,0.5146693515387114,0.45195845985860883,0.347944971379741,-0.7046249691904853,0.587182432694477,1.223117301752968,-1.0852811677310263,-1.2196319024221234,-0.28663907583070625,0.6768884917324811,0.44402885370916567,0.6885068194087326,-0.9136904452369295,0.5029247985067594,0.906536581774686,-1.0294292987668694,0.7973360907908658,-1.3242247445778415,-0.27495448319327725,-0.7936112873140565,-0.5424932820940948,0.7184620143830287,-1.4654095726582863,-1.3290077431725371,0.30034053014564505,1.0239488105240593,-1.0478489772792197,-0.235143893025402,0.6712558746517505,-0.10780021322287027,0.5863519847104807,-0.6286273833093627,-1.0272836533725531,-0.1784865677782998,-1.5698353997728018,0.31308789148324767,0.028491057390094013,-0.20996010255111436,-0.20494852700617977,0.20059023761134212,-0.3245149477984187,0.8296535903206053,-0.48607490161831257,0.6611338008747271,0.6151882856339628,1.3423211853718657,0.9584667342810623,-0.5762019041727884,0.4976438023350598,-0.4779971524460914,-0.6386545910902056,0.5708497499136688,-0.2367533950157329,-0.007125157050017622,-1.4418456668188437,-1.3460244080668635,0.6493519334312413,-0.4462444318964881,0.021003264630071822,1.4067093941635407,-0.9497083558886477,0.03916362201455162,-1.5801373934127128,-0.2587514006550594,-0.13007292756702343,1.0405034715761656,-0.5129619930906835,1.146912151236041,-1.7989286860597768,-0.6747106724432713,0.26930522472888285,1.1628512596435157,0.587219429881481,0.3276998327743579,0.7776442582600791,1.3601629406863518,-1.5606887968285028,-0.44598871945465957,0.029796718949832157,2.9754069437228123,0.0970279845180762,0.19216754810159153,0.18879091388218908,1.0978756321091288,-0.4345703813706902,-0.5621366418114586,-0.3774045613025824,-0.7396075989772083,-1.0312960151177606,0.8780639505033896,0.3378088538273465,2.091752536926974,-1.495011444589091,-1.6830982653273932,-2.3077025894722447,-0.5473113728591432,1.080556882180782,0.8232458584067788,1.510829776668977,-2.349495989055143,1.516283277501429,-1.883956950003523,-0.31516176634148996,-0.45436816045759804,-0.9487352113417149,-0.8677883791231414,-0.1358251989533617,-0.9269683554714809,-0.05584861912063749,1.1856336218432337,0.16763665373972758,-1.9190303792885313,1.3483939138608139,-1.7821717979160387,0.1312452018695168,-0.12059038294433633,0.37156301904669026,0.9643609193262289,0.8303759844784433,0.4306143692156207,-0.47910921164209824,-1.6186738581354172,-1.6361805432776404,0.6423121625862974,0.9695330592347464,-0.8399153352973443,1.6025875185357104,1.788889823598623,0.694771201043841,-0.8676170904545031,0.09953605189472664,1.1798245160300713,-0.12541986988236126,0.4618013705590044,0.4045922627276604,0.1405955689609941,0.24014405769561603,-0.31814949317246466,1.114958744963135,-0.3394039974576709,0.7316951082217917,0.24810820326726338,-0.8693673032952707,1.7616751031798152,-0.2643569184430722,0.15255046360689073,0.2615068759660384,1.2183405545479304,-1.6310660414044305,-0.8393140680533477,0.5223890958629069,-0.43980499097690035,-0.44119499761515824,-0.8915458786323244,-0.12396320484573142,1.8312545622433178,0.2505479325453099,-0.44952891896060304,0.6844208127168532,-1.1467683027558244,1.467526361223226,0.03187683115900197,-0.30946168782548056,-0.016561826965520526,-0.02027969532700427,0.7102656536616739,-0.7504832815468675,-0.09692845455004775,0.9927710729081773,-0.385008579617257,0.8210161985363151,0.5235140995153309,0.8229044843041714,0.8649269122726764,0.13561046060725865,-0.3553418742265818,0.5622272905855406,-0.6848050614132295,-0.5635377418857513,-0.35556207610451585,-0.9651333518822612,0.40213412990219377,0.34646023463186537,-0.060147983493013445,-1.03558257244603,-2.1826507614658937,2.424668084295633,-0.4234009612037963,0.3314471664947882,1.3565069950547486,-0.8374460287515932,0.8163182356219092,-0.01474198590495547,-0.30211451127275935,0.16899369768467867,-0.2787369441096912,-0.0698968659605117,1.3986084739124285,0.3734931376826741,0.20005996860082056,1.554080529856096,0.968423213119434,-0.15364089951622623,-0.06751536232190473,2.197196412182159,-1.0707034821919315,0.7894605504402534,-0.16896927249354082,1.4376421074316925,0.06679988599080054,-0.6406414042736999,-0.18660699805332004,-0.7450241838038197,0.9615305569803435,-1.3372753166030547,0.1813908404315805,-1.678871498151636,1.2750696692483845,2.02232557185347,-1.2883218110058345,-2.4687729067602935,-0.4507227917117955,0.6593926060840618,2.349104280121382,-0.21101902556169388,-2.3107332403558556,-0.10018517161400162,-0.6523884980450656,-1.2192004426881715,-0.9256398030801064,-0.10370254739867588,0.019059310640398452,0.4850306647986574,-0.130618164131217,0.5058160332664245,0.6417773426040257,1.0319367810869682,0.6480146510114044,-0.019856107432149814,-0.42245595309883405,-1.3707293569093058,1.277958481464194,0.4716212583182609,-0.6498404825057483,-0.9479959841895774,1.614883447544034,0.2140275730863093,-0.07096719004503393,-1.5806409032899862,-0.7586389713619259,0.46210230714622585,-0.034011403341284024,-1.5367483375013582,-0.6997812031437898,-0.5034969516139983,0.5211803603607583,-0.6837790692981531,1.0637710984881072,-0.0522002780187374,-0.668471000371936,-0.6208124505234465,-0.9186557036413243,-1.0589435873366417,0.3745478910711963,0.45405286534792155,-1.256985166207553,-0.6662802718298045,0.7634674734799549,0.2586534022792402,-1.876903206238141,1.74728912964476,-0.35370349967289055,0.247722042750639,-0.38919385946312024,-0.33830798332574963,0.4976665135267133,1.1297944136873979,0.050617419875749,1.0739718409624666,-0.3637639637722332,-0.24102636961058765,-1.1980048485778776,1.8737064520160391,0.7024899816568924,0.6490622668869757,-2.0863893905544915,0.7256179862247125,-0.6631467505197884,-0.8244840397536717,-0.7731509557051808,-1.308614502016991,-1.3444408018785854,-1.276827286349449,-0.5056218491048544,-0.054035315499120745,1.9463117372405618,1.2384940264495083,3.075519503142769,-0.13650212086776253,0.3190341646006789,-0.4231958145245953,1.8352092660796853,-0.24291392172553267,-0.5675456595910316,1.8979148502940528,-1.1358976884943361,0.654886425353477,0.25488138743935407,1.0025156412504168,-0.5915011006832246,-0.663508616289741,-1.1004778946810558,-0.18330696018308273,-0.13413673750073693,-0.2763444463658546,0.5976427572646741,0.8876519463095851,-0.18464091998715462,0.9736588917448427,1.3247086421835315,0.2053207893423232,-2.2184802089209166,-1.2039367929694622,0.8171365708434296,-0.5601965893399689,-0.09357780367728766,1.092992196474527,0.4833674357625424,0.2885242751531327,-0.5492341719290654,0.0761596507436596,1.4764611313254574,-0.15167973060839246,0.8963402551788615,1.0305855659913956,0.8242760220689629,0.6525501501567836,0.5710871538602926,1.0846943257037842,-0.9570332882847485,-0.8961174126298208,1.1723536671361268,1.9533506878592086,-0.3465651128834579,-1.4401977477094419,-0.44867379494626225,0.09641337351672956,-0.12063439913994568,-0.16618393765537834,1.0127648906475006,1.2237343989289686,-0.1813718665707724,0.13684903507048543,0.032490372657621405,-0.04187229884405712,1.5868413805948818,-0.7601710948798183,-0.7264586362608879,-0.516097506143372,-1.9262939659288816,-0.7797641977866142,1.9737627954961732,1.3395817518779984,0.8397062284561977,0.4277702304312718,-1.4276943628565,-1.4483956335819603,0.918395072628602,0.2668572145793361,-0.46245949113363854,-0.17731943593800215,-1.5106936437687608,-0.47512155056907296,-0.6017339222842488,1.2054691374710644,2.0838815537848974,1.4521367553652422,-0.7639934955885314,-0.1673289287837785,2.188451921003872,1.3713675305531532,0.22274245253684216,0.3985164612126585,-0.33901696888688293,0.2545610874723776,2.335128092562121,1.716199609755034,0.1616446913276834,0.23550747081189144,-0.5902572849204303,-0.36696629070442716,0.4122083753999183,-0.28451427602451945,1.5874320439200194,0.691240559758262,-0.6112208461304597,-0.6483962671344093,0.048437037453483205,-1.5731803138929978,-0.6440760583830979,1.4834668965191273,-0.20100592424130098,0.3157556032382653,0.4288795598640907,-1.3256209076049752,-1.0845499429138448,-0.3098522354319666,-0.6258024424534249,-0.0781317115259882,-1.0474743031861442,0.23193811891364263,0.8483594703285442,0.4026199309133448,-0.08693758690865122,-0.4478041065437517,-1.6691630118304617,-0.0058852523454219485,0.010621769230265976,0.4016136095336156,-1.8446814054989151,0.7856720110933675,1.067135324603772,-0.9424654538363745,-0.5466477510300758,-1.1436507944878955,-0.9399187161357538,0.07285541705179353,0.6283977408544735,0.04354268199546926,0.5676580101591574,1.7888222036511967,-0.4719393892479655,0.4752043524556921,-0.305443179363144,3.580771007074171,-0.13417916513480685,1.035813478765028,1.1074815899267478,1.0132855452158926,-0.05052242363833063,-1.836469214600194,0.2502367811944687,-0.5273857065072433,-1.574390507784619,0.7082509705054888,0.1107039389569861,1.0359923336691441,-1.4592573184591533,0.4805710853248958,-0.4099303068262117,-0.13912749966071042,-1.5164681639333806,0.02555439658541292,-0.12143537198372963,-1.2210804213617816,0.03127844234196828,0.7887989060447365,0.6687533864199009,-0.7936470191356177,-0.01394535736057835,0.12183017096377563,-0.3001863418535941,0.10744678662530596,-1.5598648312028272,-0.8860968897452406,1.7418953054059834,0.8547209712376462,-1.2625997004286185,-0.17610139262163824,-0.6483126317042129,0.46182377018070936,0.7234664198405502,0.44740434892623965,-0.7943497496886436,-0.47496244140546584,0.4171237025455354,0.9133693185377664,-1.0192776069939538,0.467822467260334,1.041452733489003,-0.7211136823209392,0.15666825047835262,-0.06962356404802798,-0.947187651190718,-0.10751764692476168,-1.2406671716916182,-2.0317544464758357,-0.0982301947046351,1.303763918943095,1.052564008645275,-0.12020374154503974,0.38354404318579016,0.16748147070097721,-0.7661950038277255,-0.07236741193900512,-1.0537624879832186,-0.3073465474579584,0.2965067899923821,0.39922904112240926,0.11821898227617454,0.7400043039977641,-1.162165264039639,-0.37276698287843085,1.3203586493054613,-1.4350183316791452,0.058872132508723654,-0.39089394867717725,-0.5491403953939632,-0.862916920164201,0.7616758522557575,-0.17606186160326087,1.0122548769086175,1.3450498421944534,-1.3164174123231311,-1.7250540359855417,-1.0732598544565233,0.7401105311087868,0.29692007349639943,-0.6521051075356985,0.5417913611067094,0.3111958350611832,0.137336293272511,0.016244127077775283,-0.22785430366410225,1.0154212894404313,-0.685326412055683,0.5254011694687464,-0.260228650387208,1.4211697293486587,0.450376772123385,0.3730188987921573,1.8153956565616893,-0.6204162252384092,0.7526163220914169,-1.2402357320849215,-0.35041345705460347,0.7194741636486535,-0.5836588590897537,2.5376448051271905,0.006580561746691499,-1.0354306642649416,-0.01130873729963111,-0.10178609829598981,-2.032660903218707,-0.35744494670616633,-1.3607953273990836,-0.16801310482491422,0.1441560588243764,-0.041086919382431454,0.599043977445707,0.5888343615004488,0.9658569268338589,-0.008108865013188263,-0.3870854939305594,0.9877442948367101,0.6103962284066589,1.4459902373802613,0.615794344540213,-1.5746823031373165,-0.09240201323979691,0.2961745560632452,-0.9070979910307784,1.2756586409732638,0.319679821240898,-0.426427379541182,0.23172714791986626,-0.39389695520480306,-1.3417534522667303,0.43813076576703197,-0.7860757607044432,-0.05610214759035323,-1.33490201790499,0.5246130250301122,0.381551644750387,0.578560702209116,-1.217781112863485,-0.9362737679878754,-2.770007410165932,-0.9501538289092175,-0.4227324748785531,0.248890870415599,-0.9535868450073522,-0.1679398542988245,1.1755565012941442,1.060152338783488,-0.921910349229719,0.60307061150882,-0.9292079218244417,-1.8230806969044089,1.2556715946112067,-2.076899591002838,-2.350325212247571,-0.7066052110074917,-0.4644923741570515,0.03494972516002469,-0.5993880478854445,1.3588634847858825,-2.693095398752512,-0.04150412955991688,1.7419872246254071,0.1552853832244727,-0.7726928385419031,0.09656718705152649,-0.4723880130944541,1.394144111482809,-1.4648282039529619,-0.932800755868242,-0.8586142842911364,-1.8575427515201743,1.142278981478559;0.4137091935927158,1.975414478872149,-0.5889518476859991,-0.09398861490335905,-1.7491553580411001,-0.47810461476756705,0.5717432523278171,2.2983809323210735,-0.2958498622931507,-0.6458990243718071,0.4126311902614981,-1.1670296729453455,0.9848098332964675,-0.5295862825166515,0.9387390115302499,-0.013746079987365961;0.7064906650890135,-0.36458979234960165,-0.6205796173958468,-2.4421717852685827,-0.5530431961711617,-0.6665784505543189,0.8499423102511958,0.7194931932478241,-1.129666087288179,-1.9002195756880018,-0.26501139401094753,1.0437265207092519,0.09477443287004682,0.026573309717291077,0.5104281388604627,-0.318675751717519,0.6595817422751049,1.6247295971782219,1.1792754665281469,-0.9104435446011527,-1.6751453579607982,-0.07609857122054042,-0.5252673622043873,0.5374199953730334,-2.6948773689779295,0.47671318642621024,-0.07492512655615984,-0.2352002870568301,0.4549860479476809,-0.5355000734912556,-1.6257864793888863,-1.3079222653534497,0.5526128311486324,0.2328883219138039,0.7273876803017475,1.0188782508440022,1.0707579980345416,1.5167139125309865,1.1236047711133146,-0.7080162551865509,-1.1626500298450104,0.34604055513722826,-0.0929754498422415,0.1793897325257302,0.2684420303143371,1.0481666021728135,-1.856029841591669,0.024433949678555333,-0.3756641290085389,0.882011982436118,0.6620665983656399,-0.16621055917880148,-0.26871766786530704,0.05360382706410083,2.2128633631470835,1.0592885260340508,0.2428602146907,0.8188810475877987,-0.5815147811434805,0.5501783670624258,2.572930144442708,0.7348394773718979,-0.5717542848911201,0.5577128628802323,1.01100868053051,0.41470462257578394,0.5847705230742306,0.8480096216254825,1.5189189447631928,1.7703919469030394,0.42339798528233785,1.0760712276579778,-1.0774329482696041,-0.8683169997313901,-0.6373341712540209,-0.18785853605644004,-0.8942543103630572,0.1841056551333202,-1.2022830998166791,-1.313835761647527,-2.477474084334775,-0.5321959270000729,0.5731309669089601,0.30812545010170206,0.7093619732747456,-0.11630028385864219,0.04748893810619061,0.20232350248694642,-0.1560254170674828,-0.7789028845767079,-0.5947477602850777,-0.6960883201705489,0.8808586586235646,-0.9933592661365089,0.5976880574973844,-0.5278611799953197,1.2841074546912514,-1.1391783426535054,-1.3156699817153148,1.0322303796036478,0.5976511673835851,-0.7482222220356382,-0.07659540599784617,-0.48161241181035086,0.06753508268822572,-2.002103897593658,-0.018485893089008013,-1.237087947654702,2.6439784870573355,1.9105738765501306,-2.119635949760136,-0.22454380903138094,-0.1277790759154769,-0.7530292152376072,-0.1335309059769457,-0.632661965238582,1.4997166990607398,2.2399657504257866,-1.4006310344453956,0.8084632941165415,-0.7977299637683719,0.5826658623466211,1.9295192436445203,0.24732066972962044,0.5874653272030813,-0.5974382955568287,1.1989044039917607,-0.9294816922930699,0.5653782606153417,0.8745337736688389,-0.30186504415790344,1.5847746505612856,0.44224594465425626,0.35055946773350366,-0.23365719215349576,-0.21742359016498533,-0.5048881941815484,-0.9719239227817119,-0.1161808902807394,2.7862738051289124,0.2952400591888404,-0.9396472737026251,-0.35162576260824163,-0.5449426382161666,0.49468405954447275,0.45884468260768996,-0.13974635876422947,-1.6729720096831469,0.33154923332803277,-1.1122204831051392,-1.4731755737149677,1.1561067704519643,0.01176803259683154,0.9229063666437928,0.10799769309064716,-0.7661276225800739,0.4840963007291189,2.1985081527431065,-0.5422138162862742,-0.636186281503342;0.10533291375822113,0.24510101046575078,0.44714723930266764,-0.7861301248166053,1.2617422221701617,0.18733926607291324,0.5967754674136015,-1.5656698787543997,1.0832081419441426,-0.8891044212321386"
19,1.09231225516657,"0.11364023630026888,-1.528847550286235,-1.0504946645986046,-0.2210485734285563,2.1387504699422806,0.8971463945071301,0.6609349476750906,0.04536891020712425,0.6978728673939528,0.46881388590043094,-2.048305995268771,0.28977148695241833,-0.20512489259264582,1.0096815420678231,1.7409910492031402,0.7146006888525033,0.16394706419162736,-0.927776532888294,0.5298477879583924,1.2501782968804023,0.43618842939940927,-0.42478975885171066,-2.2291246701837597,0.7332738747227906,-1.5432757373267725,0.23735680782900823,1.4715086643333222,-0.17408571277255996,0.6932188149466,-0.6671849912517054,0.02353694181559289,-0.09388741439610987,2.1528762957548215,1.5662817543308516,1.2206329563377831,-1.2169400848216956,0.614102417175645,0.5029133024326066,0.08993913819705678,-0.9012747711750543,-0.39898591515157733,-1.2783637545720588,-0.25333635589702164,-0.41825722966284573,0.05678561070959716,-0.030410804119009913,0.11724675442770965,0.049689172772969484,-0.1821332325590039,0.5959045454366415,-1.8194841126089263,-0.38316744329335106,-0.15490825691149349,1.0280530389971225,-0.6627234614579245,1.3995287973737371,-0.9685421647461413,1.1772881128647856,0.7146898668050892,-1.4419880647381862,-0.11861954960033748,-0.5225474170386959,-1.1493305886961462,-0.4749158284178267,0.8769528388240052,1.5143064738735188,-0.6946438016156474,-0.6105227767790631,1.1162977318956484,1.1442860724597481,1.166354180953282,0.5937057247516296,-1.8716159161721158,1.7535033483741098,1.257966332488413,-0.8547667707281443,2.183406343365921,-0.019812722498749658,-0.3382607587621692,-0.49004211477450776,-0.203023653588711,-0.77721673134247,-0.16318962756445154,0.2829701862586126,-0.377223914562401,-0.04421991766340193,0.3592669087609779,1.4624479391377128,-1.1320897330376027,-1.9723547939439636,-1.427120253244242,0.03454216344004076,-0.5231468281045124,1.0862175124823599,-0.08700331606456943,-1.3481624654482296,-0.6467402235471476,0.1452289796895299,0.6016059273530544,-1.3428506544571208,-0.16165738073149372,-0.449195860732664,0.30597672718995056,0.6806369436114712,-1.408241594589601,1.081624595256466,-0.1530675623100564,0.9394548277888792,1.5340673806903309,0.8431935369078227,-0.2151321303973418,0.45303614515511714,0.6766908343654325,1.1035545256679373,-0.21912107056508456,0.5611538203237064,2.1025510549774133,-1.028631976799556,-1.3458391775554708,-1.3320401225990992,0.8654416462433894,-0.25822773240953945,-0.9602611536829624,0.650609459422517,0.5903971605283783,-0.2457721692922791,-0.5399526320154936,1.0070906267638486,-0.47118260926426553,0.5267089353956301,-0.07168696994002154,0.8010290520654558,0.9518748640752226,1.3060491625024666,0.8065871625093758,-1.2669586784673117,0.9952755971472704,-1.6227671418009593,0.3693279741117957,-0.21209343801400127,0.020934096109940292,0.26774407176179427,0.6941146450309651,-0.8277507781398544,-0.5596288830816811,0.5472078563292785,0.23287392143294636,-2.422546814192005,1.396330387351249,-1.4726645459974392,-1.271758712388558,0.4845763382337848,-0.43860617316654693,-0.36491449570544965,2.826939481530389,0.1276575045203136,1.1680091452816888,0.8445757680193249,-0.6999340229733785,0.398932823866577,0.6641494855659481,0.7448402905201367,-0.390693341683595,1.1573356188887347,0.3883495978774154,-0.4583865169331649,-1.537464104408008,-0.1913492335759537,-1.6823147838644017,0.8337247344052541,-1.7103787907018853,-1.2628574845943505,-0.13085807934934027,1.2964584079815764,-2.366293188975287,1.6009737454814745,0.09923738015238603,-2.414300885731475,-0.9894920132947942,0.4449225492452076,0.5588958522520536,1.6988500028395483,0.724759776238519,0.577394683264419,-0.6864263597767114,0.9169129138605531,2.0452759977788406,-1.515595504413598,0.5538885468237797,0.5343802604234965,-0.8743941542436307,-0.5811730333173097,0.8134142735016574,-0.4823923781461294,0.39192030069303346,-0.5104068578613191,-0.2665845204971595,-1.5209208289333342,-0.24585673731151103,0.5955782699275203,0.1844992349505914,1.1335282917099778,-1.2608122321135689,-0.6483213021469094,0.6595573787288003,0.7585457488728043,-0.0805274796410634,0.2773682604373493,-0.09000211059666333,0.4592772919437257,0.5953867081117539,0.161187043793785,-0.42278135305091413,-0.2358519694261517,-0.07664656138228908,-0.867884776809322,-1.2794303259064792,-2.6511438846794917,1.240133751183861,0.9397013583983539,-0.28098598800017005,0.9442863884781283,0.5821573980203915,1.2403607134947303,-0.20960321380832225,1.1546769101103045,-1.1005486504684436,2.644649720118156,0.7122421171561532,0.11499102328046348,-0.3817384480758337,0.2797792389148605,-1.0611883973804896,-0.6507339986676446,1.0511059414151054,0.8256822859478284,0.1269874434553236,0.19585696057079427,0.33437751566011864,-0.17785868013282097,-0.4286412038667498,-1.083875188162205,-0.5618695583654767,0.23140265332460533,-0.7180319158191056,-1.4627955090073836,1.1306367548927538,0.3502341782849766,-0.14967738694083643,-0.292701603677903,0.6497552549831642,1.1536376565376016,0.4875463529116992,0.8248220920085583,-1.1874971353780654,0.12973952092912294,1.4204670456672173,1.9174591196529467,1.4513909876691753,1.1428613620446995,0.7432208427484278,-1.2949961111138097,0.4344976235411755,-0.2718153409599222,-0.7469287331710854,-0.9113196617223113,-0.08560957162725957,1.7437831780690685,-2.2028920980749462,-0.28154084691047054,-0.07688658428834844,-1.614477000063269,-0.0299686558755623,0.3296084331268184,-1.0020711904464938,0.021686388528673065,-1.7365189928053864,-0.7863061400552903,-1.1232789092352449,-0.2554326389403085,-0.30333039637678216,-0.2766270593980702,0.39371354245726997,-1.0868538660644227,-0.004470279433404611,3.8045123863969597,0.30604874974245666,-1.2816096996511617,2.228770649678953,-1.0352447941548595,-0.5055822823714944,0.31800995791314635,0.06734211396219858,-0.2404187330029503,1.0489932270505602,0.9730408019308011,-0.16530608402362598,-1.1683552579350558,0.5985781060295277,-0.46129210141219945,1.3404851580561616,0.27298149926298315,0.13550286579923854,-1.6826393832083457,1.718574476747806,0.6996067146951199,0.09720879580464034,-0.13721071845086985,-0.4967679496120247,-0.7802187422099341,0.6464622725534591,0.7662184141396697,1.1569291039351841,0.6871382278203957,0.10263380373763173,2.042918211005415,0.878352988079858,-0.08385448346350804,-0.5530651151042256,0.1853187841480396,1.1559594316182598,1.5597177767541637,-0.5442830091597968,-1.62139205357071,-0.6911457526792718,0.6852939894801262,2.646142059790551,0.5340635172038399,-1.34027057456841,-0.12014058083401441,1.0295134736434088,-0.585752293250526,0.1535210306421404,-0.04676180444732436,-2.054860668119322,0.3300056240054229,-0.1281343834401788,0.21461023176412702,-0.35408937827067255,-0.6150945037076827,0.24260213207882025,0.32956290129288013,0.2538882087395461,0.6766868951004351,-0.24413989487190885,-0.5912949689371534,-0.011992555970997687,0.3310801145028809,-0.5383701038397964,-0.753220460726994,-0.061659090937027476,-1.1431626890136817,1.9638744710411231,-1.5280468533954537,-0.28061073277947574,0.43806669756373595,-0.8077120282047978,-1.9306691899761517,2.064057004522369,-0.9027719873284793,-0.9675316702260753,-1.435542747079221,1.6352788931402042,0.9424102077371372,1.1191170217629827,-0.01999451179901486,-1.111091799883992,1.2575397127259724,0.18058458976852942,-0.6710145907828551,-1.2715561799017279,0.23667725951120602,0.05499166918919082,1.6739940918228782,-0.9490836117658876,0.40746823566127705,-1.251182104813436,-2.3505700187906955,0.09857799798268209,1.5255239543801393,-0.16721223759781825,-1.2313543406387375,1.9383616468406615,1.4636820509112327,-0.11351851680835068,-0.7089822684095626,0.3441263723016151,1.4217769853029336,-0.9964148726043802,0.4780540807193845,-1.318990256623914,-0.8122569347980725,0.9638675994421866,-0.10925657748983529,0.4380306244811193,0.5908730314392361,0.6380613667812296,1.4228420155636354,2.245264612833935,-2.8188158645493693,-2.1433810924053,-0.5065130346633133,0.7985926413538241,-1.3261994210889225,-0.601666288353359,-0.8758862630481347,-1.8426954165708809,-1.0210525019793149,-1.0323250869372007,0.045855793612342405,-1.0816596804018481,-0.41641497302906705,0.2140424710346357,1.2934692723237036,0.9602173581241336,1.6895511698773567,2.361558214443155,1.2536336176591376,-1.900606124090557,-1.4267626407834628,0.2572681375017375,-0.4382877285620571,-0.1640423888929712,1.3250424889886614,-0.5841586682017759,-0.6739214979704307,0.12579837130417088,-0.4288877915394371,-1.4271389997677808,0.5455943874008319,-0.11438321186968145,-1.3701369435232458,0.15313927559951973,-0.840961230481599,0.1342991025225341,-0.3832991394385503,1.3388140240857762,0.5887995910871421,-1.9215436805279182,1.2193212632423902,0.1790940884348301,0.5887111538321232,-0.16800760166330847,0.4709852718121593,-2.3848918725771497,-0.23352446054956488,-1.7274458056315378,-0.5247056337391126,-1.139975689167562,1.8980527163125844,1.3397042517961693,0.10973764004295467,0.8612481349675953,0.2839035867799713,0.9303678844479142,0.5150084869723328,-0.049452169417594324,1.6227334705617702,1.1420459246268753,1.2011386338015708,0.6727481204276614,-0.38794442911222227,0.7228456904262062,-0.71375445671286,0.2060875346413352,-0.8131121998682623,0.456225790525223,-0.974679722410939,0.28588056308166626,0.8852775792441643,0.0338506987109482,-0.25579759200421004,-1.3177859678767607,-0.12297977596974641,0.7079298950323987,-0.08829097244109102,-0.2957781345195622,0.7436937938270947,1.0587295078025938,-1.7058879359375752,-1.3577862318390919,-1.578316677374316,0.19220210222632245,-0.20930963464401806,-1.7554975363444454,-0.8624641886237931,3.0088507547916667,0.6705328209815633,0.6494588881847007,-1.3222161193177464,0.11725333246718526,-1.9042053325728143,0.36792328233042926,-1.4035857434853733,2.435135498408159,-1.0162892150121619,-1.8139266948464532,1.078129703255597,1.3938662463912481,1.4459979800736904,0.355964709565224,1.7535834235743684,1.150692143014717,-1.3474548648501992,-1.1138712363089225,1.4487303881358604,0.024379845062334208,1.301342912895737,1.666086767060067,-0.3430481478169733,-0.17488118135926595,1.1268237178781628,-1.0130588632443862,-0.78168109928796,-1.411337880841553,1.4459143074433882,-0.6114262964686075,-0.0348504981090012,1.0470268306155028,-0.968922374079446,-0.6864916518623979,-0.9187951829539354,1.5316610833011117,-1.4741820604903897,-0.36181466809429513,0.36765419667304666,-0.9542935533636764,0.4793420615232818,0.40055785906457125,1.0970403151559371,0.7846593592329909,0.7490044547260787,0.6556760373186137,0.03769292497054995,-0.34547163927534047,1.6400262121173024,0.766651216406044,-2.053570010893778,-0.68494318532877,0.4344567818001569,-1.407849550029851,0.1488295214434154,-0.1366317916832524,0.4932543001246114,0.7766893603130496,-0.8417641855795507,0.25440685717217015,0.5140986701668462,-1.284990723868824,-0.702298024645167,-0.3284178664847574,0.1030928806860805,0.855215063952101,0.9415506133822753,-0.5538282997327147,0.7397181036587963,1.165497382819179,-1.4292454925288693,0.7252911108742202,-0.90799407588393,0.2191026824963165,-0.7838645261713478,-0.12553448965573272,0.9034192763314255,-1.6695144465582366,-0.5908485979863254,0.5050655618763059,0.3137239628370251,-1.526601390504185,-0.565696273645474,1.2652125504209968,0.0056105870625073676,0.3740047937583392,-0.2993425761138889,-0.2813380614941247,-0.13937743005482017,-1.4061137577855114,0.5297256984855568,0.1042030565703022,0.38672655084453805,0.7083577475426508,-0.8929928532051709,0.02693392758835167,0.48368096445957376,-0.44806208986207224,0.03158479940323615,0.2835443701567358,1.5427433392983951,1.0730654583122505,-0.5911713922806638,0.9103585506574907,-0.44737145599735184,-0.5110489346147995,0.5158855039155703,0.3154116490187241,0.18080497460515424,-1.7623391818193725,-0.8746976978884226,0.371176548210112,0.15869938766537223,0.05118496258078768,1.169599133606444,-1.0459205815150718,-0.06852105544294167,-1.5234272225632206,-0.3121118780623847,-0.5065640254393383,1.3719315771449727,-0.24262037916761814,1.3881244077950874,-1.6463672743528488,-0.28093833137676405,-0.2481641750370299,1.294596029731205,0.4983153499372126,0.7979475734602756,0.6958197240583547,0.8526288242064919,-1.4050511003448372,-0.22320732130369347,0.5213063690018328,2.5570507201873376,0.01758910422595135,-0.11346062127363063,0.18553390658448798,1.7349096444468524,0.02923517781678961,-0.5680416422131422,-0.4265695657108751,-0.8760333296411684,-0.6251401406877688,1.1883078447449156,0.15103146428386394,2.7536488225245033,-1.6221422174516673,-0.99555452681887,-1.8830592494201968,-0.6053178763719725,1.487814272075934,0.4657687351184633,1.508863307539332,-2.25894503291725,1.7794848475844172,-2.5418561060696123,0.1641832108224891,-0.5076706405437013,-0.7131609476323935,-0.8739974377249138,-0.06150142628700747,-0.7138008454992713,-0.2999059201916752,0.9721704082980823,0.42546730330451554,-1.6212543720131978,1.9912931453540228,-1.3816318926047426,-0.08691781147893633,-0.10340545325265214,0.003812572541793763,0.9305668292237358,1.3641366669111512,0.08869285246449925,-1.3706302056583013,-1.9953401883016375,-1.134125703121039,0.8928059691303597,1.416350443321213,-1.6743082511599616,2.395844649796387,2.3870892178940464,0.6829030434649127,-0.8187465733344272,0.6303290798461868,1.318820416368748,-0.3758538085664016,0.27423170997798596,0.8452415353438241,0.11084400399728198,0.5960536814855568,0.08926444500210073,1.3829612000402134,-0.5010373242177601,1.8722274891482933,1.024710603836764,-1.2588787742970038,1.5799439169185323,-0.19097355552967826,-0.11810672345245594,-0.01790021633783653,1.4312518598518085,-1.2113193177098416,-1.2086954947050357,0.46295245026728415,-0.16913573731529796,0.0557087171962492,-0.8978947615438593,0.27692100200134295,1.8966826567753716,0.12843040421189506,-0.08884200114365652,0.8030555533833013,-0.6583326292805889,1.3499422400472305,0.19733218758643753,0.2716871128206205,-0.10166562571180716,-0.6311884268993337,0.5934314096948975,-0.27393054012809803,0.2305933048987063,1.0205436562855694,0.018001298705167257,1.0851951603543453,0.17753441406681272,0.451652616728695,0.20055745479460624,0.05858169712821027,-0.21411409088291544,0.43008542202173433,-0.7320417990600843,0.15791742482861584,-0.8679818504962242,-0.4869563337844095,0.23615606766353203,0.4146031297235878,0.24788827165621166,-1.0629807603239843,-2.3625859125232,2.430968702080995,-0.7817603954542429,0.05357929406824581,1.2851438821052366,-1.3042854083211288,0.7429669350405994,-0.47910704489626976,-0.2059509285831068,-0.327543262887641,0.277619717482682,-0.7760223840245596,0.791778915525154,0.1222577332072737,0.19575147156839787,1.1050092632631552,0.5279890989108987,0.64712488794436,0.7337170640725974,1.9325150969548137,-1.4278124558631708,0.9485256731316947,-0.2674377908448749,0.7159075175527442,0.825899816708902,-0.22301077340336672,-0.15739437353027685,-0.6755486168262765,0.6838712421615945,-1.898040089583183,0.018115313551048975,-1.203763252358123,1.16927494226072,1.7072952574854694,-1.4352950142454364,-2.2255906403237353,-0.8041297621007023,-0.14035956177686515,2.0833752369230316,0.029740510177207483,-1.2265972122547013,-0.18999372993285502,-0.39548375262133706,-1.3061641350296067,-1.3912541883177947,0.18497346577508292,-0.2411521783458855,0.03636303012526057,-0.2533385181845983,0.9839461789042327,0.453058725845555,0.9299750365923207,1.3709687013149958,0.39579230120769604,-0.14150428919929575,-0.9385603496736885,1.1620251472521916,0.8425971452117829,-0.5193771959980282,-0.9633538771372224,0.7394238058275423,0.20100332873383728,-0.5716348676512331,-1.800249286505117,-0.69002321228098,0.4992078820648923,-0.09507544950241696,-0.998484802065661,-0.615392084805158,-0.9268558885629004,0.036430148552388075,-0.3468064563938632,0.47960505853067625,-0.5526284746465632,-0.23175289309404487,-0.7759713368580115,-1.2193363715412937,-0.7643974792381569,-0.1167805961569153,0.30952075008490765,-1.140417569044114,-0.01466739568360581,0.9314176509471846,0.21955947484010513,-1.6230598594119647,1.8778558862329824,-0.4571081595241918,0.3548216574007158,0.030875934556144846,-0.24473929833997185,0.4779995945020269,1.22466925500695,-0.45516294574416605,0.7757170108354613,-0.4506685514016997,-0.21752178382889475,-1.4819564282879036,1.9390624432686319,0.8888930049666905,0.10245475709325974,-1.5378326585027364,1.7025920170970346,-0.8484715413197593,-0.3743177342149836,-1.2253349253331605,-1.3455585554083773,-0.7970583035478181,-1.8996592674794959,-0.48247660053083247,0.3058094555740998,2.393749100447306,1.39485598541479,2.743316731881677,-0.07235046492168151,0.38841558328154613,-0.3007144824600721,2.0543054428859375,-0.4983639422186223,-1.3258135840178928,1.7667694876083382,-0.8646214912473662,-0.12277983546744413,1.3196680579501574,1.0120465532958887,-1.1871268994689759,-0.8232563481569293,-1.0938254738555038,0.19598890421517273,-0.4291618468260465,-0.518040359657614,0.0366599359393389,0.48428183716620404,-0.8304532752171352,1.1765975672147806,1.58111219208944,0.04167671530263491,-2.131197726834971,-1.2512114224602455,0.8085187691296541,0.150851822661334,-0.37233542469914455,0.8653944089334034,1.1083297108235712,0.18264200837427286,-0.8246420977067561,-0.20057899224257045,1.377472073192226,-0.3508965264326707,0.3528024500545003,1.422712486240887,0.7615885335610966,1.3491904069997631,0.797466829371107,1.3825848360916289,-1.1929515659444943,-0.957867338512011,1.00063106229448,2.0466378540783574,-0.3830516076205238,-1.506403041021867,-0.7111398655953669,-0.0403458894607289,-0.36253201796354473,-0.32023584471947764,0.8024351060473351,1.3625797011871301,-0.5158224768749681,0.39797556156045105,-0.22965702069740893,0.07220153199999893,1.3189138743641058,-1.6152528195459797,-1.597992480509229,0.16031061284684722,-2.033629585286757,-0.01596987268346145,1.572651138824125,0.6482189847448249,1.5738095813065305,0.2110315972205009,-1.5626106267160582,-1.9298502111078555,0.45512230943237647,-0.9815458980589453,-0.468553364873053,0.7488405306347271,-1.1748280281826942,-0.18878429913215705,-0.15805981476410413,0.18920290006799914,1.8670631136034075,1.312706693909343,-0.32198739949704025,-0.19066752288597902,2.1853686498440696,0.8029358186062064,1.2467030822710934,0.4640558625701277,0.2421367956535012,0.3689301939438873,2.828212213919976,1.7343060798396317,0.7159811693775355,0.7056683618415368,-0.28652231678855833,-0.709779289106363,0.2250608795776769,-0.6955626859190394,1.2436390140216786,0.23320955318238992,-0.2126655729263155,-0.3722004984147318,0.011958612626858225,-1.3173806425215975,-1.5522840443729942,1.390623954043365,-0.6330951278637136,0.24356313699839993,0.18171621682332875,-0.8703646860382304,-1.051961183904905,0.1036701894935659,-0.72819924516447,0.14773942935938503,-1.2311442462669622,0.4875774225040168,0.7857754142493412,0.16114630018599024,0.07406239819886942,-0.4567450230121154,-1.0034968132753346,0.9061003915737156,0.11672192351407912,0.8295839713784448,-1.8449230187177281,1.1572260331270527,1.273884881298989,-0.3469449578834918,0.1716431815896107,-0.7733398893867305,-1.407487363181155,-0.044258396310937476,1.3987162746515918,-0.2722381085257451,1.0004906742417083,1.7513563269028796,-0.17391566726118987,0.8162978670210042,0.6892082551608643,3.2584168689218043,0.27438545226766675,1.1155249716087534,1.6867990206894423,0.5914971180066161,0.0016594393383512207,-1.478897939305267,0.5848740906901514,-1.21490462360524,-1.3347381132925944,0.4130966343669311,-0.5077125638101773,1.3536903680940056,-1.4357360343928365,0.3234630849234652,-0.130390146955152,-0.155972032882826,-0.48152422937003975,0.2095225808871536,-0.09613079500935026,-1.3765756200618056,0.44721850775891014,1.4557854219702708,1.0874576004682903,-0.49514515981792917,0.4532747702146736,-0.23192397989175423,-0.250124557549516,0.46422971009826886,-1.2542046997224627,-0.7852708040569103,2.019966252272047,0.882189595378261,-1.5263132436068791,-0.8052062986061077,-0.463634800910053,0.8649536366115483,0.5014907656164846,0.12433028079435068,-0.6320178269884003,0.12876397745949808,0.4626137926482616,0.43098042372328166,-0.6621560718249762,0.7396285594141617,1.1969631564084446,-0.5890948619865294,0.9993701251081261,-0.8667748558565556,-0.8123068717657547,-0.07414152796560158,-1.0573476845000909,-1.6049033026229462,-0.19327809660183473,1.3454077902029806,1.3318315964530558,0.527568968986126,0.019499518848494858,-0.6027919781923555,-0.6568323115503374,0.2422353419000372,-0.835991261519346,-0.5425855783482677,0.21628354554337106,0.16251032617058467,-0.014834708108524622,1.0375268561866888,-1.4769094079584826,-0.5020234447226886,0.3981468730672643,-1.0926599156065733,0.4332007118684973,-0.48298509231153863,-1.2491631143231186,-0.7182378871672643,1.0531863669205648,0.16745481877538712,0.8887480033033196,0.7136926764528935,-1.2156605478946223,-1.1328410261674646,-0.5089981917699277,1.1438352870712392,0.3556590090185048,-0.18108485066954344,0.5356235337786613,-0.540182425214696,0.14088249837756964,0.2802309978079647,-0.3990790162894162,0.9908061614431634,-0.4299879578095153,0.3200832686784317,0.3058024156981379,2.1234463962977514,0.34868798314526506,0.6270949760944162,2.0722156560119576,-0.8840472113825983,0.583288972165621,-1.4081890233594887,-0.7834193108625427,0.9039420876069568,-0.18374584424162635,2.3297175016781386,-0.027202365337927553,-0.8957413096963686,0.3973211855220051,-0.39070729766860296,-2.7547142713139103,-0.47357993986820435,-0.5916943306943558,-0.10313102725021239,0.8023393491112041,0.3950594238836845,0.6769408886418651,0.5224293302777678,1.1748700261555398,-0.004010627570746279,-0.9078450804250496,1.0336275545559588,-0.029233309977971023,1.2216219780131587,0.540862001329452,-1.4846071640442309,-0.25441622922594875,0.1647003898241622,-0.6573507045101256,1.4922183624199035,0.33829290682238305,-0.9635531561939887,-0.32757931057831235,-0.5790775661050583,-0.9583077130480607,0.15247682809474059,-1.138749150822794,-0.8767321199448971,-1.2645517178315966,0.07927671108132728,-0.042832864337796234,0.028287633472774073,-1.541072842550501,-0.20522849556235626,-1.9698478290073318,-1.4735546920476705,-0.3359087421240379,0.4416480960649136,-0.7622006111110718,-0.08141066472505676,1.778114741073493,1.5330878600876816,-0.6360542843280279,0.5319517370840986,-0.8720225323609365,-1.4669879407550488,1.1948577583698339,-1.511344036279468,-1.6293752280103198,-0.18048896530333886,-0.19869250557986246,-0.44985185434559194,-1.2723532069063523,1.415265041717615,-2.533063485576315,-0.9762468116866286,1.1593207293929784,-0.04554259925127102,-1.0312038228279559,-0.4382680736237544,-0.8729981211759781,0.896586049744658,-1.6028451717986412,-1.1286684418766575,-0.8141708499643833,-1.4471584345808834,1.1939842879504488;-0.08849336039342112,1.592955588813687,0.25846412321839163,-0.4231000934477632,-1.4777176199395532,-1.1105072044667,0.4861114137776482,2.023668318931767,-0.4813254529976837,-0.6274911621576393,0.25760826345617266,-0.26882480597989844,1.190835875191259,-0.6127944248257481,1.1403365081420278,0.06015777252431219;1.063973782477189,-0.7696994847937693,-0.01993201791073057,-1.941204057229052,-0.2821121916433388,0.26121769809951945,0.5188402633687603,0.15964151766176946,-0.6679983908033544,-1.8321999497436834,0.20621188455273615,0.570579619617633,0.9282857128279439,0.11245835436026419,0.1993607703006239,-0.7239573172702995,1.2082631598949767,1.7235975423365004,0.5661300220008469,-0.7640569176188942,-1.3952223457024102,-0.6224394404581309,-0.7432312167502729,0.3334559482567113,-2.5646771839010447,0.21326822071986395,-0.503005901546655,-0.2894629441638105,0.615131429531365,0.24396146272099484,-1.343947716105392,-0.9864743229053115,0.5877886128052578,0.5266071466233486,-0.23858018615952292,1.0654957062247954,1.255228136561015,1.214156352684283,0.9021388581066035,-1.3802495506316101,-1.003702010541712,0.4516051656489205,0.4382608508808277,0.507449987780999,0.1861596752092881,1.094616591733917,-1.3291291063297515,-0.1558445258438274,-0.5256779122717157,1.644736003865951,0.21341790256297402,0.2044803469727552,-0.08164529887146663,-0.4040023754719816,2.2517109711589818,0.9786898358576819,0.68168912168694,0.8945938641413573,-0.4510416392460015,0.538146199902287,1.797705212970317,0.7185143778225994,-0.7984591483423022,0.5420572167576532,0.9211888200670809,0.7092155800294726,0.4930341887729719,0.9558266336298802,1.6742979292753166,1.9199685468851877,0.022355688761044323,0.4012436628880677,-0.9711641682766793,-0.8155138523250842,-0.9104011617922945,0.16637810827199773,-0.6479579816474985,0.5314506023548438,-0.9150801943220187,-1.3352621576534076,-2.8704795625317456,-0.5790320099589867,0.6216714021293903,0.576574683929166,0.38512583142992807,-0.37276854282162275,-0.5168709877854878,0.4603935445719544,-0.3567391262239799,-0.9918514734050431,-1.4676461399591803,-0.9063881636052457,1.0744067125227088,-1.0284888721661063,1.4620536201624634,-0.5162801073532812,1.4395029789152853,-0.6027778150427419,-1.3057058781652946,0.5019844003908374,0.740526254850397,-0.64833106174731,0.7085658710526285,-0.12925414775939315,0.024744175289098516,-1.7707588050118057,0.05450092538418321,-0.9661557937958072,2.6296524025142736,1.3980851680323947,-1.9230190434475563,-0.5448865437656694,-0.0456423287786088,-0.5842676440985997,-0.31947254105896544,-0.27295172403903595,1.0493751179568447,2.328590041912049,-0.845516089838844,1.038645151931872,-0.9421301662604277,0.41018905177077225,2.3140885382728755,0.3199669713739325,0.19390314247363644,0.002000246781359502,1.1836554600453302,-0.17940879907133245,0.48661332025171655,0.7197834499524963,-0.3524972999009047,1.027585446865164,0.6353045734347317,1.0693841317774677,0.08471998239728441,-0.3490482719989698,-0.5505138418165446,-0.7470104392854348,-0.3405217967056895,2.3984383716618605,0.3552808466828633,-1.5678801750309916,-0.5825372229272787,-0.3705416289659388,0.9565873196647393,0.9055335422987183,0.060532164657007684,-1.551034412459973,0.1501314044579084,-1.0641704453348417,-1.3268673205281256,0.9758113994953842,-0.4288344147001859,0.5699882409748648,0.3110225029334283,-0.6728466321976021,0.4550019294713856,1.5086770625597672,-0.46806550170736283,-0.844132500841395;-0.2145327004391156,-0.9094153854893672,0.4485257930517555,-1.0314537098309458,1.5894672678820445,0.6015420319703826,0.9990032554688058,-2.1028401558342393,0.5215106042899489,-0.6594687266494998"
20,1.0621963295122343,"0.057438308734314256,-1.262104198373935,-1.2260574979248895,-0.3764785231792947,2.019049126508009,1.113852650620985,0.7574975044053881,-0.07029032291711404,0.6601696817504475,0.731242022261355,-1.9885204188125525,0.12981058669678863,-0.27225764660654334,0.9825547555334233,1.6809848648886063,0.6604153864992544,-0.192304164416158,-1.1712299244655482,0.42006633730636533,0.9071673161154632,0.34832004995292254,-0.9617700404522196,-2.315207116185291,0.9771892702296555,-1.4421999426722758,0.5414531749047666,1.361552753889073,-0.10174868080794758,0.7205016772629393,-0.7700784184689772,0.17682035186067668,0.1395752184260999,1.9155074547179627,1.769086446818123,1.1565969947843189,-1.2409763006728687,0.568560653867349,0.3473431995477043,-0.1265582513067666,-0.9291721745708541,-0.5485927140366835,-0.8203448235798437,0.19428428013671542,-0.23884842147263266,-0.2675318085815281,-0.35612947968794967,0.13669965305116027,0.028862332824902914,0.07174490640139466,0.505438816624697,-1.5412903854590931,-0.3260271404822973,0.0809005083036996,1.2026858392326618,-0.6226338316280775,1.7241348976030824,-1.2087130896783254,0.9708897347424899,0.865830092720451,-1.6218177020850613,-0.10088755089261862,-0.5748389727667969,-1.2265089399707936,-0.13097863962043016,1.0441013590722747,1.4077518265111268,-0.8240116651032708,-0.8299869942205089,1.0253287457749933,1.5106356384673634,1.2013235717864603,0.7566159982349717,-1.9811992707271087,1.7711539682471233,1.3736294696975369,-0.9507021942245435,2.180396972215414,0.49403374772953623,-0.5688865975832365,-0.4552578912070046,-0.35582119788589484,-0.743828016771983,-0.2977667956007506,0.11330412417346472,-0.3434318262055096,0.08335200656503379,0.5458287481188697,1.6552718070187677,-1.0811884184767322,-1.9048360313212538,-1.4815164145847806,-0.09286001872760727,-0.5672910021803794,1.1374819593461503,0.05083033583531492,-1.272622834047896,-0.43908800114332003,0.36304873154471606,0.32206078881104616,-1.0096216783083438,-0.05392715254617936,-0.39515511109292156,0.33141662598454785,0.44547312591799587,-1.3417380024150796,0.7570633233135228,0.08218853136838437,0.903151421853314,1.4526933137353837,0.7645838476863421,-0.16124449224776166,0.44640130504553777,0.9221062082424152,0.8710673291922747,-0.37066494726018245,0.41554469533387284,2.4219567565628,-1.0753446309348889,-1.3896269757802178,-1.4158245992836826,0.9186979429698087,-0.22447571798794536,-0.8667962436558234,0.8227667088133667,0.7164887159895076,-0.48981114636407785,-0.5434896736723143,0.6588029544944352,-0.24905294354944238,0.6371923569349036,-0.02991117691108773,0.5927607065902278,1.0116668542130771,1.5426167783941662,0.8770591628652259,-1.1421811139434652,0.6705325675183438,-1.7329919315704854,0.16882595000931772,-0.28475719126782595,-0.35290650305945315,0.48503799864931285,0.7526460371553187,-0.6753294536301976,-0.8751994159307672,0.4563815651610049,-0.4620008780044575,-2.172071155000386,1.4722977965119892,-1.5836653231970064,-1.5436647978560363,0.49244011121375725,-0.23628436971950378,0.06317231898231881,2.6718292957941743,0.03170184764197819,0.9180962499279669,1.0229956211617213,-1.1727427822389063,0.47842954509674496,0.9120939684325218,0.9377093518901956,-0.2706991140310791,1.0583189742158523,0.6914687792163056,-0.2670530097519604,-1.5807068646134934,-0.07355542089405027,-1.6684047423349182,0.7350225010694801,-1.5890463347746413,-1.1220133150523663,0.3487793895713522,1.140995038701538,-2.309948784083657,1.6661348634572297,0.37464241962519174,-2.3763028634103507,-0.8190059226670996,0.46771508146182245,0.6570020872944471,1.7377877806429676,0.8527789893353372,0.6295454368713795,-0.5987582940109868,0.4769148773238577,1.9779052713696461,-1.6806154484543323,0.8011297957184383,0.6111670395801211,-0.4166730598767052,-0.6227487362917166,0.669621337150595,-0.3390345674927221,0.045131398114537244,-0.6659276594290612,-0.41414116870114404,-1.384314032129495,-0.22639006552231264,0.6431492843338338,0.344684611799477,1.0860872206577925,-1.3275925390035712,-1.0409547191851245,0.40406800720836655,1.1124689170595092,-0.05663162890936309,0.22536678538437552,-0.22392618325506636,0.42570159795065105,0.3111537805278725,0.25530696859521773,-0.33546222266009923,-0.2904171989515947,-0.24333826887633958,-1.0977746232419539,-1.3859150995114136,-2.579683132620057,1.4033064082283264,0.9217642574909382,-0.2584515260349473,0.9826527194636997,0.6641714544102316,1.148392014024662,-0.6106457308717576,0.9645716906218414,-0.9334174882734815,2.26606329169427,0.34487151361932944,0.38098784378670025,-0.671175597733312,0.3093317771433392,-1.0919717851851758,-0.46459734136899583,1.2145873465053423,0.9405962216943267,-0.01192788499258815,0.38678865099296433,0.3819253260366349,-0.2505041600339408,-0.48353136105084094,-1.1185167239195861,-0.44871815081417465,0.20320109496001731,-0.6535007801384908,-1.562868946355379,1.3757200623130261,0.3411682328211507,0.003885433116434134,-0.4629245101362372,0.10193457757073397,1.5124305268843217,0.20348840759026138,0.9212955342702088,-1.026959071434778,0.1260028989143374,1.4457286223860202,2.0180815263862706,1.6827382484774054,0.772947939292912,0.7189673644936051,-1.225696337139521,0.05391744079415264,-0.07531588024515128,-1.04302485380925,-0.7890592165271213,-0.054008378595872014,1.5935864096881576,-2.2261006360169766,-0.42674190460023276,-0.2585530268453151,-1.585445452829605,-0.1947129365474517,0.420614009660784,-0.6574091780438954,-0.004336294837793152,-1.6164447724087547,-1.000972423292367,-1.237560757825456,-0.5581620973809699,-0.5262612611478844,-0.2842723999209333,0.5783215487716549,-1.2657849026123558,-0.4640899068190448,3.8886745836171857,0.6835029931420522,-1.5334754017206533,2.1776375745939553,-1.1655120511117154,-0.4830948193702286,0.05111317327460663,-0.15741308265342074,-0.07328995408202904,0.8099363310375719,1.0295689938307166,-0.09312930811487817,-1.1919510531060171,0.43500282634037746,-0.47416538641771044,1.6415365049164194,0.5275158487774477,0.36311894463632743,-1.7154166545335554,1.4577402643644797,0.7889580831561621,-0.1352035657797519,0.018573708455725896,-0.30498289458483513,-0.9179725705803894,0.7712192581208376,0.9509116303021162,1.1642003534089185,0.9129005108034874,0.17382179992940755,2.0630623848870955,0.637961713858476,-0.3858180127082618,-0.30582461253163945,-0.005872651954336533,0.8422364947302677,1.6770789298701014,-0.5105236826125197,-1.7957433819679518,-0.8467922322281125,0.23521843858755398,2.7223855804394494,0.36958605195785665,-1.81229071015238,0.24645600325452038,1.1307996008798553,-0.40565864590242445,0.2793140280801603,-0.2062268342835874,-2.827781397003213,0.38833105061021367,-0.29374122935505104,-0.09535023091987672,-0.005367618256377382,-0.7369408958101933,0.3484339227421863,0.5725549247782545,0.3073080112874237,0.5166675414419639,-0.1579988396237959,-0.7517307600637874,-0.03229870991682146,0.5153662516754453,-0.4497845296258085,-0.7407739673371937,-0.1415724943940071,-1.3365675452765742,1.940543336889128,-1.6384561927692411,-0.033928320888404286,0.48953150876229745,-0.8882138434903206,-1.866222594189802,2.1466487613862024,-1.170628308992618,-0.7573481295493918,-1.5282734772386597,1.4349665099679216,0.9255464072218083,0.8966949119482899,-0.19931328558555209,-1.107830994720771,0.9138148014148959,0.2943189985946032,-0.852289403597852,-1.4848095402895392,0.3348667924867106,-0.12959299556873644,1.4949787380935822,-0.7101499725919044,0.643924806571862,-1.0585520559417416,-2.435580947704095,0.41088474308187173,1.2536468946608519,-0.03267908966973046,-1.3428373965048677,2.1347805875067336,1.3291336855024731,0.07106811193505418,-0.7873447072205548,0.21451216003044893,1.0464628637422926,-0.8671010850693037,0.44852208137261124,-1.5870861316872347,-0.9428175340251315,1.0995843570818593,0.22278185241759452,0.18712912032909435,0.5746243471005301,0.566065210703904,1.245114071108641,2.121279197302215,-2.6973834802574537,-2.0038198075146028,-0.7824133716441953,0.7616212049130974,-0.9071011599929306,-0.5901686122651554,-0.7741760819595411,-1.8040709564079735,-1.0334503038842475,-1.0025393426273217,0.21674675404531896,-1.0506644456029308,-0.34780037345729975,0.3393824266715187,1.4521298776415181,0.9327890578118371,1.697532869870289,2.3780716479103843,1.2738268442016074,-1.9259504620425163,-1.4434239913963178,0.5690060512799255,-0.6384687575451293,-0.24776373998292722,1.124168659383527,-0.43769119956963287,-0.6913820961631167,0.008575611461307156,-0.6166568428837974,-1.4438665153455925,0.7064117097456963,-0.2737566776378232,-1.430124720019346,0.3243859761258935,-0.8684097190048288,-0.29111732731785067,-0.22497795166384044,1.3839758906202848,0.6321181258344143,-1.8582112718354804,1.0839919509602338,-0.037661780281181695,0.9597539212015277,0.14120803391155648,0.11979265237182359,-2.207127551424183,0.013000249012754546,-1.820890026360218,-0.5430769091707037,-1.1157899797424093,1.7431995976799513,1.0139087972464487,0.1285062162258607,0.9467067248434875,0.6443072488909337,1.3120550166387306,0.2619719809109283,0.18271152793157863,1.4439922432774561,1.143572263056753,1.2642696086637355,0.6543450447251422,-0.40510922635892577,0.4794036830197795,-0.709009190535943,0.3767265004294964,-0.6447189277235995,0.6281475327809803,-1.033654003994387,0.32558578669827565,0.6127245994540298,0.030009785589078394,0.05992891520920224,-1.1041467019701792,-0.03414583641696288,0.6961337513863731,-0.17786334865849682,-0.14435683337958166,1.251267067873282,1.1028476857016747,-1.4133638124475765,-1.2103456573675726,-1.5034849356258218,-0.1184355485638502,-0.030164149872690345,-1.8020879286472957,-0.6693856026113977,2.7982950225962373,0.3609481821187491,0.9116535391518983,-1.3780009040347718,-0.05789690239097666,-2.166024515200013,0.40617041145393795,-1.5367204284099296,2.6042803601945717,-1.2620288293410566,-1.746731634998059,0.9631934573658126,1.1188129977298624,1.4035807285473965,0.2582327749665091,1.991896859581081,1.1198778059543641,-1.1018111230316905,-1.0183244637908642,1.656318453500828,0.22059537087592962,0.9483877584060612,1.4874415999251476,-0.27933420768204564,-0.3108250643538201,1.1617099750493858,-0.968354751849018,-0.29168809531007295,-1.3889764672903242,1.3862634459060346,-0.6633646259614626,0.1251150793530063,1.2897823971856865,-0.5699865702931934,-0.5356359647190219,-0.6431223876340258,1.352899883222282,-1.4366459365658688,-0.6175318053882863,0.4263855132424117,-0.9543556088349946,0.454689254231977,0.7435794383895474,1.0790816381410986,0.7672782204233006,0.6643304160317727,0.7613193402149203,0.29592769879523345,-0.3479773512396129,1.6315944876932444,1.009900971670213,-2.072278146979248,-0.8529070003819501,0.2818485317723902,-1.3294304771458005,0.2462523715305995,0.3060650748396615,0.20789816762692245,0.8837594551683483,-0.8580875155244843,-0.11338804975876604,0.8931795194306366,-1.3295951494254712,-0.6788817501400226,-0.29649389867180825,0.42495462764170594,0.7843700625914412,0.8183653702967904,-0.5186309143951537,1.0367861161901484,1.1117492563828277,-1.2329267856599155,0.4601966215921867,-0.9047946833316518,0.0313807994891717,-0.8792974776072607,0.11544936620167193,1.2279757927198647,-1.410673625026872,-0.5592469039080313,0.21832800219501944,0.7288667830578781,-1.7172691145921164,-0.7243766284728699,1.1379141239843322,-0.019014961429280816,0.1768325882584118,-0.6524872895880502,-0.5702759649538741,-0.06928287081611495,-1.3488958032612972,0.1779167264766193,-0.17638890450502887,0.3211272910781037,0.8143395488952658,-0.6812293389899438,-0.16952011388671123,0.507172193478416,-0.35230464458301103,-0.024185327662830974,0.35285047231955113,1.5144515557078335,0.8972072280586427,-0.3793935793718827,0.9199618178735326,-0.48461499821068843,-0.5255624910814065,0.7257597178189936,0.2833700009339266,0.6766358894214644,-1.6963750137377245,-1.3001880224405498,0.18252360672830856,0.40910407659508335,-0.3284599302541641,1.234782931288473,-1.0744537816723496,-0.1273606859987314,-1.4717342131167475,-0.628317513325371,-0.6431634231737922,1.4741271131028646,-0.08172426367449284,1.7703656032817134,-1.6361671683825163,-0.029122043740906833,-0.3134711053181555,1.2158802392779922,0.5634585823700602,0.529579307093958,0.8044793734939781,0.5889014991876823,-1.3522713230540955,-0.3825542368675999,0.1273054909538524,2.535119861597502,-0.32757477574136307,-0.009910344251431336,0.1590217273425426,1.573201453689612,-0.2966573536349796,-0.5360538111053349,-0.09163728308814828,-0.8729447542847453,-0.43003722182259074,1.0723464660774056,0.04405117560115439,2.8082924027822815,-1.6400220197980122,-0.9506009450668589,-2.08410922859968,-0.5062036301988182,1.4409126189565336,0.4557249189862647,1.4038080530299841,-2.40731591200946,2.1309076596718888,-2.6470361165531515,-0.12629264313161656,-0.643526191073115,-0.660151909571461,-0.8573248347631025,0.04101618902132968,-0.707302596111614,-0.32097879584670685,1.093521415502311,-0.12714067203687024,-1.753657220233158,1.7421234483638308,-1.3127258356385823,0.014513535229247657,-0.10056816374955432,0.47960265565272997,0.749834737336023,1.2104290147820567,0.46233676978725535,-1.2005672556466473,-1.877051056039849,-0.9370894864341089,0.8728873816388001,1.279789221198213,-1.5997833065839902,2.3582019113752524,2.353595458471556,0.8972650252843385,-0.9259012246962289,0.4560458669098483,1.6212230660809195,-0.1484974353928374,0.09063115277148316,0.9548653468279855,0.2158849200977475,0.4978543577840664,-0.45052597335279904,1.3011635177757461,-0.34355020944469183,1.9124678917363291,0.7310332146247887,-1.182914803359195,1.6050790661536753,-0.3374834262637928,-0.10714528585688961,0.12797890806424114,1.288140214251002,-1.009961967843462,-1.2880717156425454,0.5793167959770239,0.044483889477754404,-0.12598632814467117,-0.9639216842629629,-0.1389766951947745,1.9147387900825972,0.25900155739201436,-0.1236732636070141,0.5882521399635565,-0.8821649097957556,0.9438203521207078,0.2628710630911946,0.14596893196805955,0.12712621185448097,-0.5457337793871261,0.8645276535952973,-0.11950410770157709,0.2383751074380631,0.79570707512219,0.3331762350214303,0.8810162264857908,0.2674854269685321,0.35399970482403964,0.621891872516208,0.3785066660274132,-0.46836173609694265,0.4914969775497252,-1.0098568995952064,0.18078364995962767,-0.6612526205273292,-0.3760878841759697,0.2331539777994764,0.2612602708754982,0.09484778687662007,-0.9294773589407601,-2.2247021638425593,2.4856226759066224,-0.8789546735802345,0.45334610370505757,1.3599082671084124,-1.2029870676600962,0.5215397512441301,-0.3908296864374243,-0.204830145085309,-0.3015327723937602,0.5069837418039455,-1.074128053194902,0.6810533703619844,0.2472770692927827,0.05094599574726766,1.0420756689032398,0.5598855551883593,0.4880946618322821,0.5273904263089689,2.03749391535172,-1.353779462646523,0.9854939385342572,-0.29801421923972565,0.7634622205680326,0.8111278021114285,-0.004548700048635945,-0.06859226237243189,-0.9510572677697766,0.4235070646024972,-1.833734556245639,-0.07086976885448068,-0.9323556447732204,1.1321459710166382,1.5284122893620227,-1.5578826244001047,-2.837799756331732,-0.7185060725950563,0.18234947529111864,2.171301327447605,-0.10688525782828077,-1.507194672406066,0.16397346780982316,-0.5759957454313114,-1.0435323146821578,-1.2161683281756133,0.5516512415417474,0.06215540937678138,0.3714019984314556,-0.31622365013833753,0.8704152170863961,0.18252193692146024,0.6991822223407992,1.2505011396823331,0.22300147356967515,-0.22039952630063056,-0.9359323739292854,1.0549130386805408,0.5770701728792191,-0.50085799245131,-0.8852393052910287,0.9662808354617517,0.5044968689457758,-0.49242664789451795,-1.5644982058784551,-0.7227342314186044,0.6159900538340022,-0.2032342469133265,-1.0573605102668773,-0.4114521929517382,-1.042308566769356,0.1675643926737967,-0.03216330667106296,0.4522128316120295,-0.6281315872848383,-0.2052168134737607,-0.5077088672492472,-1.1238528978888098,-1.0490967395991944,-0.16973088985961743,0.5879150186723067,-1.2838173864627411,0.025000966897652098,1.0676108395635193,0.3305823900828716,-1.3853113614499404,2.0409145280212466,-0.6878726770874745,0.6942347332980254,0.07819377150410001,-0.07446235325222902,0.5460950098790913,1.2625193737170675,-0.011377940434520593,1.052985812324918,-1.0646500708666247,0.05183120046318691,-1.5593482972095254,1.6160753588377812,1.4578641324375847,0.442357103929645,-1.7260998553981033,1.6051644158393545,-0.6764041954870801,-0.5266475732557426,-1.5143835120526947,-1.1894990525292157,-0.9918871910223142,-1.9772531433316884,-0.5744721061132361,0.15501796263563533,2.261784689881723,1.3977148686793428,2.7511376283655453,0.027844284893951743,0.6078294202212514,-0.2976224491475218,2.0339663933288885,-0.491451520327886,-1.0955055893169119,1.404188050615473,-0.9498950486823275,0.06359872969709857,1.475436759129938,1.0021922984999168,-0.950818526631615,-0.5393855839403685,-1.4264998275234597,0.13975169041621113,-0.4002097987911981,-0.6538848559024112,0.24163362022034063,0.671815753477122,-0.8652667186523963,1.3360909125277178,1.319316194647267,0.05140320751114218,-2.362956699851228,-1.0411163028297667,0.9367259997091799,-0.07336110361728884,-0.2692228833077712,0.5521037500069684,1.045372656919786,0.28895549599671533,-0.8465829843894497,-0.09760266885351981,1.072095097424449,-0.49637018718470016,0.48382620522782127,1.067924168963428,0.5571874270454719,1.2503026793579477,0.5163414902856228,1.2604602112407717,-1.2694533475112348,-1.242214245055704,1.1038690533954878,2.231614537288363,-0.23373005234869826,-1.4632499341961551,-0.7721053906410655,-0.1775113308031513,-0.46636275180078396,-0.304218251081105,0.7798555853959341,1.4644855744870786,-0.4676097129918669,0.5592205562946005,-0.3434962090901388,-0.022582963989533772,1.440312891213109,-1.5251770017490736,-1.9172885767541383,0.24115341015699937,-1.8978556960490318,-0.1282669065795163,1.5275063377975582,0.8130071408037428,1.3659770307395622,0.306815110969926,-1.5857216123051956,-1.8616823265794185,0.6642135261160325,-0.7169681073947608,-0.9719998830675741,0.6525557658612987,-0.973193834128159,-0.5353950542642103,-0.6556657157567282,-0.022462116736202728,2.4651863759645107,1.6291473906830625,-0.3445499232891836,-0.24749974657008644,2.071871320821097,0.8966886132408676,1.3090269265715284,0.4716198376264801,0.27794569382008283,0.2541784385028645,2.64054026588618,2.0314707376335863,0.6814846822193016,0.8152130793926927,-0.35907326013583074,-0.5871631047042509,0.29134054439094625,-0.8709139526857402,1.2216410076674051,0.3239525266127655,0.041550589267167926,-0.5124836680264974,-0.06898842363233136,-1.3285242042590377,-1.469083800942247,1.5267523692797247,-0.603795107359761,0.21853591040343112,-0.05238608691607888,-0.9905095913294419,-0.9836177877809691,0.22261188865445414,-0.8163428270426981,0.0020413827479089115,-1.39898578032052,0.26994848027672874,0.8451572819153514,-0.007356352398551785,0.21226542060702228,-0.46863491655224,-0.9932790762590632,1.1619407611654544,0.2672510216936494,0.5258719026361104,-1.7681151501889827,1.184002218924122,1.4422902480189723,-0.3892949479662258,-0.2294274440485714,-0.6066009984965195,-1.4460548019069834,-0.10464222626130686,1.3012557303358685,-0.32403676346352284,0.8368377348068796,1.7142693372843878,0.0018128556608828367,0.9557676714492046,0.730715643196659,3.3575905182752095,0.25642925088011503,0.9636812736185227,1.472137949011624,0.70713669606764,0.03029319488411375,-1.3554006545712567,0.5952688330126497,-0.9994818320002176,-1.5185416436183259,0.6504916659493917,-0.17541539444377074,1.1411408234075382,-1.4717865390411708,0.35532963337131934,0.13523651075505672,-0.3415223104232542,-0.42966405376279015,0.403544072857359,-0.4512299247963439,-1.0766672150517187,0.3069771294704065,1.4376860570189174,1.361956270773394,-0.5937684059100979,0.25918414232611,0.026040967417683837,-0.636171857151271,0.4702625794413888,-1.0599607656136216,-0.8082034557728119,1.9400836317799621,0.8321701268938483,-1.5363708054078669,-0.8961933022527627,-0.38844689678942457,0.606070821602583,0.4305332540779328,0.04975653385520211,-0.5609707287775443,0.298681000712534,0.3141904896476172,0.3633633610527847,-1.1054139293846856,0.4009871974394455,0.9828832373215451,-0.8030341018508957,0.7569230841142501,-0.9143915786411945,-0.9332941915404257,0.0007367760126315284,-0.8568264230360173,-1.8348509306909204,0.1273444443281016,1.6816171935284792,1.1638121509914718,0.46180252730980853,0.2671632211589858,-0.4763859855488257,-0.721294953732996,0.10269820447061609,-0.863712177876655,-0.228264193765559,0.024066945298429395,0.09355306106320603,0.3391909481145361,0.9598816481244854,-1.4002729392949047,-0.45856774342477125,0.383262150625193,-1.2583778878431293,0.05160507072829342,-0.3251716034132527,-1.3575210786986278,-0.6426849514832876,0.9622108150411037,-0.2416392145367504,0.6682455621210234,0.9025608598152836,-1.2077131509216752,-1.344721517761114,-0.6298267594104825,1.4286032087652782,0.03815393803716927,-0.2004938764845447,0.5568431730524781,-0.5708576833153947,0.09283010870737868,0.04181886753173247,-0.3571612332956559,0.7290366689133047,-0.38046224120525374,0.11142143260853954,0.13011703460716045,1.8702798246001449,0.42405018354027624,0.6009342392556708,1.8613802523054959,-0.8243666199386721,0.6550286352430679,-1.3968009075415213,-0.7503568684037067,0.7534139535377941,-0.4575969301409115,2.4305957075020688,0.1331764329884136,-0.5903561581380444,0.41018887975711193,-0.38255851877629393,-2.731756062975997,-0.5311173979608014,-0.8444436718578996,-0.23958551535549316,0.876450560504514,0.35315715104395673,0.9987647821061346,0.4223007110807433,0.8325645333124961,-0.10886031576482252,-0.7929770189220304,0.9715066587746048,0.37597482256143866,1.0801400129811989,0.36744774053234525,-1.3845948625518643,-0.25287424684711596,0.4496837123417947,-0.6492751486333678,1.4178285328751168,0.2211839164343193,-0.9336265198049993,-0.21520966427355245,-0.5952970442762666,-0.8161804685875398,0.19395651913244988,-1.1733846652071058,-0.8957596281342599,-1.1186531226221978,0.22119226454517874,-0.017291298050826437,0.3780228085056885,-1.5812472862559206,-0.09766003454164471,-2.080771066244109,-1.3712071553855956,-0.47299179565164284,0.007438209326459555,-0.6866546002128979,-0.40490945631010605,1.4932206785031532,1.54071966607889,-0.4564297881898738,0.49173998465857527,-0.6868010842459512,-1.3939698540790946,0.9748342516156547,-1.7616845244956498,-1.6514326200158125,-0.4745371888696943,-0.3184325278181057,-0.7088010349398641,-0.9170565940517885,1.1936193895762268,-2.467943695063842,-0.801123445397609,1.3313694960483038,0.05764691921785843,-1.002595806033994,-0.33430443151522365,-0.9949438522732958,0.7625111852733487,-1.5943182623700367,-1.1209338683316477,-0.9967656343486342,-1.4056828113574258,1.0670099948376222;-0.019112321553950276,1.6590574892335634,-0.0011404955123604718,-0.3773993057663921,-1.6452425188977717,-1.3979979632531134,0.5107180873350926,2.3050229371441127,-0.7675487203610561,-0.759254882604108,0.7554080393735166,-0.45499552506313234,1.3894228824811126,-0.6278302247130799,0.9738527925868307,0.20691078550962896;1.0625547685075234,-0.6546935660844244,-0.11728229417135211,-2.2003474020075546,-0.08652811859014073,0.09255184815130466,0.7175364393167817,-0.07077548796760674,-0.87746846528638,-1.8941394845787836,-0.04503442159848097,0.5826605290515707,0.7450663420644107,0.3912670227056728,0.0346051614903237,-0.6693945783249651,0.9699313078294949,2.1663739791231755,0.44017616195118425,-0.7858790169346767,-1.358714914498045,-0.8173484211252001,-0.342393131728919,0.52665005516261,-2.920025024023245,0.2548385039973662,-0.35736562429863167,-0.1454059483472201,0.5750150086540944,0.2289017003299448,-1.4627207048902502,-1.0040920137200047,0.1922756523930299,0.6050633933601854,-0.18217388272618418,1.187740988610038,1.4896377158849197,1.1375677623810192,0.7214004649522239,-1.280994556145765,-1.0407707427899175,0.03985372566559584,0.5905390236269464,0.3125544798290903,0.18321845345088622,1.05843895007483,-1.1825664052945906,-0.13942735106646104,-0.6891620906131365,1.676648574898533,0.19974027443449988,0.23254664780880044,-0.25982847845093676,-0.533706401783526,2.287997759054868,0.7570427818742497,0.8446574828784094,1.4221730104737267,-0.552589701970869,0.34453271989751477,2.1979301191932916,0.572432423080463,-0.6567031747388041,0.7877297555746015,1.1226451403898479,0.9303594412326802,0.7652615003942462,1.4124268147487782,1.4495299124622625,1.8110445839666138,-0.1706698606748162,0.5897958919468067,-0.7855342983622904,-0.9374571717333524,-0.8550153165481248,0.18266055662775718,-0.9973878628088412,0.34906117984778956,-0.9207136769023169,-1.47907025303872,-3.334576822604471,-0.5582860391931891,0.9672895140250075,0.644065205678549,0.1661300039880349,-0.6595103790964306,-0.5114054467036392,-0.08085546275521127,-0.4764930909563809,-0.945824094251845,-1.328941733771248,-1.0257300786553865,1.0851554643782029,-0.9010430717508323,1.4656097929407041,-0.5105966336517618,1.4052923069363168,-0.8916971214315992,-1.3507655205706124,0.5812373458113465,0.9197745753768527,-0.5560843099803042,0.6712846150407109,-0.3025391543847588,-0.36522688403556947,-1.401926158338752,0.3442990133470305,-0.9530816419115103,2.726490649410963,1.415422739362421,-1.9049699695533593,-0.5694481477294454,-0.3840769006843283,-0.5498008885998333,-0.11982170297292936,-0.06120141802235568,0.7967261650277371,2.146692796040934,-1.016628794856446,0.9119935599829049,-0.9625577566448442,0.5654274223548075,2.14517837107827,0.2026271042284476,0.27434394395682743,-0.017600601925152108,0.6461819497412966,0.049755792423237424,0.5409569159742094,0.8632420136653698,-0.2855832198311758,1.2674209224159927,0.7024412777192666,0.8510172047492314,0.059623342873046936,-0.2643729805616227,-0.7034847656158547,-1.0697030832648622,-0.38819769366542833,2.4983466554923814,0.299457399624931,-1.6221238891068679,-0.42635019507523275,-0.3026333408231609,1.0440682249392872,0.8067496812189678,-0.1662789537559619,-1.434086673781883,0.3222945219658815,-1.2466623820148917,-1.0021489316145764,0.7246873808527194,-0.5014929604972782,0.8485767852757544,0.1367932343767716,-0.7845970266856099,0.3982053602417541,1.6254309290469988,-0.5988804205299755,-1.0518446342962424;0.0018636553219512353,-0.6238006305494408,0.4370445509085459,-0.8436244902396204,1.4689854129569446,0.5935366382800299,0.6895386091610403,-2.109559442569871,0.7479753855720754,-0.5732208824697943"
21,0.9318418623756192,"0.08083259146046778,-1.4552152022006273,-1.33706305789937,-0.14535134422019017,1.6790707412508097,1.4086288465725665,0.87110484520279,0.10025648571454791,0.6988935256286819,0.530662423337552,-2.1888291985859043,0.2986875946394616,-0.3851230699762892,1.5396621676325264,2.0007200906830827,0.5978939735640151,-0.0304585669532696,-1.0595414344010474,0.4636367524434,1.1146175346870344,0.6666263527540233,-0.8986828564374982,-2.3836084080512925,0.7659190636322534,-1.727514146909105,0.4362762765223234,1.5267114932640702,-0.2555460197119674,0.49836464976132744,-0.6969928212118573,0.08652791191692985,-0.15908041197518838,1.8885372892964902,1.548819162955671,0.9036855158242088,-1.1246212990651572,0.7329877600826509,0.5166534118087182,0.014941040223845573,-0.8131265840927874,-0.4299407900895149,-0.7668004041189517,0.23951757334696572,-0.20640828649650206,-0.12095091328691107,-0.05790433197765438,0.33246417213849105,0.33223807508163,-0.1885667110424335,0.6091469454242506,-1.6290073328445207,-0.4996396275667216,-0.07625266935983227,0.9205613643345885,-0.5346441714283102,1.322037709993955,-1.1203204860820848,1.170589414596483,0.6845161956062795,-1.3410298665979306,0.04674986614718473,-0.5313382228747423,-1.2197017083023411,-0.26710280070370224,0.5888476131317482,1.5764088136170618,-1.0106626849305778,-0.7981142090291486,1.1128345911169322,1.381899783345523,1.4171376165099159,0.60242055400707,-1.6902241131229436,1.7234148834566416,1.397939505849114,-1.0511627929696203,1.9205037531041842,0.2795576201098458,-0.7781346892096819,-0.31103031669295517,-0.3764281024522115,-0.6569026845590731,-0.4662826548700711,-0.022247286958097204,-0.26527573744917443,0.22056233897540417,0.47415539847598764,1.7292565380938127,-1.2557750650383634,-1.9629165874439936,-1.6066486616141813,0.1267549036316866,-0.5675044368144704,1.2851945992766616,-0.1674206934161642,-1.418236274406371,-0.48125470359996586,0.27848124436084404,0.5156830876215966,-1.059451763768501,0.21239560994235826,-0.28906063065595805,0.09178173515904561,0.5843323445491103,-1.4285722980812152,1.0972055051080303,0.012843288337004703,0.9089845798583979,1.5731188851548614,0.9368982470035015,0.033817356581646696,0.44093610419514384,0.7535534593895002,0.7930699903052669,-0.07999848561705498,0.6076886183524244,2.0863811193331028,-1.0016560871316404,-1.597757133239517,-1.6346357868412944,1.0031912587452976,-0.1601161097952818,-1.1144944738490419,0.742407082558778,0.6559712966980715,-0.22228499258139978,-0.6155836141702526,0.8575946913086239,-0.21184456120384593,0.600646222917204,-0.0284555008136501,0.7790153044592011,0.6405241366441188,1.3473143906940248,0.9047052075534503,-1.1045899397558079,0.8416488243986182,-1.7183055359127737,0.5260219189438445,-0.2254823870505274,0.016938801482606652,0.4428942731053478,0.8225960272565725,-0.8550798177470064,-0.7645412609728922,0.30900131456061414,-0.3840227172749388,-2.414896578411864,1.4279197192344424,-1.629008824855447,-1.3820054786817557,0.326934843583442,-0.21488104391771984,-0.22344861975820673,2.863187110780018,0.06243863028600832,1.00286157599124,0.9897609980191255,-0.8974302411903774,0.45740283256165015,0.5792428928030604,0.8661444135239864,-0.37550283274026547,1.0135827827841872,0.44927813677816975,-0.21582439211846666,-1.3185760489664065,-0.003707185996418596,-1.7446072351164703,0.769337696639609,-1.6132136266434833,-1.100951406530648,0.18605550538251328,1.0693658771102097,-2.450180547989751,1.5935848935671724,0.2661394281602552,-2.3028125736083416,-0.9182590621706257,0.3900772004180764,0.5881094898570767,1.4893260390139906,0.7492923678172012,0.7908671287049659,-0.6285505291047974,0.7565397883833718,2.012991913427148,-1.6172519612328378,0.5967723529725065,0.48962875923102256,-0.48545594026773076,-0.7743682639487208,0.9079914278332919,-0.674951847063783,0.08516712715140914,-0.4066124156111292,-0.2745858130503772,-1.6018521769776641,-0.48333409160866586,0.610016364027962,0.12066057533680574,1.065163500491159,-1.305122343959648,-0.6027718235419421,0.3868148210056443,0.9284752013666697,0.060233195683846955,0.042326117884160824,-0.25866171027260804,0.4962293535561437,0.3977651517396455,0.319583653306001,-0.36886143937999627,-0.16292494424287393,-0.1974114497272586,-1.0981380657785558,-1.4191936140843773,-2.6833924968736915,1.297174463241989,1.0472715107552089,-0.30815354718580673,1.1134451838747654,0.7655666945103639,1.316230591675215,-0.42156370078796906,0.9375919635058095,-1.1857608707248237,2.3743091886333088,0.6212058725566965,0.4856390072735904,-0.5695480782440634,0.16804913692361978,-1.1562349622282035,-0.4245534911734384,1.1940202715831871,0.813135262145881,0.032062255948152596,0.24757242392984669,0.07361441295787857,-0.39885160959093124,-0.20451479053139004,-1.0702455597196343,-0.5002071053977016,0.3625227126195724,-0.9919766719815586,-1.328318102719615,1.3572769304291254,0.4263047561758009,-0.24027280976586496,-0.2980451698930998,0.40290677399877417,1.3671118711688595,0.44067875823760994,1.0466247552126189,-0.9246763840953235,0.2108784458108401,1.4448087304999657,1.802582735721393,1.4719876222719022,1.005998706154046,0.8140544762985089,-1.0365913006447887,0.43991976328345095,-0.039219234409539866,-0.6091279002286301,-0.8871106475870232,-0.12086107359117057,1.4619992583716341,-2.3294321343789677,-0.3734042266574606,-0.03085462200943833,-1.577791884516235,-0.38006203835697366,0.39423932103270176,-0.8431909543142848,-0.12156048257024595,-1.7591107114095963,-0.8193170982554561,-1.1192546576184665,-0.4283052031378046,-0.3361797386800943,-0.3952733633417696,0.3755977157016551,-1.1198425860464203,-0.4381663649114527,4.038239559440917,0.7327974058953545,-1.4421382546871337,2.2249833132867973,-1.0057579971770818,-0.3498482717223598,0.12673596745388255,-0.009324769949023235,-0.2619460180714661,0.9607391192535041,1.3525927768093127,-0.15391474858937548,-1.1233923993594312,0.5068608001199779,-0.5229613814698364,1.4615198399248552,0.24544590954104956,0.11725301467454674,-1.3908021367600985,1.538805443586556,0.7060608644844174,-0.13403589874773011,-0.005021954415813865,-0.36980700633823815,-0.776639557841611,0.6566747047802487,0.8328804250508206,0.8701676822322646,0.8877583728622057,0.05741625054912791,2.0580907427507906,0.5441890837970151,-0.41352742639486945,-0.5990483204101085,-0.05736451385977508,0.9882884532814001,1.4880453012072918,-0.45727603477431983,-1.8627517997038379,-0.7251233151447196,0.45784663783049095,2.6975937090035433,0.5201286135743567,-1.5899438802281336,0.357591580011629,1.0793520892166442,-0.5717295760008453,0.3517408067711424,-0.05746748362278098,-2.5738353318875844,0.08333739637687812,0.006681838574100457,0.01896585634358544,0.02602838252314449,-0.49002965794837217,0.18275391402736915,0.3729713728159565,0.2297944457654544,0.37041680424521195,-0.30194449938786927,-0.6322755502121575,-0.11798946901606414,0.3782098219238341,-0.6021110247703355,-0.6651917477325195,-0.15850165823114243,-1.1336883503223523,1.8718920150473242,-1.783001176767687,-0.08013264252057142,0.39805858481944156,-0.9105780998188865,-1.8691827948518527,2.0068564653214698,-0.7886656595440547,-0.7864094442765942,-1.4193843275215166,1.3932792624970258,0.680930458284485,1.1293804163821302,-0.158774123050919,-1.2474486516333556,1.2041684321886323,0.16081661618374735,-0.7525105488383533,-1.1808357768451152,0.4669739077419294,-0.019678851126375657,1.5357980084731102,-0.6712733846186468,0.5957419284281389,-1.2352027244025767,-2.3799942409482218,0.023147503458941204,1.3485734252359034,-0.2717268298983062,-1.3745782244229285,2.056452522898517,1.3915720368938889,-0.041887383174315444,-0.5162293529592561,0.36482345633734836,1.3670856846581403,-0.8784992527213917,0.49693040255118415,-1.3140511407290036,-0.7244879210686548,1.0191028167287794,-0.25410469405459485,0.25454640662790756,0.4896778371131456,0.5653767192540735,1.3259537489127355,1.8642295307040808,-2.702018073594557,-2.1019226509927877,-0.8162179500302447,0.7743388600593228,-1.023366020283505,-0.7628340032712543,-0.8065617664358258,-1.6975302276938897,-1.176335437780457,-0.7421676568342768,-0.025718817074722428,-0.9470678192138068,-0.4496541093184912,0.3619290303049956,1.4481293863703764,1.0557338900176731,1.5833969927745544,2.377806943622899,1.2728773195013392,-2.0177764910475307,-1.3747731349867043,0.3860577185497312,-0.544002944529921,-0.22369356387020478,1.179449715794405,-0.6369099058161586,-0.5870260192598907,0.0829992510648756,-0.5243775805785965,-1.5394455279864365,0.4425045132397877,-0.5503450023704546,-1.4372174925116379,0.1427620261416469,-0.6406564051220767,-0.08552143582324856,-0.18999146980272022,1.3372025106215237,0.5547910574428545,-1.9499253039836293,0.9925872696750885,-0.0577284194348059,0.6040152638009267,-0.22430335596582954,0.2537947966389533,-2.134218850187406,0.1141198942545297,-1.7995698225194336,-0.3166169683751707,-1.0315954566714887,1.8922056047793636,1.1892640412194784,0.0798508325343768,0.7511085182697936,0.5195637197096782,1.0838548034450777,0.24803472832190712,0.0804736692120131,1.4521934972434736,1.213831054487538,1.5736389038118048,0.4652505587773378,-0.2329255922088447,0.46654122164547385,-0.788413325071956,0.06776888671364575,-0.5476824601893756,0.49803983413740877,-1.0481329419843235,0.2024872355258806,0.7554242639842511,0.17738942780090078,-0.4258539577545791,-1.2217583212095469,0.21901450770637965,0.8162437257399068,-0.1498926489400515,-0.34457386132056006,0.8587734441228075,1.0083258893139766,-1.6301195340385335,-1.1859649347379013,-1.4688256965636106,0.06702420820881383,0.20413446465745047,-1.5335233092931027,-0.7226031045780665,2.4278760697274815,0.3193255694360867,0.7433335171976732,-1.1889202188361485,-0.06796304132206651,-1.9877922320715802,0.4207256982064628,-1.5048682346405557,2.387604287515348,-1.173929573866851,-1.6425779961132423,0.9065325326400957,1.4172177622096185,1.4210204201768541,0.4627486348405037,1.7861380523350594,1.0264318011960918,-1.0148421137755983,-1.0676004492162567,1.4808831380561354,-0.020645814885295544,1.0042796431730872,1.5053085439700509,-0.20460616806197543,-0.23541967508686606,1.1601912176634364,-0.8660083160066423,-0.5038595261091129,-1.5855371118327153,1.612285007519724,-0.5184554612842589,0.13948324066828355,1.1655111934068332,-0.7821331879745926,-0.7860690869716219,-0.785422044332466,1.4390909638474128,-1.5845569378783246,-0.5623955495618793,0.3056252039210546,-0.9739922631501167,0.44394735731702784,0.3578245532683623,0.924677499084225,0.6558179931495132,0.6144155074588377,0.8738207161242371,0.3513409965093345,-0.13460676036379537,1.7096928449298834,0.898419843768119,-1.9738765836161096,-0.7438078190233246,0.4504555399662066,-1.5060321880476586,0.24080975507082186,0.12152160356357028,0.20112178641497497,0.6721036461166106,-0.4912731870706758,0.11572136197893484,0.782708575871854,-1.3626666670577798,-0.8670218007993691,-0.2694021840917933,0.25312658148420253,0.9330855504969875,0.8516241027412834,-0.42776096547885967,0.8520088436944159,0.8971824679758553,-1.501332360128575,0.3555209770084583,-1.1921948102375057,0.2004157273813973,-0.7974325841243721,-0.21072830802367487,0.9887577687519647,-1.7237079825468113,-0.5518954450609479,0.1460433955247843,0.5160737121038621,-1.4364648500203876,-0.6768909498723732,1.0953410122896297,-0.19578863865772556,0.43926344727210254,-0.5460901664090015,-0.4879228717871994,-0.30544400102734504,-1.2234527000932236,0.3078977639921549,-0.3368945372886045,0.38915200319784965,0.80614168651284,-0.7728610670686712,-0.1318854334348566,0.7793186748630999,-0.28893168764997046,-0.06856987086035839,0.6150654005070448,1.4708873086813674,1.0612505425641463,-0.25067351417351985,0.7859202747289943,-0.48650289750887593,-0.49337090413717244,0.640875236369668,0.07724770860401814,0.33461472718839785,-1.577633945796891,-0.7936273055566629,0.2698051239764965,0.5923703628680361,-0.31622071637055094,1.0967705947907729,-1.2165348336537525,-0.1055429348981397,-1.674672159765515,-0.37182425902190785,-0.8138781429420303,1.2116323975408196,-0.3063731911557499,1.365715093143061,-1.59312353345689,-0.0706568071310403,-0.13201449577438104,1.1703036369438775,0.5710428863310308,0.6771503534671538,0.7852463051475538,0.6978215069453745,-1.4146198977049467,-0.29277148788783536,0.13455377114022582,2.626565054936837,0.007632518268076857,0.15375604478966393,-0.005466001474448728,1.7247806748304453,-0.006506526886785852,-0.7423579072874706,-0.02790193863721671,-1.1865151597003494,-0.28595524677117157,1.054814107909854,0.019960610470511835,2.8374447064429327,-1.4232538226503104,-0.9990298951663943,-2.080891453672205,-0.21154749876095702,1.4282393535913012,0.5451318204175749,1.5630294486202976,-2.0820801038512964,1.6440133910944996,-2.5638092028828874,-0.11025257379078056,-0.4845648922274623,-0.7718669909157214,-0.8036255736629261,0.17066328355156035,-0.9432237120886502,-0.4308892980892718,1.0025587216809393,0.12163095271912344,-1.7529385202877104,1.5004329189886003,-1.2768594139924347,0.007943966753600956,-0.07678738161234899,0.35537680664073745,0.5408581806780371,1.0135948834108959,0.1451981839460689,-1.124457170390929,-1.939676091036019,-0.9184594076088802,0.8777073462395982,1.3107508154752288,-1.5626058345876617,2.3520987298059315,2.491972836923297,1.0121836699758373,-0.7230689847386469,0.5575919021996046,1.2983532544097498,-0.39325014922215024,0.2196956695383963,0.5695837380152096,0.07683354926944999,0.5997227235376259,-0.09007528010214527,1.6789798598454941,-0.44492882820948254,1.493452025652906,0.761105289150157,-1.4165917584523928,1.41735698424364,-0.4496518976242572,-0.0726583210853999,-0.0024717131682019527,1.4790774568015572,-1.0507506969382738,-0.9936616311440947,0.49804229978670433,-0.18785988160215317,-0.03032492664004245,-0.8492574395707932,0.08206049580748345,1.893461438131077,0.29062466643509466,0.05432667314945973,0.5941990105675298,-0.7622413677929468,1.1879128032581285,0.047410151656876204,0.023228606607833005,-0.0422066580611635,-0.6365549755294662,0.7214300263237454,-0.005736372524984962,0.04842359853405989,0.9419692217765214,0.3370590327311555,1.20599737679974,0.19170711091164225,0.34052910629212874,0.4082498876557602,-0.08973476584392129,-0.4338242857984369,0.5941348601148105,-0.7057144128592319,0.18714842987720737,-0.7023601253534559,-0.6000738435087685,0.1908139469018291,0.3692630062763826,-0.0360354520742312,-0.8639220933398483,-2.2788276820744837,2.546239424979239,-0.8782344238333151,0.2404552212817826,1.2850744664114135,-1.189169529770744,0.42570540077615854,-0.17313104800277762,-0.055506490835200234,-0.24171881986690452,0.3080339565437646,-0.9304601181989403,0.9355115898054347,0.3332747683879842,0.04950865386510332,1.1040610088650777,0.5764853230173969,0.4531286266504354,0.7414869786473701,2.1964848750903485,-1.1891665006150927,0.8994061925724584,-0.20417633660388348,0.7857788462259798,0.8085841567592325,-0.18253244988396566,-0.22311176129951493,-0.9184189064612529,0.7293595578785506,-1.7177243160895086,-0.019083014917676736,-1.1176740581141908,1.2535525670701697,1.7159120992546457,-1.4524000876586256,-2.6097952521180368,-0.5748173195248342,0.051373219501789726,2.1890441385142383,0.028361424186408822,-1.3568723042343613,0.1089586576699072,-0.5259074004348183,-1.0208573193241246,-1.3567405773376608,0.11063876559761145,-0.177232156781331,0.3142811526106291,-0.427791727988266,0.6434794501024177,0.2874203366042942,0.9229574744740178,1.4939672194096074,0.34030703049966965,-0.22833795448702948,-0.7548567446980987,1.1736137671233429,0.6358967061421045,-0.5663835210491811,-0.8158193535129127,0.9683363270381866,0.13298570882433697,-0.4975630457432857,-1.8669224853277622,-0.6643830641857473,0.6847190370719973,-0.10126768046348388,-1.0187142043640578,-0.6874486794483047,-0.9588255009054736,0.3361437091383082,-0.2960192438375633,0.7043670796406165,-0.585649875346553,-0.09542772382788231,-0.6476595123168373,-1.0441745465171972,-0.8562746998998094,0.026424603591578298,0.5016883801497962,-1.4670709058702236,-0.04757968044253537,0.7231297158447683,0.3663371566429733,-1.380454202030294,1.876691508121683,-0.5975400551638094,0.5596925951018487,0.07924621347248341,-0.12741938826711915,0.3480131368496623,1.179347892633253,-0.23630415009116634,0.8649864054261203,-0.4884573833050575,-0.32241812346726084,-1.5181108787861053,1.835377659143019,1.027077167382626,0.19547715114769906,-1.4333766690699838,1.518437674989782,-0.8132657934378233,-0.2799264726779669,-1.188045077532985,-1.1623016641593378,-1.054125540681391,-1.878271709840561,-0.6028991705900321,0.02917352901862752,2.088045866911971,1.2293434657739963,2.8226251395335367,0.0326907385015608,0.5632661154043194,-0.20269046996214396,1.9909213818670524,-0.39883706352406784,-1.1846301162678696,1.6222190215646708,-0.78621994014318,-0.15226372107489533,1.3746416557380914,1.0532875551850558,-1.06510393989005,-0.34105521498310865,-1.2532822415932934,0.20353249265599388,-0.5251012671297678,-0.42321914508058867,0.21970143047669966,0.47415989334919867,-0.7800345397906511,1.2078387004003939,1.3062376918594827,0.2556206259125993,-2.094474303540753,-1.2156058971065846,0.9508266553555818,-0.0005790252472505641,-0.12670958879638453,0.8263892374889296,1.0553511517033967,0.4051523233123362,-0.663775234732837,-0.10523796779147587,1.3251776302280716,-0.4339424637352973,0.443833857978205,1.1753358970127266,0.7044229505163062,1.1082724665714545,0.4787902801861642,1.158388102629694,-1.1668409490684277,-1.2256354625680916,1.0414205060522441,2.4184167344581775,0.05443937065222913,-1.643004268659823,-0.9203146917418001,-0.030013167513715844,-0.35805071220400153,-0.3137150118700351,0.7293440717759887,1.3197776736478761,-0.4520044046303403,0.4341414845704785,-0.12931219177443767,-0.05241507807353739,1.2986418758124871,-1.185272520360869,-1.928242385009678,0.36533544486767133,-2.0767935975102962,-0.25140512148825317,1.6893769867531803,0.6959329871861663,1.5719373385380038,0.44778493896842475,-1.5136256121908183,-2.169530468010923,0.6194488204814171,-0.7731443181290282,-0.49793448154355785,0.6748215367587629,-0.7416856836850259,-0.41373377085527774,-0.49795427250499325,0.0743064841323354,2.1872878241863978,1.2136161093091438,-0.31050459170434974,-0.009326386004598841,2.112224211825684,0.9736317007923261,1.415455068055918,0.1849345819077196,0.10830981803361227,0.035995424489768946,2.780308641463871,1.8563253525077084,0.553067451936531,0.5358171744805033,-0.4485816488498204,-0.6901063087709141,0.2787749185710985,-0.4722966996601943,1.439232063570124,0.28827316305861533,-0.11724815482341497,-0.48497791115352695,-0.016116355621996415,-1.271017207792567,-1.759847062421934,1.5264100289928957,-0.5521719088161734,0.25697372311380506,0.12348328064005488,-0.9794798737098601,-0.7677793441569045,0.28455481540652555,-0.6450322252323595,0.27161576850313973,-1.1808740708553815,0.4609728901035737,0.913147013300277,0.15324222619994488,0.22050123164360746,-0.5863605293350442,-0.9570635007998989,0.6943034197526236,0.20864972587989056,0.6306229337387251,-1.829328244003836,0.9817947969654447,1.2847048281763986,-0.3736559276005955,-0.07121160630350035,-0.8537781639735508,-1.4657324176291628,-0.054960074505495574,1.522894870064623,-0.16361045193047102,0.6792542492686826,1.569085077101231,0.16468700981499074,1.1184072300677668,0.7120347622130145,3.300316743436826,0.17773839781651005,1.1077630741042834,1.6710846982622056,0.5737955825550183,0.20216068551765298,-1.2921039452587093,0.7304262769818964,-0.9884144399645671,-1.2744859209460553,0.6105630405871485,-0.36387071052950865,1.3695871353601359,-1.4228595013238885,0.6240887163793278,0.08089926241977519,-0.2760217175559478,-0.49367701531516983,0.19470988427207203,-0.44646783259589773,-1.2452194912005583,0.5138592239539883,1.3731508050122625,1.1914518290663716,-0.6761274058155314,0.2458075343064554,-0.07545821905838754,-0.5923647124281275,0.5103141102675641,-1.4348456997488412,-0.8574418551362943,1.937902972565376,0.9716257162926687,-1.5877655226827347,-0.850940137769918,-0.4218739865384936,1.1289145553966744,0.6574547814978358,0.30666097557375604,-0.6724780892321603,0.24406529031080867,0.2927915660981076,0.4406885221114572,-0.92590844119858,0.4059688404495685,1.2764939649916447,-0.6753030367724006,0.7210998151085977,-0.8132804880941841,-1.0909579561141776,0.07335912020737974,-0.9249248863138599,-1.615484447644833,-0.06962180223381861,1.6427179468985087,1.083597374076718,0.4958810263698497,-0.01563907798510944,-0.5181268081386584,-0.6263770472214714,0.10970436982649281,-0.9402359461969922,-0.21928591995451202,0.22055974117631705,0.4119472894273022,-0.01623887894815107,1.1327297489575916,-1.3272908740877978,-0.3014777638314867,0.4212241928276563,-1.3068877716056122,0.15225044065927798,-0.3363778645210148,-1.3355730610135272,-0.5130488685300723,1.0694771381343906,0.03518907816747435,0.9455159032202453,0.8910679572605532,-1.410401921472834,-1.2161121243342783,-0.49918028939153086,1.351124372465789,0.30920982225765636,-0.2455027772958317,0.6358361369569157,-0.2995146222863979,0.03766145260861549,0.42767836269795845,-0.1950521835634944,0.6668266583891451,-0.47390229298123143,0.03359350837892561,0.2389780070039883,1.974027438825029,0.30865140025059673,0.681497562646152,2.0477297144487823,-0.8328766228361734,0.5069521858351237,-1.2041616692399117,-0.7642237954843808,0.7852291646915319,-0.28794450042098496,2.152717770983066,0.05709962930126661,-0.6877563691206243,0.3407281571012902,-0.4785932150377673,-2.432143340251178,-0.701629038710436,-0.6184489464877166,-0.1386189899518266,0.9809541401294021,0.4825309009941665,0.763835035017384,0.42190534675903246,0.9271680469185511,-0.19760906768904574,-0.9013844264954812,0.9822842166680027,0.47157997320436645,1.0061064101423238,0.48031659852568137,-1.412389518758367,-0.22905313366606836,0.06580458124186556,-0.4465028758217055,1.3385667302968522,0.10551972353531307,-1.0501075993177469,-0.3228473143344355,-0.4784091107195306,-0.7489513843959881,0.015058150840189993,-0.9664054129702762,-0.6437729232912062,-1.1235508687025186,0.053036614065480825,-0.17147647461969648,0.22152296367022178,-1.281556895690923,-0.31395943028249385,-2.090651381727845,-1.2603529605588921,-0.5316075448720889,0.31091450652287805,-0.5712953516664718,-0.3312214604024724,1.6982534734452337,1.5681190514772754,-0.5635657376512584,0.3808070577312687,-0.7782939902477405,-1.4217422920790606,1.3226440855562505,-1.6713164486810483,-1.5273664524506931,-0.4279999895698997,-0.2780648670080506,-0.4844891343815516,-1.1732442608002656,1.3605369534027723,-2.5722509346409805,-0.9420663385532755,1.1220640737582048,-0.044056508688777134,-0.8214926587523971,-0.3127949269218291,-0.5387269147860511,0.8913430738487829,-1.4809824721947455,-1.10534807308455,-0.9021071090783093,-1.420780962259277,0.9763849436315674;0.10379757691851138,1.6666445415795463,0.25095606366050205,-0.5054779396362574,-1.4881339664026463,-1.4877348634863694,0.46726960392186073,2.340540004618052,-0.5062382737651002,-0.6685291075407684,0.48490865956996526,-0.2841523618417027,1.2700219349480748,-0.6756307885232081,0.8634079870551119,0.13193723551693515;0.8808931597134954,-0.6461577495284233,-0.30435080214894206,-1.9696859863316012,-0.4775440898904806,0.1427400097170837,0.6981222901034901,-0.011080799784149997,-0.836647530726771,-1.9519623251601539,-0.1629825657133725,0.8276976886462502,0.6753424035775826,0.22558058712582849,-0.054347109872503616,-0.7424162252641364,1.203220405826991,1.9784797426301461,0.549680248176096,-0.7501798416360514,-1.3361391173074018,-0.7658885735782193,-0.7069471353073745,0.44549214331426185,-2.739105308697835,0.3832615670110596,-0.36492437599996647,-0.08912948434322673,0.6339008457312539,0.20137625675136558,-1.449666843487095,-0.8471373917327972,0.4365117354865376,0.6212549647759044,0.03744156943336479,1.210683543918545,1.1585559155402143,1.2481935219660933,0.801999665956646,-1.1367836477374522,-1.2323662490629985,0.06901660650194505,0.2983787596875326,0.3381575365434364,0.1514438624188008,1.2075697332370985,-1.331214499135732,-0.13440039064251177,-0.6669663367942958,1.4595299842319436,0.410833288492057,0.12004005672964586,-0.307358260705413,-0.42725887428915177,2.1322798691988907,0.709806245608372,0.7952508914678709,1.058471775705716,-0.4602628865420363,0.42413562226612056,2.1121645862247984,0.6499565304447182,-0.9491104902570382,0.6360013372698615,1.0516319774760121,0.7369589751482374,0.6396120812868878,1.0643783682082728,1.4868765215238142,1.8974945756591355,-0.2754236035086217,0.7057740621116292,-0.8615115906806141,-0.8169051230633381,-1.1087175374805862,0.17587567644714744,-0.8840918799153521,0.4851859588248419,-0.8061989501522994,-1.389240353019466,-2.906093294797733,-0.6007072987677274,0.8836030113256305,0.42100246165540056,0.3506752670858344,-0.34438543855949205,-0.4915777352137783,0.06790668315551207,-0.5441524627814424,-0.8840223028520842,-1.488770458828313,-0.970858378951942,0.8494197297865091,-1.1980891905623525,1.3591605887617006,-0.5015532081441564,1.313022437239586,-0.735107789998477,-1.234376631067925,0.4072113161295142,0.6219710685855382,-0.6374930627543093,0.5992376017536443,-0.5681814022629845,-0.0580534828253315,-1.5698966805270311,-0.007509917493861332,-1.0889325275730342,2.549754641046507,1.4353967930508018,-2.091036060231315,-0.6630051422238118,-0.25468361319805144,-0.4253216595256064,-0.2157833808612406,-0.2171626204952482,1.0302803335150883,2.2463906016318753,-1.0362253272248916,1.2595756548294064,-0.7622823343937579,0.6760356617196203,2.2299372832185327,0.3437669147568793,0.19666170974570463,-0.06857176143219224,0.9798331785518398,-0.3292993503191951,0.5657779333796781,0.9684675348146992,-0.17295030776047896,1.2919280494224041,0.6916594864126859,0.9075146493152877,0.21215332019037983,-0.35061884812841515,-0.6108484896261981,-0.9757344164002683,-0.40227700898589935,2.6568802199276695,0.21780295654869886,-1.7420450395696836,-0.6183486815586317,-0.3577053023548187,0.9817427790697415,1.004201978538764,-0.09211618549421566,-1.2890765051324826,0.36496737221682773,-1.0651183490532228,-1.2730841389971865,0.9094177741047698,-0.5651117684730427,0.8363104377130637,0.08899326066411928,-0.5976074531642448,0.8832423320992615,1.3413133907220813,-0.5156870780576452,-1.0681772133260072;-0.11801866349082916,-0.654712669748475,0.1442798700989259,-0.856044780387252,1.5665828154883217,0.35323490954927944,0.4990644140411711,-2.034212090112398,0.6666655067553615,-0.7590958529432097"
22,0.918276260591001,"-0.08196033175292482,-1.552993300949565,-1.0554184641116213,-0.2358339617883737,1.5370757280942864,0.8620549350217717,0.8528601355751624,-0.18423829891543025,1.1123678119059817,0.7625355646474283,-1.9062586539539792,0.5969242421848263,-0.33939002978063215,1.0873631906049464,1.1152456813590599,0.8596448640455573,-0.08920513438445532,-0.6812905316489668,0.6848611652133006,0.9487645512782031,0.13994553099942025,-0.7896718849483023,-2.3768344729960234,0.2244855548797657,-1.2633145547703835,-0.06909008934153792,1.1718867141868348,-0.9984454172661339,0.4371676797477322,-0.23769421550165787,-0.19033227120401164,-0.07015879722632928,1.7434922737537057,1.727001253611807,1.2327130402935258,-1.5140579186420684,1.0484953765318301,0.5876286239232842,-0.28407643093589496,-1.0239003339555248,-0.9255264263277364,-0.9543972148078727,-0.5864630190154626,-0.572544576613627,0.2497584752676609,-0.024751007270241134,0.33331131217228793,0.3328412122697421,0.5763494731654152,0.7265012331340893,-1.528878782206488,-0.5942009247337259,0.36912237736457987,1.0397460471825122,-0.757303101195208,1.180232690141026,-1.0367551549917358,1.2038601195738445,0.2025548027050403,-1.497490653962408,-0.4870817631530243,-0.24312510516085478,-1.2134504366786003,-0.5826155992901852,0.41779191850005787,1.7684240130008009,-0.8306003828649032,-0.9975768750872981,1.7583405646618444,1.4225136403844154,0.599677068607396,0.12899153454580461,-1.5998998565584406,1.421990274388815,1.5281151824742714,-0.3635405207433044,2.337054069338371,-0.16167815057370588,-0.08735435761417822,-0.8677137094358136,0.2249306470819424,-0.785708748112173,-0.6595296750030076,0.4067823756171657,0.1975226469605771,-0.023538837872240592,0.5403949925492609,1.4869327417751452,-0.9619533225347459,-1.6878765116851655,-1.7963319078878963,0.32523330706227416,-0.9734939313980842,1.13742637650024,0.25174510195079425,-0.9451353758980784,-0.809721686338899,0.4103434456053724,-0.05431319093948442,-0.24489281959721854,-0.05263065050679708,-0.6006420394525973,-0.4316951936094273,0.9580368590974576,-1.74330899667129,0.8729167806562523,-0.05441850955968275,0.20099123826923423,1.3592694824220233,1.0955766787232377,0.25643515154748875,0.48949731175273115,0.6084571671593102,1.8108607821383729,-0.8725897982853641,1.0176801595669884,1.2890919646590335,-0.6955694347047859,-1.8964378448374937,-1.6046924175033703,1.1542480428524724,-0.37885980749760584,-0.9832811917212532,0.07497658822646336,0.8221560022227153,-0.5186612353291389,0.14496106818125754,0.5006309891215038,-0.1336309786145915,0.6458437369956094,-0.49325029005248605,0.7390714881792718,-0.22428305949367672,1.3678476709111922,1.0162155614933117,-1.0201127705877826,1.1607858452004194,-0.503326160012697,0.47708777973970135,0.23301084597073904,0.010076453062835874,-0.2057328444186099,0.8317897176839174,-0.1721740114451355,-1.2221013385952928,1.2874008571334064,-0.3158243999258128,-2.003023595516545,1.4598562879761783,-2.0763762915117847,-1.5654011618548085,0.8293385949964016,-0.19542022645824392,0.06061884271185161,2.4979401550544638,-0.10504212540581893,0.6685615462712029,0.670705163181176,-0.5326447374085793,0.5237114417673128,0.8633536195528347,0.6339547745462201,-0.3395383536863708,0.7340856803283444,0.5883957935247999,0.08807796105370101,-1.5117295055224285,0.11171694901552481,-1.8752640501933482,0.8640611887313315,-1.4299668131263756,-0.6843947011407296,-0.4441052928572886,1.1231043937855718,-2.0251820697579657,0.6954436412910218,-0.3503674502073662,-2.2258519554422493,-1.4237944658349182,-0.10243350372834482,0.27801030714633745,1.6082434726522994,0.5049114311484127,0.4033106823600079,-0.7870165088653305,0.9969628405126127,1.9620984204382046,-1.5069424871660582,0.19465928722326875,-0.2926888744252534,-0.7872444662967919,-0.5535566189371801,0.7293208577485795,-0.7921104277094112,0.5346968400242406,-0.9124947610524602,-0.02559037559279126,-1.3581121683150195,0.049538538293631675,1.1589150705368219,0.868846985348059,0.9010102921835812,-0.6258282544473472,-1.1955438363748896,1.067139017950086,0.8592980451684611,0.13399907776165626,-0.2804683520763545,-0.1536043431165945,0.0074496117844794416,0.23593335636855817,0.232835113960988,-0.7991163989467206,-0.5613354386665056,-0.5109332715836757,-0.3239543768158631,-1.7371450523135932,-1.9499628343288808,1.082960221323894,0.6829469405099985,-0.23212291661861534,0.7230657871236732,0.17304150291862835,0.8978665940617749,-0.42852444308222304,0.9553038123416668,-0.5016371160821235,2.1152308762979657,0.1386603380153233,0.35696496568502767,-0.7363667569577148,-0.3330512597626771,-0.8334108616406174,0.23593873864676734,1.1324176164030546,0.9273210945720448,0.22763594328974618,0.49538388724705873,0.7455360140788826,-0.0176311191145697,-0.8257907621913686,-0.9257687601364107,-0.6162530006516351,0.4860677161258284,-0.5765310479715996,-1.8397941236336541,0.9184907385067291,-0.20507944712084258,-0.5103072362513542,-0.5800970374008321,0.7023261303201626,1.8895555113360796,0.5639840453921506,1.6550803635613747,-1.0260314332112161,0.3254481460006319,1.5105240321149496,1.8788785663196934,0.9160795705474364,1.151900982992303,0.6739181553369351,-1.2814010328259096,0.35354017499697327,0.9157079535509022,-0.616659672478567,-0.4262770361235638,0.18504665849740318,1.057341391922572,-2.4311899056445365,-0.5544198445248152,1.1966930881457127,-1.6935956387433715,0.29812711501664724,-0.23265183508856985,-0.6561141033882326,-0.025260492856187457,-1.9731055347360285,-1.0951960994854542,-1.4213925598169632,-0.5161423073481335,-0.38422097941392114,-0.11228620830026442,0.5767581670575841,-0.9863810512224824,-0.14343064810065748,3.1507399125473277,0.6787557135555232,-1.2738487096440658,1.6331890825920399,-0.9463829466079687,-0.2909098589668344,0.5754324368614621,0.21579741035868044,-0.5069944053120766,0.8306392145614684,1.1283818447170233,0.3715364234718943,-1.566069639793555,0.3779577685510874,-0.020587212870457713,1.8695680915958097,0.42018948882432705,0.6950407149930167,-1.4375264544173527,1.589417957408495,0.5858488545563836,0.23175616827617554,0.3315420176012386,-0.7862676954160205,-0.3580309783613921,-0.08431810521141371,0.29229194012628534,0.7975367896456342,1.5790937723082,-0.5386513795554754,1.137020729601555,0.2049503387064892,-0.4057245758629494,0.08536980923166165,-0.1536502426669188,1.0836848628578166,1.3321883509918062,-1.025362125893419,-1.3484736298905584,-0.7584400630983079,0.7869126883969538,2.3788507371212066,0.22784271129030126,-1.4100380457289003,0.37223175246260204,1.0412900728642447,-0.9443330641358304,0.30006744255018103,-0.2238535655979893,-2.679942782959956,0.3321656331097957,0.049884851511634964,0.097497013886678,0.15013340863814267,-0.6856738287524444,0.4024441343224843,0.16302790025665503,-0.599220374458483,0.20158807787195304,-0.020412646646231644,-0.40934221661520137,0.26094917649687815,0.15485269042907182,0.22384758019400375,-0.3343841033035796,0.05938890320021436,-1.145033968091289,1.8184433907367712,-1.510097770548954,0.044155581710695856,-0.001280992097971119,-1.1585922353850266,-1.9651182270428045,1.8675347128914723,-1.592073565840825,-1.0353801884279987,-1.41502696338472,1.6710667629002909,0.3469390493565729,0.8257065369489496,-0.39058370720615854,-1.3196778967849718,1.0639117537800926,0.41969098771501195,-0.29985831875486535,-1.4815325064940623,0.10681310313053939,0.03289821001931921,1.3090127635137765,-0.3837604446300875,-0.3423723856353775,-1.2731110761518676,-1.8574091577221117,-0.14624325091571821,1.753464867078221,0.1591422907236745,-0.8474840249723127,1.8545105594304778,1.9086550168199568,0.047072053207733056,-0.8908586380723641,0.5933334917599644,1.1022123201334355,-0.6205012123768794,0.21715010686887282,-1.8790651127337434,-1.2756240500425469,0.891513643087969,-0.31172354982198214,0.34537152020053136,0.09337049962474755,0.07203666649457321,1.6167580293789054,1.9288887878105678,-2.773797731758196,-1.8608606797496396,-0.7271165199214199,1.118834762159997,-0.6105203930931407,-0.7808312060832805,-1.0127637043692677,-1.4762092777202784,-1.5454317156046802,-0.7836350920123205,0.25539184532820286,-0.9196488144506497,-0.35196156648275,-0.13548839495613538,1.0044359766000637,0.7411012142848946,1.3637673954257126,2.521456195726895,1.3527597852479427,-1.8227319930932864,-1.300930029744303,0.9093124831865982,-0.2785792738466364,-1.0852934250649984,1.515941648091798,-0.5612396803804545,-0.5146290607104578,0.6416355854773141,-1.2793908693290446,-0.31275604859789174,0.4539472459269019,-0.7629975963005647,-1.4686505348287278,0.14764646798904518,-0.44761097971048625,-0.31750576947505543,0.7003225337392351,1.5367567332179466,0.34794438487043367,-2.0259160923583397,1.2876507655432878,-0.3398449208393556,1.1894244847092164,0.242889047515607,0.659556215284996,-2.244611590201539,-0.018675452720608145,-1.69922450622141,-0.698795532897635,-1.1903925574789385,1.4881723840346435,1.399740188367212,-0.4106955960171842,0.39554251448651356,0.354129670671569,1.23622235150741,-0.35841082752935827,-0.6672813166059179,1.5451147228829543,1.2635893076828768,1.845589379693485,0.38406298315807097,-0.6173945317826985,0.25645235167505437,-1.20074586517984,0.1764657416489417,-0.8517878315399333,0.5057438715398934,-0.6802422050120744,0.23398155688756048,0.728709363221677,-0.5076073131909155,0.1330924460467666,-0.9468568739081964,0.6235221543695852,0.22926727684622428,0.5345302377708068,-0.39341904466252575,0.8135529846614957,0.6197958973555988,-0.9445157267300058,-1.283118805272027,-1.2084697437522112,-0.14347071219760643,0.026170151981934925,-1.25682416179657,-0.8870695233171841,2.517142450064544,0.558606541765671,1.0974396642914697,-1.6663418393937108,-0.003546901364208252,-2.381403955975327,0.7336234763452156,-1.4677742699019505,1.9711238705688032,-1.2743854325821051,-1.2849954918743078,0.3733026673308069,0.8914768548869914,1.0694369117410318,0.9066360846491239,2.0960182536647327,1.6831747538136284,-0.8175785418100957,-0.622270816766028,1.0249793500644035,-0.22743655973292637,0.2967224697861115,1.687000576538326,0.2546585158732554,-0.49091908074590684,1.0431265253159465,-1.1853136584558646,-0.7802128430790477,-1.5277729815802712,1.4834514664024727,-0.9711061252967371,0.7541438224904864,1.4640863428049626,-0.7005709867755688,-0.7446151395609945,-1.2951558247644677,1.2027943776968226,-1.3381671364080605,-0.11320097244440686,-0.11157424586875497,-0.9219622986703728,0.45415242843013764,0.6203218355803046,1.0368034306399092,1.193855750041878,0.5925833927588493,0.8141082283001854,-0.2385580861435211,0.04015179079016079,1.9125217916376518,0.753407933239153,-2.0347100557265714,-0.5398228630716853,-0.6217438507862179,-1.9339664491612423,-0.13282671988635442,0.4452821066592335,0.1008237557240011,0.2879556681315995,-0.6426517521154074,0.7583393897570292,0.9094289302642589,-1.1394629269319896,-1.2253023463227972,-0.22800462404206856,0.5365889035298945,0.4590560009744666,0.611956082183565,-0.6347377429212373,0.2776874453178234,0.8019678242780925,-1.1246225614126035,0.6595335964105706,-1.5090552620911308,-0.3257055793836674,-0.6972136424015483,-0.7591803880111968,0.5670247652072968,-1.4609325793012686,-1.1812152196270327,0.19084355650839183,1.0888732293160646,-0.9579202651289085,-0.20434958964808425,0.9382046854532448,-0.15028749409376677,0.5938597179845031,-0.5111717246662967,-1.081749924477012,-0.10916762895134936,-1.579276259244391,0.16606940821036442,0.06245362299997066,0.04159864858508183,-0.25152921672390366,0.2794708086894129,-0.2581687497714502,0.9069693975208452,-0.7582175274596846,0.7834975078599962,0.6311603612399876,1.268773312136345,1.2929713786071,-0.6390917187766425,0.5506560025133621,-0.1968169264942781,-0.7409223248847405,0.8053478897852242,-0.010398010771251742,-0.024324288024214186,-1.4230454691431622,-1.174805926865592,0.5811125098687902,-0.28073528599245257,-0.07580467984472519,1.2293054608266942,-0.7317904909172029,0.16877396431949804,-1.4507841895087354,-0.44137676017017186,-0.18592080973017056,0.8908087176548254,-0.8059434233944859,1.325019127548709,-1.9240037932034033,-0.556540033710286,0.028315673387239094,1.3650631825216855,0.4492645148610255,0.5523378363445761,1.0046405352668664,1.433499588180759,-1.582346526504284,-0.47140151131903535,-0.11046715273109473,3.043973950851599,-0.2554407544288321,0.16274960614887507,0.3598193905788675,0.95415902365053,-0.17454965502246203,-0.42072440243112486,-0.6577338861109725,-0.923096931395503,-1.0176481795987438,0.6706576258073683,0.49438536642694136,2.051833982951216,-1.690363460576954,-1.3502870113748926,-2.5350441357056983,-0.47514966837191297,1.019204438187472,1.058809819657162,1.5615339436697893,-2.3754021677852384,1.4793368512388527,-1.8924820633336141,-0.24022662441762516,-0.29064187872231806,-1.1016157242577855,-0.8981464476610134,-0.2956565844441865,-0.937795138142659,-0.43802602499100607,1.2090865715935433,0.20569820973997024,-1.798303385561321,1.5435087672761525,-1.9764471769489864,0.18747134507637192,-0.037513739840128596,0.38966618811492515,1.221535586548133,0.8055232448723897,0.4971047857832731,-0.42888551643873085,-1.8430667006514505,-1.3865597121903244,0.7243449791955927,0.994904153941438,-0.902845296808091,1.618275659417887,1.827047250818979,0.6700874628494418,-0.9152052134951546,-0.24550456890763755,1.4329326546901908,-0.15268075629933187,0.33380753540055214,0.5711389242062769,0.05366230029580374,0.3481757768760069,-0.23861521013931222,1.0502452561617062,-0.24095876301551494,0.6919126422409909,0.24381111020015983,-0.8353632651139606,1.6701431063161658,-0.30400969846110093,0.13588619799385432,0.07950775520745756,1.2417702746503056,-1.6048526090320092,-0.8569795472341799,0.3847966645690553,-0.6145639208151957,-0.29238179994689173,-0.722624836339752,-0.29147347438328297,1.8874292870751876,0.5878557545486357,-0.4087620776001748,0.9078465011493797,-1.0208062303850107,1.434680158860938,-0.0693291975898894,-0.31633003193904696,0.12474243348751968,-0.0713856497222633,0.6984921112714667,-0.555681173914787,-0.09681436864793257,0.8313641008820222,-0.21636566133897694,0.7600004881717715,0.3207680659809361,0.8142545659360121,1.0479067927310401,0.02124321305475102,-0.18100326461254784,0.5321422523833896,-0.8676662078555708,-0.481920638990946,-0.4476558595044202,-0.768419434400085,0.23227582425971188,0.17159691705900476,-0.05067055776597051,-1.0921704385126947,-2.247909582922584,2.325848153319007,-0.7076923069250171,0.2953941374351978,1.401099951072716,-0.6366962507024633,0.7719362365826992,-0.09016001874683235,-0.20863730021312052,-0.07458470432225225,-0.17352571002496686,-0.29476949305533734,1.5563356045407655,0.30008647027012947,0.29493889744387336,1.3630252055647123,1.132614508263823,-0.18510829966018608,0.14313769274585264,2.0921833073607092,-1.1735572908511762,0.7617729700623799,-0.1387260379263652,1.3616998003800007,0.35100535740303207,-0.5688384846324466,-0.22826041004862208,-0.5760623047130982,0.955269870702545,-1.3621175747555847,0.21188227491503314,-1.4030026710638872,1.1275312019892274,1.8269601535399385,-1.3117222078185822,-2.6436891727692333,-0.28741027398134633,0.5556154592014839,2.5503457220181445,-0.05462325961505474,-2.12735052427561,-0.11737122776527634,-0.6991697577309721,-1.119889415535241,-0.8894593582242899,-0.22394516780245863,-0.010261865696453668,0.5237838000069878,-0.09130501931068387,0.680447457859343,0.5122341312358271,0.8837000497474435,0.6929014781660542,0.048767502509928826,-0.2290879479818198,-1.2115525773787605,1.3337121451009033,0.5372571569428405,-0.7321602659202398,-0.8664995471433488,1.4924703585596264,0.32728894739978215,-0.18931695607883303,-1.4564807486082763,-0.7520674486001899,0.37836301551864654,0.055931812313891424,-1.5254716895603,-0.5500815232540661,-0.703796925555308,0.3616414688178305,-0.7549388735723395,1.238434171857887,0.05019631461837927,-0.6178445266473344,-0.8467841281571998,-0.9123544602034293,-1.117800869141587,0.2584204393435241,0.46532752281178236,-1.296936786596469,-0.465526806239145,0.6872725415288877,0.15289664486964405,-2.027811668750228,1.7873262842620048,-0.40457287759690014,0.21965110170430963,-0.26345658302213537,-0.38764089611041386,0.36002934826219013,0.9974711550121081,-0.06788660969412391,1.0367536955725036,-0.5076082586832168,-0.08963552331411401,-0.9289311681129634,1.5118920187486367,0.6738970187037638,0.7005583488469027,-2.1180109590497715,0.8663139137137659,-0.5184943528984318,-0.859438670685122,-0.847430436367028,-1.2517332132871808,-1.5334874337891817,-1.3987740771502783,-0.5133539885272982,0.1803642639504512,1.9399954746199688,1.1223811009435776,3.051155956847009,-0.2385262371431211,0.5379995894964593,-0.3848825181991028,1.842268929102649,-0.22495889492943671,-0.7586849282029321,1.7404397701793177,-1.124142338506249,0.3684421981381024,0.46129614774879246,1.0648545521213688,-0.6971781982469801,-0.6675935286731618,-1.314498465997709,-0.05616813951303094,-0.23481339146778696,-0.31792661269578604,0.5485257999064517,1.0376272312328207,-0.30943624066076514,1.1002573441536299,1.294892799423298,0.2901694251729167,-2.2693922322488196,-1.0513044212670668,0.6647920912206132,-0.6368458249802724,0.18578615355679529,1.000133225051076,0.5802755942074135,0.5428885452814503,-0.4449297525690565,0.30092570035618127,1.4288626887849676,-0.32455428232840305,0.6599591521595,1.1872042350568293,0.9308824694827901,0.71899099970966,0.2676325645262396,1.1131593882809905,-1.0633374700825593,-0.781761656121129,1.182445119680997,2.0559919800538786,-0.2571717515567702,-1.2903116287984098,-0.331185525706382,0.32844893406832887,-0.3565990946535744,-0.23098912434889496,0.9652291346150017,1.16224033233185,-0.16735787645070258,0.3888101233644281,0.05242030971442478,-0.08573012859034783,1.4452255775559908,-0.8811326536473805,-0.47183674262635555,-0.5321931732060649,-2.114257592746273,-0.6795200828895241,1.9045797531160706,1.2240062527976379,0.5340718283509541,0.3715022170641839,-1.5819583092975094,-1.666477666011524,0.8022853913258349,0.33915492509216527,-0.4369356125647764,-0.04320322443366184,-1.4564961946980457,-0.37010518099021733,-0.5861474819656379,1.2190583258966057,2.1609056111078484,1.540495681526083,-1.1055061176350498,-0.08444582561625535,2.0976622226391215,1.2344245555829836,0.281881743237389,0.5998338980213513,-0.38244707322062393,0.2902312860207758,2.3524607262494537,1.8751679216821058,0.12695137731529377,0.26826201859824017,-0.4824494952544754,-0.2959560169267265,0.44802403369008625,-0.14324609507689207,1.4584940347329567,0.4398381275189806,-0.37523962711758096,-0.5282400376501557,0.15820166132202668,-1.7549300576075633,-0.5278521723404372,1.5873215332061368,-0.33719013632723405,0.2550101065482324,0.4605560837156557,-1.3634853544112897,-1.170873146516909,-0.4106637722832188,-0.7414772996042467,-0.0784454643276541,-0.7295027151577609,0.07139103402721224,0.8227474115108497,0.7082583884182057,0.3443690505939263,-0.5599619457298713,-1.805464387590786,0.13344397883840456,0.21222148996918888,0.32724336816098354,-1.6740489599440427,0.9082664336197172,1.0226598266900901,-0.782484887564789,-0.2906159096539376,-1.0039656981869745,-0.9988687414770134,0.1982686695928968,0.42452844393670264,-0.12191280277788943,0.8217799403074546,2.0086748350424863,-0.431404862957903,0.5289525759050789,-0.34499842709600553,3.466776407449227,-0.04420031307941836,0.7101380113740192,1.0850190855397923,0.7370954603153665,-0.08263714127154678,-1.9358934703210202,-0.2253226867541222,-0.5126446049976436,-1.8011606332626995,0.7311898711010038,0.3791800458274509,1.0988568892825312,-1.4591894793974607,0.5845238011965009,-0.46977619735917486,-0.007149062232615213,-1.4064362947653937,0.13087180169289675,-0.04389902119677389,-1.3040883877281828,0.04006462725497316,0.9723434900949317,0.5539602032848725,-0.7149399239909966,0.05602769595791489,0.03338991449760952,-0.15622528983379147,-0.005010542775821067,-1.485469896010202,-0.8578473261425045,1.594228231611821,0.7240546464268144,-1.248620136632962,-0.4638552550920271,-0.6364026176150412,0.6429573545005551,0.85627548963089,0.3612657183941389,-0.775182706530608,-0.3132500000938614,0.43726991479078536,0.7168663760933713,-1.047255777581474,0.33546911799193024,0.9576721315693488,-0.9120372080472045,0.12999276562163475,-0.0733742300838625,-0.9090621357712053,0.045113239971881824,-1.3198291981462034,-2.0651805244848345,-0.15233655984065184,1.3331172182557847,1.21372616397794,-0.14943092101077196,0.4223181758478837,0.09959132388075986,-0.3792100021054303,-0.16143098118679364,-1.1716622442444602,-0.3476194200219528,0.2598354484214241,0.30331943463797706,0.188402792324304,0.9774791394501582,-1.001666508070415,-0.178160714158103,1.3250323786684182,-1.4274428477983812,-0.06704330562711225,-0.4401002632737951,-0.4584022344908563,-0.704661825378357,0.8590887781886317,-0.41847769192962836,0.5031493683130657,1.3357622165144003,-1.2736424309797587,-1.679813676184121,-1.2873780387955303,0.7733700260527306,0.19358374288766275,-0.6365083986152772,0.5925890177821516,0.483049894946149,0.058100163140304036,0.30601653388408107,-0.10557509874285914,0.9819524424183835,-0.3630473190611858,0.30189927653971943,-0.04377063283355784,1.6573255198953072,0.5281803598548533,0.46863199588391485,1.909512985132247,-0.4457764557622339,0.7051701383379946,-1.2176292735904326,-0.11172191060148381,0.6519199249978515,-0.6172581393944281,2.567987690542401,-0.13610078751759608,-0.8660712125906287,-0.005251867296750368,-0.2709881333069967,-2.0204087345442705,-0.25367411702547293,-1.591889274404123,-0.24860815731108626,0.11277210081587555,-0.024662725820926552,0.48784188073027157,0.6321774680078279,1.1097055970647223,-0.11568103205419467,-0.36388499234821536,1.186048898614578,0.6429265915443675,1.1882092178166521,0.5436675993777563,-1.6002302048682857,-0.30305254994012215,0.19912571205067064,-0.8681012354030293,1.6061916570144867,0.20423560295948384,-0.2974323758836494,0.12763054983225022,-0.5470325354778269,-1.2046501926045556,0.37647595731195094,-0.94277311521047,-0.3951645722629489,-1.5934380413551945,0.4494956126377952,0.41209344758190053,0.5549329415880606,-1.4380344493896873,-0.8637811564974113,-2.7970106080643653,-1.130592053797672,-0.46999238025245754,0.19755858606199583,-0.8102553326796478,-0.18549194260717178,1.0779803380118222,1.1510802544914165,-0.7771089534202484,0.5279864590995043,-0.9780447477469558,-1.792952608587107,1.4707630120146844,-2.3227565288597525,-1.9622707980519318,-0.7109044487228213,-0.5062205982255025,0.043436243873995,-0.6081247998202687,1.3754704423465738,-2.674783656842512,-0.20312308947305915,1.7619690087677575,0.38853285127853254,-0.846470723972892,-0.06811283907379508,-0.4923162520097462,1.4522103887034075,-1.67445548588359,-0.8629363300024675,-0.7292564199731121,-1.8945047065585394,1.1927888755126395;0.2362900259835906,1.9946244811615927,-0.5585526405559044,-0.06901861641236601,-1.6705775126868163,-0.7436941135031268,0.6254964490636225,2.205225505292675,-0.08516659581222506,-0.782981590354701,0.5178431672581352,-1.1047075493524692,0.9687422186772603,-0.6998599970096094,1.0148178417324936,-0.43264633440275774;0.6510306760537359,-0.5507166033630627,-0.644885581716377,-2.5531181094574342,-0.5276591363203951,-0.5895080444977306,0.8806550799792064,0.7548104802206267,-0.9698752609919439,-1.9460539211042673,-0.20637003320676617,1.077484647805443,0.012845471005890743,0.29489309340963504,0.13811090650337715,-0.3058147896024018,0.7608958773493061,1.6581528728987542,0.844954407308742,-1.0747681563139746,-1.8752582039771677,-0.3044441513189854,-0.4182682464937342,0.7064619775044858,-2.6907099111809276,0.38416461181617567,-0.3087117014216495,0.2746628081812414,0.6375732844942483,-0.45792753480545306,-1.4671734652154282,-1.229421245140585,0.7863858776076267,0.34732724130241,0.7062940953149794,1.0407822224800412,1.1607487976969828,1.611691883445497,0.9890118589934578,-0.8032513097837238,-1.1803161468048042,0.5462063296118236,-0.05381190355601551,0.08055630424367533,0.39610656763790275,0.8655044164436185,-1.9918136291583353,-0.00618993075802933,-0.3429299538450117,1.2048227632232564,0.6378032047057777,-0.2746186857531551,-0.33186465938540344,-0.1675264079091085,2.0865844058586243,1.063781817110178,0.24725538607450262,0.6909550222347042,-0.5576470840625078,0.7174933154104487,2.32070164387694,0.6820813369001284,-0.4634048963239417,0.4194089974670489,1.1570851707944174,0.40400234056714746,0.4958168361501687,0.9262510675723032,1.4046879975422373,1.948457948076014,0.2664035925043492,0.9363720831554996,-1.0724774763765046,-0.9589481766430141,-0.8083598279291901,-0.07112865251897943,-0.9528645274111798,0.3640904259790161,-1.056048871304078,-1.2098984930589871,-2.292023147111668,-0.6167743822498676,0.6921625154254444,0.5637284414611805,0.9789740323861201,0.028186641470911045,0.014747984528210994,0.30857319135067474,-0.40406027463256916,-0.6299258887103285,-0.6489102308162688,-1.080316921871863,0.948222710994822,-0.908697240151968,0.7085219182450373,-0.4806297881468701,1.1256326321908012,-1.4117363612376423,-1.5258402087379104,0.8795454209302792,0.7416356221763152,-0.7914656488916065,-0.00301315150892581,-0.628300171447006,0.10984841486395015,-2.245365821791038,-0.05159906848376074,-1.4164138679491107,2.601657623470129,1.7340539702988873,-1.9228956529241017,-0.032881528407637015,-0.26698630646432464,-0.5941997874101882,-0.3223282021424052,-0.6102590899651553,1.3559411874647942,2.133678761395793,-1.4224109388923585,0.8130382036779686,-0.9233188108016332,0.5753236002897507,1.9211582395839442,0.15743269325477058,0.3671251941859572,-0.5186272761450769,1.1033502464531635,-0.9463264809709793,0.462823340230887,0.7788064699170125,-0.38726790384298826,1.4749981682671849,0.33832354423292466,0.40874617841428085,-0.10021914322374438,-0.2647973584158752,-0.524210114232531,-0.9920373949680285,-0.16346121115920573,2.919084990127069,0.527283390919786,-0.9376896976819611,-0.48990103900330273,-0.6019695749592436,0.45239975132305676,0.25834586502463885,-0.11822212464882535,-1.7735779552050401,0.304924546723082,-1.2064392299468565,-1.2645270752796833,1.0085478158170855,-0.00674023330535585,1.0827281150761447,0.08511564718522613,-0.7868407298324723,0.5256762530175747,2.0051038847036664,-0.6504404267793177,-0.599554594285262;0.1113955652485279,0.04166310056243616,0.3518267291649979,-0.7469675547943808,1.5042703262718164,0.16327354144992345,0.5373394600085106,-1.5596618715961437,1.1143270985592808,-1.198755776360962"
23,0.7556225836207039,"-0.18158050552532684,-1.3643069030330541,-1.4499950410931965,-0.17140940518418185,1.8361869108611863,1.2400239437707885,0.6819151811239136,0.08484269407126652,0.749221564748958,0.3784885101541782,-2.075618680528369,0.5018367155712844,-0.3896602444915182,1.428316759695589,2.0686190103519118,0.7441343306236153,0.22073532996336778,-0.9730809053624125,0.6095824921735745,1.1693544763708983,0.3141736104183227,-0.6399464682622966,-2.3270438405507448,0.8336224037418551,-1.5665404168514179,0.4691205997497898,1.480539342329634,-0.03702521079649096,0.7992503725579191,-0.4073245648972813,-0.04148158869140127,-0.1608418160355885,1.9896190697404734,1.5546705484168521,1.1171274654937853,-1.2660712696441132,0.43587624362357125,0.5088569328747103,0.021081422138511326,-0.7111641552832081,-0.4569962027776511,-0.7644441576138923,0.005238000443789661,-0.023001073769625457,-0.20357925071925262,-0.10966016692103561,0.09395948805949855,0.28899006841480773,0.05472102544018925,0.5565890177741653,-1.6646071551678219,-0.4223204417521944,0.25772551519726405,1.0393235870754634,-0.6542913756868384,1.3712399195509453,-1.2071683169791707,1.1670955331989066,0.5482992710297976,-1.4070020717306613,0.09506867059611177,-0.6883138749028282,-1.1748334690759306,-0.23956649403953723,0.8602975696575761,1.3781650327619144,-0.7087599149819327,-0.6425429230216938,1.0025958176207603,1.2903965632515138,1.2392900206249864,0.580395447040208,-1.6947563504194691,1.731905393169735,1.3192547000584525,-1.0084812456806964,2.164901399233503,0.11867480252961204,-0.742642720679313,-0.42602108045126713,-0.2536113476952778,-0.6642103855406162,-0.30229210459134,0.07033251513670247,-0.36378542674536246,-0.06611166657038017,0.41857093644905863,1.7479623936787696,-1.1430794388686416,-1.7720250885495898,-1.5758175991881522,0.10525393748349265,-0.6731941870563589,1.051305342998753,-0.0015021626843460673,-1.3546632476731368,-0.5668543812503442,0.11981467069769385,0.24486114757177996,-0.9345830560335374,0.11212729324850948,-0.08662156919124406,0.2892704156532051,0.5370584214270037,-1.3422040481911859,1.0924355767948952,0.11995052269016879,0.961212327959386,1.4342680771734098,0.9885083749975764,-0.06866558925083605,0.5001686486928363,0.8298223641103321,0.9662978901654452,-0.08812102441913447,0.4752381672565751,2.2652898616912247,-0.8836895936893974,-1.4259031908240083,-1.4389263328352007,0.8266627066990616,-0.3445218402990012,-1.0743136648114746,0.7218965020307099,0.4514545959937244,-0.1930341907457602,-0.5653441069584118,0.9569926572840695,-0.06383084436667855,0.7301137449974847,-0.14786714088747427,0.8608991272081792,0.7677126190157958,1.2148652522492474,1.0115982923647353,-1.1569256513460786,0.9939807015754898,-1.3954361901325718,0.46970374419304245,-0.15264632420638735,0.012736734953447376,0.45645958794725916,0.7388131751533833,-0.7606690277746185,-0.8696282656379356,0.43476145642166436,-0.21506264760936245,-2.1395821642665256,1.391372001651137,-1.5685177426592252,-1.5219322342120707,0.43551946899154953,-0.3803906509249821,-0.07226559970884795,3.0215679728315483,0.24793184958517794,1.1407996358579706,1.0040117625701956,-1.0260101905427503,0.5760676035685834,0.6548989187020988,0.7267105435030066,-0.322096851218944,0.9722478859646478,0.6802638216532915,-0.2989577994040215,-1.586858256866749,-0.14131987953476133,-1.8802504054645985,0.7465562287004746,-1.7811756246901818,-1.1778322474593161,0.3227373787136166,1.190198470143786,-2.327572690332925,1.6360208121983606,0.1210147157374448,-2.327417763724066,-0.9897487963809446,0.40223953848446564,0.6202845998301094,1.6698465192819625,0.8591189462877833,0.858246211255363,-0.32177591417428386,0.6974200968005286,2.006516332787186,-1.7246928685250535,0.7093538577159106,0.602186945031695,-0.5261958037335729,-0.5466948259244254,0.8761946107207281,-0.39692684895936925,0.2345420342756071,-0.6203357774675143,-0.23187884857961158,-1.603083437023424,-0.3157965665081073,0.6297608321914848,0.11858271389038441,0.992329402922605,-1.248197832540579,-0.7232186397468049,0.32012264393627754,0.8130153885372714,-0.01858779243823036,0.07286842488062711,-0.14041571286979876,0.37893110684954556,0.43728084902951847,0.1487680445819714,-0.12623720125324445,-0.1318401705696789,-0.10423219765197962,-0.700979896752255,-1.4602946755995632,-2.8210980124535876,1.3742431208505446,1.239537393029583,-0.2877814153004936,1.0506041956217018,0.6845090323997947,1.23785378643991,-0.2884467811481924,0.8532637182889939,-0.9052655751903536,2.3658781555338946,0.5148796430496674,0.24389087466981993,-0.8392521527571593,0.3436956359810558,-0.8982214642247199,-0.6941171982839709,1.087558335328619,0.9096849226254409,-0.025582951293840153,0.3173639725535562,0.21658011290968004,-0.4798410608279873,-0.34640232977991536,-1.0045091012109233,-0.5673099826521677,0.22317007511140852,-0.9548436792912472,-1.3932714796798062,1.2950272016499869,0.24104417741131845,-0.4075778392226217,-0.2961361367689192,0.3158291761631019,1.301366035359392,0.35428131170839294,1.047222387249807,-1.0435016300211395,-0.008911886331800872,1.2487778343259013,1.8455395145889884,1.4213127770953933,1.0708518822098827,0.7041444287736359,-1.3400822567898574,0.20881152397397484,-0.15302078436146332,-0.7026424573293314,-1.1171596390007557,-0.12549508334646448,1.4208415116528865,-2.1162051934214423,-0.44901634014213754,-0.004640126644541651,-1.668545490378722,-0.2774550846887355,0.24551482141300593,-0.7988104841952016,-0.13804038256850343,-1.5995467927449831,-0.9208835605492469,-1.1840085442410058,-0.45873726593834085,-0.4909825824730959,-0.36637642734137105,0.4510271908160693,-1.245302255256575,-0.29382736083198596,3.9738819250135107,0.3340507917008188,-1.3989492514191557,2.2266501874708657,-1.0781552386492488,-0.1957806001829943,0.06769588945827909,-0.048624111399233796,-0.010685878318673528,0.9944382169431978,1.2336218757024386,-0.2563265712119258,-1.2974324705312728,0.7351427113936194,-0.08177887253205696,1.543698886212474,0.5376629928927215,0.20060446658824624,-1.5560241602511282,1.3409533506131437,0.7479435486014812,-0.12942480692822506,-0.19077434131789417,-0.3489062920546123,-0.7556070319448721,0.76904069367295,0.7143935303137906,1.0277163311341346,1.0371198137963833,0.2789865652460216,2.0377901527263385,0.6292034477388643,-0.5592166886036796,-0.5766930386376559,-0.018201810621952082,1.0572527505269487,1.720764176274948,-0.610071487555148,-1.8978830591102718,-0.7737036000738566,0.367692721471118,2.71475302880173,0.5980626772244241,-1.7351640223989326,0.37841319807475016,1.0526097553107554,-0.606444073230348,0.23800477654712132,-0.043877769341433503,-2.6158160948497247,0.2986437274540886,-0.18798226676657503,0.05231354985985582,-0.018687656667671207,-0.6003577780957455,0.19876841076191393,0.12790750222134833,0.31220173661117484,0.5417849106071426,0.03764997750639627,-0.41769132032166456,-0.18509185271667644,0.44939501620741695,-0.5708534509976153,-0.47568837187927787,0.011664491551896729,-1.2045315757328123,1.8931099916501466,-1.7130496985515795,0.05913461768862224,0.3169372127759839,-0.92811046181419,-1.7785475937943898,2.0208617459237743,-0.9375630763151347,-0.759002768178737,-1.5912684267120016,1.6527827840429536,1.0188208006418094,1.0932824498768365,-0.13121845976709065,-1.1822359623775793,1.018945214841253,0.03398490288402839,-0.5498269967326237,-1.406945970707115,0.34182452158513105,0.1450996877120448,1.7476570608304396,-0.8750630618706365,0.5868961774483341,-1.241634857445597,-2.42613712917209,0.23992763549262686,1.2073964184729868,-0.19106542767951315,-1.3396583662513732,2.077207968958967,1.695551469923379,0.0833920025081676,-0.5231913226897648,0.24703615105689422,1.1835956330074047,-0.801516646542298,0.48863540517712983,-1.4677328646604095,-0.9584556026631506,0.9940720025355578,-0.20559612398728944,0.157051222976195,0.4573034515513385,0.455339942869035,1.0991042095983572,1.9968564893480862,-2.921281216407551,-2.238463870826755,-0.8732812228352235,0.7742407255271608,-0.9798423172421171,-0.5524194220562132,-0.7894841395282198,-1.7424129033765878,-1.0754701274538505,-0.95675972025115,0.0643721440205533,-0.8936266239838191,-0.5769371672669974,0.42813432499074433,1.4433230614996133,0.9343758151165842,1.5864352683344383,2.564011084604734,1.2794839512958391,-1.9840667774642458,-1.335924493602249,0.5077552804799864,-0.4226697473077107,0.03256622303105311,1.1346524637179651,-0.6981672661260373,-0.7309148449249865,0.20593220720370364,-0.5032529343216874,-1.4950942462109194,0.4854272100057814,-0.3621777518635263,-1.4068941289022248,0.13620363021964998,-0.6760457228659822,-0.06348735308130304,-0.19503226364341428,1.449215775452062,0.34209515322909856,-1.9200094742562568,1.3045526054446852,-0.07354368198536175,0.6744105239428345,-0.3101285569870784,0.23440369860983123,-2.269950532204394,-0.3041118650141126,-1.8950626604318996,-0.5437873176357408,-1.2391049674106736,1.724108822502318,1.2653405760544874,-0.08755464515170179,1.1082361876892661,0.6205838251271992,1.2696605327641153,0.21957962474370374,-0.07768427514587087,1.390352097714672,1.166998931566363,1.6927904574473798,0.5982810159056713,-0.3465257956122183,0.5538193166753482,-0.6790966803150925,0.1126549648860895,-0.79446726983108,0.5833785483326084,-0.9025670848407362,0.36619061664468344,0.7277134213961978,0.34275942466144893,-0.33158064934972464,-1.38375833342239,0.13107511868300376,0.5847399781576241,-0.17670531720611068,-0.46679972419610666,0.7830766753579976,0.8204988321972119,-1.5433086382194636,-1.3812393626935147,-1.3387606967868673,0.30852771185436145,-0.0030429441060745473,-1.7814041301138939,-0.6018241376341515,2.592355736889294,0.41263263242241466,0.8939665667105207,-1.3853175416634287,0.11514638744222988,-2.1492997642377887,0.2988286234557817,-1.2002052482482863,2.422593962052104,-1.1448002988797756,-1.7899340909215706,0.797234378125497,1.3149233876437312,1.3508928733586796,0.5130771381498876,1.8658271749052155,0.813986283623471,-0.9824260300032319,-1.1831533761487298,1.363697988209294,0.32907665352441495,0.8451428924608096,1.784877484877876,-0.3655828710440321,-0.21221992172607643,1.2394241708416054,-0.898583247037289,-0.48550881693115394,-1.563849263938152,1.4408392007019624,-0.47900708843075335,0.22920225303013614,1.2534912120509005,-0.8472365731591529,-0.6537110319564701,-0.8691318694616315,1.6035195010136143,-1.6821155036909188,-0.5963343470517228,0.09262058925212885,-0.8705815576829463,0.2341649855890241,0.6152003643298396,0.8682796811682325,0.5863103958888775,0.7165981813165117,0.8716353019525012,0.3496953286582253,-0.20544581979323878,1.8157464557840939,0.7900173284918938,-2.0220852984144653,-0.7082081977328375,0.4047766564666359,-1.4173772218468594,0.25028334998020463,0.14483824465210407,0.3898582988753041,0.9575697588074215,-0.7449916682386593,-0.23025150857659785,0.9057449714088207,-1.2902193687903116,-0.8951253244940843,-0.42828281132776636,0.25772605005237936,0.8583831006543169,0.930564605746381,-0.4845512588750435,0.8112647150556251,0.9023299571452513,-1.4144090258963755,0.369968225741244,-1.095078325676148,0.05982386561406304,-0.5393724380392615,-0.08820062209595822,1.1048020854592921,-1.4941658676461196,-0.49726642520761066,-0.01629901719153201,0.5798719443607077,-1.4311164544011914,-0.7654636514428597,1.1914824456373088,-0.04560889582040003,0.4095433695938018,-0.5404506745529462,-0.6727169593460948,-0.41049329449684174,-1.4723045494392875,0.17398991227893867,-0.09241529538930827,0.3483778854276054,0.7173680687461601,-0.6831224348600007,-0.10897543088420031,0.5526508522878317,-0.14413287582343717,-0.051247441973217386,0.7689416927895072,1.6090589523251115,0.9434162407900701,-0.2885059596125304,0.6763826389639205,-0.5650834721164393,-0.6350036255795298,0.5970723985478534,0.08044339344416662,0.3027679058377909,-1.7607143394374472,-0.8997381191513805,0.3269336649285508,0.45498142991287815,-0.14766522164935472,1.242380657864056,-1.1871538437480114,-0.2728341065406825,-1.6497224238574895,-0.2353662670824972,-0.5279198705342059,1.3059402847825887,-0.0059812858312005834,1.505537526351303,-1.5121877022191672,0.040359962022881654,-0.2701361102429847,1.4029284379276754,0.24227911215863102,0.6871796520100788,0.8997328842013563,0.4934705502197514,-1.4400868566061409,-0.4011604750133797,0.1399113009243251,2.565813260440698,0.09433055970239079,0.09576090921408935,-0.050785438696605796,1.5272048043412134,-0.08519392264107624,-0.6016474295428706,-0.16468387294046843,-1.0882057334707467,-0.2772375467218884,0.9197166262774384,-0.024222361118540675,2.6468704240816066,-1.4188770188602124,-1.186278409380068,-2.1027156915110883,-0.46987405563437173,1.3092433651319284,0.5953435921610745,1.416346292254402,-2.0599186557728926,1.67837971682849,-2.428067976436956,-0.05044576029945787,-0.4496955276075564,-0.5615653991131757,-0.9131347426849122,0.07544600908231325,-0.9647953596759236,-0.2774965829120725,0.9832471529372001,0.19564476098104905,-1.5857563310665044,1.8444675518937128,-1.363614022238828,-0.028185277237474562,0.020337369066649826,0.2257679989195385,0.4789758504821766,1.3972556111517929,0.1739526050119469,-0.8360454503972881,-1.9609143138314693,-0.7934506713373063,0.9678671443472684,1.125834096553541,-1.5443921894107744,2.2313624560084513,2.3643379736879537,0.9728297963760555,-0.5566690366625505,0.6231991916289996,1.458378299000381,-0.44043220637798897,0.13347249121952035,0.5991207332730469,0.2398010929812035,0.44248895540511124,0.04237603215132418,1.5283369273130598,-0.4173645044927437,1.756096288366457,0.7110258205957563,-1.2565836184985382,1.3814450118668058,-0.40573009696858137,-0.16773694487771568,0.01732383645857387,1.541061245575383,-1.1364057285022524,-1.2580569833913415,0.41033575075104917,-0.23812251415948676,0.09452437494394439,-0.8263762544334438,-0.03470555457927949,1.9872483961948313,0.21087433306148837,-0.2707150622584354,0.6424655923180751,-0.8097292103652751,1.0954011401553205,0.3879433500926101,0.06246256947874473,-0.029701363548499792,-0.5502646133918752,0.8007133273834606,-0.26149906294043823,0.13230575432909433,1.1232955682817707,0.30323797635239724,0.9587082585309186,0.2867779100218331,0.2709290567698319,0.44219232315533025,0.22556117723968064,-0.47763861850047,0.4918485052385769,-0.8535041513077661,0.14340250565564416,-0.8836849664490689,-0.45546632457603187,0.29251319744693943,0.4106976073145287,0.004589564359100892,-1.0719465909409038,-2.3668462343579764,2.399943988626068,-0.7029439890083576,0.2824563538616444,1.4121987075873466,-1.1462177587176854,0.41981013521455585,-0.2900899960398475,0.07895720548477322,-0.22626349621845232,0.2423868951150712,-0.8682172549013946,0.8069525784811566,-0.04385386344865191,0.2886513783072898,1.0630130903970991,0.4985401782956712,0.5808399935726769,0.6978672630919446,2.121328190061685,-1.1796575735546355,0.8392316116157714,-0.12424132117205794,0.619722916920825,0.6317925977749581,-0.24658960244672817,-0.057396392303302866,-0.7274645287839966,0.4798864666920096,-1.7319540753543958,0.05522129595563591,-0.9536117040260014,1.1146041700386558,1.9088747602031682,-1.40778246010905,-2.382143481624492,-0.7106947076382808,0.08618320425275545,1.9509682777060469,-0.07042827557506717,-1.585355314571915,-0.10100444604398284,-0.5246251833726241,-1.0305730151820742,-1.3072124456732512,0.22537770739950777,-0.20649866297572875,0.18652908433217133,-0.35041707057956417,0.8074938037074155,0.31475695258109293,1.0168093618200378,1.1586281586742666,0.2830260002020948,-0.3512558554514058,-0.9119254430667799,1.1029185856499972,0.45131203808637566,-0.5612489436900991,-0.8090628949943348,0.8307056641640678,0.18896177389499186,-0.4766871347062269,-1.750683575259021,-0.43188463154971446,0.7424061732930378,-0.14512274109379253,-0.9095852347525577,-0.5287229075155929,-0.8068535800718459,0.4528977066791476,-0.27938205836097035,0.6720335327374498,-0.5678243250914773,-0.25624163772143305,-0.5234675264560581,-1.1870023571951445,-0.8929755162034562,0.09329422276289309,0.40512829711771575,-1.0999054634582706,-0.03709632838774016,0.8436025328413951,0.4671897847091912,-1.5634410241579675,1.8967705752159518,-0.6571098735566092,0.4852818240828146,0.014579412565964261,-0.18161203374662585,0.3489108935909841,1.1698882902346277,0.04885114909123617,0.8617792826558835,-0.5782710270152981,-0.35098959856941264,-1.4268329575504874,1.8535432776395337,1.100684223321333,0.3638979822152387,-1.5196505007680048,1.4481291727015193,-0.5807756343315766,-0.4542392653731646,-1.1591465347653374,-1.2291660693163655,-0.9064543594547972,-1.9395700746674929,-0.6721061391145131,0.13987224303533458,2.357591426611344,1.3659006445260844,2.7021913054539,0.254346938295654,0.46875770735679284,-0.25028794566878076,2.036331400203913,-0.47875044556391283,-1.3883709216601745,1.6985770729334855,-0.9320644994231105,-0.048897992739219395,1.5065882052665507,1.0583356754085738,-0.952920691725073,-0.5892234556992948,-1.1266172491876323,0.072865864809146,-0.37775703393224247,-0.5646908293489157,0.10122841526798101,0.3960337651604146,-0.7822801906151231,1.3296204448513946,1.412439172869985,0.12815657477204623,-2.3111115894219534,-1.211633780599361,0.7257133845434045,-0.17425871823109917,-0.2860885936240416,0.7498702548049293,1.0702467493739258,0.4155569288941019,-0.5644541150568212,-0.13421565400520732,1.1520792675524005,-0.4267777481248869,0.3058082883706279,1.3553442935906532,0.6312324492502772,1.3687443120766842,0.5885169458228545,1.2459622154646355,-1.1139469930419483,-1.1922063516374724,0.8825547237927429,2.2211594656768185,-0.11318988330533096,-1.446237216546034,-0.8001815463107868,0.13898381586094735,-0.4751991669012747,-0.3764746187109041,0.6939150711458554,1.322961276531366,-0.4623166247404246,0.4300862472889991,-0.08815809305358463,0.1335525673771517,1.3391145737548555,-1.2895898224339661,-1.657296774691526,0.36807087760437174,-1.9265909566227342,-0.2021457603692932,1.5450607347696592,0.7796938487114832,1.474922004690306,0.3058609386732883,-1.6378745094004752,-2.102742485787335,0.5626325513775919,-0.5981196378405726,-0.42751195466384095,0.845963168121145,-0.7564956269621805,-0.5028067220722305,-0.6369611251144834,0.08146544158446306,2.0401071028243485,1.2833188767020398,-0.2779365145166378,-0.031377414335818074,2.078693247971148,0.714067244141056,1.1875468114474006,0.389755199417381,0.13996184319377344,0.1137377175622596,2.5638083353080776,1.898278377616856,0.7589225842683951,0.46996803255258635,-0.6919481308715124,-0.6268968304578701,0.2493076524879055,-0.5604965828070597,1.4901763830496864,0.3371865080133519,-0.388622490863649,-0.45418157526588504,0.01979879679590221,-1.3823193273504544,-1.5009080139664874,1.4338737850904841,-0.6441348014007313,0.3691602034264484,-0.029558307135885642,-0.9480625455424229,-0.9378779026988415,0.3143005980000176,-0.7395106671422335,0.14354894466676407,-1.156617192615271,0.38439466832289576,0.7988480273380483,0.16227800379199997,0.26026026112297557,-0.614600661844861,-1.2320180679968198,0.7451369345316105,0.1591740305428425,0.5787454467287334,-2.1508147062879552,1.1134859640219334,1.2606054676691043,-0.3034246858621211,-0.3563434557310391,-1.0809826062351444,-1.552671809130252,-0.1570186951594802,1.3449912379229847,-0.11682982117273277,0.7387933697912084,1.658613464730005,-0.0027328445666693624,1.0018679006669915,0.5871024496492129,3.519727224995855,0.1110326279210731,1.0569473727441756,1.6889462283767325,0.6812987108978056,0.26443996157823885,-1.6366910333292088,0.713119714731669,-1.0302076971773961,-1.362389000397245,0.39866033487878494,-0.29648118967161696,1.0529128966637549,-1.4559688722253625,0.3553821772188412,0.16515463514306405,-0.31857880369212177,-0.5044354133036656,-0.030110495170361046,-0.35748039212331983,-1.1857817354087292,0.20154183939415357,1.3910746783663048,1.1740552363801333,-0.4923821968323166,0.24026630620514233,0.04165862902455896,-0.5590004258807773,0.8781325704241124,-1.162542575850486,-0.867571402249439,1.9050082875144323,0.6865912541053758,-1.503295598048006,-0.8541913840755465,-0.856982714977635,1.0234683735669443,0.5674016300860393,0.19812520007618858,-0.4910725264807779,0.11584284116056176,0.3742343801591591,0.5645097524544531,-0.7543839365340197,0.4323227974873056,1.1391399206169286,-0.709553001374528,0.6458936757387943,-0.8207439966026037,-0.7463982169847168,0.122493308647153,-0.8291720760380186,-1.6109054530345999,0.04977214581078543,1.7204851318085217,1.0153028625319664,0.47728944648814775,0.15634795284200392,-0.4848828492611825,-0.6974370723017954,0.008877443523835432,-0.8158486045154801,-0.2155601623061635,-0.024851495117284933,0.06005240724732916,0.20826027246473702,1.1729723508652867,-1.2561686347291414,-0.26476808796987883,0.5419645906186206,-1.2892563817775136,0.045582638961971414,-0.5327942948909591,-1.3518372225156303,-0.6641861912987109,1.074462186351141,0.1825733667565822,1.0007852803991435,0.8320831835384626,-1.2778365617976744,-1.2497957546261897,-0.5963373964312944,1.2879252078353263,0.05949863186142854,-0.21263540859291746,0.5454169817431183,-0.26845642602474823,-0.020923278204084402,0.1844754601383329,-0.3438731021548064,0.7464506107926244,-0.41761279249289474,0.28801603348194543,0.2793930453494027,1.908007965385039,0.3996571602450455,0.5513809790003387,2.038321167783528,-0.8590321754345192,0.3270330234098213,-1.2790010332188786,-0.5083911234217375,0.9518979558678459,-0.2957674904007918,2.2193610231115146,0.019888356953621594,-0.7034821477692668,0.5282780097064745,-0.227348436092567,-2.42095075159644,-0.38331137650766345,-0.71853442554161,-0.18300622659199678,0.9656298618761507,0.4189354175530915,0.8100612674238377,0.5947910625678825,0.9585346931678183,-0.04945183776047317,-0.8919338253671275,0.9877589271708884,0.1324740052131856,1.117821470163078,0.577663430060426,-1.6142406192335275,-0.4290312056469999,0.22800212659777958,-0.5697518662698513,1.3093809425574545,0.38312449397008996,-1.073318926702228,-0.07620717050962128,-0.45358503814996676,-0.7030047338705054,0.02344047461942461,-1.1795160681436452,-0.9176099873432245,-1.1879050739584127,0.2044931704631849,-0.1911050483775155,0.029916292816253687,-1.2960498012714998,-0.17326018320067574,-2.383444777700444,-1.45994809726868,-0.36157959096727355,0.14272504393001328,-0.5358716140713895,-0.2706394249200787,1.5509454465362904,1.550748858599677,-0.5195978364349145,0.49207924290443816,-0.6152815195586007,-1.5484282790570685,1.1329119050375953,-1.7933974519157532,-1.5633209324420254,-0.36857378088094167,-0.3503867357975691,-0.5313736994831839,-1.235848425910731,1.2905041973875244,-2.550830279780867,-0.9570060522040377,1.1228300338951145,-0.1382239518992376,-0.8622478887429137,-0.4277258768979738,-0.69792260800316,0.9446311166317536,-1.3011812807356702,-1.1098950707020994,-1.0818153047488688,-1.3267133320354736,1.1283695391729964;0.1261116383030691,1.641998158245442,0.07545970024969542,-0.2973596431787999,-1.4544309194412128,-1.3725290238113084,0.373255567527474,2.4445997196328006,-0.47618570201146077,-0.7574350661709698,0.5273855553606079,-0.29712780166913333,1.3330679073035216,-0.536085312264467,1.0374430142674338,0.152418806358738;0.9032110396978464,-0.48165662059974645,-0.27744454088651693,-1.8967038095692985,-0.2841474811257609,0.26761087876269146,0.7474860640086178,-0.02327510777212491,-0.7094327882216387,-1.8904282768930256,-0.02807846874472332,0.9612345021943106,0.5132424297208468,0.3911761366276789,0.01743036342215723,-0.6680988043129601,1.138317871526516,1.887186431354989,0.5439828260170381,-0.8978455956591944,-1.2191703664873152,-0.6524674157295908,-0.6269263976331169,0.5421523936004908,-2.7806025600931186,0.29051097214594124,-0.28297586128656904,-0.17041438425361205,0.7743463767590562,0.3558323185201006,-1.309468491740599,-0.886364773769003,0.5197235693185316,0.8002760997499851,0.029672832504560057,1.0733076093884746,1.273455006246341,1.3553429490096236,0.8009294332700708,-1.0689850199400444,-0.8807493126520193,0.18588733375973543,0.5825527276814999,0.40449514509252993,0.06638170637356779,0.9913142155501474,-1.4249630293613427,-0.1423867886525589,-0.5076147028457518,1.6663660399850277,0.18901116826067654,0.11695466913424729,-0.27382279220508887,-0.40763271054188016,2.1606916354974124,0.9934054801715677,0.6896816041814692,1.1949884071121704,-0.5015724686729506,0.5734602461095073,2.052276416386884,0.7488398833024106,-0.698448545848689,0.8476531784540922,0.9666381381852086,0.677551848749744,0.5905568921623352,1.1910583616941854,1.5754111567839144,1.7498867936277287,-0.27069440897218,0.6462944443185547,-1.0407846414134097,-1.1250941268835217,-1.306652187034542,0.0038428613422021446,-0.7791573662309332,0.2151773322165268,-0.9236385106116193,-1.5765921669655543,-2.9116433641641444,-0.6457664932009054,0.855183865337642,0.6657681576479277,0.22546166885284533,-0.25431088014136743,-0.5319349425639508,0.24608846129989126,-0.3869795494641531,-1.10073672984598,-1.4335270910790423,-1.0359606824910321,0.9687825645511255,-0.9212009564729753,1.436667397922261,-0.4357226208769547,1.4311703987336675,-0.8481423459083699,-1.225909268588722,0.4914784763925012,0.7354897036253583,-0.7055245564718169,0.47059933846179064,-0.2715884209053583,-0.010533555819764326,-1.5047323519538804,-0.125665117481279,-0.9623693607477908,2.6638134827454327,1.4532061820873985,-1.9020567420061958,-0.4459061026258868,-0.33888112763291567,-0.455031199179343,-0.028720354537802292,-0.12105131183609567,1.075455502628162,2.2578216891143086,-0.9344015586878349,1.3331310698369236,-0.7483416411537467,0.5499131164855332,2.2660997503438858,0.4501201733573627,0.19996905871696483,0.0883171424778189,0.903107198027516,-0.1874950666116843,0.35947499020487317,0.8973543495130012,-0.27459191516521225,1.0934862561894703,0.8327438175711833,0.8720348703851829,0.28517116119525854,-0.1653443509674386,-0.5074246610781495,-0.9416163071073476,-0.44304734790754274,2.5087344093730284,0.3295724076087704,-1.611215512491875,-0.506922012116145,-0.5145519044843841,0.9313676811304709,0.7225946609982697,0.2125938605695989,-1.3021188116619373,0.294721880992976,-1.291198370313631,-1.349038306701588,0.8785059382384856,-0.46576870569225715,0.8432909497646202,0.3045960431307153,-0.680634332845556,0.4425497256380478,1.4700317762118096,-0.4377510663895411,-0.8243168233334064;-0.1862555300931104,-0.6544117384437933,0.1431381884075163,-1.0177025920878837,1.5950327645714983,0.483488859881346,0.6311538382746433,-2.076189357076233,0.8475576015329305,-0.7514640520870527"
24,0.7295814085448814,"0.06310427895083454,-1.3409834773567564,-1.1622298812456981,-0.44371940159668677,1.9718735596463117,1.2805003172977532,0.9873363197982425,0.3943301687228328,0.8319070439830998,0.7042091088019931,-2.039278763641497,0.3557800387257745,-0.11022606790569989,1.1164168732706607,1.7734423081464792,0.7494705982038227,-0.07487673871039123,-1.0130454173657273,0.5854773868574897,1.00948945837158,0.39827527919177663,-1.0307688086425464,-2.319057904588802,0.623072341063313,-1.4349551670210376,0.5398028195736374,1.3780924855442849,-0.4784488889129708,0.5850759919407285,-0.5517034692896028,0.02608127676452306,-0.04105358820542851,1.8605661907006512,1.706217731479231,1.066235908382569,-1.0915216511500707,0.6931333603103093,0.4281739205974402,0.08731135273449031,-0.8789853325597948,-0.810469997582677,-0.7803259112263702,0.31889712297752915,-0.3636719555231164,-0.009296121986194505,-0.2119193059647713,0.30167393014492205,0.4669699380283313,-0.38167222558312663,0.6547448315590088,-1.5343718580012808,-0.17114492185757643,0.142726158941303,1.240959908500418,-0.7929400420637382,1.5377062951360538,-1.176073149875006,1.0748498172665433,0.774451699747204,-1.444029349910408,-0.12109107228333044,-0.48756413473425453,-0.8426212601803968,-0.0924452335917692,0.9667386130931167,1.3282484864911424,-0.5489559225597793,-0.9855800028061469,1.1928563001319583,1.6250620647831504,1.3289151925379845,0.7588027147244908,-1.8099448703678789,1.539153802103668,1.5329786363961517,-0.7864853686582577,1.9024072359065554,0.2879907274538223,-1.02983543979085,-0.36793285216121224,-0.23694086327924802,-0.9452897852189165,-0.124896530526316,0.01098650248758554,-0.32804317087960966,0.15307910706454625,0.6995909579540067,1.7332063750399294,-1.091013350227212,-1.7128086585805964,-1.4526129384984456,-0.23881969124651412,-0.24598805940410823,1.1590466809442712,-0.25835642934636605,-1.2018668452142842,-0.5282734383434695,0.09452310235922212,0.45929344123216176,-0.9712408391565127,0.19561868923896053,-0.2423940755177857,0.48094953824348724,0.3060307925059045,-1.5466954294828223,1.0153018675485683,-0.1312632770556718,0.5816768782385522,1.3862012672190591,0.8482283134139958,-0.03097193262128904,0.3787750904003576,0.8161447469709047,0.975721988761427,-0.6043757843098589,0.6166274603679833,2.2530917924031577,-0.9161032736405328,-1.2295630604390073,-1.467751501321432,0.7270248743262462,-0.22169906207005646,-1.1115973033614686,0.9581566119445722,0.6602749772856017,-0.5209638470597512,-0.6871660154293833,0.7462955627926054,-0.3364980063851213,0.6260741709270298,-0.14488067626439394,0.769864252330853,0.6747214907729244,1.4724977198115872,1.0506802413165377,-1.294931253466881,0.8103467055943187,-2.0663140831940865,0.20696702161380243,-0.31524319757462926,-0.22211745999360716,0.2875571100405196,0.649231899402984,-0.8565353913105691,-0.775393316088382,0.5225396042828334,-0.29320590591215456,-2.248675536065688,1.381781833628068,-1.6933700089517199,-1.38106322807688,0.3363121572290851,-0.33448738112967047,0.14833227483032074,2.5521662922918003,-0.0195685403251483,1.072982227144186,1.0995183500568337,-1.145979442642927,0.5258414731261626,1.0433350799906442,0.6164626047334951,-0.4721268211849383,0.9081358991334587,0.5773171019015078,-0.26177551380641984,-1.416619636718364,-0.2652463025080475,-1.8984697746948573,0.7869350073030577,-1.3585079451625741,-1.3867434403204602,-0.027420999236444976,1.01915291379369,-2.2437974996309347,1.5947041391223657,0.4442893741487823,-2.617147853070733,-1.072153342016011,0.5177843586289805,0.5136446339364349,1.8025078570446655,0.8710991145079517,0.7624832004550174,-0.28018972392209995,0.3146264040553819,1.9608933970385818,-1.7830859991093069,0.5923101499763138,0.7539996349844458,-0.4524053621610707,-0.4849351660449005,0.6871819728643337,-0.2961747148134819,-0.14794809427182817,-0.2743828282043921,-0.2715004331354617,-1.4592811498862517,-0.19469790274966617,0.5471502222193116,0.22732249468116056,1.005637646522296,-1.2059701393538242,-0.8815001181358729,0.1606021814268655,0.9002631183637788,-0.0930847651075633,0.11421131618851113,-0.15247166058365824,0.43818414559324187,0.009319758507275927,0.20146815236591437,-0.4184404312228292,-0.3666631395794652,-0.191467946855086,-0.9999267767975809,-1.4517626996310422,-2.607614255096347,1.3019139578152554,1.2794490463800006,-0.3158396235740273,1.0262387321100188,0.539298711844687,0.8980604345701814,-0.18434852746785424,0.8556207325313333,-0.870521083603413,2.147403359177242,0.3907964076515014,0.35939333766580306,-0.5087882083041962,0.4820878460714716,-0.7441684159982489,-0.5624114916768693,1.3480497021043258,0.524213175081228,0.2566508640446409,0.43162228854537815,0.3666434521514169,-0.1187136212532871,-0.562616009686847,-1.0119966650436025,-0.46367648416946605,0.2724393886059712,-0.5446595853678833,-1.761446321717941,1.3126886779595415,0.23578786667368146,-0.3532493555337832,-0.43829235339614814,0.2730808795314955,1.399121409355623,0.5790087947462448,0.529732698449455,-0.9873991466690109,0.30102526875256336,1.5832978577602501,1.7781755074804009,1.756489658304074,0.9766972242537472,0.6895635546110042,-1.3509720652781867,0.07780873107177474,-0.09795410031759569,-1.013951363775752,-0.6661788714985319,-0.24013410963803233,1.457603085796726,-2.346504333743505,-0.25554537255566234,-0.023225817074393567,-1.65855519763582,-0.030985181160782128,0.12481351890952785,-0.7963706861817353,0.004228302659196548,-1.6768852520662378,-0.9768829332170491,-1.0864966640412916,-0.5739180282729671,-0.31014235257872835,-0.18545899625932072,0.6312605453040704,-1.3549270079802462,-0.3973037485029352,3.8873253744270437,0.8702373988716728,-1.347790961412907,2.083001905060446,-1.2343152660258858,-0.3592949389257239,0.038895452710253096,-0.21734086105402228,0.1490722131280329,0.9462230575644137,1.2458514650974402,-0.013764778079778578,-1.182380133261196,0.7869180380988199,-0.4282509740186159,1.4999760541297331,0.6842625168084824,0.15585360774806878,-1.2709761303591962,1.5453460300084794,0.6896636708594265,-0.14625841505550657,0.10085695238885578,-0.439681967843533,-0.6664382529126477,0.9733284386024856,0.7797557330594815,0.979505997254447,0.8447679094340489,0.18126702959759047,1.6731116381122721,0.8979332333651903,-0.4143700828006952,-0.42309472250085445,0.12550565139747183,0.8218910281792504,1.3700051375368734,-0.6491558430425278,-1.808660621916117,-0.9134861385036241,0.4836492101350766,2.5596455363624337,0.3954421111318844,-1.6119858645501586,0.22390996258881732,0.7872002609645415,-0.5115887768301732,0.21847442233254652,-0.13313569198812553,-2.4392705576237237,0.08550969181738943,-0.30276024170387134,-0.368937163536477,0.09349968254997595,-0.5173601651653794,0.14388400356590128,0.39345041451119106,-0.022089178418099265,0.6507364039973886,-0.03926253542252468,-0.6341349189339581,-0.19563815668574036,0.20064143026595557,-0.5148013614498419,-0.7903844210228157,-0.12509990630488452,-1.2911518775120754,1.7585389658206705,-1.425850202181629,0.07601571757443278,0.38956082080323695,-0.7627402524679837,-2.054699702198925,2.168119509003993,-1.0337066625119684,-0.6915923811832086,-1.6267627085121565,1.4866225891428109,1.0579524501175723,1.2428088006646552,0.012471443905147449,-1.1331892322878523,1.010072409967683,0.23670105187844143,-0.9048975448359652,-1.565269827953604,0.46348818755936977,-0.2790114473800219,1.7595982152341423,-0.9963380776405562,0.5816609903949759,-1.105902641542079,-2.5508624826196766,0.09450483816859843,1.209260837817822,-0.22700996422425934,-1.3617510028096782,2.234057750021816,1.4165610581959278,-0.055930634278880315,-0.4124266166288055,0.16066612977067876,1.0591797085297443,-0.673914248940755,0.5048447741410842,-1.3481655200269709,-0.9299300129010963,0.972729215037679,-0.13751381387773082,0.11308464079258451,0.48991076408059103,0.2773973947195925,1.3372946466551001,1.8359396682209415,-2.6395571501003867,-2.170765071204839,-0.794189202559248,0.7609323508061632,-1.0491578485147879,-0.7180063335964478,-0.6847315447947646,-1.4906341167409216,-1.0941846262398498,-0.6694962043001121,0.09054451171576372,-0.8272614684268688,-0.269667569108313,0.4257671923766995,1.6104064024912752,0.7899800155730764,1.2988043904408206,2.513768488822681,1.2538378761844613,-1.8474393541474496,-1.2768735088345577,0.5577659903945364,-0.5551177588732683,-0.2936739929457947,1.164911002724657,-0.6189691357157221,-0.5998552585074476,0.15421498400087064,-0.4372964000064641,-1.536568802697809,0.5631890731755976,-0.2297851943733207,-1.6710217880873346,0.2919924146938232,-0.5904059188534753,0.3365068132306819,-0.197362998884835,1.5757056725556324,0.37842213517613676,-2.2975049997526633,1.079875241046926,-0.29272885961544987,0.7955545968226507,0.09128879218250469,0.015613985229377125,-2.3008048402487646,0.07498656875357473,-1.7603465904846254,-0.6053469873867134,-1.3009233761323604,1.5627870160604735,0.7705542972778653,0.330762263975787,0.9216939808070943,0.7089980407272446,1.1645236574650564,0.25287653649472797,0.19082015270701957,1.5410095104204575,1.0816011878836842,1.5180278127331075,0.35278959186790954,-0.4269957719342749,0.2851975875605059,-0.6127345457514409,0.27458610937312516,-0.505268314490011,0.6381832216577482,-0.8907382127615894,0.4446013621561024,0.7155413291997861,-0.09418235953484863,-0.07278806363837285,-1.1014587070050257,-0.09291775838218214,0.758987192015483,-0.38702574550559665,-0.3664296411743598,1.3295843309725612,0.6806688819333839,-1.3732504274064663,-1.354370672551847,-1.469493780135486,0.10336190388582356,0.07840972895155451,-1.536095148909482,-0.37747901123417016,2.5290260889246854,0.49716154271707297,1.1767986963955614,-1.2618469258084235,0.028228514220870752,-2.249357417040763,0.4622941162057654,-1.5392090737579929,2.3869277981610098,-1.4499256504776936,-1.6391294535482532,0.9745627182500933,1.1891776541082473,1.299073414209567,0.2533310532413285,1.7564472528865938,1.2380446997428394,-1.1912018995942006,-1.1634542790129185,1.46298550217734,0.4455387408751609,1.1436654217070137,1.4858705733371296,-0.40846541192516256,0.025400143158587546,1.101733896365588,-0.8436830156225967,-0.36376333842280417,-1.5793273018507188,1.4154741770370887,-0.5577161015599621,-0.04322334995032981,1.4593693200113684,-0.33371263862560274,-0.5942353469857737,-0.4471489662976891,1.5159015161825915,-1.2691892720758364,-0.4722922584988282,0.4314399962269487,-0.8182050823779906,0.4171696902051338,0.5521497298993655,1.1740011471304728,0.72558008795392,0.761418564971754,1.0455756884571368,0.4434559634417181,-0.5413195898068862,1.840545751142286,1.0773900626541,-2.0441122084833805,-0.9852679488115121,0.4194033092307956,-1.6770603241743232,-0.14953823507996936,0.13249521022215782,0.7270040019522229,0.638170709724005,-0.5952571450808557,-0.26013387607852473,0.8233298823522532,-1.1072788289237505,-0.4721438351522731,-0.30287399072091703,0.5066192787980653,0.91433020305157,0.866971835137207,-0.23060928474773945,1.157523925083321,1.2223096581025583,-0.8567192722970339,0.5100945605845406,-0.9704596033345427,-0.005560301014312388,-1.0511475926116334,-0.13087929667361348,1.2142084152221153,-1.2536986527017424,-0.9128676149995393,0.09822423751234005,0.5424992762652742,-1.4719615343462755,-0.6330967102546546,1.2353666681990438,-0.2356023748533483,0.34490132988505307,-0.6685174794148484,-0.7376539970271769,0.03557757590257416,-1.323587175068313,0.19145970718645,-0.037907683212341586,0.3635200253703053,0.7883076494481691,-1.0230517088290978,-0.22756516717011566,0.7167683430404723,-0.33068583942018037,-0.005384626074618239,0.28569080851467643,1.591150935183583,1.1107370979319489,-0.0705328065582457,0.9144778172765704,-0.7674349506985707,-0.2245243936883002,0.8241090427139427,-0.04512495893678509,0.48059879593756843,-1.7425606626473493,-1.2335672761216243,0.5326509139982527,0.494799624528669,-0.08047075966461649,1.0574990570010747,-1.0806872264626417,-0.09560188054119795,-1.4382742397363981,-0.6186296881171044,-0.678363226613079,1.2324600848578267,-0.3061289234876864,1.6457616030288194,-1.6591426091582724,0.06826108947216566,-0.2589933194744643,1.2640142871197761,0.8746590276015137,0.4892285576980112,0.8027461267456293,0.8563068189713265,-1.307332609200391,-0.7322360330538091,0.1087719697682834,2.572347134762709,-0.11616100961718695,0.171149141089271,0.16793210533127467,1.6773124685077017,-0.20727632571026927,-0.49774676415134483,-0.47718733094355087,-0.9981700648116689,-0.42189707221285977,0.9929210603868208,0.1276946150289231,2.772145458467854,-1.6190350271518092,-1.0209500809293315,-2.039737603288667,-0.14529868395435053,1.3141012137323755,0.20523643974590325,1.3725766345092407,-2.4611455680736083,2.041406883887769,-2.1179338991575745,0.041808685190040856,-0.2698405405622289,-0.7084871687012195,-0.6428371132178765,0.12412383486858594,-0.7648612220222795,-0.24319963897603925,1.0074904420043367,-0.20186690116877629,-1.6061212238438198,1.7997535445475323,-1.2719567429580192,0.18669552756805852,-0.07973837554671344,0.2955566817053983,0.7644352346570062,1.362972238737287,0.2912083718260494,-1.5377584984261738,-2.139812194172093,-0.9023750327781532,0.9248020696189841,1.5028472502043428,-1.6971462357741878,2.497423401986716,2.265623743629352,1.0586638678252926,-0.870156083833795,0.4045661005746964,1.6232896589056867,-0.051572377337537695,0.07746220013450889,0.901463343186275,0.1665498810322509,0.23641312225184424,0.00865023346128857,1.610170108194839,-0.27264516633362146,1.7142160400916797,0.6603786801519879,-1.2154784784187658,1.1694889629145775,-0.814304649894203,0.06798096325180798,0.0910604068691894,1.3502891298706678,-1.1218819883220872,-1.2220201533818136,0.45687667800622384,-0.15229376176702636,0.07824555658558137,-0.8572217075139028,0.0769381409064757,1.8362035103976346,0.4620854385910055,-0.4112220257938174,0.7015336012284393,-0.6754496827808735,1.077011185213659,0.2343375805209117,0.03366305874217409,-0.2499028091626311,-0.401205010247912,0.4477905352468649,-0.42772049633664594,0.0328995509255682,0.857060851070275,0.3001932442526646,0.8966828348123449,0.2582534154970785,0.38356425003798295,0.7558899086724847,0.2238415483121846,-0.38364947871420596,0.5264347069792875,-0.8828426557898491,-0.041217124951347966,-0.7670636611123612,-0.4733866633734292,0.28087777533589003,0.17293817338835824,-0.11879564629678546,-1.020491986147572,-2.2360409424373935,2.3587810148428745,-0.8479459842054184,0.5975837290355239,1.5740667333155591,-1.1633928506580193,0.3009331377212586,-0.39713734778444226,-0.2914253545386106,-0.15882979106021514,0.39861839105100094,-0.9136735120181084,0.593344039362106,0.4813494798491609,0.09974805652272853,1.134716349626518,0.47359082645611905,0.21350133988779535,0.514347833990936,2.0676541487016245,-1.267304889426094,1.1010688682638408,-0.3140155410619523,0.7697676200341192,0.7026871578080067,-0.03957322788858417,-0.015056421959769889,-0.669930646027145,0.5074090284816936,-2.03783029995087,-0.20963197351308854,-0.9931735872308645,1.2454237513125137,1.848380348432694,-1.6818171552805152,-2.778740715453747,-0.890422521822356,0.12920706167532267,2.2090605273507755,-0.2221955621275594,-1.2561594944048204,0.06481398847622663,-0.5127682283393395,-1.151266172037862,-1.0432678754364777,0.05494768396945229,-0.13298512850568878,0.32045315532598156,-0.2501201551992136,0.841567617986172,0.24096946219126117,0.9932858663415371,1.5064653440483216,0.03800754672143479,0.16572279547122226,-0.9285391432188795,0.9759042387062327,0.40748092022393306,-0.6709109913986592,-0.9951638154583546,0.9184963277588069,0.3333432318611688,-0.47019797797407104,-1.5952376183623955,-0.4799688434068381,0.4332593858817407,-0.05361106411880079,-0.9053822547026947,-0.5287194205668493,-0.9900811959874567,0.1936253278045622,-0.17746820143080508,0.4175093645645015,-0.7871356036406909,0.12412113864903232,-0.5158417218526676,-1.1257565899993205,-0.8676484584764717,-0.21601384087901063,0.29683226030104504,-1.1839635232295922,0.24652977999673867,0.897965221673545,0.4146769993440593,-1.647121775048654,2.0890325012014617,-0.7516574794527049,0.7100481573605748,-0.06998008852128505,-0.2005101202210671,0.46511214953082664,1.130762947643755,-0.04939758686998559,1.1698066395883677,-0.8522137823018137,0.034449327671771446,-1.2912729884918974,1.9270810404557137,1.0442279214275776,0.4479305511250227,-1.4386796960401844,1.73962101398139,-0.7072748548554405,-0.5898499072750407,-1.4770042276922073,-1.1878748612172827,-1.3392951542056657,-1.7652579601839682,-1.0416027537640078,-0.11666105498150392,2.00774990770747,1.5307230506994582,3.047038026192593,-0.04515366597841506,0.5349156883202952,-0.246596708456253,1.7297289567624505,-0.43980836755486297,-1.4105065715941172,1.444083271062618,-0.9833413525276253,-0.06963393561606876,1.1655621499831164,1.062909366117746,-0.9328733635241154,-0.6672154210297749,-1.1990799393001803,0.04812033463348478,-0.40537158094619163,-0.5326817145600584,0.3579840751641111,0.24284839723937898,-0.6451754462026845,1.4281788485435185,1.3248181385949502,0.1718731737393484,-2.109963434664097,-1.2454634164158245,0.7967764708199696,-0.027813391122090192,-0.2954390186123788,0.3076113640192747,0.8698245270722208,0.3521075519848206,-0.9714365428516544,-0.08772032132822315,1.3517228006670456,-0.6878637701099749,0.37695237536709103,1.1642413977995145,0.8576965888816697,0.8830833276592417,0.6732052006149019,1.256730342185645,-1.3950766020220704,-1.1521197413247255,1.2903416134355925,2.043030106915655,-0.026784750214256414,-1.4606368059894805,-0.7844285321696328,-0.1309328541624878,-0.3141765999345011,-0.35044098119064165,0.7713154530838428,1.29460033437039,-0.5042421237303747,0.37526612733811465,-0.16666790674059223,0.5410894580024915,1.158264927306511,-1.4655534629619207,-1.890648946089747,-0.05410749070429474,-1.9534403923931836,-0.2266923598121973,1.437176499673786,0.9217955984071877,1.0915534670509266,0.4047096873126138,-1.2053702232555599,-2.249138798631387,0.9207197490054385,-0.5549603602632411,-0.5855040975337019,0.6992592325502367,-0.8911250234688365,-0.4312209000287457,-0.6787157234213848,-0.018582311002403096,2.3456405888198995,1.4300479493959726,-0.5010591648189158,-0.1056801047420188,2.0393792360660496,0.8878041560109832,1.3913198382148786,0.2939605468842371,0.39294888208468703,0.1090692265623787,2.5341752336343544,1.9380599144187929,0.8870099052680203,0.8619447155345883,-0.6398409260342441,-0.5288121068565383,0.070715559572331,-0.8426367820260616,1.5282096476560207,0.4897707635931978,0.19300290132791825,-0.4261799333256003,-0.02944656093050954,-1.2588066403834115,-1.643003496410185,1.4067817691745947,-0.4574471834674668,0.16993815189392353,0.14270360369533946,-1.2708808030463203,-0.7563642905883442,0.30709589519876374,-0.6644390153077471,0.1990803730486717,-1.4424455145202348,0.4579898736719736,0.5192625468621688,0.003278402300855618,0.002391260793181582,-0.46858327669535227,-0.7852100900099944,1.16052488429996,0.09106898767842539,0.5611440881227967,-1.7040679017684557,1.1099322785515549,1.4080395019824805,-0.4314557248008367,-0.20475163063871368,-0.871543866179986,-1.708414126070938,0.05550984941330091,1.2549372067336564,-0.16434399879854328,0.6137845124040829,1.88953683586953,0.007100379996586081,0.9473489761008678,0.621223553871214,3.538004450473892,0.11264699439424539,0.9111088726495635,1.7737046252249349,0.6459072271539144,0.21463363821930426,-1.3367669368843749,0.6232010982567523,-0.9856714161568787,-1.6268988626466805,0.6513210677989525,-0.6206364056637137,1.3074504443472086,-1.4317299485678312,0.6716778796780025,0.04557863792181799,-0.4552971734612096,-0.5048858577002026,0.34464755029685384,-0.4897110168037019,-1.3040681956670859,0.4975816990926636,1.33104783734401,1.265951211994532,-0.7033266525480926,0.12469403670554297,-0.056472042292843846,-0.4753152234397417,0.5782970237467813,-1.098833560835851,-0.7921843449920479,2.0618850368696915,0.8651165773986427,-1.7230259555381282,-0.7060697127040747,-0.5779445030791818,0.9334122535500485,0.30628925307165294,0.06763587495970995,-0.726379930898152,0.2833032650982571,0.4818596266267334,0.5652531332258975,-0.9930978235424528,0.6639847489832221,0.6463436829393772,-0.9861590794806822,1.0870454927503168,-0.9841899554283117,-0.9227556415396672,-0.04030402053398546,-0.8944328779535992,-1.7791762733325365,0.03505638207314806,1.5165756084715667,1.0114452072701894,0.32647209705964514,0.2538152184409752,-0.5724505186207616,-0.5631867541363295,0.11195367551167747,-1.2736640060701956,-0.15575879118480074,-0.021108265995085747,0.16474417099483835,0.3411723645376829,0.8933001645606172,-1.5589097587641665,-0.44302535568418533,0.41013294125194943,-1.1428992195942367,-0.035243666840668895,-0.3106262481938865,-1.3461906237644408,-0.5160923395683639,0.9897662478298049,-0.028145285487463825,0.9240549448427443,0.9286195870834371,-1.3312455429277388,-1.2239184024216532,-0.8985356494654002,1.4671895241316246,-0.04827000689464614,-0.2858233568048133,0.7281506183136153,-0.3993305910750491,-0.1288364293547663,0.213759184906363,-0.14540751646991962,0.705291812973145,-0.5253019654960366,0.10252244860540324,0.20167917812793962,2.0847476748835825,0.21955201586695505,0.5270436869282152,1.737246343376526,-0.8903230974199311,0.7518721064135216,-0.9856817734956012,-1.0471850104783849,0.6304828582607493,-0.16634172991481916,2.6111363825911753,0.22490843789897752,-0.43616954743658964,0.22020432929086414,-0.7957078119036046,-2.460523760591747,-0.47790102730787587,-0.5031741353085689,-0.3041128094524938,1.0765451885957085,0.30909330326086937,1.2035907099747745,0.264559311974894,1.2585573724520125,-0.24850118934193485,-0.5979586955671925,0.627394490229913,0.2285458665764884,0.7891830240292801,0.2810480897142348,-1.7446547498443379,-0.47678139944656045,0.4066773675750838,-0.6556198237330982,1.3002196190371775,0.13530651296233268,-0.987473746768273,0.04113892976872191,-0.4758964960868474,-0.9760228925886866,0.28545963008566744,-0.8387051301183944,-0.84423213421093,-1.1054946596222082,0.2822378721817602,-0.09887140533808222,0.22792803585620888,-1.545555158526871,-0.2429235149304061,-2.476464956879224,-1.4462719498202257,-0.4819905295604111,0.08011356259503596,-0.48550147394130466,-0.5545361639522941,1.651621928582779,1.47714266887521,-0.2696890073772017,0.5097419091664168,-0.9956303531193449,-1.625017970118959,1.079065253658235,-1.689831142903751,-1.6942319223844062,-0.30734212534036487,-0.4194867755918977,-0.47517830636942787,-0.8700830636173674,1.0804293116932724,-2.799410035552516,-0.866310981656578,1.3672933618435361,-0.19324927736390896,-1.1832371030840616,-0.25671531310014417,-0.8017346848424782,0.7540738857396767,-1.4284772598152675,-1.154745014245686,-1.0190198879801151,-1.4188100990316554,1.232639790579621;-0.13921308043980088,1.9224430173251887,-0.14140782828265586,-0.5458842572474354,-1.3637116972886574,-1.1723874658837803,0.5119025031571929,2.48133759891687,-0.5585555876071585,-0.5612374065180499,0.5568547139529425,-0.3923765287345156,1.3071538295802634,-0.22239678318297285,0.6526692282948535,0.21082225809101968;0.9864120185524871,-0.5110258118326682,-0.3397246605513283,-2.1668080761412827,0.17531415463389188,0.4775159427115208,0.47875063064395673,-0.10368514862715435,-0.780686901669091,-1.89862613154636,-0.06209601349855587,0.9671831106025239,0.700147329016556,0.36088935367118813,0.13669991275766366,-0.6719411404672098,1.1032749560356572,2.0944321535538806,0.6616556286550617,-0.7368204037652305,-1.361999467835366,-0.479741816391136,-0.6365632324919595,0.6627613874869055,-2.8166245905387406,0.47711545098808444,-0.4541570758442017,0.018363545314315916,0.6395690897149335,0.07176908599484036,-1.3426840409083456,-0.9776094001547787,0.2340176667172863,0.45694086019344216,-0.25981683400917893,1.1102385470193623,1.3743321002197941,0.9457436419098056,0.3834511963283826,-1.1022358354613186,-0.7852651675086451,-0.14945247737319844,0.5088802189809813,0.3398628365895703,0.33719510399653063,1.3014061259646643,-1.6010186848413743,-0.10897357822115049,-0.8206128056500545,1.8273127994565266,0.1287926121430671,0.2479575385766365,-0.46997090660587265,-0.4039166382392186,2.171746858337329,0.9631962013694589,0.9608314099610007,1.0023146319108367,-0.5699422002247805,0.3806178702028288,2.459190879749789,0.9300961907300535,-0.8936528862991483,0.7997579825129748,1.0890146149406885,0.9018390693375214,1.1721883791067826,1.2517832138911635,1.060765507948603,1.57432300307557,-0.22818056066369258,0.48441819065501657,-0.7475325832991965,-0.8757905601239067,-1.0068182269349193,0.2516277186938741,-0.8244359047760145,0.08409309832845178,-0.8258336866146689,-1.1304835939744768,-2.8341358499740106,-0.44205625463537557,0.48455554295083614,0.6668021034645468,0.43945770370408743,-0.6531289562224014,-0.5761877012554975,0.23778474139348202,-0.5288185293063873,-0.9035426642129716,-1.3157528420069384,-0.80132496367324,1.3261489581809576,-0.9148985886078649,1.419673994568941,-0.5142068305769996,1.3650675372251653,-1.1542702945326284,-1.532676673566588,0.5821900741483163,1.1021474624129135,-0.3644403791521076,0.37603755399705036,-0.5568204787226719,-0.29662770535014427,-1.5737112557209476,0.09023436905195811,-0.9200412184281579,2.5554603804031335,1.3095928836298432,-1.9311460775488711,-0.5842182422298396,-0.1331093744676189,-0.5140483027246792,-0.18443108363364522,-0.4218121611209253,0.8129698930020504,2.0524665764285324,-1.0089637047300004,0.9435666096749226,-1.0534867360964177,0.38760584722418606,2.603334224025974,0.3944852167604967,-0.04462053414546151,-0.06633181873810945,0.7007470171692081,0.013321656659600292,0.4764015524205745,0.7642469630839175,-0.03927998456663315,1.0390515958677657,0.4804926555932021,0.8165117064765429,0.15462080759241106,-0.2324800828957828,-0.2464588468835543,-0.856391651061377,-0.2456135701567529,2.462002770442602,0.2800404798521535,-1.737140704888549,-0.4978028836253453,-0.6228051110113993,1.0873889574550324,0.7251854452613596,-0.07110844119288987,-1.707358216807223,0.2877916208919228,-0.9386403043988509,-1.1580625138004372,0.6789684726145873,-0.3969155683790743,0.9781091910723689,0.00950603564838286,-0.7658295355038711,0.563059493071024,1.5748426850000745,-0.8259395282969257,-0.9408242168998096;-0.29684846204382725,-0.5663198292096989,0.20705595451470182,-0.9309533973101373,1.491431507840443,0.484089474205234,0.6602470761985921,-1.8988364149255295,0.7822207255997049,-0.6871452101636067"
25,0.3742685212282455,"0.1264814306795807,-1.3594777126580997,-1.3064774387245612,-0.4091004718969067,2.0343143508204466,1.1724227408571468,0.9115292722906017,-0.06104622283349771,0.841775290608805,0.4986603638148782,-2.103853341357466,0.3164682046764576,-0.2530250653289862,1.3194293275554092,1.7726759668885006,0.4126299420695194,0.0877231667477391,-1.1274935605532825,0.402307509375933,0.9708295183898551,0.46641758209369316,-0.5094105569260142,-2.4674542230302587,0.8189056392247975,-1.5433319783272748,0.47949403303060156,1.4432928965544398,-0.31591557654493,0.5921184751784616,-0.5546548255348646,0.06385960021413908,-0.1406669910446442,2.128358324227196,1.7258321430076773,1.044767357331418,-1.3096074177899106,0.6597697295208538,0.4197566822302087,-0.1702429132001188,-0.8701461132007969,-0.49443741149783116,-0.7447204630231481,0.032285775217648166,-0.3200133122410619,-0.12437947607202197,-0.22318207342860732,0.347077863677176,0.19211622115903498,-0.09227915641461337,0.3542297209639491,-1.887970586383537,-0.4514676107231471,-0.053185749443709796,0.9530176148030765,-0.5953473842227708,1.4267982638367884,-1.146772949351519,1.1548267044998717,0.5892107201510469,-1.3153995465387713,0.08058285419011088,-0.60871154268301,-1.17172846329573,-0.24729714581642576,0.671163598663957,1.6709833938477052,-0.7669692689320251,-0.8518045481200966,1.0811169095963669,1.192997518495229,1.257610655088004,0.9212245441084171,-1.7647093354988754,1.773048880913866,1.3964582474242706,-1.0309472792098964,2.1369544440893584,0.24434661749232545,-0.4611784392471858,-0.27160898957368407,-0.1590485134571848,-0.6942640945241182,-0.48487730781902966,-0.026337630772958864,-0.5693704310293287,0.1760858420442204,0.3788074067987063,1.7553340302612173,-1.035322723767282,-1.858748020986212,-1.3730844772427888,0.14128460112674848,-0.47373378435354146,1.1141578191208263,-0.22698390688003348,-1.218046464015997,-0.7121565489275339,-0.07722491900290118,0.5247915367741413,-1.0101000387599268,0.04129249960199556,-0.2831107435628224,0.253292624800401,0.7829834300974431,-1.4219108063754555,0.9102255708519419,-0.009587008617296472,0.9750690567869875,1.584627027020323,0.9155952609842312,-0.17979162753415678,0.3977326421951307,0.921107781581307,0.7934047564810991,-0.27506116315006207,0.6239795519072147,2.0446330942300626,-1.1514593320519393,-1.4484857533207156,-1.4530579841063767,0.7879817796840702,-0.12929392918818156,-1.0470391576853637,0.6662924131892873,0.6363407405468835,-0.2570391071573995,-0.42395893150558295,0.9009073197071834,-0.43219474049726164,0.559725596846691,0.08360943649598548,0.6813585808093635,0.7070583236829002,1.215760017512277,0.8155118356704381,-1.3126501901129142,0.9342091523538835,-1.5031615222522916,0.5081227044757457,-0.290646956415766,-0.10901928807268245,0.19652375815664425,0.7549690236849654,-0.8584432262740521,-0.7545899057543017,0.25256496278823176,-0.2768908610085303,-2.359899956050002,1.4861131890711818,-1.456021900031764,-1.4397373426522109,0.5913477807961439,-0.33190797133030636,-0.1261292810492154,2.9220987767764095,0.2750623885028959,1.0687798635603978,0.9076961812238061,-0.9616619974563991,0.36153557391631885,0.8255342439507344,0.7841410114602705,-0.17793752044169803,0.83724496116564,0.45999044558108293,-0.3867720488224147,-1.6299150292478246,0.08376891376025172,-1.901456468758901,0.8514483870528448,-1.6381288498998705,-1.1959684065081495,0.2708811849816081,1.1759171599514548,-2.2593991291122224,1.7171161404516857,0.06611963665723358,-2.3873651708400994,-0.9198757452459642,0.4039134541449674,0.5288052485300414,1.7408397987705353,0.7155534944270339,0.8479511661373355,-0.4970537842276312,0.6963305958388892,2.1005020754128187,-1.7620475088993308,0.8598938204312775,0.5823487101342381,-0.5613423618348667,-0.6706228843416332,0.7795011246336071,-0.511828522387056,0.2870363236510976,-0.47761217690866997,-0.18050163464472024,-1.504439569011666,-0.13201933708901034,0.7303209232318024,-0.01601216878079581,0.9136241685292688,-1.1908062001931434,-0.7592262928042488,0.40338285735650875,0.8219034766206734,0.1844499832069813,0.1407485891879147,-0.21565107696156427,0.4181854459328374,0.4406944419431322,0.32088197723480805,-0.29109438106999974,-0.17539875241093075,-0.2275822632408703,-0.8720878286387611,-1.3124873061280442,-2.5660669258707007,1.183543821532387,1.133284786282149,-0.32315081111572264,1.1329700904902977,0.6922402876199387,1.3696738985127157,-0.514462121413328,0.7079334145061774,-1.1078950248845265,2.5197053283953403,0.6781725564914801,0.18920480025425207,-0.4872605105007409,0.11097089875160704,-1.163812205834881,-0.5557571140055363,1.0307892513876467,0.7533516012074213,0.08897776801773885,0.19663345171051552,0.1566474040114501,-0.0678848704348145,-0.32832304480699426,-0.9605064831757683,-0.5401042689359666,0.30442400451743123,-1.057141369366155,-1.6088896434065962,1.2730391629397162,0.23046228633928806,-0.3534476471198523,-0.4279796728312032,0.3917298024776333,1.5215936271389534,0.5074551279420907,0.8678293054868581,-1.1116600708377682,0.20908477783351162,1.5307004085560814,1.7920869842994485,1.4721184646266945,1.0705942801672383,0.9541726808161318,-1.2426940496326566,0.37963010036026307,-0.2471507765794713,-0.655279414476456,-0.9242840824130476,-0.411833868276574,1.5574828856072775,-2.291136640209406,-0.4129273859391716,-0.1209292677912313,-1.5104849777036164,0.01390439427318188,0.3398007203570388,-0.8447725442987156,0.011716081106064535,-1.6525595158928001,-0.8637663717115548,-1.0744798170641392,-0.6066229619464287,-0.37785333636467533,-0.2859867658847662,0.5184077114506283,-1.2083452742288476,-0.35749642723128816,3.996464051013636,0.6383529244986703,-1.4342327525515788,2.015166430930894,-1.095515855606161,-0.1968298129189251,0.09304062616838032,0.041320380853334435,-0.16116296260913338,1.013820428242105,1.2313498081516845,-0.244803930010923,-1.2006988355336339,0.6682634217578076,-0.401032084327421,1.4983860663947899,0.3817918281429378,0.07476519852567728,-1.5165263903842594,1.52681947582482,0.6127830527749597,-0.2439159003150749,-0.003683862930395146,-0.3979559093857328,-0.6652013437358815,0.750378664015551,0.7756907950881197,1.2982314327825542,0.9739237973122423,0.16738109664226286,2.0011931839024206,0.7924190242216836,-0.47973127638253715,-0.5928308472301711,-0.21231220477558507,1.0676506193043673,1.3752402138011999,-0.537886962295568,-1.7348022361368904,-1.0136657574956722,0.41255963778745774,2.44737233207974,0.6925993712201461,-1.567742312648374,0.544873045045738,0.9269700920667765,-0.8432901562897617,0.3817344509511357,-0.11380156664742516,-2.483221892722,0.15954579656908638,-0.1326760380884938,-0.11896781622371176,-0.16596600074963638,-0.7402080974194958,0.2373439104248486,0.43713538143478753,0.36210385973208736,0.5104675000703125,-0.23661666690135527,-0.5245835561878642,-0.19304120891564053,0.31259818288861185,-0.38346597020902917,-0.6320916008867297,-0.1457599233859539,-1.1540925315092685,1.7852616361360594,-1.5994894113903522,-0.2791065680846774,0.5069020689290621,-1.0039369311455366,-2.0450745055576594,1.8688061023835376,-0.8493492947532586,-0.9473550033055589,-1.5214445382270854,1.401801600177495,0.8292245943834051,1.0756081435145295,-0.1663524721732637,-1.0838283339882946,1.1322874720721758,-0.14139928355357392,-0.8119410965974007,-1.4603116254283905,0.41580462820649694,-0.005263547525365175,1.624234564399578,-0.7797649352081428,0.7549587505043357,-1.2044171911028967,-2.5103439491912174,0.17855122601165863,1.3173232508330106,-0.03759204842907285,-1.2307483098182868,2.050566856694208,1.3549745464121312,0.1259164633776604,-0.41517728566580836,0.13262289696336443,1.1355249002276115,-0.9426688907598418,0.3112964733804511,-1.4117368851063523,-0.9622198914457928,0.7602162938300833,0.11584039042083397,0.21337312693067,0.5876475527198908,0.5244524800815855,1.2449332313047865,2.045892357330961,-2.87666486862243,-2.216723166899087,-0.9798067013450618,0.6825510375074973,-1.1207688479917348,-0.6614573662516152,-0.9355819879490147,-1.9435791337412105,-1.1051045260521513,-0.9006434251329318,0.10830644163109321,-1.0594437675212722,-0.5133865360452302,0.39241668696782855,1.1567941864305908,0.997324057356066,1.679970258509549,2.472355384335295,1.230824103250217,-1.9050629786816204,-1.5403385961084717,0.4941749763600966,-0.7839008587791446,-0.18623203528747767,1.0410898080917868,-0.4276799010839585,-0.7308829133131662,0.11718222469688691,-0.12708892978071623,-1.452457835609035,0.646755434019852,-0.47503170789838334,-1.4486011151239355,0.1428555525844299,-0.7757133786413835,0.2957536528686753,-0.2900577032031668,1.3439570309117774,0.6558661118819223,-2.0249141333642986,1.27017762499601,0.01843315405056001,0.8146701188199843,-0.3056072504547951,0.093479081216617,-2.3144871556604283,-0.19674631745546886,-1.821816896290592,-0.48211361689465565,-1.284769176804006,2.0642907016060494,1.194118464481379,0.1989002357882682,0.8911949820052755,0.5757225784586582,1.1431452896262198,0.21038834277475613,-0.17786118951762184,1.6469745880766762,1.1949756045261024,1.5266082430552808,0.6741367004934261,-0.3420475922102484,0.5634481945929051,-0.637010342440792,0.28244198271513143,-0.7770661207171257,0.4115912049391746,-0.8474331946615917,0.4262314127064015,0.7686402157806624,0.10955706300487435,-0.2845527782845964,-1.2631715915298496,0.07675616460216425,0.7520993508846925,-0.24539988190490164,-0.3332983494500544,1.0833571875351131,0.7529360016322776,-1.4655738270372187,-1.303272754148667,-1.4157632317964097,-0.015203753443574539,-0.03235523160888613,-1.576063340320436,-0.7275714964882999,2.4296101571311635,0.5681502884216025,0.870497859048432,-1.3372307125994383,-0.2597524965180066,-2.0933186619144197,0.26423773192840033,-1.3571800116960562,2.3795951735298067,-1.1192377408731704,-1.7669809327541834,0.8090533126943651,1.336829338499135,1.202884253441505,0.5836970874880518,1.9154968252624327,1.0579776127162492,-1.133397687755563,-0.9273739227492196,1.341920963511976,0.11222582809939241,1.2425325480550284,1.5604308083583909,-0.40178299073777374,-0.21416728737061846,1.1442820619861238,-0.9972455361649741,-0.22069818677050287,-1.338522786710329,1.5553392697686215,-0.7276919512449076,0.03844387337222181,1.327105023686736,-0.8590185960869559,-0.6624573238716396,-0.68821664836277,1.5606013873269722,-1.4485592099441646,-0.6257473987866611,0.24394894522044533,-0.815881893521881,0.3058223871313445,0.5863385973839593,0.9367555122113733,0.6503641363613702,0.5623186681191553,0.8845606561362358,0.06251535984389384,-0.24429196861854408,1.709588109749589,0.822574681790508,-2.2212351930295604,-0.6604386217994018,0.5268958363867461,-1.5324863289379416,0.07984646727872083,0.19582737560148172,0.17849033437887657,0.7647138602675176,-0.7485572388301621,0.024749564258435136,0.5816991691777912,-1.5196238471193118,-0.7700346963942206,-0.4103976882250601,0.3847298171431306,1.010500964907583,0.739963226096824,-0.5051069239447551,1.140232627733435,1.230084878728558,-1.4307063494613694,0.5320511922535681,-1.3278494383696005,0.08754249375989502,-0.674608898226982,-0.10843547412123164,1.0074605089856126,-1.5444952808784227,-0.6448383050123097,0.12302070300444194,0.5425975368545651,-1.5177211432758912,-0.6027015341758174,1.1633187346975653,0.004356579743357583,0.5133307552543375,-0.596502844289302,-0.5374196620254909,-0.3290930694007035,-1.4464243067597793,0.034537583864360344,-0.10040928142829807,0.3712302271171318,0.7986593637511172,-0.9042227214417088,0.09790328072362652,0.6061446347240633,-0.11417405547797294,-0.04969564242817226,0.5133124054290619,1.62166460196314,1.0678391646804803,-0.43746878550888724,0.8314802495302546,-0.6078377867925412,-0.611395593389343,0.6232597710717889,0.2057516053961992,0.4806106154799926,-1.5644401118951243,-0.8370087414675601,0.1971667530497343,0.4695437900863515,-0.25780612453751933,1.1085971289260572,-1.089350209563665,-0.1859605969596958,-1.6605094015703272,-0.3878484165104775,-0.5775887137919627,1.1601733510798549,-0.16536100573189777,1.5323334885733595,-1.639901744231376,-0.14008395417801206,-0.12966465742478128,1.4860034480338404,0.4827661659723473,0.6581942074310648,0.8560338995024722,0.8113040691401926,-1.3193601505876562,-0.18886308624168033,0.2016602916924946,2.625766405504691,-0.02286853613425166,0.04594980076959897,-0.10856760386163945,1.7165652400632525,-0.06398145331638941,-0.43119298340496787,-0.1457015962485677,-0.9444716790594384,-0.2377907449839644,0.9639158526217477,0.02277014759308752,2.8417460300217177,-1.5077444707648677,-1.0626248107662424,-2.0949408662622684,-0.278879267225291,1.3848921724535148,0.5360807882489951,1.5757764932139462,-2.1505690067824186,1.9357466070356002,-2.5465129229406647,0.09037764201487078,-0.32588476292521035,-0.5364439624566876,-0.8367635492531689,0.06042329243965863,-0.8476572462384608,-0.271945071234892,0.9707406748727677,0.16943811513356816,-1.6855933199624202,1.6638374199739925,-1.4890925897018774,0.22013551171257079,0.1308827569686567,0.1118925593364689,0.6013379179428686,1.1584264904763921,0.23162848691661508,-1.086792770751247,-2.058729919775125,-1.1331429592689246,0.8854305940782373,1.4780687145475964,-1.6794789102111176,2.2898592900256944,2.430249261583688,0.903661923412312,-0.6658095438826928,0.5647825113660352,1.6195656436119015,-0.3743764559110126,-0.0019106900617237854,0.7987364624976095,0.07108087476279797,0.47662843731146426,0.12364231370068697,1.4169111054728445,-0.47574578386106486,1.8462665633077824,0.7121404951326586,-1.3746569445816021,1.3074873221600805,-0.368395119657555,-0.13309712700039927,0.33024715157803075,1.5883122506287926,-1.1062242982232355,-1.0440436891220393,0.667084424264965,-0.2403681923982019,0.10091600067380199,-0.7517364249148518,0.0003034619516236216,2.0144235162525654,0.25356595098895884,-0.08252096357323976,0.5352777783376647,-0.7745254221795048,1.0491603946171602,0.17907780712846294,0.16418868827501437,0.05992914948967559,-0.7274633935579433,0.78277818606034,-0.07536271637412162,0.4679043512514724,0.7573242792550742,0.31468232871288104,1.1344052504971487,0.2276200043393522,0.28905370205874537,0.21502495124277438,0.07754217436020291,-0.30736880470026096,0.5414354533772565,-0.7160888352433115,0.12974533733329685,-0.7044285232439073,-0.539183845196116,0.37094419386497635,0.4529345409246386,0.011936943148435325,-1.0011702229770634,-2.4370524012268597,2.354804536647071,-0.7643559301364405,0.2784710260262767,1.2870156575459624,-1.1366772003611576,0.44714744366391357,-0.31865774728340895,-0.29004770555150755,-0.19208058498084024,0.29924415676769134,-0.7219351800201447,0.8404975873431297,0.16329771864739673,0.09431822404597326,1.2178095082440252,0.7547293782618547,0.5290756209563884,0.7526651438190483,2.3121115392385567,-1.1245618136991007,1.1588453707713189,-0.14694690494757115,0.7509471847861591,0.601903424902743,-0.297718273868985,-0.12600964534256032,-0.6321709354873443,0.6766118967268882,-2.1730496691505126,0.005174267954988605,-1.1734786675735585,1.4491609259309,1.7374559931092062,-1.4222479366406133,-2.5078541607717115,-0.8395305835122484,0.09050097802670437,1.9688954835027097,0.05271780211384973,-1.5155041710700006,-0.11554391873809544,-0.6210690639284862,-1.0855054720839579,-1.375453058854684,0.08051842997641365,-0.11692262402849422,0.34983016179244053,-0.22772981105062745,0.674963207027314,0.3687654497538759,0.8726256805001186,1.341011820001808,0.1892757084672365,-0.368122272667027,-0.7663230860260531,1.2916067365189199,0.46532706133069157,-0.47533255322225004,-0.9856730963424751,1.1088919432592779,0.20132873124430042,-0.5525523565947051,-1.9131474987239714,-0.6717256143929673,0.48555101913120313,-0.10208431935807283,-0.9219244618745313,-0.5411384425023426,-1.1791276970956306,0.3502776378053259,-0.4990979129921678,0.794095706762064,-0.5736767720640253,-0.2133574560685818,-0.6161546012846382,-1.2346033494167312,-0.8710830548948421,0.014416193613010414,0.3226433186622897,-1.1463213764917257,-0.003860122006779189,0.9221952804562045,0.3852134114224471,-1.486088692957481,1.9046678037004607,-0.7003302438343809,0.6328799095058414,0.12467637443799051,-0.27737754194928915,0.4266345552711733,1.2269258437098496,-0.2225572280409432,0.7795601394260231,-0.7032942061417927,-0.1707777046387003,-1.4443687389020816,1.7631058862924567,1.1001978912462131,0.35594267026707765,-1.6098532710814726,1.4851915898909784,-0.8583098628935466,-0.3817264916297306,-1.2503266989177169,-1.254060230868043,-1.0225217871833523,-2.010413644767511,-0.8056826902360223,0.15323133323241647,2.347126768497491,1.4306626558912088,2.8465859887009146,-0.017986675909866412,0.5194464550268608,-0.23071464353806237,1.9934498767698285,-0.5264310794588413,-1.3195486777334304,1.6759179160827709,-0.8423279825799643,-0.2922645304396025,1.3722539822929722,1.1419955835265871,-1.1834399249420917,-0.4533772931366853,-1.2073387942875091,0.07881598597467596,-0.397188776456537,-0.552188195458649,0.26945903142342464,0.4535299872683092,-0.7291634430623806,1.3217674743002952,1.3489588282188119,0.29647839446609336,-2.1865991594297003,-1.183895373873563,0.786093472475025,-0.36057457513484314,-0.3026970056026661,0.7967183930911336,1.0533313483359144,0.5320433916175733,-0.773958367637693,-0.15499593548068896,1.065452671435193,-0.4028000811432963,0.30169724065988535,1.1426322217423128,0.7685039064083428,1.2175040849333971,0.5132926909602066,1.345620638756208,-1.229462403717461,-1.2621443940921464,1.0176295658514474,2.236923263485084,-0.14806863705424053,-1.6631940820691606,-0.7241079586432779,-0.10136178619120423,-0.571799641143884,-0.26493456903322826,0.7959267454817867,1.3001554575505292,-0.48744259973454984,0.3504237132547475,-0.3764618298638677,-0.02557408605633306,1.3986463779840663,-1.383351680266413,-1.7332317152530357,0.28668064147413974,-1.7590844750381371,-0.18251750242428363,1.460750576057476,0.791240305102482,1.5944276809339784,0.257201009100368,-1.5439652830210682,-1.901435617173395,0.6393531524857654,-0.7656611911362063,-0.5443909948389444,0.8418369649762976,-0.8298682800824371,-0.49176325004278515,-0.6093127896963066,0.18041686761956385,2.2275080741938686,1.2391270877663225,-0.36154802134487596,0.10175231585458631,1.9363000980666247,0.7811651726067048,1.2986775980591017,0.11975709763094328,-0.05965762096184768,0.06112846137373962,2.6232911639814183,2.1322575665313392,0.6745834319607705,0.6734829767740664,-0.5047200790000294,-0.48872315770749564,0.2250925972782729,-0.43828671678818987,1.2650956176921915,0.10265031542710715,-0.2073942669417127,-0.47005245351458985,0.013098784593394306,-1.4888045996313617,-1.626374114434837,1.3695307184630248,-0.7219187467184681,0.3774707013047997,0.17419688421406077,-0.8562871901225391,-0.6956437590629099,0.2125576515116289,-0.7437050099715913,0.11476565189294177,-1.2715108785528153,0.313085433213721,0.8345815497705265,-0.09593522279238427,0.033796874205746896,-0.4503779404190801,-1.1097698911189222,0.6790145706802818,0.24896588169133774,0.653225926919469,-2.004416567817691,1.0469535104502576,1.1396399907281862,-0.33761839541913347,-0.18023486874363745,-0.8746943008751142,-1.637386557261093,-0.19159194724800183,1.400663393718573,-0.20485682229044916,1.0042787921563108,1.5697112664588493,0.04042804801073738,0.8258723657630375,0.723592865901067,3.3070245543127603,0.03980809758229212,1.2322283342663838,1.6380076567859598,0.5946369050403557,0.1901169492241421,-1.4427283600529286,0.7386836141532143,-1.0344638670910475,-1.5052854605624073,0.47351711868894986,-0.34635063971217683,1.2299458062025304,-1.3170885601868974,0.3943782226266343,0.07303440163011847,-0.030503447120109467,-0.6448583918583393,0.23340646325911282,-0.15814997636191586,-1.0154153245711026,0.3459169897239568,1.4928734440856326,1.2817144838404828,-0.46655082110034,0.2809817345080974,-0.07633335593799334,-0.5559388595507112,0.9868253411119485,-0.9792560068133231,-0.8463793112265866,1.9134895624195334,0.7962187385301117,-1.5417172890480233,-0.8019182038761226,-0.43273810415164865,1.0503507831965215,0.6499910969602417,0.05129355046373249,-0.6220091103452501,0.3081773524489491,0.08836859698819213,0.41489709638284694,-0.7324210689888383,0.42787161286711173,1.1799711073752652,-0.7898394915776902,0.7865625307853058,-0.7233894177895793,-0.8181172498620332,-0.04030317145126965,-0.8336774376751187,-1.726561348773807,0.0006839768821663428,1.6975403300382705,1.1852532018001167,0.3709087450682358,0.15427773715476226,-0.6130873153410934,-0.8357211859144331,0.3179379586946356,-1.112190075008641,-0.2440245101246485,0.10102589114443442,0.23274825862928955,0.2814186588468239,0.9754968006627031,-1.384261529528907,-0.33883459553550976,0.3470389299095396,-1.306598354778735,-0.0846440698843198,-0.5258136827220204,-1.2359916672792468,-0.6568969895248481,0.942809241162975,0.2678190621053915,0.919469756074155,0.8869134789097347,-1.4166688508766765,-1.3966718348781513,-0.46644307174315863,1.344895831960722,0.12646727595716334,-0.24831929778081896,0.32369681879746565,-0.48635981775880766,0.005832060901706654,0.4627339030941166,-0.3183064307454663,0.8335778726389418,-0.5824751816952316,0.4482316959052698,0.24707703890884075,1.9574547837462306,0.3095273541752698,0.8254984935222733,2.0162532885353666,-0.7133198356495738,0.46311464919224765,-1.2552983532127393,-0.5766396136585721,0.8656097867654192,-0.23251973350483388,2.355497558342237,-0.17005978618135265,-0.6339518489906127,0.27924487832388817,-0.2700470460073562,-2.5515555887866634,-0.4598090292906181,-0.6689023187210958,-0.14827509526427354,0.9483351501017925,0.3664952458639544,0.8960519048636634,0.545445257325961,1.0226816439865423,-0.09246796930835992,-0.8597164619331983,0.9311256835405931,0.18234898493086213,1.1724502894907254,0.6110965725790812,-1.5840415344155394,-0.24982424197373865,0.3492450462884217,-0.6050703306045282,1.5770168776490827,0.32293770093910645,-1.0478952437605737,-0.264456917973341,-0.44153353678375606,-1.0101646060784897,0.2331969153511786,-1.24046461053481,-0.9497294241098613,-1.037837818706509,0.19013559498844296,0.1637265276315995,0.14396117973738162,-1.4837977883838973,-0.3401116941512803,-2.236547725979825,-1.2325707222282332,-0.4547439297822172,0.1819663907833135,-0.6742038514530005,-0.2761406403791125,1.9016551344445314,1.4655104138374688,-0.4132894164623029,0.3804729401984061,-0.7892999149040923,-1.2747293946921363,1.150653066164103,-1.7862748990595714,-1.5496995705204584,-0.28486011513960013,-0.12807385845826474,-0.4403534564068135,-1.06351708968443,1.46257716150803,-2.7746165456667953,-0.9727599316998305,1.2040427369262205,-0.010895864958061193,-1.1020193020344495,-0.41450716640498975,-0.7296569254587343,0.8197962770988246,-1.58414166723864,-1.179706655986438,-1.1388464358924306,-1.2532456983180764,1.2761599659360963;0.07424545136658378,1.361645932661429,0.10848676610184106,-0.4468452728033153,-1.466849985562421,-1.1094023374789959,0.35906363748777315,2.2922183420526263,-0.4392994032630227,-0.790052775380951,0.7534060837303407,-0.2253573351467107,1.1456870317619847,-0.5370114082260105,1.232149849795072,0.17440725095820364;0.9705387369560969,-0.8482596623982617,-0.09941034717075173,-2.0987232749887803,-0.2591936466931844,0.059733099685430516,0.4606120389926841,0.0966438091468083,-0.8079200158305968,-1.863312625223264,-0.024299676759724623,0.5397803006804829,0.8072947863027679,0.328902345955948,-0.013391327653760499,-0.8105820279716819,1.070094189448153,1.9928901970108297,0.6167442124382666,-0.884538245239948,-1.2440274650273122,-0.5859802003893373,-0.6315303060508436,0.5231943267869111,-2.724136543947305,0.28514316202594736,-0.5820603242761717,-0.3348131377112614,0.659795532527833,-0.11176921622223834,-1.2712661351343404,-0.9307244520868028,0.45056023852862664,0.6298209627820346,0.03737582013762719,1.2323953892178021,1.1562343265421735,1.2514370218866906,0.7267487789195258,-1.1146261220091036,-1.0782109314150021,0.225123653028073,0.3355223850494131,0.41413073702282277,0.15044772974905055,1.108236749531104,-1.4244323269706647,-0.10339628426850027,-0.6414023364852838,1.5706065736235264,0.22881493007564244,0.10182403137192785,-0.29111405137931484,-0.3367789198628369,2.123794472149419,1.0621607918017406,0.640276305362393,0.9115349152654182,-0.5197959438161217,0.4314879689038501,1.9568520876947497,0.5707558643227088,-0.8542718092126976,0.5995300306587696,0.9215795904278038,0.8893516298577061,0.688296942585325,1.0855767816749051,1.697358390778664,1.5574875055307214,-0.24729742149061557,0.7219747113063647,-0.7784514711852282,-0.8019158481725484,-0.9490033592711163,0.03410122337264167,-0.9253815324676116,0.33799617695214956,-1.1246423807856971,-1.6522346798782013,-2.9787924930357352,-0.6096261869260816,0.878476801055289,0.7774784471084123,0.08335797170160927,-0.4809075109207627,-0.7036705072072378,0.14934660394444252,-0.3911361212410166,-0.9743351504057295,-1.463605740325174,-0.938252236090988,0.9405956032390422,-1.0748588650551265,1.431609214394489,-0.30670955326676586,1.1856348915176667,-0.9840556821059532,-1.230942861922668,0.5570585133553817,0.8871129976552664,-0.4249665745216097,0.5685431744525077,-0.526641495843349,-0.044787936514651946,-1.383896567493253,0.1181587158045287,-1.1796699292082897,2.6657341584213654,1.3923909923775577,-1.8631597963669413,-0.5605971978819956,-0.2566900067507155,-0.5244282827638025,-0.335987732001126,-0.18470412542526957,1.0200253577152798,2.2073071391620154,-1.1657454551795308,1.0586429307249319,-0.6875969520470695,0.46821671676225973,2.1553131319287684,0.2343538538700677,0.23593417566844632,-0.04354712761840082,0.9426411329648192,-0.244657890259195,0.5089133463727813,0.7879558005476704,-0.3068610708498472,1.1616086428582424,0.6215204816492138,0.7927681223543792,0.16572865588670438,-0.22186146942781926,-0.6004935329100586,-0.8936160569574747,-0.1702725198544649,2.5798557194684912,0.3442378295078723,-1.7120524284826995,-0.6814949201380759,-0.4041227969684753,1.0535985219411403,0.9824224725845125,0.01880828531583773,-1.4330558351917868,0.26487461353037595,-1.2274851296942346,-1.3289049691350325,0.6883372048769054,-0.5117142347174448,0.9657238760693465,0.1908240451064955,-0.8233981698739081,0.5224775527219907,1.5263384893851217,-0.646214244814653,-0.8042244030840027;-0.2341603894341776,-0.7423939321679244,0.22805864404703077,-0.8760549507981373,1.5221129254166381,0.34478600658247494,0.6067856127803771,-1.873098331227291,0.6496653774975993,-0.6313846461840503"
26,0.2078051082926215,"0.016613367918028865,-2.0024911945483517,-1.3962814007663595,-0.04471923267390439,1.714025886335388,1.1966326545348174,0.8459501856034475,0.20139260678127927,0.8538974844733339,0.5187497101328675,-1.9256838180323599,0.5011791514273585,-0.5403151104816487,1.1710464936826988,2.0436442243733404,0.610161283155176,-0.08851541068870115,-0.6080205084294367,0.7191382803791765,1.1771226737584075,0.220481042703705,-0.6780957212260392,-2.5854678530037534,0.7793316552865215,-1.4730829739350357,0.5746236917082339,1.2338040611259693,-0.46367727122261876,0.4268263770913129,-0.26464763243629613,0.24154609024956625,-0.36896099566541496,1.463432419262615,1.7750772987142758,1.216369118945655,-0.6136114379557843,0.5866695819936805,0.30976342578787835,-0.03407514843504016,-0.9397308103238479,-0.4708621074577184,-1.0435627944364971,-0.4648462292503921,-0.4493143312739372,-0.1330457884102512,-0.11703451561541732,0.13351305355337356,0.2558509086582608,-0.04688409333225914,0.4102173907909497,-1.7669344491252195,-0.488317795977129,-0.32437843630997126,1.061549659857206,-0.6497701152189305,1.2681939833964502,-0.915694605483334,0.8954461718322821,0.8717329650114656,-1.437065027206048,-0.03798501064003217,-0.9615897329167522,-0.7038026587377658,-0.4228484454020076,0.7289843562061782,1.8622731146812952,-0.6521090554979043,-0.6913059303397449,0.983222946353491,1.3850546622929913,1.0505019434916802,0.6928104842818527,-1.7950143957389195,1.6668720600572193,1.8222499676453583,-0.6564052595989085,2.3395730144471454,0.23398683901289438,-0.7829907320239236,-0.7229826428199789,-0.34805465141641045,-0.5743505297484017,-0.36363689030380736,-0.17419686965674536,-0.4347190715551208,-0.3629909200210303,0.724656582251878,1.8764452642348584,-1.550856244887017,-1.7683406152933052,-1.2249212842813693,-0.07223241190679086,-0.22241909406078944,0.8641223299699031,0.13782045702728082,-1.6811633609189913,-0.6454415082859046,0.3494042165250325,0.3100941875607414,-1.035041570068668,0.4124828964285995,-0.3480061739388431,0.15924541823923682,0.6223836404133553,-1.514841713216603,0.7504423610241439,0.04121233121737104,1.0716285577779758,1.1202652572527338,0.6443813863986131,0.15677055778878335,0.6447799474509961,0.8733338618175512,0.9157508756810114,-0.14889908871335825,0.43416855944064114,2.0376686830959105,-0.7879475416530685,-1.5768361444667223,-1.2626689954663468,0.4133699646203227,-0.3642754027481233,-1.09868399221696,0.7719257675832029,0.44605676703299746,-0.1505845113003071,-0.18698708835171196,0.8763695979353383,-0.4739495230760391,0.6067873967310419,0.078414303018697,0.8611739573502356,1.0693961673896077,1.1561868901270178,1.0944876409585806,-1.3289869870372917,0.8477541024470396,-2.0114367100875046,0.5543793396765532,-0.3547887064843721,-0.36551089031639805,0.1706055156931047,0.8507861603613873,-0.7209933880349234,-0.7893329524253571,0.215094899203108,-0.2576716274892986,-2.520152746124444,0.9752387381417414,-1.6374662533798314,-1.5453411869874774,0.5076280458289846,-0.14040945240876046,0.1210262890084825,2.978405203831238,-0.3493724235237629,1.3020349928727168,0.9476439894835047,-1.0911133735885092,0.3591833030187551,0.47071534174953117,0.908517603936441,-0.3910574523016037,0.9062351546447046,0.6442697498213505,-0.3486625468210211,-0.9133147854596515,0.05327893726150755,-1.9360976683529114,0.7090049019299453,-1.894103589424928,-1.1997135918770883,0.2669725801769511,1.2435828571554695,-2.5058478027397864,1.6398630992792511,0.19499641539779378,-2.2995536038401303,-1.0780976188027651,0.3946546436320323,0.915652948098353,1.6399375490773702,0.8254369249713137,0.5057542360813142,-0.2970478535974912,1.0330057104786932,2.251089687235617,-1.3819089791405739,0.6632810561903839,0.47294884947583093,-0.5231694373530118,-0.6352859100605909,1.2335502013836177,-0.6674969132970974,0.5461455299068481,-0.5092208636689672,-0.08345220000498167,-1.7218256600671722,-0.6376882143630536,0.658675439496307,0.07726971739348787,1.3541914872984606,-1.018520167055495,-0.5516248559271286,0.5027663280312654,1.016513095334909,0.06677308188289696,0.19964699873549654,-0.5309715941505919,0.5885111006894108,0.5197603862347305,0.07069264483976459,-0.3177501875153533,-0.025831163694440995,-0.006095669516817365,-1.0404742545460395,-1.4330284524582808,-2.619397849153061,1.0379537385892155,1.2750236264191692,0.10394715554722367,0.9967746812316833,0.648546195432509,1.0306837586291864,-0.43476352158478543,0.762544641030578,-1.4862417379463182,2.4690936443407265,0.46586811688004254,0.3343617067592529,-0.5758371594557117,-0.0993099832023482,-1.3106622637331622,-0.5220786197133156,0.9884843706312668,0.9332457911872105,0.3415125447001173,0.5750613344982424,-0.10928068298414799,-0.13970930872088916,-0.6338667226233626,-1.036261348824621,-0.43587130923031275,0.30109985278919726,-0.992520132942804,-1.5577958821693456,1.281118973429317,0.0968241272170915,-0.18269828538304897,0.009424216609742853,0.11092718919768621,1.7147017496438948,0.5117528744469058,1.008122767173655,-1.0560553390665595,0.3604703960554527,1.5880600230690132,1.7100622174267257,1.4711109601610406,0.8158118884787586,0.6682375591019505,-1.1993972949222433,0.3697314612300731,-0.1336713258280845,-0.6666434026690143,-1.1484344167051028,0.32202543496238056,1.4631630536330544,-2.36014253225659,-0.051128393922275084,0.27742629143395114,-1.759478024333916,-0.055198019108883556,0.308333660992409,-1.0337166751023597,0.11640400695327671,-1.7584820921072757,-1.1587021288058854,-0.9481623112724116,-0.3348945226944127,-0.41454306028738597,-0.21512340807001593,0.5336564361019128,-1.4263095484797494,-0.9840940868241043,3.8206783976444445,0.4004589789318861,-0.8667889926626003,2.5990135138989228,-1.1323530030004336,-0.2094948862657742,0.11607964455845246,0.01820013168064187,-0.2190243354586146,0.7701231248332702,1.4186190146384554,-0.28880724997046625,-1.4236990010604211,0.8010622347986336,-0.4946629624935834,1.464372391910392,0.5551718022756261,0.06833327370878058,-1.490898954030026,1.6897281006212077,0.8771551510573289,0.2078345761382916,-0.5420866528857265,-0.8354999235494083,-0.7690420103239644,0.4863758750943797,0.7937113936400261,0.9835237496515586,0.6562699899739165,-0.020834654242105205,1.5497020378283624,0.8208703264770646,-1.0448781564449419,-0.36045777018837444,0.23574637437747142,0.9728075779424428,1.4060673670265753,-0.30518684817942887,-1.4724569321109109,-1.028166734903675,0.6055742400001283,2.6159590338156087,0.31562393817206297,-1.8063459093685221,0.5038745568577541,1.1283960326647582,-0.6039940896306799,0.3160171150736859,-0.2916422041285802,-2.426452527184015,0.3775801260006051,-0.5110694659971975,-0.08066483657735174,0.1438632207229048,-0.5835310886662608,0.4581909260402497,0.4756019090914234,0.6184233409748763,0.661934518599015,-0.09596535914305108,-0.6055471687340324,-0.1380117712796873,0.14088332540048915,-0.3119976135687549,-0.7792754289519297,-0.14102933756766164,-1.3895433077266237,2.1385487447583897,-1.6993244775064507,-0.2840171935042394,0.2142181416804487,-1.226408323715952,-1.8015963766352814,2.3251685634811667,-1.3010019723086237,-1.1375499741491042,-1.387531915718268,1.8331781646799645,0.7500704232151478,1.1869869681073115,0.08869327796261817,-0.8699275911850498,1.180902779110497,0.10036756453478604,-0.7066340517136673,-1.2734718684001747,0.5525848981953849,0.09231647752925974,1.5371078337185047,-0.5864265312244705,0.2855771203248594,-1.1042039235908538,-2.31116993487483,-0.04500862801201158,1.1175846386706099,0.023928662143974554,-1.3279829546462385,1.951929107889752,1.533921674013986,-0.49961667162369094,-0.5617529965832573,0.2876449026507519,1.0035822645823231,-0.9753673734950197,0.6282433973426196,-1.341298714053205,-1.1072925575806143,1.0413053056455566,0.1349415223129232,-0.06271051624609472,0.5380171052873706,0.4728846950942595,1.1213155452948265,2.07483180559258,-2.7689819679881587,-2.0469635552784773,-0.6784599421961222,0.5912471672473197,-0.7625828704782837,-0.5990999735850172,-0.8377629021160272,-1.683849028251836,-0.9678331537345335,-0.7613757467838932,-0.004790555319012832,-0.6006797230896482,-0.7952315527434917,0.3900064261481173,1.5950365600932292,1.0578618718458364,1.9436162329711502,2.723100517966978,1.458580340862279,-1.8829629354252566,-1.4362441446812804,0.23284607582845482,-0.5719724665290952,-0.2556527477280274,1.255118262985014,-0.5778507931436271,-1.2682511784686765,0.47117313527059107,-0.31558510469584206,-1.5421522723471182,0.32843670021180194,-0.28732562056797345,-1.7937052339902009,0.06581267057480847,-0.5440951330258053,-0.3703623767212359,-0.0910879462606178,1.275779700906515,0.5861168199477215,-1.8793893141127689,1.2168441057247021,-0.3750350052216666,1.163183351335111,-0.39889954799062305,-0.03546713451456125,-2.279350243844472,0.09682612878201276,-1.991481945410658,-0.7557811620946377,-0.9080542928981764,1.9211077252139497,1.2144320394662123,-0.11071407689011781,0.8653971080977144,0.5148234960777769,1.1196144317237016,0.6396143544811675,-0.15574639476731353,1.2836021531617385,1.6336155365210963,1.256441187131935,0.7445932579727387,-0.4210783240506496,0.5689912085247284,-0.5039674336847505,0.16601837685991142,-0.8601875654717003,0.7084335322598894,-0.9782122584527786,0.21412980696060163,0.7510425314062052,0.01479691992781522,-0.3825623013407043,-1.1016979311144774,0.10956692381230784,0.5385753786412925,-0.1111082879861921,-0.23537230194886694,1.0770114249465514,0.7853799293969297,-1.8727746222164239,-1.427806147514444,-1.826037031847878,0.18030487159365335,0.13183563500464485,-1.922100811585404,-0.9172333784885786,2.7456138249765565,0.8120163562150501,1.048610884761629,-1.3425659853035816,0.2253748308252087,-1.7616035614501149,0.5624496696158692,-1.5392445609068766,2.2509954639617464,-1.1902156591874993,-1.7293581638471665,0.8405865353459252,1.1477200662684612,0.8331770554461797,0.48193031171658984,1.8158174233961741,1.0642216107795521,-1.3272121017250333,-0.7968952525708496,1.4190089061690785,-0.03564979512619221,1.0897091321817367,1.323441735511994,-0.135551017302442,-0.33108454875954585,1.2533809681435342,-1.1343407195009159,-0.4994371012644128,-1.5624177313905898,1.4781855832305446,-0.6874346046612659,-0.04831291299295477,1.2172390513645663,-0.9580555387225855,-0.7421889452291954,-0.7737062296260276,1.680495234920205,-1.5953647985616057,-0.3873389659359042,0.4805223578806521,-0.5397910748055113,0.3247544294693952,0.5237407483688462,0.7627221221305261,0.692991377256541,0.9820285750672743,0.6487691055238561,0.010876159493816567,-0.3145387140565269,1.7849498458246036,0.4205623906334818,-2.2792217985344663,-0.7956610862929364,0.2240067657076792,-1.648996992594305,0.13427427561823915,-0.08031945783668412,0.306377340641406,0.7544898448251915,-0.765140984952763,-0.49305641384608756,0.9743515629472237,-1.3025999297692856,-0.9391040830829842,-0.460413957004362,0.4903503200815861,0.9211754875682594,0.8994214992432373,-0.6853264282816981,1.020696862823199,1.3146502406561134,-1.372311350467158,0.5665130959368053,-1.2231183359888893,-0.08213665893051647,-0.936012098268553,-0.35708975101514306,1.0060484763926687,-1.3797695760836917,-0.30335539966734437,0.4185601823926451,0.5602801505041415,-1.441112414901833,-0.5712854287703889,1.3818130860922815,0.4298304991348309,0.6147650557669785,-0.25537682433111475,-0.566555452974553,-0.31784621149535797,-1.0551789602693002,-0.02730587113047228,-0.08070149931802295,0.16398449599548437,0.5068029408251727,-0.6041697263064376,0.03781501947763642,0.44899967642733946,-0.07720492175737388,0.22731972476121895,0.6461354845494528,1.9786935551611253,0.9650166366119385,-0.3661016059522392,0.9357459579238513,-0.3486358307141286,-0.5478221878497672,0.18353716602542242,0.10921691515956078,0.09088940419530522,-1.5612794958662177,-1.3578467617136056,0.19796663136685724,0.8681065231495945,0.09744227952597534,1.0731403856128925,-1.2529785737998236,-0.14178448131639335,-1.725370855801057,-0.6585824272073206,-0.3194557499459738,1.3185372471999641,-0.35909431932027563,1.5582678219179558,-1.6439639747104315,-0.2831621935961207,-0.12465977773438205,0.8604868021365861,0.6870331189173714,0.3883385762003413,0.9245961033059173,0.617360463163522,-1.2588383752564765,-0.09505958062495747,0.01667206770658191,2.713966282074724,-0.30255681356339553,0.1430751706675167,0.12316321408492957,1.8235333689242545,-0.3939272141101283,-0.46884531233269433,-0.22985511956747284,-0.9882158621596847,-0.6183935545861354,1.1492195157673455,-0.08912333164535315,2.7660477065494526,-1.6651093127850853,-0.9595125118371316,-2.5847632979128,-0.28944628765290703,1.4126131724678739,0.2158457784235977,1.4851987105515545,-2.3096719400679953,1.892012557170112,-2.858163717399335,0.1114812077713036,-0.5393382779600251,-0.6405786881307607,-1.0878700000393198,-0.09166543470542494,-0.942933557535956,-0.46830460180601174,1.0023409082692905,0.11222977131293602,-1.8915518526864725,1.7059628156238384,-1.7200227728869892,0.13402925767411994,0.11372196356065652,0.3122033292113335,0.5066952495307536,1.1844970153132355,-0.07079724127161896,-0.9208604087079952,-1.7929428670112815,-1.0777091770191372,0.7657008160243013,1.3302311977627965,-1.5666963486968142,2.70707244693362,2.511430135098427,0.8690742738058219,-0.9142998980236268,1.061964173910003,1.3994895340294997,-0.3515806877559275,0.14752109541065767,0.5102587331930211,0.3788245000753156,0.6440298320070559,0.16753639687831737,1.364125055580497,-0.4787804553771544,1.5113586867021411,0.72532675396844,-0.9191185057390115,1.5211056356076207,0.27133256681000917,-0.055457522229317886,-0.24634681310815157,1.7169760858745924,-1.2290192149204846,-1.1814706041818905,0.8100651331802401,-0.14182919530636823,-0.2669880105979531,-0.8053860660454027,0.14293553903774517,1.8868364052004525,0.427491787275293,0.07837734936383606,0.855136645072633,-0.7312856740305591,0.9580686952980698,-0.10741632503117073,-0.38279699035482484,0.15089605756118862,-0.4562336569858714,0.37844528574922953,-0.5506432313312549,0.3159855754068677,0.8929194772082971,0.006861679484529454,0.8371312601245081,0.18047814016645164,0.14724983576295889,0.5114186387019374,0.20960531837513152,-0.49725226661302674,0.7166251893752917,-0.4339563077564478,-0.15597759700258015,-0.7416643939447951,-0.2514691432323789,-0.09080640525070234,0.25982366941466317,0.06501552600553712,-1.2592600991338698,-2.4909846757171095,2.584059007791368,-0.8100766285831037,0.5372376106326401,0.8624355472378238,-1.2574296632481141,0.62299783617089,-0.30474553658088405,0.17825240004311288,-0.36875562960195135,0.25901832822572646,-1.116129815909731,1.0330405974815553,0.16090836402504993,0.07229261995028395,1.3418071399946132,0.8926225474427137,0.5540811494980348,0.632968090294499,2.0176166020472555,-1.5582858419191754,0.8510463992010028,-0.39073351143811075,1.0470018000833372,0.6557340038623957,-0.27794393953329755,0.3828490240348147,-0.5346413869463477,0.8350141248080302,-1.6106753721227478,0.31395999189995194,-0.8472774819001788,1.2406537100110384,2.0448137794448886,-1.5691617401631455,-2.4723828076569996,-1.1733840506964244,0.1078256181017519,1.7955765271453452,-0.08221885686379943,-1.1136315365245484,0.2133377211601721,-0.6516930885117708,-0.6902498542974336,-1.4765928381374764,0.37760703591768185,0.05251167651182262,0.2253180872292051,-0.2711320813659107,0.6178136008689448,0.31323533579964885,0.7223689344273547,1.3194995000453564,0.11970833100425304,-0.04982429624739204,-0.7385744627163275,1.2536825670073464,0.6301686755862259,-0.831868781388151,-0.6661458251206083,1.0398906687173803,0.25267610417872743,-0.5902790228957057,-1.4230973387230033,-0.6462535755820717,0.6486746872410554,-0.3412423979483538,-0.9694411125073817,-0.7639071386816809,-0.8727436929869469,0.514697440534336,-0.5779121414988261,0.5332896063516382,-0.5555014217601071,-0.36109149268504326,0.10678003827746935,-1.1121437746556708,-0.9335278034790101,0.20983216963267448,0.37242597033466895,-1.110166008856478,-0.41872817751933894,1.0874766809307848,0.7190683864123963,-1.6336166619282417,1.6455627006727118,-0.6006678337605524,1.0108126943350169,-0.23906528664504578,0.08938897574553156,0.3262795959245093,1.4289145050777594,-0.3366623168737406,1.0017987683280012,-0.7542393815839186,0.027623848097429824,-1.4792151421527955,1.7041474611284753,0.9420174598405863,0.35123825575644496,-1.2977007494478294,1.375208514279938,-0.7244931793980409,-0.40795594126102863,-0.9657800491591133,-1.3040228891153327,-1.3119567786155866,-1.8142132947052343,-0.6833324012214455,0.2346945451862225,2.78869821406203,1.1254545300684269,2.7406155491311095,0.20623588257257186,0.7671967363877326,-0.4611695430334677,2.0694677428599966,-0.4225273809913848,-1.252222795553345,1.560005120505848,-0.9590785301799443,-0.29303744987438984,1.1754136691673165,1.1763370096471377,-1.053637341530744,-0.13647702651587787,-1.1406209686968136,0.5460969403514876,-0.3916237828170379,-0.21807487218105462,0.051406107888865404,0.866915886027561,-0.6814815780906637,1.3285574074612967,1.605754159271485,-0.05649428076477292,-2.0927468396815105,-1.0496633842664445,1.0759238771418127,-0.17853835710678967,-0.3931689436622679,0.9074131340790426,1.3208261399782986,0.5023926023143341,-0.5976041163494825,0.0807870129629062,1.004825807331712,-0.5689579599114212,0.3579857291358329,1.179174765066456,0.8241611973817441,1.205418972644242,0.5005388160758857,1.4040978911608981,-0.9202065085438568,-1.0809924621844307,0.8680600257391585,1.828037129595585,-0.3177073809360091,-1.4144467375557674,-0.8142645724143972,-0.018701089794521508,-0.5244147878532187,-0.04927380604444109,0.6503967370319288,1.34157791263916,-0.5182552265134885,0.6115064606862657,-0.23991800295734395,0.5007094660366713,1.6488731202811402,-1.1182396243189723,-1.9416515866650943,0.26866901646869573,-2.1538409696688348,-0.46364596915666345,1.5409996142279327,0.5470372308012583,1.4021289751746626,0.5726455261142731,-2.0014279511161033,-1.7558874360834318,0.535259300356557,-0.7116859313106618,-0.9435122806841655,0.3812984093918631,-0.7689579832453087,-0.28688837085433605,-0.3991252213537005,0.47130003283267186,2.11470566109855,1.4183608810887738,-0.5458362163640191,-0.06845272537740486,2.2043866408398687,0.8065715967202627,1.25653009011148,0.5359371656977143,-0.15865729255502645,-0.08385112140936984,2.566343035669187,2.331142146530409,0.5103917024033177,0.8313808213239644,-0.4258496002500901,-0.4189367790180831,0.13835317247688675,-0.5387268543603944,1.1692997208481823,0.09898189243335531,-0.15411769727770946,-0.683924012616016,0.37381105312047125,-1.0901282651374542,-1.4821935341211137,1.4604352383217627,-0.6238282504264969,0.3740975446176571,0.1890566688235683,-1.0702263728657686,-1.2475317626509905,-0.027201841829697197,-0.9274317778347078,0.2455868218753677,-1.2046271975637088,0.5859581815571119,0.9291095141966446,-0.027428000443265696,0.03202739986454839,-0.39626865783489384,-0.9452482499277198,0.7861492953116431,0.27367333626947243,0.6489617871580858,-1.9109139979479737,1.1686855599376582,1.4409667320131103,-0.22018934982885785,-0.4455178825375976,-0.8838289626391803,-1.5343784369558673,-0.36755545347753904,1.1354097739539486,-0.25267885749605723,0.8383679874326783,1.4704031215237252,-0.019666740748557544,0.6578249283699208,0.47345611546250566,3.232339471219732,0.2377515541696223,0.8776686241243103,1.320100151119562,0.47814047999081,0.2521233501003893,-1.7003968399692644,0.6469756618717144,-1.1492582921565755,-1.5801998346929043,0.7730837411431979,-0.3254005171956712,1.1781982340427883,-1.2550033662385807,0.31488635905291235,-0.06594873394136885,-0.4643589754354437,-0.5725663089737785,0.11726927328690422,-0.3319070355321181,-1.5758391204358098,0.34587761244177306,1.3242205451977598,0.9641679997653139,-0.4269916376771101,0.23457637336500786,0.015124794716726543,-0.682769272354883,0.8750133905139507,-1.2216214151910136,-0.7919460653640688,2.0140191853344938,0.9424273905466611,-1.2830330153255185,-0.8713052086361844,-0.48756169421836476,1.410732313702946,0.08107953386832661,0.6203800041614528,-0.475944231669406,-0.24391021259503348,0.630328055130564,0.3829842317663517,-0.8047742459115161,0.24620493400342736,0.9412135715964061,-0.47829131830527305,0.8476857867266093,-0.8576644388641095,-0.9995253694300534,-0.17038339087623441,-1.0357803051367676,-1.7671150640274935,-0.1902112494190042,1.742278606445764,0.760393892293208,0.5553695760718709,0.06539080665536376,-0.4705047000123458,-0.5410293233792421,-0.36816842744196465,-1.3455089810533987,-0.30594678495698,0.29028400015920364,0.4096795191783391,0.3423981564805101,0.35779515486691826,-1.1972846631683614,-0.4630190133781296,0.32289531732582827,-0.9380131269523364,0.3776297093767343,-0.4131060086858679,-0.8095550567458675,-0.8762795627445795,0.7493748706221319,-0.04984194157609456,0.9460894451951687,0.45654458509259077,-1.049560287547362,-0.7775549814442357,-0.6304021602818735,1.6178778098855373,-0.1504215401274835,-0.2731056979289052,0.5685921464066579,-0.2529272665304399,0.15019138116348493,0.3333504183916493,-0.607462644706221,0.8127699719109375,-0.6334091437169893,0.19069232735068697,-0.04373481259616142,1.8601150440226624,0.478852016944269,0.45108854348810323,1.98223807014852,-0.8673008629394322,0.5583593094281519,-1.265100054733244,-0.576603210667051,0.6574594306632782,-0.5741235928954809,2.288587373599801,-0.11792765707209515,-0.9596770466904346,0.28844424640347655,-0.4722730036537362,-2.5193933671560362,-0.7993649649171051,-0.7720539142662813,-0.13304659426427473,0.9839046128497281,0.6809297587149771,0.6032621124084027,0.5160906459560015,1.0533420342204722,0.11315936082834596,-0.8078074945810233,0.603100505577899,0.1611457214673769,1.1713791055862792,0.7340131393310435,-1.5925755514586393,0.035517745521070856,0.7395792537101251,-0.44972969089305526,1.3243855766668065,0.2629183183579259,-0.716496172789634,-0.3765727603025037,-0.07973375688592074,-1.1134804081587137,-0.0424223273046805,-1.143440386464214,-1.089823732487967,-1.2362840188526818,-0.2645229551659619,0.10376357345837026,0.28477365357204004,-1.6135563185530852,0.08109109584855087,-2.233757448275861,-1.4664436976328843,-0.43208195504923036,0.10395516333856306,-1.2531486539393721,-0.0862432530687837,1.6996559794505208,1.4289575290212517,-0.41248793908591985,0.42480999227759186,-1.1389711038024057,-1.505836992977567,1.1125963546966495,-1.4770204464474244,-1.4855292774790632,-0.5327113988670956,-0.33100911858186594,-0.4335894662875989,-0.761582290819002,1.4091932970553591,-2.651935268011466,-0.39686495749797485,1.2224075583675793,-0.008383793122862693,-0.9838249868334774,-0.3824085339459584,-0.5032491558876337,0.9449212063691068,-1.596746668266784,-1.209860201337124,-0.9807377777614739,-1.4185055907089672,1.2832453173225398;0.08937487768735226,1.7523308831191173,0.47119085328056065,-0.7367128404106651,-1.7182364928340665,-1.0990957731864104,0.40859497219768465,2.0820518811719575,-0.8601936391493445,-0.9896611272298753,0.720136789416525,-0.376699191550198,1.385805706062023,-0.703298526271492,0.9183005916185214,0.04523188574499552;0.8406652660674934,-0.6771041441391162,-0.06707376243096909,-2.0750293331676644,-0.4234705825549461,-0.10875534520375713,1.088023707409857,0.40135849522184525,-0.9810167981590469,-1.9143207557884192,-0.01597735853488605,0.8004613578835043,0.7898649230931725,0.39358491038130866,0.09637632587078254,-0.619705232912302,0.9489920455369293,1.8910493662353467,0.656595143544401,-0.8653505508472459,-1.501935230961999,-0.5827104794342055,-0.3385185475880869,0.3209965450822291,-2.5407672535325823,0.09435209006889816,-0.8389950681298464,-0.336222643617801,0.592268364416323,0.015714391967383078,-1.4341206203655437,-0.9201339470775706,0.5582194504806423,0.4762718841397632,-0.09686066373619831,1.2269053813799193,0.741387355943601,0.9339090049451371,0.5080133246203423,-1.188827412765413,-0.7561258541731146,0.20436764113169803,0.375898674954859,0.4536226823818294,-0.07421828539874153,1.0848013332372657,-1.3997370215372662,-0.38040474734310903,-0.4154701097753033,2.125055393318081,0.17861379976193742,0.24389492435674398,-0.24431785084673016,-0.19080088234299733,2.5922774876871255,0.9020052200806001,0.6926692119474774,0.8618680989176905,-0.36222813485530214,0.5769282388153577,2.1761680435860815,0.8063016572352234,-0.9267259972068496,1.0042747856031684,0.862642405488386,0.38343025515320694,0.8689552718816193,1.5859898096747929,1.3270100122773383,1.8296689195271805,-0.4847007887719338,0.89393019372384,-0.988669001123151,-0.6352343085784304,-0.7502093488582453,-0.034996901648779784,-0.4369975451471241,0.4017416372197627,-0.479288305664469,-1.4677851702468478,-3.211457510640181,-0.8416137903609433,0.9365585454774574,0.5425584804556776,0.3763342963060247,-0.39309358137734296,-0.6496583307427544,0.11790176539694036,-0.49721448458033896,-1.255029844411135,-1.2897730436521915,-1.0299083954378614,0.9891801133402556,-1.0015153644694732,1.2172511430991195,-0.5471006113578657,1.1717503510409872,-0.9448243403030891,-1.1404095131664147,0.9269509173958415,0.30319527205455843,-0.7024204633554151,0.5318374605357794,-0.6810186198888308,0.05720306688771348,-1.1574338639974329,-0.008803290597084082,-0.864531196794073,2.5559638715316386,1.3473708288974047,-1.734547850295833,-0.6809711647593758,-0.27565049606713793,-0.6910386076460171,-0.4599987046574012,0.024907797030296858,1.3337201647618089,2.7406202152377768,-1.455363469412452,1.0519807834081036,-0.7960390672405693,0.5098370906402439,2.1938447275994575,0.10883700429590917,0.004539046922299561,0.1850468148096339,0.7027952746224215,-0.4099732630664631,0.26735335456593334,0.9042263613358106,-0.1709921047095537,1.2154131281447564,1.0617565567635323,0.307292724041882,0.1880808963340206,-0.5670954074008274,-0.4227068346246613,-0.9579457988484422,-0.37775192190445284,2.596734486453662,0.479486530505378,-1.553258886452474,-0.7108118250583257,-0.3457577034440321,1.0746051880538585,0.7455712936028935,0.01255268844101283,-1.4887610133749736,0.24260273749041303,-1.2810360037936674,-1.1969248842952342,0.27795073717574476,-0.30413071112788265,0.8290792938436455,0.4716869030406828,-0.8163653166521175,0.8254293514592084,1.5739067359046104,-0.7449638872572618,-0.6641099700260613;-0.20592628342123886,-0.7296083868459794,-0.05908757571967477,-1.0093792614809218,1.7542676926898322,0.1025160900495479,0.6698628575505471,-1.9687717710888926,0.5257225560223461,-0.7753249001598681"
27,0.04735942494606965,"0.15443015658605536,-1.8882753355447357,-1.1940206156920063,0.00979341558747368,1.8958463145704079,1.2004734361998466,0.788783617803051,0.10014157616177607,0.6852436723855185,0.36467511022065296,-2.0675232307184044,0.4415816684950921,-0.20054881128102828,0.9451453447938747,1.8344083415866617,0.6045241830284097,-0.19125227236497666,-0.652530567043193,0.5465616725699454,1.1358320637874133,0.20208565569636427,-0.7619028653924135,-2.762059338426051,0.6968580719578498,-1.5060256963325689,0.7000347085561239,1.2196771230971095,-0.4385359487721722,0.4472107078497325,-0.3521036983316813,0.208324904333186,-0.32453636482832515,1.5950160841788956,1.8528924041835113,1.0992105343773706,-0.9744689228727235,0.6279349833384602,0.442740828607242,-0.17494983538944134,-0.9415852960527394,-0.06704607788584838,-0.7755751888214029,-0.12705430469109785,-0.4443062964519229,-0.24806770306528253,-0.2228793571487926,-0.01364492524501189,0.3681185026942999,0.2876947557377315,0.2172808434118801,-2.0820853657502063,-0.6719434479463855,-0.35872176778576864,1.2456835438301646,-0.6236129440209379,1.2504316655726362,-0.7397902005862589,0.7960310768779798,0.9144144401509025,-1.6461515501762554,-0.30801314902756616,-0.9086764334542192,-0.8393475351820295,-0.19676961933536471,0.7300504474684437,1.6812253908219796,-0.7192329846795128,-0.8330379639729156,0.9741738486853956,1.1589186383794112,1.0749061009820247,0.33733325612310594,-1.8990194160659342,2.0202931934029738,1.7522313437305732,-0.5709475512452912,2.274640585297806,0.27957285225802425,-1.1102264564681832,-0.6287878806484962,-0.26782171816283834,-0.38556511209633954,-0.37117501671049097,0.1296516327309553,-0.1929124127430359,-0.16125190387429075,0.4390036138249478,1.7153494301165377,-1.3558863647223656,-1.7284674705482268,-1.2004950088650217,0.15564161274305519,-0.3489542016037867,0.7203081305063005,0.04151368816853636,-1.4893888261898902,-0.7110058808259199,0.41990367780782945,0.24406745926110052,-1.216781794256173,0.37285072464003677,-0.21834599020272383,-0.14400682188031433,0.5690212254565308,-1.2277869102816785,0.9632450046888823,-0.10269098210397185,1.0392575949817802,1.0248411223208258,0.3226238445790778,0.32278031023119697,0.21098233829631574,0.9274482925961771,0.7368634867682682,0.10764598712383522,0.39458005500430887,2.0893272160266383,-1.0285111670307512,-1.6736649946516835,-1.1461224106011585,0.508578937068261,-0.3446641014853019,-1.2056311146819094,0.8011731030612141,0.6987809813330237,-0.27729500628450826,-0.20267136298870825,0.8334816706372795,-0.09075111823405813,0.7609217795538264,0.12389267783595602,0.7307963860351822,1.0538652023770225,1.0431201214392785,1.1854779019465518,-1.6630177589839872,1.1984685391671235,-1.9417083151185723,0.7186356874632817,-0.40435327125217346,-0.5043094806732731,0.3303777006281564,1.06684393784718,-0.6730036765513395,-0.7569592012623538,0.18925966950025608,-0.37897368455973157,-2.2939738675966233,1.3031545936856446,-1.7106606731897513,-1.5450812350686935,0.4017079537015801,-0.16376070648578314,0.140561168858907,3.299467548936351,-0.32855896999461753,1.5221406039546255,1.003536767411694,-0.8990859133621312,0.7169709193104405,0.3712295319030361,0.9496495470511449,-0.3718767589198134,1.0283581479745074,0.7095839595912824,-0.25071727203196414,-0.7898194160219871,0.14077508129085456,-1.974164736230357,0.7280144784421023,-2.443094005838549,-0.9452850536512669,0.22432492038544266,1.1500948792319412,-2.6684929796259627,1.78194740635945,0.3218673594688062,-2.428808179923106,-1.0858148807221792,0.40189754677463774,0.3970810978962781,1.673535098919219,0.8417077312537936,0.3229564731104792,-0.2094936582195866,1.0210714206678186,1.9774072607262267,-1.225952987615272,0.8213659448474745,0.4156024090030006,-0.5896665312105093,-0.601159455543123,0.8282733867457318,-0.5570983758944854,0.4301805804189315,-0.2965409413245709,-0.12988301664369797,-1.4317718150782899,-0.3428824260921123,0.45288681185447066,0.14456409704859108,1.2523287766835973,-0.9055962501147566,-0.688142910579467,0.48285820942126256,0.7692165832904179,-0.05914573026601795,0.25564932379349914,-0.541892354888844,0.4451588932457387,0.4887205039848016,0.076219971980132,-0.2751669496002588,0.12799732303813935,0.09665884444061208,-0.9755646553519893,-1.499961430945633,-2.6114368546920916,1.097364674607983,1.2459862938965796,0.26164614115170043,0.9850305013466963,0.830271388674913,1.2752586762678124,-0.4192388394613644,0.616938815387651,-1.293489015614416,2.7831795620204027,0.5133334480256215,0.027913559856091313,-0.8939804444778916,-0.045551191816608015,-1.1821755165039827,-0.646802593241393,1.072966880318535,1.0367146017123967,0.36018702747631404,0.3055948327770364,0.1627784997423279,-0.12306914034853186,-0.40961661460802734,-1.0144762085580667,-0.4893348135514519,0.3195921253246782,-0.6931021029004125,-1.8453861279630253,1.1286523046417216,0.2704063803276728,-0.2382454437023081,-0.029076029011954895,-0.14219402637336437,1.6573049028537925,0.5350264072788888,0.7567348181897635,-0.6775185354543274,0.08827342876581126,1.4161518199752012,1.9213422826832462,1.5348341720434997,0.8987450012364068,0.6980547460430587,-1.2485770838924772,0.2553999759650379,-0.07610522246520054,-0.9350959409150242,-1.102027766889599,0.14553462239302506,1.3544471067489954,-2.254418285370438,-0.030825808411356057,0.006879820365634515,-1.8082976780758044,-0.12741397120890863,0.1564095031235607,-0.939143765393885,-0.2398046852758688,-1.6623246822084334,-0.8203205670609812,-0.9079677205058682,-0.25902828632848524,-0.6043678710331057,-0.10021433981399301,0.8064517742486943,-1.2519352376294914,-0.95553139367879,3.888425509343849,0.74314932477005,-0.890700222987492,2.367163728553791,-1.0740198267022458,0.10165222560289751,-0.06873912197953586,0.2621058687245612,-0.5674776549116811,0.8237306322051837,1.5834576013672097,-0.3292759702042584,-1.532079289611529,0.6573737644006924,-0.538331298130833,1.5125089654081973,0.6308587178617329,0.02691223706649684,-1.6925512319065892,1.3048443504596565,0.6666816002404484,0.2766507016391385,-0.0912120474120836,-0.8256353750989238,-0.5823951571093514,0.506600652001253,1.0265492852908888,1.193237457636958,1.0115766626334153,0.05415516474552433,1.3353920924235407,0.7336762054154221,-1.103035532387451,-0.4074799894484261,0.012762576329450798,1.1737954778093767,1.5644209285798634,-0.7795482690016876,-1.5605912276703084,-0.8970974764947361,0.42487445923481615,2.553884657521948,0.29345602928602643,-2.0179965887501004,0.3979583791127336,1.3024164068793016,-0.6574027502845268,0.13248859447253508,-0.025892647736979024,-2.540220376746333,0.30591899048358595,-0.387582276222129,-0.23195931237146988,0.09004677676623908,-0.5133530750318319,0.40927615545520907,0.1384009828854176,0.28010305304173944,0.5661397317407287,-0.09953522349615411,-0.3644704081591277,-0.0009856917949919025,-0.012527203080055865,-0.4142326127227186,-0.9166398344596882,-0.18039880793599652,-1.417547046138981,2.077466005602487,-1.5445186383697234,-0.14646113611705475,0.4962866003900991,-1.0424033732671543,-1.8977504009098938,2.366051638165413,-0.9716016296666291,-1.0150145346728372,-1.266313333181884,1.5054880917555553,0.5470683623394499,1.0475245511825542,-0.3145075601284107,-1.0183445264247106,1.1714120237094803,0.14862789658261727,-0.6355781630843862,-1.0809519745926743,0.3998202788473205,0.1367953320161996,1.5187533577871064,-0.44425091932723093,0.7884545130170248,-1.182363357747343,-2.5139368690752706,-0.01331010888501289,0.9328721586299594,0.020973767838168872,-1.4368664498679702,2.054092013343474,1.2526152209631511,-0.549093036998602,-0.4474582640044309,0.30154443020271415,1.0455781060363076,-0.6238745466987914,0.8898002330254562,-1.163853497791406,-1.1561934060155523,1.079299938935058,-0.002147220112113421,0.2190225903838326,0.314356390920403,0.4121093146766708,1.090778161420618,1.9477192347956147,-2.9488569360465533,-2.017008142058784,-0.7186925848721708,0.3752102211582625,-1.0202012858033616,-0.8181907137142906,-0.57161935276545,-1.8366746928234088,-0.9388838770596906,-0.9756478260753759,-0.17852192416219426,-0.5718170827564889,-0.8122850291404926,0.3496988606783702,1.61433887452285,1.036599265138194,1.4883635414757803,2.5328326275664987,1.1718774845874942,-1.8040728753108497,-1.3497019479922263,0.16559716427473603,-0.5014264040442795,-0.30000144649355753,1.3896437769765104,-0.6872148304060679,-1.2121192515631252,0.4322419961775099,-0.1993501507004239,-1.3470634743874208,0.493498691488881,-0.17589347194857574,-1.4945155214194625,0.3649730769491145,-0.5354835014861399,-0.1349007184265698,0.27256317698534893,1.5276392931788023,0.8028333627099967,-2.210023839319194,1.4614261091368113,-0.4306477838936453,1.0620137929999476,-0.2756240668942051,-0.11439082900907871,-2.182931132991592,0.1267142197654844,-2.0628850764940063,-0.4156472458493416,-1.32120872487788,1.8007221692941762,1.358974079896059,0.1205761377477974,1.0389633948851023,0.5947793712907317,1.0472657942686314,0.5817729711595069,-0.38604700660328767,1.2504457661719555,1.4011900200932996,1.4544125709420543,0.652645406303745,-0.30407370001433326,0.6188761419202329,-0.47626642079364084,0.3080927417720401,-1.0053924202683358,0.6030138679036608,-0.952372385992141,0.2710523111990074,0.6493391198209626,0.035237051986702475,-0.4914428126847624,-1.1468491024363439,0.1358322991912804,0.4165395336884683,-0.20844202032790188,-0.058784056994911404,1.0662107205397573,0.9164408914783876,-1.832351264536449,-1.4605505097355242,-1.847725095010181,0.46416538931312723,0.02872092840746894,-1.551582176468226,-0.9232552561921121,2.850417469348736,0.7802636083693186,0.6976781586870263,-1.287211803484915,0.23056292480545024,-2.001103848821439,0.5390785756476155,-1.5408347582901825,2.1873575018249776,-1.0744077770699025,-1.705656509993507,0.8534911939773925,1.3193009333846195,0.9358572698676324,0.3476372564545104,1.5621041948682124,1.0055560749207106,-1.187846494643911,-0.816693989843738,1.0923879860070955,-0.066637194087665,1.0874747699412202,1.3306547002454416,-0.2920402394475601,-0.524531950437439,0.9875589654648991,-1.0818000958684038,-0.46028943844806736,-1.577102433921445,1.3638156600492544,-0.5746536133876652,0.1363032822048126,1.0788617960519926,-0.8397922649816765,-0.9831470096297512,-0.7982029145175655,1.540554747959125,-1.3722156518752426,-0.2420441291278564,0.6658869769440864,-0.4131509245363004,0.372600783000697,0.6049609051953357,0.8215822551101645,0.619431988373839,0.7721469228222807,0.3558102363670526,0.09322109754811851,-0.3570128384155844,1.7878900215898166,0.6390802584194883,-2.1957982965121206,-0.75505639663357,0.4714582876548574,-1.5247560499126465,0.10877324522673254,-0.15969951424248122,0.5257197309877977,1.1328763764757903,-0.6980036266400695,-0.3719967255846359,0.7890472918907123,-1.176157293453217,-0.8232118735459935,-0.5013838847069061,0.3381324708819333,1.0764889568162872,0.8559828789421621,-0.7492465201169257,1.1039986779312223,0.7973496724668168,-1.3554364378270858,0.3637253733120062,-1.3581065731945967,-0.07178290941251421,-1.111056803048006,-0.4192005357896234,1.2942306981462919,-1.3861978661231569,-0.3015699870268278,0.4442489409307483,0.3545916198303422,-1.1608350976917396,-0.5226146700759097,1.3030559843182752,0.20340485012193718,0.6446877503473739,-0.41628748615109357,-0.7479562888695455,-0.17585184864014752,-1.3901717635506352,0.12125968993984289,0.10516060319372347,0.19858587080073783,0.7948634793439163,-0.6893795458231157,-0.12781945490525465,0.7788121498007454,0.26449755984619033,0.4588942020323096,0.6195956613628283,2.0305486357784233,0.9235012204688275,-0.38174769879422094,1.104246990763221,-0.34564035928237613,-0.4242972953283162,0.18257405163584345,0.1833172800972548,0.13854031419440677,-1.4919099951975154,-1.40085274294843,0.4071955357893462,0.8098965624302475,-0.06422307177382278,1.1802666627920086,-1.2035002420597292,-0.08986003070241358,-1.4590645692764397,-0.6895864219167873,-0.468204558318384,1.0955277946705504,-0.29819372017378043,1.5414615372904512,-1.6631075583839674,-0.37753054125492846,-0.37773300203668136,1.0201942762896334,0.33718933749734875,0.6277364535945452,1.0100042710662906,0.44473832959181164,-1.171728625802441,-0.010208762500319449,-0.02466886519839695,2.7503821660412027,-0.25651144725528624,-0.03249439837137287,0.015684885675521273,1.6033701164977507,-0.3071680035570068,-0.48935362659442216,-0.4450092576752889,-0.696047403332441,-0.8388316454619531,0.9986713539346959,0.10101364209930258,2.787511602414574,-1.7472102455093999,-0.963949782801836,-2.3834016064733774,-0.11064480069228658,1.2753210028336393,0.3219337793588221,1.724319099943531,-2.2759688443154027,1.8641084619301633,-2.7244872368578132,0.33132482079801123,-0.2846674992826035,-0.7023818591210363,-0.9326918788781873,0.1408953217992594,-0.7776731505625634,-0.1427354457577449,1.1213053687814394,-0.08120751528948048,-1.6940960734681223,1.7571839932981432,-1.737999263580016,-0.10497060656270854,0.06204752100371454,0.11075886167597836,0.7985037227797319,1.3943447300585916,-0.17867099783723095,-0.7875842058687994,-1.8089342593006905,-0.9192860245070402,0.49630240129700587,1.1534086414188236,-1.3012562734978783,2.5967714613937063,2.207441366676578,0.812570892109514,-1.0256567989997323,1.047401273078023,1.2713742811880882,-0.5302078638160728,0.2740879836054604,0.3862819011470875,0.31527419939867973,0.5494503849747425,0.23864813483503128,1.2841997868164534,-0.696818776704818,1.5465121593613507,0.8376088231416252,-1.0222878449914026,1.5768846472583538,0.13889339695405103,-0.14143064005291736,-0.42013312349996446,1.7259220498485306,-1.2349271110673066,-1.0840002872570087,0.7265662622537746,-0.1155862375194497,-0.1983013247967696,-0.9065041225113424,0.33783263390479257,1.9029715565105512,0.372383979980427,0.049768369016688754,0.9880005164893911,-0.8033297288086163,1.0917310263230864,-0.27719747041266685,-0.05746395508960621,0.5129046182279247,-0.41518484475318984,0.2951428860349851,-0.5361639223575767,0.37220393113018746,0.9458285900775281,0.18776766220380461,0.8004119702588136,0.24794805257532151,0.2519314593441108,0.31350519395542426,0.04198338832475776,-0.6359054228019738,0.8601622020543815,-0.6137328262108505,-0.4891786590569217,-1.0274239951381843,-0.6454118049647313,-0.022188204366046786,0.07073881325347713,0.2351080464255941,-0.9393106765441089,-2.1130387856095245,2.243077964287112,-0.4418688298221033,0.5715043680834432,1.0547471518825637,-1.4302464011255693,0.43000311633432325,-0.27834567289200146,0.20846085809977705,-0.3280059240622726,0.325695420271037,-0.8114771502905194,0.9778543743322868,0.02057278902708848,0.12691408546360378,1.0779723130134677,0.7411275409064616,0.6870381765324106,0.48829127544481854,2.148253061802844,-1.4964912559276595,0.9881910845360055,-0.32872849687918,0.7565139811836052,0.8089477490867343,-0.34394428187223797,0.23879446264109833,-0.5385266263216045,0.5625579403279347,-1.6655204533740204,0.12568302469743897,-0.866936777236134,1.0897429994309737,1.9028969462043535,-1.7649208978312216,-2.617958047157406,-1.2625612576755882,-0.08542892389007072,1.933432354524133,-0.1417700714469455,-1.0763674813037276,0.1754885265441956,-0.83190408938702,-0.5666697094935914,-1.4255143909259838,0.26538628353741023,0.10414773939960205,0.537922614188229,-0.38762070500801077,0.4524594249157521,0.6393143802492784,0.6463370512094496,1.4917896407421907,-0.09934428587107894,-0.055453168069684367,-0.6155021019153082,1.546884041584471,0.7097384827501406,-0.8503698352520848,-0.9168177043890983,1.190198958557131,0.32784150389312966,-0.4395983519732566,-1.5888336984630353,-0.969676712285107,0.6691132048677378,0.06767542516020689,-0.8471201031967083,-0.6399670266123599,-0.9248989147685406,0.33539119409323537,-0.7919983099818259,0.5175864167479599,-0.516614952133402,-0.1012983776058427,-0.14589202302600213,-1.1516185444155222,-0.9054045295013735,0.1753829671955649,0.3758558602262116,-1.0056506263397655,-0.49638765108406796,0.9599340855580947,0.7361113289309467,-1.6023646254703183,1.5359162806280822,-0.7342563800018651,1.094848354659946,-0.38239794355678824,0.2597883397966329,0.25214104664748577,1.4218937830683587,-0.3361329814932273,0.8131096333417349,-0.7372670298798109,-0.04020665836161237,-1.6106792107135355,1.7889662389627687,0.8750454458497433,0.8400930605244267,-1.5339376562555813,1.182117359107796,-0.656996089027122,-0.2826785633016411,-1.2721055946290802,-1.3115631640727212,-1.1076093647622904,-1.7545668510305035,-0.8182041241660064,0.34718757876016054,2.868403631975538,1.1527417578398789,2.8843696721244076,0.26204699140833543,1.1154040447226252,-0.46660527916660477,2.1190821144884917,-0.6973593983668444,-1.3117052840683874,1.6195162648062336,-1.0531259897795888,-0.46996626073206177,0.9488082702053199,1.078390063106273,-1.4031733353352502,-0.31351757659154145,-0.9638447677443784,0.30915372228978927,-0.4998423795527655,-0.16685354716109646,0.4257937961165188,0.8286558455983443,-0.5959866906591964,1.411715501616552,1.6831561480552566,-0.04925860935600475,-2.3055164771075995,-0.7832969451283847,0.7837050000921733,-0.06598335256083898,-0.34628176633623386,0.8200104885528123,1.1950285956824733,0.5001254333394468,-0.362351695701121,-0.054206519074948986,0.8160641617296943,-0.27818570501634715,0.41517539878390347,1.1415145571062841,0.7058122574195235,0.9027270085442006,0.685563439991074,1.159050518367508,-1.024758198942555,-0.9192714412943159,0.5845668538386791,1.8333078026834069,-0.3181461522144834,-1.5038967056200254,-0.8073045929929721,0.06385680854679997,-0.5943399567537023,-0.09965935865973025,0.6850080188483935,1.5427149309047563,-0.441038886706574,0.3958957656792259,-0.3005539801040322,0.616842723355673,1.4171551318629318,-1.038360933455606,-2.091268113844076,0.11323329056352979,-2.317238006845291,-0.6286569727121486,1.4488011438564152,0.9255827319152556,1.4523046209885848,0.7858358932495627,-1.6537297305889525,-2.1016132200504436,0.3950118780167277,-0.5881361768720502,-0.8365446937975364,0.09692807875091247,-1.0733467610898852,-0.5220115395000211,-0.36388474008681587,0.5866321901263074,2.063162105069429,1.2553316722987964,-0.21422039180222655,0.11107715133265687,2.1665367038229393,1.068906434555751,1.347819378235716,0.8850862698981319,-0.2500894902416467,-0.1819174093188214,2.4237257418093368,2.2483741826654056,0.5429985817936153,0.685359392450519,-0.7871040622800571,-0.5865533404408587,-0.0767515339126946,-0.6207484339826792,0.9385496159518503,-0.21169723770128587,-0.46154235133962535,-0.6564109320324909,0.4089122562385661,-1.3871991897734681,-1.301350255236375,1.3909367258766772,-0.6107016185083589,0.19286217291512606,0.20875373627140378,-0.9754130603924944,-1.360422265464847,0.3604463743207239,-0.598191759765448,0.35210711485623036,-1.1993257429756183,0.9122166979363557,1.0013137036050466,-0.07969054338126266,-0.0905465352853983,-0.3584172004932837,-0.8392220515135954,0.8760893484228537,0.17065823111596296,0.8435640407638149,-1.5345416741835147,1.1891212381911207,1.3235674233661798,-0.4199600939162639,-0.2985932609813216,-0.8799121585016134,-1.5074709237522081,0.0035939607551415953,0.9754512282070079,-0.1886887611994366,0.9234487588481244,1.4033995820810734,-0.09386621411322521,0.860825116037381,0.5290294708513584,3.328037850555627,0.33073529024857784,1.0355335284673937,1.5675910858168316,0.695311002635882,0.32730062077511024,-1.3884664060290282,0.505062831999365,-1.08124041546402,-1.3182540852640918,0.8680463394144613,-0.3391346290027279,1.083480561327033,-1.2610635421501992,0.3933940865181141,-0.12288151524831728,-0.15010117738295628,-0.783483284041007,-0.2627485966057015,-0.31005241597240824,-1.3434006699574308,0.5107156840335545,1.1725267121306313,1.1074312127590618,0.020239339280570007,0.09038731836710162,-0.11020429282208935,-0.5807028811826965,0.8800024653698082,-1.1003600718079747,-0.8195029144965811,1.7676722703505021,0.872102761121869,-1.5852797448616935,-0.6368337623057029,-0.6596324195599599,1.125564375794358,0.33980955129486073,0.31454959872489957,-0.5138361792414861,-0.24141275250460018,0.6626073601309269,0.10260663286762299,-0.652091612599613,0.3584684976972442,0.8752678433466555,-0.6684061794752749,0.8496587540856516,-0.9969084761054041,-0.9838277566610842,-0.30335049405822845,-0.7865649147360811,-1.627661846766684,-0.020973270464204826,1.7332512272556415,0.5890724827107602,0.6434075688705109,0.15462311189209724,-0.5697632577987847,-0.7500000353309666,-0.1455871849471777,-1.144176132109338,-0.306614517125066,0.6687754606770128,0.26816867871938427,0.523127369288748,0.5490465768668213,-1.0001374918455557,-0.4168124401241923,0.4072647047192316,-1.0911402237479075,0.21901359165348558,-0.5030650858685664,-1.1877404678342371,-0.781733032718137,1.1669514133227077,-0.3273317549927051,0.5097426457950148,0.5239214109693157,-1.1528419920798327,-0.9813276847691715,-0.5538779387087598,1.6538572111815901,-0.18374864920096004,-0.38984935465924486,0.7664385718899107,-0.3534262248617193,0.16280508353173312,0.3097522313934167,-0.5449964043928806,0.6798347435236671,-0.6301286941181972,-0.31567266334631705,-0.046992823469656664,1.828748059871985,0.4424628171946553,0.3223273365340963,1.9029488348564867,-0.564689990747363,0.7925122542941453,-1.4211504457569004,-0.5871390062099883,0.5916539257448546,-0.5243931774894439,2.3578329688225077,-0.034199320149765886,-0.8876408248196119,0.33067368871116365,-0.6112868458371638,-2.519962361009015,-0.9084707462666092,-0.3101101500375583,-0.286283257669991,1.0491820213467558,0.5045710483262473,0.6691482181754045,0.42625328767852033,0.834034771480045,0.05786019809236791,-1.0521859749428182,0.8110340582981673,0.2678503086859956,1.3626621125567333,0.8649080805480465,-1.443424446603006,-0.2219903911391074,0.5104028187818465,-0.07637756888950406,1.4055343114793482,0.15343127584145294,-0.8331545391609289,-0.40733833544426157,-0.3337991819813575,-1.2333368598783832,-0.0113632983697499,-1.1163727844106228,-0.8101828782638675,-1.2863958733936889,-0.19199773814227883,-0.010420001709109283,0.4289529463983343,-1.6722299060006431,0.15071655411491483,-2.0033782796517667,-1.4006560088510884,-0.3744600752780969,0.2129916944539397,-0.7210022137308533,-0.33936417480227354,1.7956398471987884,1.3515916372823036,-0.5501957881363493,0.5652776373884054,-0.8543539602506143,-1.420262840479272,1.022972605248717,-1.6557992023362562,-1.844703143880598,-0.7608530241701955,-0.4270081342682319,-0.6962887093805974,-0.5336662571529381,1.6045441673582905,-2.6623328432726203,-0.4863114509984533,1.0749724028416,0.059071841094475164,-0.9919767285194973,-0.5968456980415886,-0.45277489394209747,0.9633400117370025,-1.3515107390506116,-1.0956507013810206,-0.9466614943873889,-1.3476815302781753,1.265855031731013;0.37657817532063453,1.494114824872847,0.21859634281718693,-0.8410972765849734,-1.6892496161627537,-1.033528395375762,0.0845619046767489,2.236824864602888,-0.7905005994457973,-0.9379220291186706,0.727383615040356,-0.37418410426029286,1.3248037417167284,-0.3461880793745066,1.138666667003731,-0.22652902868144123;0.74894066735661,-0.5846965347030383,-0.010308969887800026,-1.8903154734320446,-0.13969929506937306,0.20162885524959828,1.0161679472957543,0.23954576917809253,-1.1100905832790575,-1.6901672466591788,-0.19077254461771626,0.6550198418558946,0.846671820097992,0.38718706622056254,-0.02366600572496059,-0.7590106963513791,0.7441654776106164,1.5263327620628773,0.6510321650561082,-1.0208141111687248,-1.488991556105011,-0.6433406976591225,-0.37477731842971584,0.4456775271699224,-2.8207418322674003,0.08392346111063308,-0.8395580326320972,-0.1697542797499455,0.6364978900661584,0.01797353926067268,-1.5451133330264721,-0.9304053405914414,0.40885913871866353,0.4482670054638808,0.06956392166007455,1.3793286931527278,0.9350552371627665,1.1292872634243751,0.43054450929917676,-0.9072798433451092,-0.6453213745595866,0.299587184643036,0.317080964137816,-0.014326693430327692,0.24212593172117008,1.1648037015857235,-1.4408604163402339,-0.12119113930688571,-0.2609347598415871,1.7941256624147028,0.5134588683683283,0.025133161549017416,0.038320899533797276,-0.24783776844185867,2.2925361502549757,0.8977023593347142,0.6042367212814991,1.0848960354664243,-0.3571318608489617,0.5181460057048947,2.2598261408272204,0.8132156079169939,-0.8692678928821395,1.0159813047202828,0.9873931909862128,0.6128660474378702,1.0347190530588641,1.3245251879196547,1.2791406652421218,1.6839211756223569,-0.5828178735805633,1.0935543539813795,-1.0023130839757797,-0.6870181803647739,-0.5785421419493014,-0.14785961957944643,-0.5331444033137804,0.4571578885704359,-0.7707142230987353,-1.3911800075458127,-3.0713974877882873,-1.083448830129345,0.7663778853555422,0.5898222984655523,0.6514609685348263,-0.29979254310528436,-0.49478032045917486,0.0960538334508727,-0.4268152368059652,-1.3262394144206922,-1.2759059518741789,-0.5504237674063284,1.0418118190053705,-1.0332185109627838,1.3152203545097274,-0.7932511695750372,1.5377295369442365,-1.040894105432227,-1.1135110538739788,0.7125563658571317,0.29682393402977475,-0.8932538636607825,0.7245852120495796,-0.7245344076638806,-0.03318154740896043,-1.3918885972395967,0.16548190116897338,-0.6134755019108491,2.510339980065165,1.3965622290964406,-1.5325764650190643,-0.7960706019249137,-0.3160927286493983,-0.8560300837950504,-0.32865401543033773,0.05692331897100862,1.4317538604649283,2.54212454198997,-1.3900550493709372,1.1243727933025407,-1.1504798445847144,0.33659500853654256,2.396325206082667,0.47903472695428373,0.3472466359789002,0.24144772657525182,0.9145096435992064,-0.14769568804793334,0.43457644972771653,0.9704844447581973,-0.16379273636856173,1.2724877869834428,1.1032696349079822,0.3821939603537946,0.2697955106509421,-0.31186664761902755,-0.5737059444552057,-0.9845023330250592,-0.14670084179681633,2.7071516615334703,0.2628226045808122,-1.8509061120958392,-0.47134905980014385,-0.3888597634586738,1.0497350243651877,0.5268440608524974,0.1329884019262761,-1.11238227829635,0.37695590614289365,-1.5829659497205757,-1.332604603349765,0.2773815421260356,-0.30757399400361346,0.7893244193641715,0.4753481654490538,-0.6965559027654759,0.897018059279299,1.60677288380244,-1.0105477447891882,-0.6409182480491998;-0.38635512462004923,-0.6125173885512694,-0.23944277583014942,-1.03027419061498,2.296672022986521,0.14922353814393918,0.38800604472045247,-1.8963569647197942,0.6057957020076392,-0.4952189677607951"
28,-0.226477985246098,"0.14923167826405773,-2.0752117805233237,-1.248783845781026,0.02470873592004988,1.6385027435371298,0.9584952472880424,0.6388161285626281,0.06911998442989468,0.7967704692140085,0.40601597538355355,-2.1413563416290677,0.3610801445432818,-0.48724645324299837,1.188353377478063,1.9261164087962395,0.6645062145733314,0.002510029847733568,-0.6549075007251036,0.5394032470195783,1.0293682087877043,0.4412759441315331,-0.6822172716205399,-2.5723385596753277,1.1023184524071499,-1.5126846518833568,0.7790173179065366,1.1987080811956774,-0.5125466177547611,0.31802685053745533,-0.17445877910805047,0.06559610274128085,-0.2512781744127611,1.6029206166727061,1.7550802694515029,0.9776861608157332,-0.8498264804753574,0.4453498118803789,0.5321818687052385,0.00915402239547711,-1.1450982362680737,-0.3633701540903371,-1.032432453468878,-0.186312086521339,-0.46593625819362444,-0.25149949741786154,-0.22006525921327533,0.19696677108536054,0.3379754144131536,0.15560489157910867,0.5594533754326004,-1.818276250718495,-0.4087375514645119,-0.45513951315798007,1.086780094915205,-0.5997668912535074,1.2653882566452384,-0.9639788812745507,0.9818976960790553,0.595116025734177,-1.3451488002831817,-0.06105598651713996,-0.9608894254296569,-0.8961866831106935,-0.4374506567104356,0.7538747179542593,1.6938505428274042,-0.6412960836467972,-0.8693227223855718,0.8520562333512461,1.4680151768165832,0.9833770304860885,0.44693998975336824,-1.7823365689525195,1.578460827019854,1.7768084528363226,-0.5307839970741111,2.2629317196950174,0.3972083361051454,-0.7033159883336622,-0.5624660957564298,-0.4677370556906578,-0.5889424129665418,-0.5040738750514652,0.001230966857124996,-0.4175746541291437,-0.18606842810091384,0.572693283864857,1.8663145186008714,-1.4306759118005488,-1.9020040042369906,-1.1827689776589314,-0.2608840665943972,-0.0525522801876836,0.9803338334344662,-0.26488965705027456,-1.503854766427756,-0.7029351404625123,0.26416242432523446,0.27539072471141873,-1.0730011599345188,0.3603564812489964,-0.16715594860313557,0.20650623963811385,0.5415948637501629,-1.534320702067695,0.7420531914522359,0.046510247128839444,0.9456584256019039,0.9112060085994835,0.72384587830031,0.1379719772763265,0.6031362057848143,0.9441889026132457,0.9064986121660462,0.08166552412195144,0.4640317066164371,2.0339484536513956,-0.845888104154003,-1.692429067672878,-1.1476628089447187,0.5689205854765805,-0.4869413467032328,-1.217951015097281,0.8666789074717441,0.37328388958759523,-0.007863799742511071,-0.3561262149908084,0.8375134367108652,-0.4699354713298665,0.7670033585978325,0.0724205684007863,1.0319313720990715,0.6497008841186545,1.2494087224283534,1.2844745857081097,-1.1750854321513309,1.1053100636001418,-1.8923785300565494,0.5642083416001441,-0.368232492245051,-0.21577728593752687,0.2795646990365323,0.7568485393796542,-1.0017502044334439,-0.6447314392695453,0.2731075433319772,-0.22672355869813635,-2.4297580827822958,1.1482881680393242,-1.5527782699313908,-1.4182939356634008,0.28390300157757714,-0.39484754897913277,0.2382434516776043,2.9494159821507377,-0.2645387578958637,1.34463827849074,0.9129414726485248,-1.0062754573343755,0.41976064613649416,0.48329680581051326,0.9415898853207979,-0.38115610512509324,0.8727468463651109,0.5782603872126175,-0.39800513145083927,-0.871506345552388,0.07014882739748163,-1.786969688887661,0.7808097521708812,-1.8282037343808168,-1.1519071488351034,0.13659258808421212,1.4118113562658356,-2.4121378884275915,1.750562729252964,0.34219745987919303,-2.5677600891303594,-1.0960441151854714,0.45396125441151014,0.9053580909095474,1.8153832380558028,0.7280022778173442,0.5322503217075889,-0.5476202275652815,1.0062528216334778,2.121061709297543,-1.4979688568180014,0.7402404357321473,0.5802438839608327,-0.6435133338678515,-0.4629574031502088,1.2055765478926697,-0.8339434470964869,0.35914986571358765,-0.43010513507479387,-0.008389967983594454,-1.4974258781487388,-0.44190934931287607,0.6125148301145238,0.20280603712721448,1.4567164458011443,-0.9193626733471406,-0.6570011809351514,0.29367836440986594,0.9005922561032177,-0.08472474078605499,-0.05922990433818967,-0.32477989367649046,0.6796401066741007,0.5764380551088895,0.26470103982919185,-0.27474359632932743,-0.10794870108312653,-0.022408455596484897,-1.0708927045175751,-1.3819082075840459,-2.618515263441821,1.1226542338910455,1.2182886415922698,-0.02726084836056604,0.9725334144894061,0.5700973939484941,1.097551102188579,-0.20670099660822958,0.7551776879427402,-1.3319224002675947,2.5576647994984167,0.2777123215524024,0.3418836512669585,-0.649530969035822,-0.15037448849756904,-1.3884030046392741,-0.758019884692486,0.7699506374029192,0.9478175981810899,0.35235062788320004,0.6155641050946222,0.18717636736469967,-0.12485135084457295,-0.4967081536087264,-1.0792361775986743,-0.4513055846954757,0.5204592418314813,-0.8817619983257248,-1.5323270339435382,1.3739729371187681,0.17450346963564556,-0.23492845398198467,-0.16627796523960658,0.15412594481576636,1.470703666403395,0.6426026243576435,0.7874224081014867,-1.014815975718746,-0.1059285373269862,1.4056596534341237,1.8822285061998887,1.4881982670796445,1.0564026917689437,0.8065370671406646,-1.1257091066869227,0.16089888672950728,-0.08720826371881787,-0.5757518485177434,-1.3031471100712548,0.3062826231937188,1.308215470154574,-2.5159211485477906,-0.001865927437622878,0.030102519639955645,-1.7661130942452887,-0.04147647989117059,0.09290973208688551,-1.0532146840955587,0.07907651199683888,-1.8821819061652456,-0.8821381341116344,-0.9299665456319723,-0.4187156125298182,-0.36100166075886364,-0.2857087371982229,0.739800426391209,-1.3187777555983826,-0.8863216527654116,3.9785293249367975,0.22627941246930747,-1.0914097236653022,2.3727653209526447,-1.1177653061966704,0.0463697317662176,0.04445232987061308,-0.003718393649943419,-0.3606925809606606,0.7780790223430436,1.4541650284969831,-0.2455820829948425,-1.593746605488797,0.7823528347643691,-0.6352364346269355,1.3908938600733323,0.4653502836287573,0.2823225507430488,-1.7146755206651245,1.4199136427270702,0.888101256922247,0.1468763320751554,-0.20503974115249268,-0.5686994185388312,-0.6385027109913548,0.5738600202909375,0.6888309757798441,1.0417354251187663,0.7533127958913333,-0.11847262727520325,1.6230745332389134,0.6190637895404995,-1.0492927307690187,-0.3693031878044094,-0.09131704972639015,0.9007639276653635,1.674256570247284,-0.593833513622007,-1.5404870848947827,-0.9499020237507427,0.7068935650163732,2.447758335236438,0.2125005555358342,-1.624407401753852,0.46050779644304524,1.1526367951287437,-0.658278601675919,0.25146552341415,-0.01443487318147442,-2.5662558135409075,0.41426037486477274,-0.4154171821325118,-0.0861262067806122,-0.0038494501887984256,-0.7048643721565064,0.4487867370049241,0.468779493570725,0.4338161028755778,0.627141792704551,0.06442961596350702,-0.4470647514674352,-0.07521735258200106,0.028416170474917693,-0.4521045223823908,-0.7700167523651067,-0.21967209830779952,-1.4323148512896107,2.171196167287157,-1.3452033637074803,-0.07182195499959211,0.42636840969847384,-0.9575158424745921,-1.481335213994782,2.0122092677781036,-1.166164857746639,-1.01722356900399,-1.19385529321795,1.693557199818178,0.559965454079237,1.2339058221406507,-0.2630854582468778,-1.0731855534375396,1.3611072506572206,0.08403843609753976,-0.48999704086134865,-1.295350158492368,0.7030184252758174,0.05703243661764649,1.6454185168970585,-0.5273858565659846,0.2903401688031213,-1.1492163679001397,-2.6456835595928174,-0.10020308967456792,1.095274025001428,0.023861877332802442,-1.6064775910435805,2.031184257179604,1.5123025343300454,-0.4232967326721561,-0.643477249730494,0.23089193643936629,0.955218564889024,-0.732284791765325,0.6448577579979913,-1.3024087465981287,-1.2298516306862934,1.061073389306237,0.12473594180703995,-0.1012275617793107,0.6220481643131753,0.5901346106062588,1.2505682153287663,2.316929304011139,-2.838390070019629,-2.041357769674759,-0.5811809436261225,0.5582773699954368,-1.0068258069388882,-0.7285405892605886,-0.5393367780283748,-1.7341844825935537,-0.9118181420770717,-0.5804684659860796,-0.15159449784596257,-0.6269658724382969,-0.8303114422294001,0.4403518345994914,1.6104340507439852,0.8906518562743166,1.7705373803110938,2.7090441614872507,1.5128816783732004,-1.8642941386100573,-1.5288293967978606,0.29665096521476503,-0.5754933620103603,-0.34613668705942324,1.1533794247778129,-0.6011386963064759,-1.2595103049094885,0.42692876252870193,-0.387227967709479,-1.6341304109853985,0.44403778365221724,-0.35497480472249815,-1.6603708527427747,0.20525993359752095,-0.5865682539901218,-0.3662773399521549,-0.10171284997199201,1.5591815132553892,0.45400951188739697,-2.0750357307835774,1.2537117097091106,-0.44647225678370667,0.953331254653928,-0.27242413676817606,-0.0953547545171746,-2.3735957130845984,0.13275556357124635,-2.0078409522936447,-0.588248350353817,-1.0615115234164916,1.8287988069927839,1.2253046376599381,-0.07195103715257513,0.9856243188494099,0.5557553581368263,1.2136262708030843,0.39020392686322425,-0.2920669601664875,1.2220201131920554,1.3183182290381623,1.3962287000422378,0.6976942004861022,-0.3772845231890826,0.7264310353040715,-0.4915377150656791,0.16379075367408474,-0.844534120329713,0.540775621498565,-0.9894553558745547,0.2081352753418954,0.46088053671587625,-0.10709205854730869,-0.33385411322125047,-1.121088755375303,0.16051676370190557,0.6830690330249495,-0.07388043728409895,0.0018780847392081967,1.0112328158008466,0.8623511773098269,-1.7390996669928251,-1.4215738219108138,-1.8203270542344787,0.32982745598951524,-0.03894346491308272,-1.6599560688014745,-0.7614955633911611,2.789168270415451,0.8100893085381916,1.00539731387036,-1.3725372113010217,0.5711496228101896,-1.8786385196392623,0.5173875833328607,-1.5665957845399694,2.347510237732885,-1.1331459854139907,-1.7481107681611598,0.8816461319846713,1.1419064047304146,1.0340648458699466,0.5169701194045251,1.7475872962537464,1.1760882828016996,-1.0028396112221052,-0.843702425439253,1.0781435691587171,-0.09012479670921297,1.316389021444609,1.079325637957493,-0.2963097369008977,-0.6781979142733374,1.1335779138284852,-1.1298811201533678,-0.4531393267794134,-1.513102638748768,1.5158053160391267,-0.5524045282985598,-0.18628311470403258,1.3035394269502156,-0.8290415255827083,-0.8786706200178096,-0.7872427306968858,1.522294998713928,-1.227287826185039,-0.604287811339533,0.626301893068829,-0.6087653368242649,0.36997411474911096,0.5730738450116158,0.6550698100697666,0.608816497273687,0.834058576775785,0.6852333372655534,0.14605383501534352,-0.3321664513236043,2.202600313760094,0.6012430947680415,-2.1477237390492063,-0.5696822021097305,0.3025486467646985,-1.5166264931815385,0.012657024268659903,-0.05748705882217929,0.48511659201207524,0.9993003809281781,-0.8272714236345071,-0.3992710499077686,1.039987550001714,-1.1672022148941459,-0.8645216241477304,-0.5414648100789866,0.5157155248842672,0.947240184092063,0.8098899398944756,-0.7177783873423382,1.293005515843889,1.1669197156373807,-1.4556974840847465,0.40897225876468574,-1.3376690999131442,-0.20545353046224132,-0.9394980981304427,-0.23221138104224587,1.1764366649586417,-1.4319568905007918,-0.08262838927709804,0.3193905776820117,0.5038619878676189,-1.145352690034783,-0.5921112495285318,1.13775641736562,0.2927852596495297,0.7141652108274388,-0.21558828966477558,-0.45351177592439645,-0.4327147748941301,-1.3317092470875949,0.022731019636839826,0.0761151256337831,0.08762948919005017,0.7793410985907133,-0.6829625851984817,0.008459284255732655,0.5263601066007014,0.033839570971033905,0.08376471914671887,0.6440056917080321,1.9132168938865923,0.8899649547241213,-0.4752146625708991,1.2491805166310257,-0.5583658539421748,-0.8026382519488335,0.23758169930235334,0.14374777484665074,-0.024766882869129064,-1.7009949507627549,-1.2011333281727745,0.37045412731722505,0.8314580430075533,-0.1089803735148157,1.1784973831994765,-1.2258461064910102,-0.12162944901052923,-1.6125757017224942,-0.6362584684106539,-0.45874584493566467,1.1220405951469754,-0.5374237258849126,1.5527054324670408,-1.4294987640014112,-0.2600600596568625,-0.21465420035026372,0.8730750256163704,0.5023680960135876,0.6174326077453369,0.9353604600634587,0.5460123425266918,-1.2220666498810024,-0.2127097255557886,0.03276346884985235,2.555324887506268,-0.23371952657920153,-0.05968387643698267,0.10390758165168792,1.860820109741608,-0.23349458332373235,-0.3768094659030683,-0.2307945055348224,-0.8035756615692539,-0.6268657244382001,1.0643346919840808,0.12168286604658601,2.928113398148506,-1.6732874386705616,-0.9450754341287608,-2.373409361886502,-0.34624564148465614,1.3426068343711297,0.2912852653650676,1.332782197554035,-2.2240005106445033,1.853779910218464,-2.680444304167157,0.09717950966018372,-0.37632433088110995,-0.5146585817231866,-1.039256772704841,-0.09513865733401157,-0.8324954232904278,-0.42586599503703115,1.0836807418565422,-0.11188291561509311,-2.13294797294113,1.6203444544151553,-1.6430047027062407,0.17934831620727887,-0.09855951467378021,0.38609658180006196,0.5993536937521033,1.3434561651289028,-0.16508708701732425,-0.7483606609057338,-1.8007519174434876,-1.189303428966572,0.4591168215121949,1.2592888245653149,-1.490363065384814,2.5279341653781415,2.458249698109045,0.6240892407801681,-0.8286757044035462,0.7049496497267749,1.3071654794092067,-0.44492431141970346,0.16949202868038515,0.4564139483175561,0.49016583765179766,0.5808446880716945,0.10303015918655047,1.5093615509570477,-0.271830728792513,1.420476959030396,0.8721223651655892,-1.3426488489584487,1.4928721675688204,0.039337786116327086,-0.09076648627802311,-0.27188169878065827,1.6192507931682276,-1.0143574356089025,-1.1970582252431121,0.8277483424797304,-0.14329622986187762,-0.1707843658512238,-0.8777681424650635,0.14946935923036123,1.7300810564982658,0.5858393330156365,0.28021349654296607,0.9178974141414868,-0.7675588848266355,1.041405669224497,-0.2387831655767586,0.02341088814349737,0.3770064280092549,-0.46302633788025105,0.3808715661912769,-0.604727814897969,0.43017066060617815,0.8351709864451626,0.2811823163916517,0.7746321562666723,0.08880093378916898,0.49063830376690787,0.33164092327272215,0.08951273012500474,-0.38864703308864856,0.7228468117972241,-0.5362665764355209,-0.19450278226059375,-0.8197358873582181,-0.20388830039134737,-0.05455954395373727,0.019113274610662645,0.17825525695376093,-1.233178635853106,-2.178573607425144,2.425769264950272,-0.515486250968625,0.5137547864567654,1.1054859075250538,-1.1603420289871997,0.48521629102698327,-0.28168018466372724,0.30484575947342546,-0.10098518295841297,0.26653698930599223,-0.9946251298149658,1.079516034327305,0.11982298962090383,0.06617258225123765,1.3513663370609397,0.8055784562324222,0.5377046318543038,0.43091637773615377,2.09803539666998,-1.548125022247941,0.6768496726214454,-0.6229408884808191,0.8886465321099676,0.9450542997664106,-0.2598627891443722,0.22806272347927975,-0.35568918032102603,0.6769636568107095,-1.4453558322330653,0.08492213727050277,-0.823284503656506,1.351064366243552,1.9676227248464693,-1.8571829626652634,-2.5253308237938628,-1.0553285657395086,0.22059436716952036,1.907862753352785,-0.19609230298257108,-0.8653248652001728,0.17166489260347997,-0.668402027177934,-0.7364962397809038,-1.4095637946866129,0.2735350542000107,0.10976605788956753,0.15138846628103708,-0.34742299523316833,0.4063943073107135,0.42622766382259847,0.5867987607054929,1.2535859684263677,0.15965801987428457,-0.06359201179059762,-0.7146220422485063,1.2820937709028635,0.711221216872412,-0.8494897860473662,-0.7311360484444916,0.9713568809450588,0.20540235512070282,-0.5974866324890018,-1.5842279814378812,-0.6114887904229852,0.6696025084016409,0.01679510886674712,-0.8172037701892844,-0.659885388653242,-1.0581760770081796,0.47945935421415425,-0.6541227920536967,0.6532143961717889,-0.6310923221598166,-0.38238159083949363,0.12201560630293111,-0.9032056863767528,-1.2453501142275054,0.09971295104494829,0.37492899880630365,-1.2163077178060673,-0.5287305414689724,1.122575094624305,0.5172747804133953,-1.6434679196301767,1.8848285812948087,-0.4918098997742696,1.1925462721370441,-0.1907796877091533,-0.07560693478209511,0.5482354058598875,1.5040725674611028,-0.05793877501228502,1.0762960779947908,-0.8492613616065352,0.1588746039076795,-1.2384440834393915,1.709212614879126,1.0417964611865884,0.41064060886228104,-1.5275148324398085,1.2010465375752464,-0.8780900380589485,-0.4217154678494423,-1.1042240938509758,-1.2379502707140835,-1.257985672618124,-1.8616592177577254,-0.6466019734682491,0.21866703275388724,2.7617269046807764,1.1895767870784415,3.12485343565083,0.19041075977876645,0.7040929828141429,-0.5217319264366441,2.144185132781222,-0.5216898521661488,-1.3609672020660275,1.6021817711267123,-0.8865429704898187,-0.32149176683913144,0.9954502252606546,1.0331887150887484,-1.00482992204953,-0.08780960691455181,-1.0196593974436403,0.5021496678377064,-0.426015470517343,-0.27387699684298833,0.2319129536718185,0.8693115113493768,-0.6139124949677848,1.0976488534074722,1.6336031240702469,0.28980271895356385,-2.144717297433827,-0.9094845731544027,0.9381601100668293,-0.35535562611026594,-0.07094926334352641,0.8700168574449603,1.3057451764899042,0.5382432846601569,-0.3758694997514597,-0.1132651125102,1.0754230357766743,-0.5122994109559268,0.19700011247253896,0.9652888431072509,0.8314099131940564,1.290816371813785,0.5740717292389457,1.3219469283377285,-1.1285501163357805,-1.1137952320043776,0.712984264394795,1.5652417735627653,-0.2937248139350478,-1.4675726019440754,-1.0949493494168134,-0.15940664304958274,-0.6665860938290991,-0.3164661096491378,0.7660599423889627,1.4018139370160838,-0.3919644688492942,0.5633263463518476,-0.09459311118344424,0.38327595024463124,1.5933290874180692,-1.1621095418172311,-2.0008860696749333,0.3257800530897806,-2.1767290095868748,-0.5292744737559613,1.6210408113033927,0.7616210946298997,1.4672845633446838,0.45769060342532136,-1.5575879947552598,-1.7182425474180552,0.4772145849734237,-0.8074681267252739,-1.016585019594028,0.5151947718788542,-0.8628296738758018,-0.18277553757166745,-0.38926636649610885,0.3183197677102688,2.117090774495035,1.1832742672105931,-0.7165296112919134,-0.22267474389148895,1.9889624073528072,0.7913172392052952,1.093032193099653,0.7400715197953757,-0.10849175289074839,0.2047845055577341,2.4938865651422795,2.026550273198245,0.6774694076039429,0.7236827773702755,-0.5613688106260891,-0.46346449579239146,0.012552132733751012,-0.42522226079732833,1.1416782094395406,0.18971888237828996,-0.18825182512500685,-0.5394075351755105,0.30303181627257886,-1.3205464624536232,-1.34527599355342,1.420238180663886,-0.8383610865525517,0.43233921981253437,0.22272636018346575,-0.9163984285728096,-1.0523879132952692,0.07405540947321838,-0.7093906381006896,0.33252341803411123,-1.2616588036204741,0.6618657897705905,0.9474961511745582,-0.009028564471959426,-0.21458221049106546,-0.4851843151538533,-1.0630813861382302,0.6256350109392785,0.38364781902023204,0.650165990208915,-2.0060840894270053,1.1952326013712222,1.2719473519968505,-0.3589707061149843,-0.2762470989972874,-0.9300367091016679,-1.4185316049449168,-0.04809203884975602,1.0134814344636458,-0.08303761910096613,0.8136806800113379,1.4833039399067884,-0.13785158249624094,0.7920757097343197,0.4149939281765652,3.156421770673469,-0.0827464772645697,0.8782889653635585,1.399991945768058,0.6056715205035348,0.4703628280287402,-1.48177853868745,0.617180849757805,-0.8977412982967969,-1.424660220049689,0.8104750331230006,-0.3156122938286833,1.1366872106301316,-1.410599357744867,0.34408563211454424,-0.11604322635667919,-0.3920741631556668,-0.5869810623356926,0.06351886396628643,-0.15105202479163532,-1.1923966718001255,0.5742351881391544,1.0617499906445733,1.0319608543064198,-0.23780316476695884,0.2946742017710666,0.28470705500783866,-0.36903484569021083,0.8251562418337709,-1.2738985023754636,-0.8104906388851257,2.103422558587291,1.1001593883318437,-1.5374081289961605,-1.0091662320326813,-0.45853878605678855,1.3206656331144688,0.24297347449516826,0.5526228336565373,-0.58340966312487,-0.2985292560369268,0.21530824592154477,0.3212689169916003,-0.8628624052633115,0.19165111381709674,0.9664157201912291,-0.5248173701808923,0.563122697775172,-1.0053221760070405,-1.056974340271944,-0.2366852767327387,-0.944435353031973,-1.9561236933305726,-0.18754742421883552,1.5699441452954834,0.8035059021487515,0.6058017891206474,0.07745277378392332,-0.5263506960410391,-0.6359831957436244,-0.38982917852593674,-1.2838311403206033,-0.22809247343955003,0.41016473475043697,0.3874465512420209,0.34115309595756077,0.5803362721661497,-1.1814774292291201,-0.4339528796454386,0.4254531991679744,-1.0867603824813004,0.2930250188593863,-0.5284884382401145,-0.8715965892330955,-0.7921397841080919,0.960940344955206,-0.24714689822701613,0.7619116773571092,0.5478584308760683,-1.0389199613255942,-0.8044399718463023,-0.6139327230411135,1.5425627035174325,-0.4089162874741927,-0.4004664061064676,0.3275039103213359,-0.4880464685239325,0.4040628963480485,0.6993076822097222,-0.5053174071035936,0.7917778275403426,-0.6246460456067903,0.13521968265571924,-0.16898519474737256,1.7967978164831224,0.6886016828494991,0.3627541898409925,2.0155134977732643,-0.5981597828666072,0.655950459766358,-1.1861125358390274,-0.6750902516163957,0.4797793350539743,-0.37171895563941204,2.348584568890157,-0.24179923816526244,-0.8561535070564471,0.5658171682709598,-0.5019700946740377,-2.511802166738099,-0.9322109003852205,-0.6677860390270969,-0.20352326327544576,0.926708684696891,0.7515656585331001,0.7844282936230517,0.4077321281054146,1.0626813120152134,0.06370142676044332,-0.8460911521830868,0.7079769263616106,0.32191501385141985,1.3797617900828518,0.8483209334277098,-1.478205178935016,-0.04134781273790191,0.7521302010061565,-0.13696216887987328,1.0438023276786752,0.29357214306122775,-0.8406187365833008,-0.24252671687613409,-0.19433882995444313,-0.9515889258826336,-0.2556255574084239,-1.10564069317789,-0.8430742706560332,-1.4738145113607497,-0.10948823727684764,0.19369762086669418,0.03504863367975736,-1.4624165175536663,0.032854758116053775,-2.111420539154717,-1.4349382898755032,-0.3649324377244232,0.26731596364895166,-1.0773571508378603,-0.2903363574372366,1.625689841852639,1.3349749994050963,-0.41469798158140697,0.5596357202703796,-1.049754798337559,-1.4328940585600536,1.0224749709923342,-1.5902251849329605,-1.3954209823227932,-0.5836514890614742,-0.12726442678696226,-0.47504524483407895,-0.7551031663585525,1.4330949006991742,-2.6731608111550837,-0.4794397004709314,1.4684693250332674,-0.024466246818956212,-1.0229004470300944,-0.5652898498304181,-0.6493691389654132,0.7685149061161114,-1.397539029577372,-1.1564432854657731,-0.9578134753784002,-1.285261041329453,1.31527099669549;0.2515005917053004,1.6630832776544573,0.27302095284681727,-0.9189306812926509,-1.7830639703557005,-0.9633749022311895,0.40656312442492176,2.067661932381472,-0.7215731134815421,-1.1562233208852288,0.7213354322143727,-0.38868697442616906,1.3378222959248862,-0.5714236637794777,0.9161102573154898,-0.21955259293418947;0.8631462187242952,-0.6798961246233164,-0.19789580813480306,-1.8448371792096587,-0.49484985304464935,-0.043765757419785944,1.3423202492090978,0.4933910737525341,-0.8462557377580674,-1.6611099088160342,0.007337480215452052,0.6608164122004239,0.8194141984315256,0.6226465101160449,0.02540444934701125,-0.5574581616997107,1.0319059245439006,1.7548707258777856,0.7823593799675912,-0.9495077922184705,-1.2419222410808297,-0.5360145257381317,-0.3284025385393012,0.44087367819231565,-2.60026935847626,0.09743888527360083,-0.7077007203895279,-0.22340475153379358,0.5559039275059215,-0.08000776666610862,-1.675901238449784,-0.8060699294867609,0.5642705829546114,0.3334994637398331,0.10697756329925043,1.3177868656966831,0.6786076309283741,1.0493492486850642,0.7467874999008411,-1.2311440898879393,-0.8319625790161989,0.48613146357967085,0.1853401108122135,0.4040510080066366,-0.08399163589564304,1.3345032541934576,-1.4505885680758703,-0.38425236811443975,-0.41129138452904795,2.0218404602490807,0.31165839634067416,0.13111344659154367,-0.20791381362463376,-0.32841991976245116,2.6017404312682113,0.8567671116300971,0.6132418883818673,0.9369641720387478,-0.48019599298046073,0.4528632687075586,2.1845348579936537,0.7143273182971305,-0.9126135078909465,1.1323834832153876,0.9218882085891308,0.5837965767011537,0.8674118129282691,1.3356774759667995,1.4196014201731189,1.9576882816454981,-0.4404296032071787,0.8478127308119328,-1.0690456708881229,-0.7345923377196578,-0.8964089950134855,-0.06187646949777553,-0.5981115011951494,0.3411452590494618,-0.7978853026402528,-1.7145385333842116,-3.1752236588696574,-0.9539176334478897,0.7178673791577483,0.5349284940415886,0.49078710574309564,-0.261573318114421,-0.6613097710162994,0.0006270232922125779,-0.5460901344029402,-1.2320449309361476,-1.3086130903464264,-0.9612219534773921,0.8837737458586689,-0.93597613528515,1.2433633999494615,-0.5291495193223071,1.4091000834606853,-0.9484955198871727,-1.1256401687331947,0.9447236942770489,0.28418367618314627,-0.6493226113120163,0.6940838736283095,-0.5661361699221285,0.08744435129020256,-1.2733700692405028,-0.0581790128639041,-0.7923702509525212,2.747019475311096,1.3799528370276788,-1.9181438390288204,-0.5871258314208717,-0.2481670899686788,-0.770887625265561,-0.014056948612760911,-0.0963168651066669,1.3779034690619094,2.675117782929292,-1.3267250706908689,1.104199918125028,-0.9474052165469106,0.5385197046194357,2.4506517190212374,0.29092363164087537,0.2846456110917347,-0.017338662526143953,0.7364986774592244,-0.42395693479938257,0.5675590342154035,1.0045733243623716,0.01679173353175456,1.110273249143711,1.024900065718028,0.2631319620010706,0.3065104364711688,-0.4123704322266104,-0.5568961251732226,-0.8351400985477,-0.35493422665859514,2.6426269334263077,0.5463220937306009,-1.7431065984131071,-0.8233582668216101,-0.2602979179726905,0.9334986102741349,0.7222080086257568,0.03449083372356129,-1.4780819279232493,0.07099314868003104,-1.5051285106704926,-1.2143629464873058,0.27598638401153675,-0.2619534342127101,0.8318588050458766,0.5502782178472777,-0.700920653481834,0.40719343446658063,1.539357378383388,-0.6511829776990457,-0.6794408496603439;-0.2946516587552954,-0.85575052898192,0.11121222026543018,-1.0431811292629543,1.8644411508789587,0.2142869036998402,0.6538253388376525,-1.896882542713614,0.5507297798711035,-0.6369684429464172"
29,-3.6760736446781896,"-0.30300995889287474,-1.8238992784386112,-0.6870377062719929,-0.6112443487295113,1.6614908231373922,1.16312483040719,0.08596103623458257,0.27110363917558616,0.8777921408644481,0.8700673514604742,-1.6874061455548248,0.3904141184382121,-0.1469130494197054,1.6695042191144305,1.2013891291462229,1.4825893028575758,-0.5988662521204297,-0.2646096361546365,0.6532289888161591,0.629834827012482,0.5302213134593716,-0.8515634350961263,-2.4696831846132232,1.0205823716623779,-1.3059570530524947,0.20018628090145385,0.8855156443475761,-0.4182019530759027,0.05663695659218922,-0.024970438793517555,-0.11672858781072294,-0.5185682001838969,1.388752375701453,1.753949896498833,1.1849437088162043,-1.2120573213703318,0.703700742142664,0.8194203629238042,-0.6983567725526103,-0.8141926450594194,-0.7859666859628907,-1.0531204936570797,-0.7211430163738193,-0.6864368386638691,0.07154723825481057,-0.061131245780973696,-0.2733097204164123,-0.14586575162822035,0.2859257433963705,0.5901631594863288,-1.7673463006347307,-0.6706661274498152,0.5529434555509707,1.4422007854875036,-0.6165058531558676,1.2662494023414368,-1.3456869355028513,0.9735215342924599,0.3706522219043631,-1.2781518803332361,-0.27733744326220683,-0.2605010485948569,-1.0103191483770306,-0.11035858768163376,0.33283992551044,1.0365939984033934,-1.146686351831478,-1.1452211861011539,1.1063011374224194,0.8851375237453133,0.22643169625708714,0.22597397495716817,-1.8565363375291848,1.2080961305529176,1.6141535100159177,-0.8318789480669653,1.9795466976518614,-0.17443630186351478,-0.4064196737229741,-0.09740031132745082,0.1256262928313705,-0.48181084233557364,-0.7603894454762151,0.17968386368839698,0.1557527061630516,0.30761380913207115,0.782012071789224,1.4384041010139317,-0.9902064336247152,-1.9580973878163819,-1.6300931099576288,0.30291347498180743,-0.6339389845280836,1.5047356879315985,0.1907719353476789,-1.2998090219358005,-0.646930123384166,0.06018605669636343,-0.2903623353043481,-0.3844891085734065,-0.10654847540408,-0.45398904387722494,-0.3989435170428751,0.6888623590471609,-1.9754521758626458,0.1669159545311069,0.0900737118692988,0.8556900954639223,1.1577068168277562,1.6769519550658674,0.15199267525445415,0.48137723526643794,0.5383449315352691,1.2227147323882224,-0.44379055115319577,1.1071406696140238,1.6230776846410842,-0.607388393363554,-1.7423007390085765,-1.3523941427742967,1.4931699013808453,-0.6521267317961443,-1.4918465049952037,0.4234696387651684,0.673691868460417,-0.2879587020046386,-0.43826990802908605,0.36670168707348516,-0.4779208944405276,-0.06056187420021533,-0.5032868809187034,0.7935733999535897,0.5057624579906564,1.3814838087884374,1.3277823610102801,-1.5180318783993514,1.4501643486694713,-1.2844265700758408,0.5888119951103209,0.1609443188521372,-0.19766679302741652,-0.009209111727329022,0.9154018473425316,-1.0272726016178229,-1.0389582007214542,0.5454037374013685,-0.606713960305939,-1.8626465745377692,1.1937443343963223,-2.280849086838273,-2.0860075142521923,0.8523838800040591,-0.39270854064534255,0.06313801892009459,2.6715876671727137,-0.07716363968974202,0.8122236402184158,1.0662129040783583,-0.31346538644534866,0.7653179161422246,0.6577073751444349,1.1259207543567844,-0.2638067483174841,1.0540640256716074,0.37445672458056023,-0.029053211209686902,-1.4830500031012785,-0.19117213080450202,-2.1604701273353757,1.1490456938216016,-0.8783515018609582,-0.9013070538703344,-0.26785163803583556,1.2399425119631853,-1.7715951905551282,1.098601546473509,-0.09914998774180156,-2.1549572577354503,-1.635658593606646,-0.07826142713556453,0.9724831689591331,1.8159027812463688,0.6788839775578546,0.7464819744840889,-0.754672349030119,0.9402746436155105,2.003863060217401,-1.74230097170858,0.7204000204757263,0.5062485991691379,-0.9848275305499947,-0.6517526790924766,0.37399481624275005,-0.7368741294561779,0.08365894428391737,-0.704595715762818,-0.25528528915124293,-1.400158927998105,0.09781528297644942,0.7821371420362242,0.33874792951033705,0.8667340438821609,-1.341839360079938,-1.2927504065369946,0.9444555641715325,0.6718473356539018,0.17274700861820608,-0.3820563108586215,-0.1451545133001115,-0.19543253570366584,0.38178783583280074,0.058392852543640704,-0.06680298013303393,-0.7584844073999887,-0.2611484040788655,-0.3784174180341578,-1.276834292301595,-2.340674515141158,1.0173571011416203,0.8131586626592757,0.11836661971123166,1.3788116079651798,0.20461355169877332,0.8556429616546763,-0.45947855474681293,0.983534585738984,-0.5964102756847129,2.0190363479619204,0.6120049134346232,0.4420978175696433,-0.7382003866885716,-0.567090759256386,-0.8925222778064341,-0.009567728936679967,1.214826430798971,1.0765196973609583,0.2840231141202384,0.3151467452872056,0.6586005461497857,0.06934008456598026,-0.42359758321836133,-0.13774452082664196,-0.7043413885351285,0.4550202503551329,-0.8460464422444652,-1.7255755353887332,1.3225108936237309,-0.07111864055344591,-0.13734923708366065,-0.5784556757815515,0.10603847440481631,1.0512999556360376,0.17754632849980279,0.9681991033523761,-1.090423417438892,0.6839660693090663,1.1833754533748455,1.441527104395656,1.019864563801109,0.9728291622912265,0.7625716165696957,-1.7818595255914147,0.37202496136361063,0.41568052318539683,-0.5676751659074647,-1.0533334816638966,-0.004962996397832022,1.0763796524004043,-2.4807334860665007,-0.7380636910113558,1.1717880854427578,-1.6408223699988167,-0.2147232322558965,-0.46661258049605997,-1.103722051071081,-0.12524673890049365,-1.9783063315062825,-1.1779687952379827,-1.442794600793864,-0.9531164378704203,-0.7683141908467584,0.15670021204350082,0.9141524183210047,-0.8627966893676191,-0.49058086489262565,3.1428051254430818,0.7019459197606056,-1.711228646600483,1.1265118311547593,-0.7077064956277371,-0.3790038612391802,0.7784143327687759,-0.06996950242337388,-0.39040518386712386,1.2772781314348114,0.600549570190756,0.01704463501721768,-1.8122491992235903,0.6037734557429698,0.013782728051446248,1.2235536505868245,1.0574827407431853,0.3275998244910658,-1.0134830598264455,1.7460378336487146,0.4028527938411845,-0.1742368060115269,0.1880910430146626,0.1588977832253043,-0.19705542453630548,-0.12281294706452894,0.400500786806279,1.1101262696325793,1.674708232929408,-0.08965001929805348,0.5945084844459733,0.25964961388573365,-0.8755111972653422,-0.11483751292752042,0.0962838019808158,1.2687395263474166,1.7089692197286026,-0.957928101608639,-0.7891979173624437,-1.3240263211429881,0.682494283379131,2.411706537293786,0.0722898671104561,-1.4549458252575072,0.13292599247273407,1.1137382712749873,-1.361703754561796,0.012134498114387517,-0.13339148298921094,-2.74338222574515,0.5219074214022186,-0.6670615596208389,-0.15929448872492122,-0.1430027386890976,-1.0976141517276532,0.4192501294261257,0.09029625671936045,-0.9006341947104077,0.008472988190956057,0.33379815867493234,-0.48623580245879006,0.45105937796023277,0.06293036320760156,-0.6087298239946091,-0.783874216605605,0.15706543725077496,-0.8861540395860487,1.9296176160476046,-1.4394948842241675,0.19738307132903804,0.3325576952049088,-1.2314614350886743,-2.175919378696667,2.2315579564290284,-1.9036785672006586,-1.474301223457608,-0.9870677609303014,1.558598190576875,0.18908483548280053,0.8432795077674745,-0.5271567746442487,-1.604328401030261,0.9985619909680319,0.5117624795412494,-0.3285247009588473,-1.7289291608140398,0.16559865569429896,-0.3085649667482384,1.035592282872257,-0.3513236457167327,-0.5296556914704507,-1.3004628738738013,-2.287068380007116,-0.397824132934954,1.0159695540329163,0.1662399048297396,-0.38012752490560464,2.136072331241602,1.84054486366178,0.3211478597247652,-1.1112261503616516,0.5908936354310346,1.5362318217619406,-0.8741646572422399,0.13250702317235458,-1.7510201717632625,-0.6658185114718378,1.1916517909347832,-0.10151242711616337,0.09566194210279874,-0.07863185134498488,-0.4854400340163517,1.3997384891858906,2.1875188374774504,-2.8635042616973054,-1.4744335080857363,-0.6037266495220934,0.7723459762512584,-1.1046439894597149,-0.40285206428538856,-0.9021780566173079,-1.6975094250601102,-1.1282507685100283,-0.7575269956182584,0.38038422441433817,-0.6856596396287513,0.04655454859439572,-0.3258742234975965,1.2050358872169422,1.0483755340046121,1.8663398971843814,1.9650532121384299,1.479768109134713,-1.1592551697584006,-1.2335668527946384,0.9636594760946977,0.06744769453530178,-0.16247352460756087,1.3389933462507877,-0.4008034920450205,-0.5330996110281078,0.4178832803516237,-1.291385544558716,-0.8165046793810624,0.6289611472774748,-0.7299703998951126,-1.6792833441397035,0.6825789350538837,-0.6388348448219091,-0.1251634405077896,0.7147341932779712,1.39103621079425,0.48270346753567633,-2.3296037339777373,1.386812970649356,-0.5956085216588536,1.1438173090070634,0.4872741015817375,-0.13910181595838453,-2.2980221696478274,-0.14598097743596178,-1.7244805601626385,-1.0503662376819645,-0.7470557338326509,2.084752331934861,1.2051824580606036,-0.31045316308227233,0.48591816237275914,-0.05962816409148218,1.4259424688179447,-0.4685629695192538,-0.823435497387091,1.079601444356161,1.260755102355221,1.4092780856303289,0.4122364933860578,-0.5696543273095317,0.12046337549498884,-1.1480083225824658,0.2944035875438893,-0.3921824532018766,0.6549252664212677,-1.1531085169531832,0.25413752797534805,0.40515280273382326,-0.7385532344891831,0.3472413883538662,-1.1441124925783108,0.45186501975698223,0.38099361619021016,0.8034161276104713,-0.23932378511132213,0.7295988903673079,1.1166170127120774,-0.8849806705971812,-1.1031188217046424,-1.403102625300482,-0.9920929536946672,0.19774194525242364,-0.8918615249861992,-0.7978172396279968,2.5596239222065433,0.6244868619608305,1.2054528797395998,-1.7530941195674372,0.42017206943898033,-2.3138496601534633,0.524994278324617,-0.7737579259002524,1.923178254857574,-1.0301753750181342,-1.675843373200848,0.34462676972255196,0.3734230643611229,1.161531319111126,0.9353618514025546,2.0296005701838005,1.4736709005350623,-0.6533427044882769,-0.34909136850856615,1.0386751632292197,0.47675731373577,0.7816612413640786,0.97882376656547,-0.17055476238981215,-0.6478812166814973,1.1910445676064478,-1.137666820115174,-0.48367423168083024,-1.4662765667752116,1.5401937467265707,-0.6698589761726146,0.37116544195008333,1.3165507309747555,-0.8425715001315937,-1.1438146291973874,-1.1468963694164684,1.5449209015718777,-0.8942252704134567,-0.14070447601994437,0.5958802133768648,-0.7750462408190016,0.3521495522110001,0.8078890570724905,0.6725524686244956,1.079950754691128,0.9790385736973064,0.7354592462808839,-0.08431284483692073,-0.12640029917009782,1.8469984790305864,0.42543797901692726,-2.1163924378326184,-0.32762838118267523,-0.5567513350978179,-1.7650273511387353,-0.042128072196998496,0.003519566346994649,0.5507102659156792,0.2832530085297582,-0.9784195154001386,0.699168244952229,0.46606614501020793,-1.0774605469763956,-1.1449134927292073,-0.23403852897575553,0.24545987955280676,0.7409859523178315,0.36808538156592885,-0.70732439583462,0.6272021859245627,1.2546370261936173,-1.0038140519364873,0.3373328173438213,-1.0255776866244635,-0.5629407891635426,-0.7137890053627662,-0.5690105151506395,0.8504665068710666,-1.603943217970043,-1.2456750771495944,0.6578072472678671,1.1387058248584623,-0.8270591767210109,-0.2573106102761619,0.5988609300523972,0.20493500355010713,0.8048426901541456,-1.1225883393038198,-0.9192290374721428,-0.35372155534774524,-1.6096523542092798,0.6653043299649452,0.2768607612232797,0.2866106084799822,0.3326407758000323,-0.12133092633623493,0.08792109607847101,0.7382591050705956,-0.189955269563887,0.9310291609241365,1.0043310046547864,2.1345813187800076,1.0356056226196175,-0.7436075958364743,1.0972597937923378,0.4558756951859445,-1.0830252260283302,0.394906409841725,-0.3103055316110119,-0.16378720149055223,-1.6740098633493365,-1.5288803797069337,0.8125600104901388,-0.2633288956248732,0.6203363570937286,1.4105555957149445,-1.2137097654086528,-0.1335420727477674,-1.4718691065134213,0.5288911149176249,-0.7675469181641564,1.281422551712507,-0.5333408672370519,1.114141195984393,-1.9200601753905866,-0.24078583310973878,-0.46802540419586053,0.9502771529172044,0.754800307209247,0.7289498542056427,0.796389810236434,1.1560327252143345,-1.331796268987816,-0.7171736586534283,0.5225389268165632,2.6597694068786,-0.05324764775589877,0.24673296701651323,0.5044744260540762,1.5227116252310775,-0.7246894955449259,-0.2499058091359394,-0.3935158054831677,-0.6771010883404498,-0.9272857778332702,1.1266556277791628,-0.038645470618724295,2.5275811468254763,-1.3537771112070234,-1.0833441012318947,-2.0842544348926313,0.14689289684884974,1.454846600220056,1.086527764361706,1.428860685343557,-2.235312814865218,1.6099545756470297,-2.199054906875945,0.1874147383688605,-0.16827949431232542,-1.0698137990206715,-1.2092606996912412,-0.26531485673968813,-0.5593530719326965,-0.30454286924048735,0.8008855372739154,0.25321642092370444,-2.172244911972706,1.6207755745383563,-1.7891387319652607,0.6038029235739594,-0.6370526334444832,0.15256724242692915,0.5604078319320105,1.252738389698662,0.22266996683977425,-0.01961481694037087,-1.3540125787293733,-1.64633690591991,0.4174767840688925,0.9799670570077358,-0.8678922024425704,2.00961143590513,2.6664350943732074,0.730677848046492,-0.8433381815096611,0.6595567850856738,1.4595074794334737,0.1253046472739504,0.46986639786360274,0.8851880392960698,0.20459441117057625,0.3456313128796001,-0.6673550429288724,1.032792182773976,-0.42034516570338204,1.1364631154524591,0.48573623274609756,-0.9565680025856426,1.8054028758507936,-0.07861571482179554,-0.17440896209193296,0.08869246214617395,1.1016650164283064,-1.321584715446594,-0.24764307105324926,0.857025690819929,-0.05196798125823521,-0.7475303410016089,-0.9740464227471096,-0.06391252659952451,1.9058074293541476,-0.06955010679380001,-0.34120817065272874,0.420223180903685,-0.7323052690539759,0.9814889640513684,0.2915408208409899,0.09473838964013909,0.8270952395415642,-0.14737787034351624,0.34050201069788066,-0.6508998182530886,0.16290131127179008,1.0003192898909448,-0.937440089683989,0.8181194667354025,-0.35453502341801335,0.7023413562946432,0.2960843029564184,0.22333852642859842,-0.34209436246109587,0.5891222463628164,-0.8243768673320611,-0.6069470769135202,-0.5188192583578849,-1.2359689683564905,0.098487429800558,0.43381538599997604,-0.3058915788193614,-0.7574484964387969,-1.7739544248660262,2.3605719416080166,0.2915342859069409,0.743988952855098,1.375669102858089,-0.7882524990470858,0.5718567599676577,-0.1724137398588807,0.21731828703195438,-0.32607755378463654,0.11975975196743763,-0.6919120540183316,1.1391761367234294,0.9306602177007511,0.22842612744166052,1.6511463053829785,0.8217879583021743,0.32781243834970575,0.42260666300675315,2.225135249140582,-0.9688915219315503,1.1151877508979382,-0.2626378117663927,1.2411163574749384,0.22833992410272388,-0.7472642826096634,0.16224526107386578,-0.6183185248466568,0.5057518705840145,-1.2769745170790125,-0.05129100591845881,-1.5946095109756673,1.0188744203244906,1.8351491320076212,-1.545582116778353,-2.851346646247781,-0.6391092081749412,0.7163183251038134,2.042560616688228,0.023191375174223632,-1.5495177954647978,-0.03433326643694873,-0.5885911281127502,-0.8267622353104168,-1.2135449999476122,-0.2966804801396379,-0.2573030832413002,0.9967329601157603,0.5490822676183112,0.36860263881980426,0.42589754767046495,1.3185534305739708,0.5469218219403909,0.15117670566037636,-0.3884248863708997,-0.9424865571006589,1.547093727450979,0.27046651434924446,-0.6362684264500386,-0.7538898520210435,1.936830377709203,0.23727959951326796,-0.3525082732030582,-1.7944266878036474,-0.6651068923211855,0.22852738274260379,0.2764265287116088,-1.1301195342245594,-0.3066003865930459,-0.7264026527937723,0.07319132317087824,-0.763032591089744,1.095677861439802,-0.48828216161487603,-0.6730502086258104,-0.48890476903447166,-1.2006105293215823,-0.7806160954259919,0.0486926669031415,0.01209742747490719,-1.4014735348447696,-0.17364794824032126,0.6573162199687682,0.29445910345734316,-1.5132263612749215,1.4652316168174617,-0.29703768988534673,0.09507436963218352,-0.13724276066991073,-0.004316025088176169,0.7113108492832261,1.2089999350405023,0.13613772745366998,0.636996766893334,-0.7810338931803632,-0.29473723447151456,-1.2316370761737083,2.2361964799742213,1.4516317256892752,0.6621050523932935,-2.292382530781607,1.0814306379026886,-0.5527829410845786,-0.45553667281438903,-0.604928735982542,-1.3563194304420347,-1.321116384686704,-1.6914005406573858,-0.9325485551382504,-0.00530652296878463,2.3000615289513155,1.3301466311661478,2.866010502918516,-0.18845771828378177,0.6538595291925485,-0.5048295204378295,1.9359413561485863,-0.32359248126077506,-0.2678432247623332,1.6826765082984818,-1.4595960446644962,0.2614704294633645,0.8598598787889338,0.6679087372074514,-1.2104689208971235,-0.3350555665408433,-1.2566353158745012,-0.0494176928845135,0.14703872951354033,-0.891430764933832,0.770245813451093,0.7356170848189609,-0.3044957382409686,1.0891712223442236,1.1227946212779787,-0.3229433042019212,-2.272021664708947,-1.0163238681282465,0.5437085805312803,0.07771530128724341,-0.34523272631665236,1.016939188881841,0.9090906870849074,-0.11219396050674577,-0.7971087097229415,0.26701939390413176,1.7608507583195212,-0.5370729921919726,0.8926129157079407,0.4556641690086123,0.928895368222887,1.1484342736560025,0.7835328861618023,1.630116138486261,-1.296444032520557,-1.1052830323434886,0.8514164061756444,1.877339939303147,-0.3036806527071828,-1.0017581320412534,-1.162507709548243,-0.019297650470945726,-0.5202404679801718,-0.19567470745567908,1.3574980551140161,0.9236683651122817,-0.13756027997278433,0.3344978662574548,0.03724339602539234,-0.06551320111202046,1.3590427559925844,-1.1492334419830184,-1.7003496129749742,0.03800977352610141,-1.8139897167371426,-0.48710317447236073,1.4965325417796806,0.5874341211075423,0.5872816231751958,0.6799533147567268,-1.9772568889517674,-2.2476512990529214,0.718722448106623,-0.18193338962662065,-0.900912219236163,0.12497694176734028,-1.0067932103917228,-0.18294198526103767,-0.7031229988662373,1.2577614862798208,1.6743701263255517,1.954194194562417,-1.1093450001085043,-0.25036750487215614,1.974800561318768,0.8636331699176917,1.0054871592283006,0.3961303827312004,-0.76707609881751,0.47998760987426115,2.9966883039898087,1.6099468672986372,0.3371881670718927,0.1523021343466194,-0.5084009758004739,-0.23858181050502972,0.2462312179088678,-0.06700209816020346,1.452136240532738,0.40954025101787267,-0.24375247937234598,-0.409036483184703,-0.1849360002618804,-1.3699090987140567,-0.9010840256459663,1.4280811949385859,-0.06701889792465697,0.43455109635617895,0.26948665147032214,-0.7935548605848309,-1.158121882533682,-0.6190380520932954,-0.42182587435929086,0.06309092060768437,-0.8953245881159329,0.0019296054032850174,1.1771352327304427,0.8363816249984493,0.2007589492106066,-0.3374408995935819,-2.0164913086968315,0.4065834848881205,0.5496785979856579,0.4177843241758686,-1.2653433060614128,0.9102306477473507,1.0935835772887275,-0.882237472773547,-0.3278886308197895,-1.0927561801096572,-0.9481772220317134,-0.1816984500172928,0.3512470748986801,0.11653560281052563,1.0049737033825143,1.4580480772714677,-0.07872972278312522,0.9333998721926313,-0.01047473883957481,3.6721842801847004,-0.07676976642419533,1.2860134601259023,0.7378265808581772,0.4417205663276121,-0.00011554161013808961,-2.3449322371049366,0.5265794975382387,-0.6447684951057785,-1.602227245483116,1.1512232592549576,0.01256217810364179,1.0171071485095577,-1.0148472298211457,0.11791010348112266,-0.31028126502216413,-0.21603289141903645,-1.553840826069823,0.5027578460858702,-0.4560039123167813,-1.1821888045828417,0.11158062283098003,1.4187021975447105,0.5284194779718363,-0.7366637319909031,0.21261453566423494,0.026654808702119337,-0.17279470593372995,0.29182449806188,-0.9092387440336115,-0.8501120694066459,1.5112382126383588,0.41858673633286625,-0.8562896678008348,-0.1222668940132411,-0.07407810304832052,0.9314002373222213,0.8568556121887008,0.453888910605516,-0.43482079637823345,-0.353562646941367,0.49557450163791505,0.8822742952913263,-1.1051368486704822,0.20730901621921954,0.9807325929765625,-0.5676796991007073,0.27807216438295845,0.006175703341544034,-0.5045861051984513,-0.3527895248809303,-1.127970431688655,-2.1350100138972268,-0.025628693645839695,1.883037215134213,1.28849741317405,-0.12963480002704467,-0.0037757145821361027,-0.39052639024267477,-0.3265153849089366,0.04207360372136773,-1.6069308402737135,-0.7963054334412717,0.3762828868320741,0.10410073459163549,-0.5286156738163217,0.8679460561556633,-1.2143905228240128,-1.2908991578353328,1.3853682707173218,-1.5087013010767467,-0.33679010168306633,-0.7227580715640296,-0.9328213682277595,-0.8571473407475731,0.6404426859098411,-0.2807051166442234,1.131870430116164,1.3897530121163197,-1.4099458460070655,-1.2462835105395729,-0.7780529221294629,1.0008651292754558,0.3573011473504744,-1.618306530803058,0.7735579307955935,-0.09228333781368717,0.20930505499100124,0.11215423214669329,-0.3092976285967238,0.6838660776359443,-0.613475895995072,0.34545414647237843,0.3905217565513961,1.3260983212560082,0.3254278888604589,0.3428136127526007,1.7324673782231965,-0.7495049022909855,0.5760794881009951,-0.8932478963176997,-0.34932064099690285,1.1549715962027491,-0.2275857051656349,1.945503550435875,0.3875583130302661,-0.9101553876185838,-0.4985429369555842,-0.27320025370743783,-2.7906291372584664,-0.17100635903295505,-1.720987603609871,-0.000744490358601968,0.07783323635856906,0.7192835167926389,0.2646625218470535,0.6225844574772492,1.1213301904809223,-0.27878854476757003,-0.15601417916499064,1.742643634775192,0.7609244921429699,0.7416677094459256,0.19091121903582536,-0.9053380914722773,-0.23134124724756105,0.049106059937819274,-0.9238072748752281,1.2620538370658392,0.530748144526115,-0.8997166112989071,-0.4116430376323128,-0.6271595364439226,-0.4291406022080246,0.3578316635978283,-1.0461371043334198,-0.3389236169118919,-1.4132685435552494,-0.2503262493073724,0.2550085995046535,0.4047244324333487,-1.4607395042290376,-0.6212038871339423,-2.30417162099199,-0.9996737991771594,-0.3913929044296331,0.30562635432245666,-0.8973483617031418,-0.15962815262048688,1.054464235449368,1.210956180946335,-1.0454941658156542,0.7588676182447227,-1.5290162314282756,-1.1949185936349502,1.2214566346777935,-1.5894350157591022,-2.199344796787546,-1.0442096445223399,-0.49564075594022,-0.0605871941376948,-0.9103425043652768,1.319869281271631,-2.356722976592285,-0.39876427228220734,1.099056881212701,0.20313001585245807,-0.515306280975971,-0.23954206878179082,-0.4879600650673615,1.7212954776958853,-0.8985347815613274,-1.3631034078801472,-1.181404295599087,-1.445061678442986,0.8150288849194364;0.38568547228854433,2.1983881589144416,-0.4190624773718927,-0.2402441962224488,-1.371281434017679,-0.6870611897601533,0.14169455394154282,1.805920928582887,-0.2704221470936091,-0.7684608449844575,0.5340381197705724,-0.46729634198184944,0.8402403023200006,-1.0684911422857843,0.7184221208226824,-0.2192186664399848;0.39812461234712193,-0.9495695105611798,-0.5570109388625634,-2.866236680896464,-0.7254535892216556,-0.7045309854264072,1.0821629638539725,0.6141225818066449,-0.9099703445219898,-1.2161857474347504,-0.13636284202532425,0.5048282269964142,0.27754858137380145,0.46327307797527056,-0.14056956670181067,-1.1173719571173928,0.48614076530119915,1.4838996856528495,1.3413852785157319,-1.2664128064276048,-1.595353261744829,-0.7889278014676324,-0.23675517570038013,0.7702289225707146,-2.578973009890253,0.20976824811167744,0.07958681918981253,0.21808131411831688,0.44995096185712435,0.16044083302561818,-1.5384624980637218,-1.1501462730089815,1.0010421687369502,-0.06841155756663417,0.5885067012843961,1.0436582876155176,1.4088478576348737,1.2941504357839875,1.1434230673060124,-0.8151897262303934,-1.407746708771246,0.5411946411041988,0.2445467477828827,-0.2117710976227808,0.2623737962591276,1.0151327957557432,-1.81232353641537,0.056121994970132955,-0.411698268808109,1.011838929709283,0.8813786340791465,-0.17561520648228382,-0.3139419991067301,-0.1283938663259963,2.1070232014807706,1.3603803579590663,0.6746439087788538,0.7879959103336609,-0.5254845697858574,0.6210573107586861,2.3575496428166804,1.1024112488014857,-1.0901198012676223,0.23230132738507242,0.7932431508666924,0.6196828348395504,0.558748200183998,1.5051034759705826,1.6833019722203304,1.875663186599296,0.7884442500176126,0.8182555120788201,-1.2783512391573821,-0.98413262188259,-0.362734756843771,-0.30646032249051425,-0.912433139171173,0.5843880540407349,-1.2014862934204187,-1.1113015428491855,-2.6180797915011462,-0.5893329353982546,0.1857360690831928,-0.05545088422819378,0.726848874448485,-0.329001737354634,0.3610614319817168,-0.2812572939503605,-0.36105976696570685,-0.9936700741566673,-0.8444690794531708,-0.6425941628959688,0.9854216852635012,-0.86641065589418,0.8968821105821297,-0.21653368415873114,1.518396365707068,-0.6585906694581449,-1.2300606162286534,0.4607494140755087,0.5179233633088735,-0.5746201410693679,0.001801670398272127,-0.43241234018102537,-0.1684130101969692,-2.433333232215614,0.1366683306289853,-1.4203661475751117,2.2774291157734132,2.0289465118415335,-1.577614059252959,-0.5563312696801839,-0.23419566143497272,-0.6832247457891811,-0.03309232467565539,-0.42068478104477863,1.1611324915008734,2.180360891517617,-1.4090822381468229,1.004588668415593,-0.8828399894691682,0.5167333001464989,2.6214036762158477,0.526365653192788,-0.08785659463775697,0.13326701010973085,0.8853288027722341,-0.17561990090606616,1.106594223348961,0.7601821198290409,-1.088626699706631,1.4643292052246013,-0.07180041638512055,0.5869254459959851,-0.011481299563684655,0.17460037906206963,-0.8058891592635392,-1.2619344193273314,0.26862066399049256,2.1573258854287927,0.1462576726663644,-1.1637219335063818,-0.1581942055527677,-0.7896443707386875,1.1706409898097903,-0.29802339341532325,-0.2315913824698379,-1.2544587621089682,0.3274062339407469,-1.018975311348723,-1.3576476206495298,0.8801266369602212,-0.4756022273250002,0.5102970083426802,0.5984629552294455,-0.6380645425838514,0.1262714567087332,1.3632196116389097,-0.968508733798564,-1.3358603312146033;0.18476701617800817,-0.4275928015515324,0.3831657325898294,-1.1469398926647456,1.4122259046155106,0.1992270705018837,0.424501623620281,-1.3386188784592752,1.3052411339378833,-0.36992069873519884"
